 12 20 1 1
 1 X [LENGU]
 2 Y [LENGU]
 3 Z [LENGU]
 4 Hx [FIELU]
 5 Hy [FIELU]
 6 Hz [FIELU]
 0
   0.00000000000        0.00000000000       -43.2000000000       3.029629270162E-002 -1.812052594609E-003  5.310545759188E-004
  0.590909090909        0.00000000000       -43.2000000000       3.022291313654E-002 -1.831678501527E-003  4.423791822717E-004
   1.18181818182        0.00000000000       -43.2000000000       3.014953357146E-002 -1.851304408445E-003  3.537037886246E-004
   1.77272727273        0.00000000000       -43.2000000000       3.008661551552E-002 -1.772642816653E-003  2.595853847930E-004
   2.36363636364        0.00000000000       -43.2000000000       3.002615151030E-002 -1.670925038274E-003  1.641901648855E-004
   2.95454545455        0.00000000000       -43.2000000000       2.972368221994E-002 -2.097608043257E-003  2.846426479322E-005
   3.54545454545        0.00000000000       -43.2000000000       3.021528900341E-002 -2.248580455201E-003 -1.931765086118E-004
   4.13636363636        0.00000000000       -43.2000000000       3.072618227814E-002 -2.251196061968E-003 -3.812363462637E-004
   4.72727272727        0.00000000000       -43.2000000000       3.156041088420E-002 -2.337764239284E-003 -6.992381166159E-004
   5.31818181818        0.00000000000       -43.2000000000       3.294936728634E-002 -2.789784023939E-003 -8.695900287114E-004
   5.90909090909        0.00000000000       -43.2000000000       3.311235127823E-002 -2.820290404379E-003 -6.436973096908E-004
   6.50000000000        0.00000000000       -43.2000000000       3.314338180597E-002 -2.923182543147E-003 -5.297407529255E-004
   0.00000000000        0.00000000000       -43.2000000000       3.029629270162E-002 -1.812052594609E-003  5.310545759188E-004
  0.558892006459       0.191867868166       -43.2000000000       3.022035604506E-002 -1.830873269834E-003  4.412974644013E-004
   1.11778401292       0.383735736333       -43.2000000000       3.014441938851E-002 -1.849693945060E-003  3.515403528839E-004
   1.67667601938       0.575603604499       -43.2000000000       3.006848273195E-002 -1.868514620286E-003  2.617832413665E-004
   2.23556802584       0.767471472666       -43.2000000000       2.999111070043E-002 -1.930950946599E-003  1.827927044007E-004
   2.79446003230       0.959339340832       -43.2000000000       2.907966908778E-002 -2.889850642745E-003  2.899545127157E-004
   3.35335203876        1.15120720900       -43.2000000000       2.940415964984E-002 -3.201965104650E-003  9.559232790641E-005
   3.91224404522        1.34307507716       -43.2000000000       2.976451656022E-002 -3.502137230762E-003 -1.094618569419E-004
   4.47113605168        1.53494294533       -43.2000000000       3.008417912528E-002 -4.040869366869E-003 -2.969411140678E-004
   5.03002805814        1.72681081350       -43.2000000000       3.057038778212E-002 -4.928059869635E-003 -5.406317388036E-004
   5.58892006459        1.91867868166       -43.2000000000       3.045839511125E-002 -6.385225805951E-003 -6.207984882964E-004
   6.14781207105        2.11054654983       -43.2000000000       3.047609852965E-002 -8.228825620885E-003 -5.829540181841E-004
   0.00000000000        0.00000000000       -43.2000000000       3.029629270162E-002 -1.812052594609E-003  5.310545759188E-004
  0.466310301007       0.362943875680       -43.2000000000       3.022602786860E-002 -1.828028525948E-003  4.499423222890E-004
  0.932620602014       0.725887751361       -43.2000000000       3.015576303558E-002 -1.844004457288E-003  3.688300686593E-004
   1.39893090302        1.08883162704       -43.2000000000       3.008061516533E-002 -2.008357540295E-003  3.243448886915E-004
   1.86524120403        1.45177550272       -43.2000000000       3.000494907978E-002 -2.188457238737E-003  2.837467791853E-004
   2.33155150503        1.81471937840       -43.2000000000       2.877780988896E-002 -3.628838412027E-003  3.233461395932E-004
   2.79786180604        2.17766325408       -43.2000000000       2.885585240471E-002 -3.870884083899E-003  2.014136388537E-004
   3.26417210705        2.54060712976       -43.2000000000       2.889590584675E-002 -3.980724954354E-003  1.122589193219E-004
   3.73048240806        2.90355100544       -43.2000000000       2.883590080324E-002 -4.198389758860E-003  5.703167308956E-005
   4.19679270906        3.26649488112       -43.2000000000       2.874461351789E-002 -4.390361158212E-003  7.893679780957E-005
   4.66310301007        3.62943875680       -43.2000000000       2.861814566044E-002 -4.513427449837E-003  1.287234808624E-004
   5.12941331108        3.99238263248       -43.2000000000       2.846051485821E-002 -4.547545839108E-003  2.165685937315E-004
   0.00000000000        0.00000000000       -43.2000000000       3.029629270162E-002 -1.812052594609E-003  5.310545759188E-004
  0.323196638891       0.494689282610       -43.2000000000       3.023931397707E-002 -1.823452542009E-003  4.673769514438E-004
  0.646393277781       0.989378565219       -43.2000000000       3.017959962945E-002 -1.917977794201E-003  4.242189058090E-004
  0.969589916672        1.48406784783       -43.2000000000       3.008062491215E-002 -2.062213995092E-003  3.710901217012E-004
   1.29278655556        1.97875713044       -43.2000000000       3.009448421585E-002 -2.288508964948E-003  3.813149032992E-004
   1.61598319445        2.47344641305       -43.2000000000       2.880472447695E-002 -3.835202934272E-003  3.275769883957E-004
   1.93917983334        2.96813569566       -43.2000000000       2.876334888238E-002 -3.762205409403E-003  3.054075102451E-004
   2.26237647223        3.46282497827       -43.2000000000       2.867542247661E-002 -3.870355555890E-003  2.566488353363E-004
   2.58557311112        3.95751426088       -43.2000000000       2.858729924055E-002 -3.942757803913E-003  2.707057887876E-004
   2.90876975001        4.45220354349       -43.2000000000       2.829253519441E-002 -4.025786509673E-003  4.133544964003E-004
   3.23196638891        4.94689282610       -43.2000000000       2.805716149786E-002 -4.262947327623E-003  5.663648898002E-004
   3.55516302780        5.44158210871       -43.2000000000       2.797263388269E-002 -4.699205140410E-003  6.530049976570E-004
   0.00000000000        0.00000000000       -43.2000000000       3.029629270162E-002 -1.812052594609E-003  5.310545759188E-004
  0.145059606038       0.572827429873       -43.2000000000       3.025877461446E-002 -1.817641196881E-003  4.917120392705E-004
  0.290119212075        1.14565485975       -43.2000000000       3.017984575894E-002 -1.873655283213E-003  4.413178249941E-004
  0.435178818113        1.71848228962       -43.2000000000       3.016889622640E-002 -2.015100978408E-003  4.279342209425E-004
  0.580238424151        2.29130971949       -43.2000000000       3.023266815956E-002 -2.252067046056E-003  4.734084316508E-004
  0.725298030189        2.86413714937       -43.2000000000       2.917169607982E-002 -4.062882275903E-003  1.819383233382E-004
  0.870357636226        3.43696457924       -43.2000000000       2.924421806120E-002 -3.976442961969E-003  8.560613351779E-005
   1.01541724226        4.00979200911       -43.2000000000       2.931674004259E-002 -3.890003648035E-003 -1.072605630265E-005
   1.16047684830        4.58261943899       -43.2000000000       2.938637870196E-002 -3.550235901870E-003  1.564173976301E-004
   1.30553645434        5.15544686886       -43.2000000000       2.929554677431E-002 -2.954014115529E-003  8.144707833751E-004
   1.45059606038        5.72827429873       -43.2000000000       2.905801457235E-002 -2.773515745782E-003  2.205635436571E-003
   1.59565566642        6.30110172861       -43.2000000000       2.768065747680E-002 -4.266843238679E-003  3.166817366102E-003
   0.00000000000        0.00000000000       -43.2000000000       3.029629270162E-002 -1.812052594609E-003  5.310545759188E-004
 -4.879688596092E-002  0.588890836777       -43.2000000000       3.028230091874E-002 -1.811224239981E-003  5.203105014055E-004
 -9.759377192185E-002   1.17778167355       -43.2000000000       3.017513272222E-002 -1.738999102685E-003  4.405313827354E-004
 -0.146390657883        1.76667251033       -43.2000000000       3.029393662859E-002 -2.015652240093E-003  5.606075031185E-004
 -0.195187543844        2.35556334711       -43.2000000000       2.933706620704E-002 -2.366493673681E-003  1.079136999346E-004
 -0.243984429805        2.94445418388       -43.2000000000       3.002687791418E-002 -4.013562071152E-003 -3.753729970284E-005
 -0.292781315766        3.53334502066       -43.2000000000       3.012505767781E-002 -4.074000981016E-003 -3.625244471357E-004
 -0.341578201726        4.12223585744       -43.2000000000       3.018820995172E-002 -4.136699258853E-003 -7.181003418333E-004
 -0.390375087687        4.71112669421       -43.2000000000       2.999633029705E-002 -4.034461575707E-003 -1.341574126953E-003
 -0.439171973648        5.30001753099       -43.2000000000       3.018101914169E-002 -3.585835246525E-003 -2.502390903684E-003
 -0.487968859609        5.88890836777       -43.2000000000       3.048445999528E-002 -1.838361794277E-003 -4.332028768532E-003
 -0.536765745570        6.47779920454       -43.2000000000       3.064328232383E-002  5.370940017870E-004 -6.548781990756E-003
   0.00000000000        0.00000000000       -43.2000000000       3.029629270162E-002 -1.812052594609E-003  5.310545759188E-004
 -0.237365478204       0.541138783933       -43.2000000000       3.030734344981E-002 -1.804897048157E-003  5.500732507254E-004
 -0.474730956408        1.08227756787       -43.2000000000       3.024466244517E-002 -1.706244278980E-003  5.226139655694E-004
 -0.712096434612        1.62341635180       -43.2000000000       3.039270295568E-002 -1.959047795717E-003  6.790181381380E-004
 -0.949461912816        2.16455513573       -43.2000000000       2.920736180321E-002 -2.001165719764E-003  1.411325352321E-004
  -1.18682739102        2.70569391966       -43.2000000000       3.080468427405E-002 -3.612025496651E-003 -1.129951472624E-005
  -1.42419286922        3.24683270360       -43.2000000000       3.063357766271E-002 -3.706235357564E-003 -3.763935385611E-004
  -1.66155834743        3.78797148753       -43.2000000000       3.054430582967E-002 -3.876608493328E-003 -8.447735317307E-004
  -1.89892382563        4.32911027146       -43.2000000000       3.017957021334E-002 -3.800905836186E-003 -1.382568508830E-003
  -2.13628930384        4.87024905539       -43.2000000000       2.914863348854E-002 -3.131268379423E-003 -2.355643942867E-003
  -2.37365478204        5.41138783933       -43.2000000000       2.812399211038E-002 -1.836654354800E-003 -3.302051014071E-003
  -2.61102026024        5.95252662326       -43.2000000000       2.769630751530E-002  7.142716191520E-005 -3.488423726247E-003
   0.00000000000        0.00000000000       -43.2000000000       3.029629270162E-002 -1.812052594609E-003  5.310545759188E-004
 -0.400211837779       0.434745947216       -43.2000000000       3.034108823814E-002 -1.800836249013E-003  5.789682422450E-004
 -0.800423675558       0.869491894432       -43.2000000000       3.034501689019E-002 -1.703730291549E-003  6.244339753977E-004
  -1.20063551334        1.30423784165       -43.2000000000       3.044035731814E-002 -1.816223826030E-003  7.440378095470E-004
  -1.60084735112        1.73898378886       -43.2000000000       3.006837405240E-002 -1.186319949689E-003  6.818555359395E-004
  -2.00105918889        2.17372973608       -43.2000000000       3.188495639549E-002 -2.774076689386E-003  2.222866425996E-004
  -2.40127102667        2.60847568330       -43.2000000000       3.175471666161E-002 -2.590248282113E-003 -3.660707403489E-005
  -2.80148286445        3.04322163051       -43.2000000000       3.161896707632E-002 -2.450726095567E-003 -3.038351523966E-004
  -3.20169470223        3.47796757773       -43.2000000000       3.146243192548E-002 -2.156492129624E-003 -5.232228174147E-004
  -3.60190654001        3.91271352494       -43.2000000000       3.130584408912E-002 -1.699309960705E-003 -6.624338535928E-004
  -4.00211837779        4.34745947216       -43.2000000000       3.137656933324E-002 -1.198971522644E-003 -8.546563346458E-004
  -4.40233021557        4.78220541938       -43.2000000000       3.139525005221E-002 -8.001452078873E-004 -1.114296183059E-003
   0.00000000000        0.00000000000       -43.2000000000       3.029629270162E-002 -1.812052594609E-003  5.310545759188E-004
 -0.519689034804       0.281241641340       -43.2000000000       3.036348593400E-002 -1.797013052075E-003  6.018884734433E-004
  -1.03937806961       0.562483282680       -43.2000000000       3.043559945180E-002 -1.727814235245E-003  6.882927825318E-004
  -1.55906710441       0.843724924020       -43.2000000000       3.043342472531E-002 -1.604940576463E-003  7.500607060718E-004
  -2.07875613922        1.12496656536       -43.2000000000       3.035317269184E-002 -1.362245145730E-003  8.228184990866E-004
  -2.59844517402        1.40620820670       -43.2000000000       3.252925634234E-002 -2.138414678211E-003  4.079855322692E-004
  -3.11813420882        1.68744984804       -43.2000000000       3.252704454324E-002 -1.939499695217E-003  2.419585497986E-004
  -3.63782324363        1.96869148938       -43.2000000000       3.251090898490E-002 -1.784074317942E-003  1.005585220818E-004
  -4.15751227843        2.24993313072       -43.2000000000       3.246059034514E-002 -1.585087414152E-003 -3.393629649011E-005
  -4.67720131323        2.53117477206       -43.2000000000       3.234533279467E-002 -1.252450426976E-003 -1.680554389566E-004
  -5.19689034804        2.81241641340       -43.2000000000       3.217227528649E-002 -9.106711361526E-004 -3.767363326067E-004
  -5.71657938284        3.09365805474       -43.2000000000       3.185646299377E-002 -5.677843628909E-004 -5.561091173797E-004
   0.00000000000        0.00000000000       -43.2000000000       3.029629270162E-002 -1.812052594609E-003  5.310545759188E-004
 -0.582849861102       9.726043971134E-002  -43.2000000000       3.037037515728E-002 -1.793580570614E-003  6.161411550677E-004
  -1.16569972220       0.194520879423       -43.2000000000       3.050921635828E-002 -1.776231679677E-003  7.113873986909E-004
  -1.74854958330       0.291781319134       -43.2000000000       3.056273234526E-002 -1.680054168373E-003  8.143489671100E-004
  -2.33139944441       0.389041758845       -43.2000000000       3.061624833223E-002 -1.583876657069E-003  9.173105355291E-004
  -2.91424930551       0.486302198557       -43.2000000000       3.305845825584E-002 -1.970383859487E-003  5.857437617267E-004
  -3.49709916661       0.583562638268       -43.2000000000       3.360360163780E-002 -1.954134386518E-003  5.643982577334E-004
  -4.07994902771       0.680823077979       -43.2000000000       3.395283143417E-002 -1.809337416711E-003  5.181162902501E-004
  -4.66279888881       0.778083517691       -43.2000000000       3.421033533296E-002 -1.732969838504E-003  4.505314160802E-004
  -5.24564874991       0.875343957402       -43.2000000000       3.485820992536E-002 -1.308504345770E-003  4.779820956037E-004
  -5.82849861102       0.972604397113       -43.2000000000       3.477574473646E-002 -1.499789967513E-003  3.817035071922E-004
  -6.41134847212        1.06986483682       -43.2000000000       3.467323172629E-002 -9.775314389322E-004  1.951318963491E-004
   0.00000000000        0.00000000000       -43.2000000000       3.029629270162E-002 -1.812052594609E-003  5.310545759188E-004
 -0.582849861102      -9.726043971134E-002  -43.2000000000       3.037198313125E-002 -1.792563497656E-003  6.215044468479E-004
  -1.16569972220      -0.194520879423       -43.2000000000       3.050164538953E-002 -1.781202949153E-003  7.184594908264E-004
  -1.74854958330      -0.291781319134       -43.2000000000       3.064228142529E-002 -1.771495131049E-003  8.167371937418E-004
  -2.33139944441      -0.389041758845       -43.2000000000       3.074028499490E-002 -1.722400848724E-003  9.188698336410E-004
  -2.91424930551      -0.486302198557       -43.2000000000       3.252603701323E-002 -2.314652259408E-003  5.812757924119E-004
  -3.49709916661      -0.583562638268       -43.2000000000       3.294762015293E-002 -2.694582756648E-003  5.502378548647E-004
  -4.07994902771      -0.680823077979       -43.2000000000       3.333295837980E-002 -3.252344675090E-003  5.133126733030E-004
  -4.66279888881      -0.778083517691       -43.2000000000       3.371829660668E-002 -3.810106593532E-003  4.763874917412E-004
  -5.24564874991      -0.875343957402       -43.2000000000       3.401721032211E-002 -4.289722973972E-003  4.764391073427E-004
  -5.82849861102      -0.972604397113       -43.2000000000       3.405336036431E-002 -4.605078777709E-003  5.759770132510E-004
  -6.41134847212       -1.06986483682       -43.2000000000       3.337094960214E-002 -5.049987319619E-003  5.452916416814E-004
   0.00000000000        0.00000000000       -43.2000000000       3.029629270162E-002 -1.812052594609E-003  5.310545759188E-004
 -0.519689034804      -0.281241641340       -43.2000000000       3.037040423108E-002 -1.794413720068E-003  6.176705880016E-004
  -1.03937806961      -0.562483282680       -43.2000000000       3.045243358916E-002 -1.777967327887E-003  7.052409284197E-004
  -1.55906710441      -0.843724924020       -43.2000000000       3.056846372473E-002 -1.766641699150E-003  7.969093501318E-004
  -2.07875613922       -1.12496656536       -43.2000000000       3.068449386031E-002 -1.755316070413E-003  8.885777718440E-004
  -2.59844517402       -1.40620820670       -43.2000000000       3.136697498309E-002 -2.578757660837E-003  4.978333040420E-004
  -3.11813420882       -1.68744984804       -43.2000000000       3.120852480271E-002 -3.030980260865E-003  4.254594974575E-004
  -3.63782324363       -1.96869148938       -43.2000000000       3.105007462233E-002 -3.483202860893E-003  3.530856908730E-004
  -4.15751227843       -2.24993313072       -43.2000000000       3.091800816284E-002 -3.909160614648E-003  2.788186819667E-004
  -4.67720131323       -2.53117477206       -43.2000000000       3.077691221634E-002 -4.256057307593E-003  1.878490715458E-004
  -5.19689034804       -2.81241641340       -43.2000000000       3.004221198391E-002 -4.760986256547E-003  2.836959932490E-004
  -5.71657938284       -3.09365805474       -43.2000000000       2.900543213183E-002 -4.747075461724E-003  3.730870321619E-004
   0.00000000000        0.00000000000       -43.2000000000       3.029629270162E-002 -1.812052594609E-003  5.310545759188E-004
 -0.400211837779      -0.434745947216       -43.2000000000       3.036079419673E-002 -1.798175388231E-003  6.044505402602E-004
 -0.800423675558      -0.869491894432       -43.2000000000       3.042529569184E-002 -1.784298181854E-003  6.778465046017E-004
  -1.20063551334       -1.30423784165       -43.2000000000       3.048979718695E-002 -1.770420975476E-003  7.512424689432E-004
  -1.60084735112       -1.73898378886       -43.2000000000       3.055280244957E-002 -1.737372092225E-003  8.216780499075E-004
  -2.00105918889       -2.17372973608       -43.2000000000       3.044203108749E-002 -2.361371196959E-003  4.427508306151E-004
  -2.40127102667       -2.60847568330       -43.2000000000       3.038289540109E-002 -2.609607389317E-003  3.834359446764E-004
  -2.80148286445       -3.04322163051       -43.2000000000       3.032694199039E-002 -2.876431198753E-003  3.200871405117E-004
  -3.20169470223       -3.47796757773       -43.2000000000       3.026633522339E-002 -3.136739810242E-003  2.573251001614E-004
  -3.60190654001       -3.91271352494       -43.2000000000       3.016344757080E-002 -3.386723829365E-003  1.939475859557E-004
  -4.00211837779       -4.34745947216       -43.2000000000       2.978153501652E-002 -3.629386157586E-003  1.276550276388E-004
  -4.40233021557       -4.78220541938       -43.2000000000       2.970154839557E-002 -3.755724411409E-003  9.453340048365E-005
   0.00000000000        0.00000000000       -43.2000000000       3.029629270162E-002 -1.812052594609E-003  5.310545759188E-004
 -0.237365478204      -0.541138783933       -43.2000000000       3.034419442455E-002 -1.803440867032E-003  5.832769009268E-004
 -0.474730956408       -1.08227756787       -43.2000000000       3.039440717646E-002 -1.773116664153E-003  6.342968225187E-004
 -0.712096434612       -1.62341635180       -43.2000000000       3.042237649487E-002 -1.663070250375E-003  6.644055545290E-004
 -0.949461912816       -2.16455513573       -43.2000000000       3.036411792278E-002 -1.656538240155E-003  6.598714925727E-004
  -1.18682739102       -2.70569391966       -43.2000000000       2.988282111637E-002 -1.690462411021E-003  3.263580177137E-004
  -1.42419286922       -3.24683270360       -43.2000000000       2.962397820434E-002 -1.780849123967E-003  2.910316062200E-004
  -1.66155834743       -3.78797148753       -43.2000000000       2.935857561054E-002 -1.904707892045E-003  2.484372986713E-004
  -1.89892382563       -4.32911027146       -43.2000000000       2.901335053189E-002 -2.130407636461E-003  2.110323941382E-004
  -2.13628930384       -4.87024905539       -43.2000000000       2.868540427514E-002 -2.639809205795E-003  1.738245635344E-004
  -2.37365478204       -5.41138783933       -43.2000000000       2.844551627694E-002 -3.082177884766E-003  6.325732871770E-005
  -2.61102026024       -5.95252662326       -43.2000000000       2.796951517179E-002 -3.583860329287E-003  3.568563635238E-005
   0.00000000000        0.00000000000       -43.2000000000       3.029629270162E-002 -1.812052594609E-003  5.310545759188E-004
 -4.879688596092E-002 -0.588890836777       -43.2000000000       3.032240375741E-002 -1.809639560141E-003  5.564441623658E-004
 -9.759377192185E-002  -1.17778167355       -43.2000000000       3.036268452501E-002 -1.674099888476E-003  5.744614008377E-004
 -0.146390657883       -1.76667251033       -43.2000000000       3.029980276056E-002 -1.604568395308E-003  5.445246444265E-004
 -0.195187543844       -2.35556334711       -43.2000000000       3.027328158753E-002 -1.590359989899E-003  5.058807110298E-004
 -0.243984429805       -2.94445418388       -43.2000000000       2.949300584702E-002 -1.035869106922E-003  2.022465822759E-004
 -0.292781315766       -3.53334502066       -43.2000000000       2.913845297770E-002 -1.082121282633E-003  1.496196380626E-004
 -0.341578201726       -4.12223585744       -43.2000000000       2.878390010839E-002 -1.128373458344E-003  9.699269384930E-005
 -0.390375087687       -4.71112669421       -43.2000000000       2.840353500934E-002 -1.167808898373E-003  4.553902652187E-005
 -0.439171973648       -5.30001753099       -43.2000000000       2.798336409493E-002 -1.197203999499E-003  6.887601484466E-005
 -0.487968859609       -5.88890836777       -43.2000000000       2.754258780938E-002 -1.238825845263E-003  7.756323106688E-005
 -0.536765745570       -6.47779920454       -43.2000000000       2.707870808945E-002 -1.298696023324E-003  5.610072089751E-005
   0.00000000000        0.00000000000       -43.2000000000       3.029629270162E-002 -1.812052594609E-003  5.310545759188E-004
  0.145059606038      -0.572827429873       -43.2000000000       3.029778355223E-002 -1.816099742977E-003  5.268600681533E-004
  0.290119212075       -1.14565485975       -43.2000000000       3.032070215222E-002 -1.618829866922E-003  5.115169338724E-004
  0.435178818113       -1.71848228962       -43.2000000000       3.020945145307E-002 -1.554529657974E-003  4.391086989762E-004
  0.580238424151       -2.29130971949       -43.2000000000       3.029086710201E-002 -1.546127704583E-003  3.764518369501E-004
  0.725298030189       -2.86413714937       -43.2000000000       2.934990220863E-002 -3.413132505225E-004  1.084325780568E-004
  0.870357636226       -3.43696457924       -43.2000000000       2.906098761573E-002 -2.642519740760E-004  1.057419192324E-004
   1.01541724226       -4.00979200911       -43.2000000000       2.877207302283E-002 -1.871906976296E-004  1.030512604081E-004
   1.16047684830       -4.58261943899       -43.2000000000       2.848315842994E-002 -1.101294211831E-004  1.003606015837E-004
   1.30553645434       -5.15544686886       -43.2000000000       2.809512388115E-002  1.472521403624E-005  6.556363527945E-005
   1.45059606038       -5.72827429873       -43.2000000000       2.753801407941E-002  2.720195597860E-004 -3.749692200053E-005
   1.59565566642       -6.30110172861       -43.2000000000       2.691629761601E-002  1.090492036421E-003 -2.013931660638E-004
   0.00000000000        0.00000000000       -43.2000000000       3.029629270162E-002 -1.812052594609E-003  5.310545759188E-004
  0.323196638891      -0.494689282610       -43.2000000000       3.027300179025E-002 -1.822121354489E-003  4.977305139416E-004
  0.646393277781      -0.989378565219       -43.2000000000       3.027300949960E-002 -1.613295963929E-003  4.522844313026E-004
  0.969589916672       -1.48406784783       -43.2000000000       3.016205662977E-002 -1.518530121385E-003  3.596571749752E-004
   1.29278655556       -1.97875713044       -43.2000000000       3.019705633948E-002 -1.369702867794E-003  2.995268990076E-004
   1.61598319445       -2.47344641305       -43.2000000000       2.948503837522E-002 -3.041226070952E-004  2.843541646008E-005
   1.93917983334       -2.96813569566       -43.2000000000       2.943820015094E-002 -1.459734337849E-004  7.442518229136E-006
   2.26237647223       -3.46282497827       -43.2000000000       2.942477198396E-002  7.733707173373E-005 -7.322423430085E-006
   2.58557311112       -3.95751426088       -43.2000000000       2.946856051451E-002  3.720079972953E-004 -1.415395821304E-005
   2.90876975001       -4.45220354349       -43.2000000000       2.942001267304E-002  8.823123423481E-004 -1.178392188068E-005
   3.23196638891       -4.94689282610       -43.2000000000       2.946593119472E-002  1.441543075548E-003 -8.188382122814E-006
   3.55516302780       -5.44158210871       -43.2000000000       2.965539342050E-002  2.040103002059E-003 -2.027571819912E-005
   0.00000000000        0.00000000000       -43.2000000000       3.029629270162E-002 -1.812052594609E-003  5.310545759188E-004
  0.466310301007      -0.362943875680       -43.2000000000       3.025074395991E-002 -1.827051859635E-003  4.722121389213E-004
  0.932620602014      -0.725887751361       -43.2000000000       3.022477480609E-002 -1.658097863754E-003  4.031826538687E-004
   1.39893090302       -1.08883162704       -43.2000000000       3.016002717998E-002 -1.500026711706E-003  3.145601037831E-004
   1.86524120403       -1.45177550272       -43.2000000000       3.011078416215E-002 -1.304650753331E-003  2.394894147265E-004
   2.33155150503       -1.81471937840       -43.2000000000       2.969478316968E-002 -4.832156909393E-004 -4.425188419325E-005
   2.79786180604       -2.17766325408       -43.2000000000       2.981533493384E-002 -2.336798605631E-004 -7.553936805095E-005
   3.26417210705       -2.54060712976       -43.2000000000       2.991813654144E-002 -1.260453776398E-005 -8.105263097308E-005
   3.73048240806       -2.90355100544       -43.2000000000       3.003550212709E-002  2.022950364804E-004 -9.560743433169E-005
   4.19679270906       -3.26649488112       -43.2000000000       3.016156625718E-002  4.085811183599E-004 -8.917458535406E-005
   4.66310301007       -3.62943875680       -43.2000000000       3.033709697986E-002  5.444702936800E-004 -3.909449892071E-005
   5.12941331108       -3.99238263248       -43.2000000000       3.061247734767E-002  7.500648020591E-004  1.071304892619E-005
   0.00000000000        0.00000000000       -43.2000000000       3.029629270162E-002 -1.812052594609E-003  5.310545759188E-004
  0.558892006459      -0.191867868166       -43.2000000000       3.023342204250E-002 -1.830356961678E-003  4.530702549842E-004
   1.11778401292      -0.383735736333       -43.2000000000       3.018122504917E-002 -1.748380585379E-003  3.695325410482E-004
   1.67667601938      -0.575603604499       -43.2000000000       3.013783380816E-002 -1.583672802172E-003  2.814132893145E-004
   2.23556802584      -0.767471472666       -43.2000000000       3.008212699918E-002 -1.442062732057E-003  1.863877927212E-004
   2.79446003230      -0.959339340832       -43.2000000000       2.990503022648E-002 -1.163735154981E-003 -6.817413485837E-005
   3.35335203876       -1.15120720900       -43.2000000000       3.017278460651E-002 -1.006325996038E-003 -1.538561069059E-004
   3.91224404522       -1.34307507716       -43.2000000000       3.045170686774E-002 -8.422583544101E-004 -2.491728177506E-004
   4.47113605168       -1.53494294533       -43.2000000000       3.075486241337E-002 -6.775613100258E-004 -3.544072856743E-004
   5.03002805814       -1.72681081350       -43.2000000000       3.136258860115E-002 -3.497204130036E-004 -5.399156503653E-004
   5.58892006459       -1.91867868166       -43.2000000000       3.203188165601E-002  2.708375803399E-004 -5.834025279085E-004
   6.14781207105       -2.11054654983       -43.2000000000       3.210720119858E-002  1.561765146784E-003 -7.283217838156E-004
   0.00000000000        0.00000000000       -43.2000000000       3.029629270162E-002 -1.812052594609E-003  5.310545759188E-004
  0.590909090909        0.00000000000       -43.2000000000       3.022291313654E-002 -1.831678501527E-003  4.423791822717E-004
   1.18181818182      -1.172487511250E-015  -43.2000000000       3.014953357146E-002 -1.851304408445E-003  3.537037886246E-004
   1.77272727273        0.00000000000       -43.2000000000       3.008661551552E-002 -1.772642816653E-003  2.595853847930E-004
   2.36363636364        0.00000000000       -43.2000000000       3.002615151030E-002 -1.670925038274E-003  1.641901648855E-004
   2.95454545455        0.00000000000       -43.2000000000       2.972368221994E-002 -2.097608043257E-003  2.846426479322E-005
   3.54545454545        0.00000000000       -43.2000000000       3.021528900341E-002 -2.248580455201E-003 -1.931765086118E-004
   4.13636363636        0.00000000000       -43.2000000000       3.072618227814E-002 -2.251196061968E-003 -3.812363462637E-004
   4.72727272727        0.00000000000       -43.2000000000       3.156041088420E-002 -2.337764239284E-003 -6.992381166159E-004
   5.31818181818        0.00000000000       -43.2000000000       3.294936728634E-002 -2.789784023939E-003 -8.695900287114E-004
   5.90909090909        0.00000000000       -43.2000000000       3.311235127823E-002 -2.820290404379E-003 -6.436973096908E-004
   6.50000000000        0.00000000000       -43.2000000000       3.314338180597E-002 -2.923182543147E-003 -5.297407529255E-004
