 12 20 1 1
 1 X [LENGU]
 2 Y [LENGU]
 3 Z [LENGU]
 4 Hx [FIELU]
 5 Hy [FIELU]
 6 Hz [FIELU]
 0
   0.00000000000        0.00000000000       -43.2000000000        2.96929439267       3.011986536635E-002 -5.612486489531E-005
  0.590909090909        0.00000000000       -43.2000000000        2.96779848864       3.458457274001E-002 -3.916219652976E-004
   1.18181818182        0.00000000000       -43.2000000000        2.96630258462       3.904928011367E-002 -7.271190657000E-004
   1.77272727273        0.00000000000       -43.2000000000        2.97623771076       3.815913825427E-002  1.530933676016E-003
   2.36363636364        0.00000000000       -43.2000000000        2.97118442951       2.873521796015E-002  2.663674712652E-004
   2.95454545455        0.00000000000       -43.2000000000        3.01642145595      -1.199974037979E-002 -1.243724087166E-003
   3.54545454545        0.00000000000       -43.2000000000        2.88453273013       1.650375455874E-002 -6.724498349946E-004
   4.13636363636        0.00000000000       -43.2000000000        2.74395146432       4.191678578634E-002 -3.740989868721E-003
   4.72727272727        0.00000000000       -43.2000000000        2.61430090645       3.325272627343E-002 -3.516416986459E-003
   5.31818181818        0.00000000000       -43.2000000000        2.48465034858       2.458866676052E-002 -3.291844104197E-003
   5.90909090909        0.00000000000       -43.2000000000        2.35499979072       1.592460724762E-002 -3.067271221935E-003
   6.50000000000        0.00000000000       -43.2000000000        2.22534923285       7.260547734712E-003 -2.842698339673E-003
   0.00000000000        0.00000000000       -43.2000000000        2.96929439267       3.011986536635E-002 -5.612486489531E-005
  0.558892006459       0.191867868166       -43.2000000000        2.96948722283       3.616816894193E-002  2.810367649663E-004
   1.11778401292       0.383735736333       -43.2000000000        2.96968005299       4.221647251751E-002  6.181983948278E-004
   1.67667601938       0.575603604499       -43.2000000000        2.97182855781       4.610065694883E-002  1.201749323138E-003
   2.23556802584       0.767471472666       -43.2000000000        2.98093567618       4.472959828984E-002  2.042800451745E-003
   2.79446003230       0.959339340832       -43.2000000000        3.08335207674       8.043106700917E-002  1.684915730390E-003
   3.35335203876        1.15120720900       -43.2000000000        2.94551970510       0.216439648150       5.175395133962E-003
   3.91224404522        1.34307507716       -43.2000000000        2.80925595822       0.271416922246       3.127075847433E-003
   4.47113605168        1.53494294533       -43.2000000000        2.67288105640       0.346449128353       1.382566678006E-002
   5.03002805814        1.72681081350       -43.2000000000        2.54918724803       0.413863812552       1.850551488843E-002
   5.58892006459        1.91867868166       -43.2000000000        2.37995092528       0.409576534138       3.728004824901E-002
   6.14781207105        2.11054654983       -43.2000000000        2.07399776712       0.366153126698       6.484967405182E-002
   0.00000000000        0.00000000000       -43.2000000000        2.96929439267       3.011986536635E-002 -5.612486489531E-005
  0.466310301007       0.362943875680       -43.2000000000        2.97303688092       3.295219867941E-002  2.717891209458E-004
  0.932620602014       0.725887751361       -43.2000000000        2.97350661993       5.082268845527E-002  1.083185867001E-003
   1.39893090302        1.08883162704       -43.2000000000        2.98153767463       4.963328861471E-002  2.117447719309E-003
   1.86524120403        1.45177550272       -43.2000000000        2.97682862461       8.390052085238E-002  2.666666311193E-003
   2.33155150503        1.81471937840       -43.2000000000        3.30631438161       8.366218960566E-002  3.653140381204E-003
   2.79786180604        2.17766325408       -43.2000000000        3.22914648701       0.295815920148       3.797133626729E-003
   3.26417210705        2.54060712976       -43.2000000000        3.16082898416       0.501970866055       6.141673133081E-003
   3.73048240806        2.90355100544       -43.2000000000        3.18133059642       0.768970385115       1.660135319944E-002
   4.19679270906        3.26649488112       -43.2000000000        3.13383456829        1.08629924836       2.128793830415E-002
   4.66310301007        3.62943875680       -43.2000000000        2.93145814612        1.48364107842       4.777498601736E-002
   5.12941331108        3.99238263248       -43.2000000000        2.52512180500        1.55986219753       1.453090980878E-002
   0.00000000000        0.00000000000       -43.2000000000        2.96929439267       3.011986536635E-002 -5.612486489531E-005
  0.323196638891       0.494689282610       -43.2000000000        2.97541274017       3.295934426339E-002  3.404992098701E-004
  0.646393277781       0.989378565219       -43.2000000000        2.97693938249       5.689753125933E-002  1.415455210084E-003
  0.969589916672        1.48406784783       -43.2000000000        2.98122957525       7.229805701121E-002  2.413577536167E-003
   1.29278655556        1.97875713044       -43.2000000000        2.97655462607       0.116187088299       3.318972977477E-003
   1.61598319445        2.47344641305       -43.2000000000        3.37894992027      -1.455771204091E-002  4.978000258243E-004
   1.93917983334        2.96813569566       -43.2000000000        3.59475500517      -8.602346592080E-002  2.983799186947E-003
   2.26237647223        3.46282497827       -43.2000000000        3.95698000990      -0.164931511174       5.082627106083E-003
   2.58557311112        3.95751426088       -43.2000000000        4.69957683928       0.143609659292       9.477945078752E-003
   2.90876975001        4.45220354349       -43.2000000000        5.81545356507        1.05752729135       1.182169601808E-002
   3.23196638891        4.94689282610       -43.2000000000        5.62243247995        4.51390649793       2.054027759315E-002
   3.55516302780        5.44158210871       -43.2000000000        1.79541194024        4.27065547983       2.915423557712E-002
   0.00000000000        0.00000000000       -43.2000000000        2.96929439267       3.011986536635E-002 -5.612486489531E-005
  0.145059606038       0.572827429873       -43.2000000000        2.97696368607       3.340269166517E-002  3.901457191275E-004
  0.290119212075        1.14565485975       -43.2000000000        2.98004127428       5.778422606288E-002  1.514748228599E-003
  0.435178818113        1.71848228962       -43.2000000000        2.99078160879       4.847988411188E-002  1.477608864460E-003
  0.580238424151        2.29130971949       -43.2000000000        2.99764697737       5.996000168871E-002  2.313120130729E-003
  0.725298030189        2.86413714937       -43.2000000000        3.35175975142      -8.184232743557E-002  1.162381434249E-004
  0.870357636226        3.43696457924       -43.2000000000        3.17135060433      -0.219797302896      -5.561497358397E-003
   1.01541724226        4.00979200911       -43.2000000000        3.02641745034      -0.732315980348      -2.989121361715E-003
   1.16047684830        4.58261943899       -43.2000000000        3.01585477953      -0.985470137961      -6.900370015932E-003
   1.30553645434        5.15544686886       -43.2000000000        2.17412678792       -1.53306953152       1.056783679961E-004
   1.45059606038        5.72827429873       -43.2000000000        1.00637861716       -1.82861147943       4.697069646435E-003
   1.59565566642        6.30110172861       -43.2000000000       0.208529044153       -1.36965134043      -2.977061073050E-003
   0.00000000000        0.00000000000       -43.2000000000        2.96929439267       3.011986536635E-002 -5.612486489531E-005
 -4.879688596092E-002  0.588890836777       -43.2000000000        2.97818112753       3.120392149646E-002  3.179240964779E-004
 -9.759377192185E-002   1.17778167355       -43.2000000000        2.98393807853       4.695999490810E-002  1.148664443092E-003
 -0.146390657883        1.76667251033       -43.2000000000        2.99761732150       2.788921418981E-002  7.783134376509E-004
 -0.195187543844        2.35556334711       -43.2000000000        3.03275510035      -3.017506941090E-002 -1.847192332120E-004
 -0.243984429805        2.94445418388       -43.2000000000        3.35180351925       4.110728367700E-002 -4.305218297483E-003
 -0.292781315766        3.53334502066       -43.2000000000        3.09318271986       0.130848449326      -4.849196378694E-003
 -0.341578201726        4.12223585744       -43.2000000000        2.81742693559       0.614152760349       1.812512792426E-003
 -0.390375087687        4.71112669421       -43.2000000000        2.52192449369       0.498575539530      -6.821506522472E-005
 -0.439171973648        5.30001753099       -43.2000000000        1.86997348850       0.486002698160      -2.725642597661E-003
 -0.487968859609        5.88890836777       -43.2000000000        1.17498736613       0.493376708305      -8.832891557763E-003
 -0.536765745570        6.47779920454       -43.2000000000       0.617138294536       0.477845766325      -8.938989442567E-003
   0.00000000000        0.00000000000       -43.2000000000        2.96929439267       3.011986536635E-002 -5.612486489531E-005
 -0.237365478204       0.541138783933       -43.2000000000        2.97893313588       2.660130462250E-002  1.316606753692E-004
 -0.474730956408        1.08227756787       -43.2000000000        2.98553050388       3.736611163568E-002  7.627340479413E-004
 -0.712096434612        1.62341635180       -43.2000000000        3.00842395500       6.479744824283E-003  6.014747879432E-005
 -0.949461912816        2.16455513573       -43.2000000000        3.07368236228      -0.131193812093      -4.027551932242E-003
  -1.18682739102        2.70569391966       -43.2000000000        3.33335034525       4.942409925362E-002 -1.949456868351E-003
  -1.42419286922        3.24683270360       -43.2000000000        3.43825361127       0.176330312640      -4.381801189410E-003
  -1.66155834743        3.78797148753       -43.2000000000        3.78591739631       0.407700520038      -9.225914969758E-003
  -1.89892382563        4.32911027146       -43.2000000000        4.39155681450        1.09198099113      -8.988196859535E-003
  -2.13628930384        4.87024905539       -43.2000000000        4.59268458906        3.04826771737      -6.778627111968E-003
  -2.37365478204        5.41138783933       -43.2000000000       0.190901125268        4.78519816121      -7.203766731203E-003
  -2.61102026024        5.95252662326       -43.2000000000       -3.24492438696       0.855372329944      -1.582601447787E-003
   0.00000000000        0.00000000000       -43.2000000000        2.96929439267       3.011986536635E-002 -5.612486489531E-005
 -0.400211837779       0.434745947216       -43.2000000000        2.97913821934       2.009360599852E-002 -1.484600123466E-004
 -0.800423675558       0.869491894432       -43.2000000000        2.98439034083       3.116605472958E-002  4.375367656505E-004
  -1.20063551334        1.30423784165       -43.2000000000        3.00375997761       1.804830058266E-003 -2.967913924782E-004
  -1.60084735112        1.73898378886       -43.2000000000        3.06250760158      -9.452847646580E-002 -2.907390658720E-003
  -2.00105918889        2.17372973608       -43.2000000000        3.20066656296       0.119867033823       1.506653600636E-003
  -2.40127102667        2.60847568330       -43.2000000000        3.46594408586      -0.274961773177       2.901121281408E-003
  -2.80148286445        3.04322163051       -43.2000000000        3.30371924226      -0.622519339693       1.316415868769E-003
  -3.20169470223        3.47796757773       -43.2000000000        3.82990545286      -0.812153986087      -1.495240014705E-003
  -3.60190654001        3.91271352494       -43.2000000000        3.85321818745       -1.54751877015      -1.162703786573E-002
  -4.00211837779        4.34745947216       -43.2000000000        3.35345998373       -2.27557422273      -4.347063499096E-002
  -4.40233021557        4.78220541938       -43.2000000000        2.83342433013       -2.45625253762      -4.169265793308E-002
   0.00000000000        0.00000000000       -43.2000000000        2.96929439267       3.011986536635E-002 -5.612486489531E-005
 -0.519689034804       0.281241641340       -43.2000000000        2.97723049857       1.947907265710E-002 -2.640385628657E-004
  -1.03937806961       0.562483282680       -43.2000000000        2.98366221005       1.575091422812E-002 -2.497082969269E-004
  -1.55906710441       0.843724924020       -43.2000000000        2.99091658703       8.713309115704E-003 -3.660897689100E-004
  -2.07875613922        1.12496656536       -43.2000000000        3.02934690980      -3.924834964467E-002 -1.564352464751E-003
  -2.59844517402        1.40620820670       -43.2000000000        3.18587020994      -0.102337017703       5.778330336601E-003
  -3.11813420882        1.68744984804       -43.2000000000        3.13471697856      -0.220002263377       1.065343046626E-002
  -3.63782324363        1.96869148938       -43.2000000000        3.07568692859      -0.415904143670       8.513476469470E-003
  -4.15751227843        2.24993313072       -43.2000000000        2.95152769039      -0.553189017906      -8.122183155609E-004
  -4.67720131323        2.53117477206       -43.2000000000        2.74823167201      -0.727510877775      -6.729277214821E-003
  -5.19689034804        2.81241641340       -43.2000000000        2.50120189933      -0.919518650250       1.070182420647E-002
  -5.71657938284        3.09365805474       -43.2000000000        2.12516468140       -1.13898973194       5.378049252132E-002
   0.00000000000        0.00000000000       -43.2000000000        2.96929439267       3.011986536635E-002 -5.612486489531E-005
 -0.582849861102       9.726043971134E-002  -43.2000000000        2.97434323913       2.056690887216E-002 -3.394270408260E-004
  -1.16569972220       0.194520879423       -43.2000000000        2.97939208559       1.101395237797E-002 -6.227292167567E-004
  -1.74854958330       0.291781319134       -43.2000000000        2.98444093205       1.460995883777E-003 -9.060313926873E-004
  -2.33139944441       0.389041758845       -43.2000000000        2.98948977851      -8.091960610414E-003 -1.189333568618E-003
  -2.91424930551       0.486302198557       -43.2000000000        3.04556076140      -7.093696013588E-002  5.230948680053E-003
  -3.49709916661       0.583562638268       -43.2000000000        2.95807113388      -0.156194515862       2.317970327994E-003
  -4.07994902771       0.680823077979       -43.2000000000        2.83810152844      -0.140444150869       4.680243053583E-003
  -4.66279888881       0.778083517691       -43.2000000000        2.66161295749      -0.184295107789      -3.234397948307E-003
  -5.24564874991       0.875343957402       -43.2000000000        2.56098155867      -0.214183795737      -8.018932613316E-003
  -5.82849861102       0.972604397113       -43.2000000000        2.41249376114      -0.201461986335      -3.822071916412E-003
  -6.41134847212        1.06986483682       -43.2000000000        2.25520382699      -0.197104786331      -1.385642391779E-003
   0.00000000000        0.00000000000       -43.2000000000        2.96929439267       3.011986536635E-002 -5.612486489531E-005
 -0.582849861102      -9.726043971134E-002  -43.2000000000        2.97090885883       2.268995615276E-002 -3.841153321380E-004
  -1.16569972220      -0.194520879423       -43.2000000000        2.97252332500       1.526004693916E-002 -7.121057993808E-004
  -1.74854958330      -0.291781319134       -43.2000000000        2.97413779116       7.830137725573E-003 -1.040096266623E-003
  -2.33139944441      -0.389041758845       -43.2000000000        2.97575225733       4.002285119817E-004 -1.368086733866E-003
  -2.91424930551      -0.486302198557       -43.2000000000        3.03655506774       4.908752003076E-002  3.314489544693E-003
  -3.49709916661      -0.583562638268       -43.2000000000        2.93409356337       9.071117086323E-002  3.924666158884E-003
  -4.07994902771      -0.680823077979       -43.2000000000        2.85671526602       0.155854854089       1.706750162843E-003
  -4.66279888881      -0.778083517691       -43.2000000000        2.68043756366       0.163836299978      -4.773268409552E-003
  -5.24564874991      -0.875343957402       -43.2000000000        2.53838879481       0.205351142040       1.008935121457E-002
  -5.82849861102      -0.972604397113       -43.2000000000        2.36918658557       0.234824319532       2.642437137304E-002
  -6.41134847212       -1.06986483682       -43.2000000000        2.17511677361       0.226175808977       2.167917844930E-002
   0.00000000000        0.00000000000       -43.2000000000        2.96929439267       3.011986536635E-002 -5.612486489531E-005
 -0.519689034804      -0.281241641340       -43.2000000000        2.96898711614       2.190174319548E-002 -9.720193263549E-004
  -1.03937806961      -0.562483282680       -43.2000000000        2.96867983961       1.368362102461E-002 -1.887913787814E-003
  -1.55906710441      -0.843724924020       -43.2000000000        2.96837256308       5.465498853740E-003 -2.803808249274E-003
  -2.07875613922       -1.12496656536       -43.2000000000        2.97324427460       2.920849490868E-003 -2.280108086492E-003
  -2.59844517402       -1.40620820670       -43.2000000000        3.22185532507       0.109514738241      -3.409423525967E-003
  -3.11813420882       -1.68744984804       -43.2000000000        3.11178827553       0.185349001617      -1.296608068674E-003
  -3.63782324363       -1.96869148938       -43.2000000000        3.04819542617       0.394845177934       5.950654876115E-003
  -4.15751227843       -2.24993313072       -43.2000000000        2.90816990993       0.647060880576      -2.335013897604E-003
  -4.67720131323       -2.53117477206       -43.2000000000        2.74718563778       0.701742804222       8.807590926020E-003
  -5.19689034804       -2.81241641340       -43.2000000000        2.49441469827       0.906753661299       2.415537360263E-003
  -5.71657938284       -3.09365805474       -43.2000000000        1.99754882263        1.24180762698       5.768862289089E-002
   0.00000000000        0.00000000000       -43.2000000000        2.96929439267       3.011986536635E-002 -5.612486489531E-005
 -0.400211837779      -0.434745947216       -43.2000000000        2.96779887039       2.046211550826E-002 -1.700804921601E-003
 -0.800423675558      -0.869491894432       -43.2000000000        2.96612367423       8.704616945825E-003 -3.118328089152E-003
  -1.20063551334       -1.30423784165       -43.2000000000        2.96861839617       3.676899339115E-003 -3.644766600048E-003
  -1.60084735112       -1.73898378886       -43.2000000000        2.97924173800       4.751851607680E-003 -2.536918830333E-003
  -2.00105918889       -2.17372973608       -43.2000000000        3.23691158623      -3.345148276605E-002  1.841293075391E-003
  -2.40127102667       -2.60847568330       -43.2000000000        3.47154183730       0.244202654376      -1.354544506584E-003
  -2.80148286445       -3.04322163051       -43.2000000000        3.48904662449       0.416057725325      -3.273717479097E-003
  -3.20169470223       -3.47796757773       -43.2000000000        3.69236662633       0.829786628046      -4.167364833916E-003
  -3.60190654001       -3.91271352494       -43.2000000000        3.84716869634        1.49879691674      -8.194770082568E-003
  -4.00211837779       -4.34745947216       -43.2000000000        3.54663231237        2.16042034849      -4.481577616782E-002
  -4.40233021557       -4.78220541938       -43.2000000000        2.92685760167        2.25116877342      -2.256286809639E-002
   0.00000000000        0.00000000000       -43.2000000000        2.96929439267       3.011986536635E-002 -5.612486489531E-005
 -0.237365478204      -0.541138783933       -43.2000000000        2.96677268768       2.006905487360E-002 -2.251363912863E-003
 -0.474730956408       -1.08227756787       -43.2000000000        2.96406510365       3.770151681984E-003 -3.551212783384E-003
 -0.712096434612       -1.62341635180       -43.2000000000        2.96896533762       4.000695382442E-003 -3.952697332021E-003
 -0.949461912816       -2.16455513573       -43.2000000000        2.97359080880      -5.297834273799E-002 -5.855951526013E-003
  -1.18682739102       -2.70569391966       -43.2000000000        3.33002106712      -5.761594549902E-002 -5.058307672085E-003
  -1.42419286922       -3.24683270360       -43.2000000000        3.37477617968      -0.234101150001      -2.811553755380E-003
  -1.66155834743       -3.78797148753       -43.2000000000        3.74771617895      -0.516912975967      -6.553281219671E-004
  -1.89892382563       -4.32911027146       -43.2000000000        4.13086562917       -1.24874658622      -1.382647587970E-004
  -2.13628930384       -4.87024905539       -43.2000000000        4.56127547274       -3.24666219040      -3.250498102121E-003
  -2.37365478204       -5.41138783933       -43.2000000000       0.634711148855       -4.30481684129      -4.361160073296E-003
  -2.61102026024       -5.95252662326       -43.2000000000       -3.69279160243      -0.969287195124      -2.550938674245E-003
   0.00000000000        0.00000000000       -43.2000000000        2.96929439267       3.011986536635E-002 -5.612486489531E-005
 -4.879688596092E-002 -0.588890836777       -43.2000000000        2.96597458834       2.023713279450E-002 -2.506911665742E-003
 -9.759377192185E-002  -1.17778167355       -43.2000000000        2.96270438951       2.988518942518E-003 -3.733024189285E-003
 -0.146390657883       -1.76667251033       -43.2000000000        2.96453291673      -1.520056530326E-002 -5.214731872316E-003
 -0.195187543844       -2.35556334711       -43.2000000000        2.93760106560       5.844367263351E-002 -2.734477413121E-003
 -0.243984429805       -2.94445418388       -43.2000000000        3.33961522371      -5.376563764613E-002 -6.636864591425E-003
 -0.292781315766       -3.53334502066       -43.2000000000        3.06057170912      -0.303563287203      -2.779001598239E-003
 -0.341578201726       -4.12223585744       -43.2000000000        2.88978504589      -0.545566654875      -5.032233662635E-003
 -0.390375087687       -4.71112669421       -43.2000000000        2.61375592168      -0.384257630033      -7.627848406993E-003
 -0.439171973648       -5.30001753099       -43.2000000000        1.90716698553      -0.458644639360      -1.206509647264E-002
 -0.487968859609       -5.88890836777       -43.2000000000        1.23073641843      -0.520194439597      -1.864588906836E-002
 -0.536765745570       -6.47779920454       -43.2000000000       0.705882108902      -0.650531356914      -1.682562808873E-002
   0.00000000000        0.00000000000       -43.2000000000        2.96929439267       3.011986536635E-002 -5.612486489531E-005
  0.145059606038      -0.572827429873       -43.2000000000        2.96551488867       2.122662177977E-002 -2.469883075984E-003
  0.290119212075       -1.14565485975       -43.2000000000        2.96162346971       4.377012451625E-003 -3.664926848368E-003
  0.435178818113       -1.71848228962       -43.2000000000        2.96103354938      -1.088804107818E-002 -5.052292715705E-003
  0.580238424151       -2.29130971949       -43.2000000000        2.93399283592       9.212658841882E-002 -4.145230039321E-004
  0.725298030189       -2.86413714937       -43.2000000000        3.39167510040       0.171144043080       2.140297046786E-003
  0.870357636226       -3.43696457924       -43.2000000000        3.19458062286       0.303106690836      -4.936854604144E-003
   1.01541724226       -4.00979200911       -43.2000000000        3.16706049170       0.563758756723      -4.910407631139E-003
   1.16047684830       -4.58261943899       -43.2000000000        2.84567728716        1.06659300009      -6.323331967667E-003
   1.30553645434       -5.15544686886       -43.2000000000        2.17196598938        1.61330857308      -8.083115204629E-003
   1.45059606038       -5.72827429873       -43.2000000000        1.12198465103        1.75274406704      -1.149691955735E-002
   1.59565566642       -6.30110172861       -43.2000000000       9.687877784095E-002   1.31763932709      -3.072086681565E-002
   0.00000000000        0.00000000000       -43.2000000000        2.96929439267       3.011986536635E-002 -5.612486489531E-005
  0.323196638891      -0.494689282610       -43.2000000000        2.96556659906       2.437000421590E-002 -2.300042636472E-003
  0.646393277781      -0.989378565219       -43.2000000000        2.96093947869       7.785167392898E-003 -3.354300164160E-003
  0.969589916672       -1.48406784783       -43.2000000000        2.95876604830       1.704989397569E-004 -4.318020583456E-003
   1.29278655556       -1.97875713044       -43.2000000000        2.97100979431      -1.259127823978E-002 -1.796140690998E-003
   1.61598319445       -2.47344641305       -43.2000000000        3.34217572475      -1.998510799733E-003 -6.501473200593E-003
   1.93917983334       -2.96813569566       -43.2000000000        3.48793024649       3.136260115160E-003 -5.634114922528E-003
   2.26237647223       -3.46282497827       -43.2000000000        3.96499672396       7.561454011671E-002 -2.732319310967E-003
   2.58557311112       -3.95751426088       -43.2000000000        4.70246583787      -0.137059809340       6.483592345152E-003
   2.90876975001       -4.45220354349       -43.2000000000        5.92256783349      -0.967257247939       2.409429939995E-003
   3.23196638891       -4.94689282610       -43.2000000000        5.57099709418       -4.57321524510       1.360819845547E-003
   3.55516302780       -5.44158210871       -43.2000000000        1.72223275226       -4.23504125668       7.890328890650E-003
   0.00000000000        0.00000000000       -43.2000000000        2.96929439267       3.011986536635E-002 -5.612486489531E-005
  0.466310301007      -0.362943875680       -43.2000000000        2.96601957243       2.810490488606E-002 -1.883623723286E-003
  0.932620602014      -0.725887751361       -43.2000000000        2.96201403692       1.755048125490E-002 -2.787298754385E-003
   1.39893090302       -1.08883162704       -43.2000000000        2.96285498118       5.541304810617E-003 -2.377652399130E-003
   1.86524120403       -1.45177550272       -43.2000000000        2.97633583966      -1.702086044600E-002  6.327528592334E-004
   2.33155150503       -1.81471937840       -43.2000000000        3.28113739720      -8.343411296818E-002 -6.017814689314E-003
   2.79786180604       -2.17766325408       -43.2000000000        3.35761330132      -0.420553672826       8.271399655190E-004
   3.26417210705       -2.54060712976       -43.2000000000        3.22005912400      -0.552072425453       3.810170174067E-003
   3.73048240806       -2.90355100544       -43.2000000000        3.12160762773      -0.790373226238       1.646570590134E-002
   4.19679270906       -3.26649488112       -43.2000000000        3.09281477991       -1.09299855007       5.932684111213E-003
   4.66310301007       -3.62943875680       -43.2000000000        2.95194892238       -1.56904329116       3.274111106111E-002
   5.12941331108       -3.99238263248       -43.2000000000        2.42942198230       -1.59051206992       3.512982783468E-002
   0.00000000000        0.00000000000       -43.2000000000        2.96929439267       3.011986536635E-002 -5.612486489531E-005
  0.558892006459      -0.191867868166       -43.2000000000        2.96677238099       3.141490778330E-002 -1.199578305701E-003
   1.11778401292      -0.383735736333       -43.2000000000        2.96401985220       3.001602482366E-002 -2.051595106069E-003
   1.67667601938      -0.575603604499       -43.2000000000        2.96897968774       1.910474685790E-002 -2.590527280150E-004
   2.23556802584      -0.767471472666       -43.2000000000        2.96950021465       3.860845662546E-003 -5.580450068858E-004
   2.79446003230      -0.959339340832       -43.2000000000        3.06419955539      -9.423906142752E-002 -4.669337930906E-003
   3.35335203876       -1.15120720900       -43.2000000000        2.96375504239      -0.237231693537      -2.048049583777E-003
   3.91224404522       -1.34307507716       -43.2000000000        2.78984825871      -0.279414893746      -2.274773281794E-003
   4.47113605168       -1.53494294533       -43.2000000000        2.70202587624      -0.317368834639       1.029425000957E-003
   5.03002805814       -1.72681081350       -43.2000000000        2.49686368232      -0.314957714805       2.018221358423E-002
   5.58892006459       -1.91867868166       -43.2000000000        2.30206905295      -0.328008433244       3.270489260044E-002
   6.14781207105       -2.11054654983       -43.2000000000        2.07138736392      -0.327289875433       2.895769252280E-002
   0.00000000000        0.00000000000       -43.2000000000        2.96929439267       3.011986536635E-002 -5.612486489531E-005
  0.590909090909        0.00000000000       -43.2000000000        2.96779848864       3.458457274001E-002 -3.916219652976E-004
   1.18181818182      -1.172487511250E-015  -43.2000000000        2.96630258462       3.904928011367E-002 -7.271190657000E-004
   1.77272727273        0.00000000000       -43.2000000000        2.97623771076       3.815913825427E-002  1.530933676016E-003
   2.36363636364        0.00000000000       -43.2000000000        2.97118442951       2.873521796015E-002  2.663674712652E-004
   2.95454545455        0.00000000000       -43.2000000000        3.01642145595      -1.199974037979E-002 -1.243724087166E-003
   3.54545454545        0.00000000000       -43.2000000000        2.88453273013       1.650375455874E-002 -6.724498349946E-004
   4.13636363636        0.00000000000       -43.2000000000        2.74395146432       4.191678578634E-002 -3.740989868721E-003
   4.72727272727        0.00000000000       -43.2000000000        2.61430090645       3.325272627343E-002 -3.516416986459E-003
   5.31818181818        0.00000000000       -43.2000000000        2.48465034858       2.458866676052E-002 -3.291844104197E-003
   5.90909090909        0.00000000000       -43.2000000000        2.35499979072       1.592460724762E-002 -3.067271221935E-003
   6.50000000000        0.00000000000       -43.2000000000        2.22534923285       7.260547734712E-003 -2.842698339673E-003
