 12 20 1 1
 1 X [LENGU]
 2 Y [LENGU]
 3 Z [LENGU]
 4 Hx [FIELU]
 5 Hy [FIELU]
 6 Hz [FIELU]
 0
   0.00000000000        0.00000000000        36.7200000000       2.775351562328E-002 -2.439165667578E-003  6.531201008848E-004
  0.590909090909        0.00000000000        36.7200000000       2.769850998997E-002 -2.393177612581E-003  6.709819531739E-004
   1.18181818182        0.00000000000        36.7200000000       2.761494206413E-002 -2.256622725700E-003  6.646282187742E-004
   1.77272727273        0.00000000000        36.7200000000       2.687549907323E-002 -2.032241611921E-003  6.763400500813E-004
   2.36363636364        0.00000000000        36.7200000000       2.649987221496E-002 -1.649451716864E-003  8.772638002976E-004
   2.95454545455        0.00000000000        36.7200000000       3.368222421818E-002 -2.721950070149E-003  1.090793918766E-003
   3.54545454545        0.00000000000        36.7200000000       3.486874087739E-002 -2.875736881252E-003  1.179382020938E-003
   4.13636363636        0.00000000000        36.7200000000       3.600561549069E-002 -2.925301945012E-003  1.311539088287E-003
   4.72727272727        0.00000000000        36.7200000000       3.704126670899E-002 -2.938834393204E-003  1.402621431676E-003
   5.31818181818        0.00000000000        36.7200000000       3.732927005249E-002 -2.998142685057E-003  1.368438644571E-003
   5.90909090909        0.00000000000        36.7200000000       3.746517205826E-002 -3.152789233477E-003  1.335529903083E-003
   6.50000000000        0.00000000000        36.7200000000       3.760909830518E-002 -3.297788819255E-003  1.289648214547E-003
   0.00000000000        0.00000000000        36.7200000000       2.775351562328E-002 -2.439165667578E-003  6.531201008848E-004
  0.558892006459       0.191867868166        36.7200000000       2.770575215353E-002 -2.400454795830E-003  6.753192635552E-004
   1.11778401292       0.383735736333        36.7200000000       2.763136733657E-002 -2.277331544548E-003  6.749484052621E-004
   1.67667601938       0.575603604499        36.7200000000       2.720498578128E-002 -2.101761237561E-003  6.811426192365E-004
   2.23556802584       0.767471472666        36.7200000000       2.747224649396E-002 -1.554425428954E-003  9.525387126472E-004
   2.79446003230       0.959339340832        36.7200000000       3.265849516904E-002 -1.942142317795E-003  1.297695803362E-003
   3.35335203876        1.15120720900        36.7200000000       3.331162587037E-002 -1.905026434483E-003  1.277060488508E-003
   3.91224404522        1.34307507716        36.7200000000       3.349246561946E-002 -2.848184949609E-003  1.137484302103E-003
   4.47113605168        1.53494294533        36.7200000000       3.390013694829E-002 -3.354700424031E-003  1.039221876185E-003
   5.03002805814        1.72681081350        36.7200000000       3.360859756872E-002 -5.047287791340E-003  1.102211646906E-003
   5.58892006459        1.91867868166        36.7200000000       3.426825139145E-002 -7.070557555731E-003  1.108975710333E-003
   6.14781207105        2.11054654983        36.7200000000       3.218791133164E-002 -8.524068891854E-003  1.093407861456E-003
   0.00000000000        0.00000000000        36.7200000000       2.775351562328E-002 -2.439165667578E-003  6.531201008848E-004
  0.466310301007       0.362943875680        36.7200000000       2.771774716851E-002 -2.410585436364E-003  6.768922714982E-004
  0.932620602014       0.725887751361        36.7200000000       2.766412443879E-002 -2.325391923265E-003  6.855272908310E-004
   1.39893090302        1.08883162704        36.7200000000       2.760514770028E-002 -2.223221635168E-003  6.896230924597E-004
   1.86524120403        1.45177550272        36.7200000000       2.755045498337E-002 -1.956860071396E-003  7.914601574413E-004
   2.33155150503        1.81471937840        36.7200000000       3.139695238624E-002 -1.548195469877E-003  1.045455670250E-003
   2.79786180604        2.17766325408        36.7200000000       3.189632865137E-002 -1.658548415337E-003  9.284432059216E-004
   3.26417210705        2.54060712976        36.7200000000       3.174038282295E-002 -2.001175874315E-003  7.175037753720E-004
   3.73048240806        2.90355100544        36.7200000000       3.131552444076E-002 -2.447036160680E-003  6.781989896101E-004
   4.19679270906        3.26649488112        36.7200000000       3.071494570582E-002 -3.008025096811E-003  7.401133149629E-004
   4.66310301007        3.62943875680        36.7200000000       3.033189126761E-002 -3.200663429408E-003  8.027362226776E-004
   5.12941331108        3.99238263248        36.7200000000       3.006050762500E-002 -3.192098179248E-003  8.100668969758E-004
   0.00000000000        0.00000000000        36.7200000000       2.775351562328E-002 -2.439165667578E-003  6.531201008848E-004
  0.323196638891       0.494689282610        36.7200000000       2.773361825057E-002 -2.423813188418E-003  6.758891958919E-004
  0.646393277781       0.989378565219        36.7200000000       2.770966363048E-002 -2.395595774084E-003  6.952184890811E-004
  0.969589916672        1.48406784783        36.7200000000       2.767345648782E-002 -2.328527411396E-003  7.041598898349E-004
   1.29278655556        1.97875713044        36.7200000000       2.761186450959E-002 -2.235775582656E-003  7.266417832699E-004
   1.61598319445        2.47344641305        36.7200000000       2.949162918243E-002 -1.811162769501E-003  8.388580055873E-004
   1.93917983334        2.96813569566        36.7200000000       3.013019787917E-002 -1.031633140331E-003  7.490708588065E-004
   2.26237647223        3.46282497827        36.7200000000       3.029788197336E-002 -1.079692799083E-003  4.161099659467E-004
   2.58557311112        3.95751426088        36.7200000000       2.997160873781E-002 -1.279342682209E-003  4.082401609275E-004
   2.90876975001        4.45220354349        36.7200000000       2.952752431882E-002 -2.009821931326E-003  2.774334822607E-004
   3.23196638891        4.94689282610        36.7200000000       2.918981000177E-002 -2.482138733403E-003  1.957174087577E-004
   3.55516302780        5.44158210871        36.7200000000       2.900024179372E-002 -2.907718933252E-003  1.877972799267E-004
   0.00000000000        0.00000000000        36.7200000000       2.775351562328E-002 -2.439165667578E-003  6.531201008848E-004
  0.145059606038       0.572827429873        36.7200000000       2.775164552171E-002 -2.438704619807E-003  6.724187355428E-004
  0.290119212075        1.14565485975        36.7200000000       2.774977542013E-002 -2.438243572037E-003  6.917173702007E-004
  0.435178818113        1.71848228962        36.7200000000       2.774790531856E-002 -2.437782524267E-003  7.110160048587E-004
  0.580238424151        2.29130971949        36.7200000000       2.774176128668E-002 -2.419634830381E-003  7.526353893779E-004
  0.725298030189        2.86413714937        36.7200000000       2.810853783688E-002 -2.336993977609E-003  6.210164832907E-004
  0.870357636226        3.43696457924        36.7200000000       2.875927119552E-002 -1.815952772415E-003  5.431362685196E-004
   1.01541724226        4.00979200911        36.7200000000       2.915457448427E-002 -1.894374671576E-003  3.568536656862E-004
   1.16047684830        4.58261943899        36.7200000000       2.979981046434E-002 -1.140195342117E-003  8.478718522512E-005
   1.30553645434        5.15544686886        36.7200000000       3.006110564223E-002 -2.706105239210E-004 -6.887753310272E-004
   1.45059606038        5.72827429873        36.7200000000       2.974309407141E-002  5.908226119868E-004 -3.213726031729E-003
   1.59565566642        6.30110172861        36.7200000000       2.766453812857E-002 -2.582657205368E-004 -6.990324027442E-003
   0.00000000000        0.00000000000        36.7200000000       2.775351562328E-002 -2.439165667578E-003  6.531201008848E-004
 -4.879688596092E-002  0.588890836777        36.7200000000       2.776987544736E-002 -2.453646012877E-003  6.668569686792E-004
 -9.759377192185E-002   1.17778167355        36.7200000000       2.778623527144E-002 -2.468126358175E-003  6.805938364737E-004
 -0.146390657883        1.76667251033        36.7200000000       2.780259509553E-002 -2.482606703474E-003  6.943307042681E-004
 -0.195187543844        2.35556334711        36.7200000000       2.778807823480E-002 -2.449041081314E-003  7.333022065093E-004
 -0.243984429805        2.94445418388        36.7200000000       2.816486359854E-002 -2.628517078466E-003  4.049553161005E-004
 -0.292781315766        3.53334502066        36.7200000000       2.872182282746E-002 -2.105121512539E-003  6.786416114557E-006
 -0.341578201726        4.12223585744        36.7200000000       2.896376324020E-002 -2.776328768229E-003  1.071381659408E-004
 -0.390375087687        4.71112669421        36.7200000000       2.969838951679E-002 -3.218378310119E-003  2.930279370321E-004
 -0.439171973648        5.30001753099        36.7200000000       3.022224419172E-002 -2.800913081449E-003  9.122209730198E-004
 -0.487968859609        5.88890836777        36.7200000000       3.133598552842E-002 -3.415818535772E-003  2.190691400743E-003
 -0.536765745570        6.47779920454        36.7200000000       3.851016920186E-002 -5.118642976107E-003  1.399663619040E-002
   0.00000000000        0.00000000000        36.7200000000       2.775351562328E-002 -2.439165667578E-003  6.531201008848E-004
 -0.237365478204       0.541138783933        36.7200000000       2.779334704458E-002 -2.461096204149E-003  6.566759699275E-004
 -0.474730956408        1.08227756787        36.7200000000       2.786730689026E-002 -2.454213674193E-003  6.450000689435E-004
 -0.712096434612        1.62341635180        36.7200000000       2.794126673594E-002 -2.447331144237E-003  6.333241679595E-004
 -0.949461912816        2.16455513573        36.7200000000       2.801240987366E-002 -2.405940663761E-003  6.550779935221E-004
  -1.18682739102        2.70569391966        36.7200000000       2.863982622844E-002 -2.640091595830E-003  1.068711987395E-004
  -1.42419286922        3.24683270360        36.7200000000       2.911878578651E-002 -2.842253542148E-003 -3.246958149904E-004
  -1.66155834743        3.78797148753        36.7200000000       2.972775179583E-002 -2.966755293277E-003 -4.111309662995E-005
  -1.89892382563        4.32911027146        36.7200000000       2.970167922976E-002 -3.332993206154E-003 -1.156320945552E-004
  -2.13628930384        4.87024905539        36.7200000000       2.866671666883E-002 -2.651513006923E-003  8.952468736545E-004
  -2.37365478204        5.41138783933        36.7200000000       2.791793222976E-002 -1.779735444116E-003  1.668435130277E-003
  -2.61102026024        5.95252662326        36.7200000000       2.644929009499E-002 -3.577187610624E-004  2.507076767728E-003
   0.00000000000        0.00000000000        36.7200000000       2.775351562328E-002 -2.439165667578E-003  6.531201008848E-004
 -0.400211837779       0.434745947216        36.7200000000       2.790493448070E-002 -2.388133613198E-003  6.048564620089E-004
 -0.800423675558       0.869491894432        36.7200000000       2.809048176250E-002 -2.308288492290E-003  5.413610531063E-004
  -1.20063551334        1.30423784165        36.7200000000       2.827602904430E-002 -2.228443371382E-003  4.778656442036E-004
  -1.60084735112        1.73898378886        36.7200000000       2.846183972419E-002 -2.122996217746E-003  4.490748573694E-004
  -2.00105918889        2.17372973608        36.7200000000       2.993324369235E-002 -2.066989154005E-003 -1.849393419355E-004
  -2.40127102667        2.60847568330        36.7200000000       3.162143482502E-002 -2.312628306590E-003 -2.915036005171E-004
  -2.80148286445        3.04322163051        36.7200000000       3.154410186020E-002 -2.461416589009E-003 -3.319978170538E-004
  -3.20169470223        3.47796757773        36.7200000000       3.146508685580E-002 -1.936677200835E-003 -2.799202156887E-004
  -3.60190654001        3.91271352494        36.7200000000       3.073272649962E-002 -1.074932545681E-003 -1.300916354226E-004
  -4.00211837779        4.34745947216        36.7200000000       3.089119007205E-002 -7.464528959461E-004 -1.479495773893E-004
  -4.40233021557        4.78220541938        36.7200000000       3.096098547998E-002 -5.168083799828E-004 -1.676195029425E-004
   0.00000000000        0.00000000000        36.7200000000       2.775351562328E-002 -2.439165667578E-003  6.531201008848E-004
 -0.519689034804       0.281241641340        36.7200000000       2.799641498978E-002 -2.323823480021E-003  5.599176668777E-004
  -1.03937806961       0.562483282680        36.7200000000       2.827344278065E-002 -2.179668225937E-003  4.514834628438E-004
  -1.55906710441       0.843724924020        36.7200000000       2.855129827170E-002 -2.040527648465E-003  3.683509280050E-004
  -2.07875613922        1.12496656536        36.7200000000       2.882975427958E-002 -1.875892096576E-003  3.321248974449E-004
  -2.59844517402        1.40620820670        36.7200000000       3.226491892829E-002 -2.222119873134E-003 -3.227774869616E-004
  -3.11813420882        1.68744984804        36.7200000000       3.293389459054E-002 -1.856607376908E-003 -3.206678997986E-004
  -3.63782324363        1.96869148938        36.7200000000       3.302129439425E-002 -1.679048783469E-003 -3.343499211993E-004
  -4.15751227843        2.24993313072        36.7200000000       3.332103324784E-002 -1.298609330863E-003 -3.694806415816E-004
  -4.67720131323        2.53117477206        36.7200000000       3.265060794359E-002 -3.205538674767E-004 -3.057832707174E-004
  -5.19689034804        2.81241641340        36.7200000000       3.166682341960E-002  3.588060024864E-004 -1.964207452455E-004
  -5.71657938284        3.09365805474        36.7200000000       3.111244821668E-002 -9.377878833707E-005 -2.778997693489E-004
   0.00000000000        0.00000000000        36.7200000000       2.775351562328E-002 -2.439165667578E-003  6.531201008848E-004
 -0.582849861102       9.726043971134E-002   36.7200000000       2.805787523918E-002 -2.275134805424E-003  5.267294002835E-004
  -1.16569972220       0.194520879423        36.7200000000       2.839717235804E-002 -2.087192733198E-003  4.098393620930E-004
  -1.74854958330       0.291781319134        36.7200000000       2.873739933105E-002 -1.904884244336E-003  3.213737017158E-004
  -2.33139944441       0.389041758845        36.7200000000       2.904147637084E-002 -1.752365514760E-003  2.797857475597E-004
  -2.91424930551       0.486302198557        36.7200000000       3.290138807120E-002 -2.079719314078E-003 -3.744863806796E-004
  -3.49709916661       0.583562638268        36.7200000000       3.350242197568E-002 -2.103388907855E-003 -4.348887757211E-004
  -4.07994902771       0.680823077979        36.7200000000       3.421080054653E-002 -2.050124776674E-003 -5.309802975307E-004
  -4.66279888881       0.778083517691        36.7200000000       3.639728972774E-002 -1.756122554406E-003 -6.215089645562E-004
  -5.24564874991       0.875343957402        36.7200000000       3.733711494107E-002 -6.177869703595E-004 -5.342054589088E-004
  -5.82849861102       0.972604397113        36.7200000000       3.655816117006E-002 -5.732780737388E-004 -3.874575150255E-004
  -6.41134847212        1.06986483682        36.7200000000       3.623531390631E-002  6.082353960876E-004 -5.323384183410E-004
   0.00000000000        0.00000000000        36.7200000000       2.775351562328E-002 -2.439165667578E-003  6.531201008848E-004
 -0.582849861102      -9.726043971134E-002   36.7200000000       2.808265505724E-002 -2.247343762781E-003  5.088881258810E-004
  -1.16569972220      -0.194520879423        36.7200000000       2.844750198756E-002 -2.036275704264E-003  3.976944652096E-004
  -1.74854958330      -0.291781319134        36.7200000000       2.874153518060E-002 -1.919735166097E-003  3.518821418160E-004
  -2.33139944441      -0.389041758845        36.7200000000       2.891540528800E-002 -1.940942356745E-003  4.095661666486E-004
  -2.91424930551      -0.486302198557        36.7200000000       3.329375034555E-002 -1.959579452741E-003 -3.895375094328E-004
  -3.49709916661      -0.583562638268        36.7200000000       3.361197007708E-002 -2.413031969303E-003 -4.907872350523E-004
  -4.07994902771      -0.680823077979        36.7200000000       3.452430590368E-002 -2.508533877675E-003 -5.512214382987E-004
  -4.66279888881      -0.778083517691        36.7200000000       3.562003449923E-002 -2.786329151240E-003 -6.465608559047E-004
  -5.24564874991      -0.875343957402        36.7200000000       3.784581203874E-002 -4.365707153210E-003 -3.112517803106E-004
  -5.82849861102      -0.972604397113        36.7200000000       3.712892881316E-002 -4.488762117472E-003 -3.279649806910E-004
  -6.41134847212       -1.06986483682        36.7200000000       3.586833750589E-002 -4.651215578876E-003 -5.715438402915E-004
   0.00000000000        0.00000000000        36.7200000000       2.775351562328E-002 -2.439165667578E-003  6.531201008848E-004
 -0.519689034804      -0.281241641340        36.7200000000       2.806806916617E-002 -2.243461942785E-003  5.083272225874E-004
  -1.03937806961      -0.562483282680        36.7200000000       2.841863987739E-002 -2.030388232626E-003  4.060389103271E-004
  -1.55906710441      -0.843724924020        36.7200000000       2.859214776316E-002 -2.046537285473E-003  4.368431420441E-004
  -2.07875613922       -1.12496656536        36.7200000000       2.866323799537E-002 -2.409366176793E-003  5.660509977156E-004
  -2.59844517402       -1.40620820670        36.7200000000       3.215021356702E-002 -1.888293003350E-003 -2.235700206630E-004
  -3.11813420882       -1.68744984804        36.7200000000       3.236201148399E-002 -2.351176295159E-003 -2.512975449077E-004
  -3.63782324363       -1.96869148938        36.7200000000       3.236369090094E-002 -2.715828715458E-003 -2.319147964822E-004
  -4.15751227843       -2.24993313072        36.7200000000       3.228073910230E-002 -3.040035243887E-003 -2.463954601941E-004
  -4.67720131323       -2.53117477206        36.7200000000       3.211356122583E-002 -3.351291092543E-003 -3.000219921900E-004
  -5.19689034804       -2.81241641340        36.7200000000       3.141292275668E-002 -4.113034674463E-003 -4.178467023622E-004
  -5.71657938284       -3.09365805474        36.7200000000       3.069522768718E-002 -4.669766619937E-003 -6.111739531869E-005
   0.00000000000        0.00000000000        36.7200000000       2.775351562328E-002 -2.439165667578E-003  6.531201008848E-004
 -0.400211837779      -0.434745947216        36.7200000000       2.801569817358E-002 -2.263910000866E-003  5.251074729781E-004
 -0.800423675558      -0.869491894432        36.7200000000       2.831371368502E-002 -2.070168317190E-003  4.339684473395E-004
  -1.20063551334       -1.30423784165        36.7200000000       2.840398878069E-002 -2.145544095178E-003  4.997479160154E-004
  -1.60084735112       -1.73898378886        36.7200000000       2.834536121522E-002 -2.920737017764E-003  6.862330842626E-004
  -2.00105918889       -2.17372973608        36.7200000000       3.093096250160E-002 -1.543788838661E-003 -3.811958482099E-005
  -2.40127102667       -2.60847568330        36.7200000000       3.097491911595E-002 -1.752186132281E-003 -1.989851198243E-005
  -2.80148286445       -3.04322163051        36.7200000000       3.099545324035E-002 -1.959516705716E-003 -3.403618659224E-005
  -3.20169470223       -3.47796757773        36.7200000000       3.102695133707E-002 -2.172717371426E-003 -4.968753907936E-005
  -3.60190654001       -3.91271352494        36.7200000000       3.095612776497E-002 -2.436689236587E-003 -5.347783698604E-005
  -4.00211837779       -4.34745947216        36.7200000000       3.074764965184E-002 -2.852632619487E-003 -6.928823567155E-005
  -4.40233021557       -4.78220541938        36.7200000000       3.067948917203E-002 -3.054357604608E-003 -8.275709105019E-005
   0.00000000000        0.00000000000        36.7200000000       2.775351562328E-002 -2.439165667578E-003  6.531201008848E-004
 -0.237365478204      -0.541138783933        36.7200000000       2.793121728915E-002 -2.306472072646E-003  5.574104765506E-004
 -0.474730956408       -1.08227756787        36.7200000000       2.814409379148E-002 -2.151305168541E-003  4.784564775402E-004
 -0.712096434612       -1.62341635180        36.7200000000       2.819496263518E-002 -2.220081945413E-003  5.358587127055E-004
 -0.949461912816       -2.16455513573        36.7200000000       2.801561451257E-002 -3.882608827624E-003  9.206198371162E-004
  -1.18682739102       -2.70569391966        36.7200000000       3.006572270490E-002 -1.580547650960E-003  1.684050367576E-004
  -1.42419286922       -3.24683270360        36.7200000000       2.979686409391E-002 -1.550252231838E-003  2.004714007982E-004
  -1.66155834743       -3.78797148753        36.7200000000       2.983916403357E-002 -1.451593432789E-003  3.461843388031E-004
  -1.89892382563       -4.32911027146        36.7200000000       2.983705040641E-002 -1.175057393017E-003  5.968060979832E-004
  -2.13628930384       -4.87024905539        36.7200000000       2.953314659802E-002 -1.186758352166E-003  1.019346595625E-003
  -2.37365478204       -5.41138783933        36.7200000000       2.861271830775E-002 -1.628160322540E-003  1.473555499040E-003
  -2.61102026024       -5.95252662326        36.7200000000       2.739868489424E-002 -2.339813573211E-003  2.089582641526E-003
   0.00000000000        0.00000000000        36.7200000000       2.775351562328E-002 -2.439165667578E-003  6.531201008848E-004
 -4.879688596092E-002 -0.588890836777        36.7200000000       2.782378132756E-002 -2.366535897229E-003  6.017357016353E-004
 -9.759377192185E-002  -1.17778167355        36.7200000000       2.792817545622E-002 -2.265093060354E-003  5.351195323590E-004
 -0.146390657883       -1.76667251033        36.7200000000       2.799490783569E-002 -2.221430787744E-003  5.352507823479E-004
 -0.195187543844       -2.35556334711        36.7200000000       2.779850108227E-002 -3.538400387404E-003  8.603890448966E-004
 -0.243984429805       -2.94445418388        36.7200000000       2.898586187016E-002 -2.070267179183E-003  3.595491410114E-004
 -0.292781315766       -3.53334502066        36.7200000000       2.919054301662E-002 -1.803821541967E-003  4.525220319036E-004
 -0.341578201726       -4.12223585744        36.7200000000       2.967947801099E-002 -1.551783545511E-003  6.731111674917E-004
 -0.390375087687       -4.71112669421        36.7200000000       3.017237547812E-002 -1.299946390255E-003  8.954792619076E-004
 -0.439171973648       -5.30001753099        36.7200000000       3.089776263746E-002 -1.152082021219E-003  9.774186926970E-004
 -0.487968859609       -5.88890836777        36.7200000000       3.155347739028E-002 -1.114729917762E-003  2.434259969053E-003
 -0.536765745570       -6.47779920454        36.7200000000       3.168154253699E-002 -1.916120947126E-003  2.512625548580E-003
   0.00000000000        0.00000000000        36.7200000000       2.775351562328E-002 -2.439165667578E-003  6.531201008848E-004
  0.145059606038      -0.572827429873        36.7200000000       2.772858726647E-002 -2.417706536212E-003  6.427672180822E-004
  0.290119212075       -1.14565485975        36.7200000000       2.770365890966E-002 -2.396247404846E-003  6.324143352795E-004
  0.435178818113       -1.71848228962        36.7200000000       2.767873055285E-002 -2.374788273480E-003  6.220614524769E-004
  0.580238424151       -2.29130971949        36.7200000000       2.766196897243E-002 -2.346434306628E-003  6.080636765350E-004
  0.725298030189       -2.86413714937        36.7200000000       2.871726851297E-002 -3.197912758406E-003  6.534645995932E-004
  0.870357636226       -3.43696457924        36.7200000000       2.880091111551E-002 -2.785673297592E-003  6.760107925981E-004
   1.01541724226       -4.00979200911        36.7200000000       2.921855116672E-002 -2.856542288657E-003  1.695913388744E-004
   1.16047684830       -4.58261943899        36.7200000000       2.969764077357E-002 -3.113441455624E-003 -3.535769814785E-004
   1.30553645434       -5.15544686886        36.7200000000       2.991734796089E-002 -4.106254894432E-003 -1.259392171213E-003
   1.45059606038       -5.72827429873        36.7200000000       2.867613999706E-002 -4.088067830898E-003 -4.764270650301E-003
   1.59565566642       -6.30110172861        36.7200000000       2.706502005068E-002 -2.163705573901E-003 -1.169408917100E-002
   0.00000000000        0.00000000000        36.7200000000       2.775351562328E-002 -2.439165667578E-003  6.531201008848E-004
  0.323196638891      -0.494689282610        36.7200000000       2.771370532192E-002 -2.405679407862E-003  6.502823776149E-004
  0.646393277781      -0.989378565219        36.7200000000       2.767166290867E-002 -2.365115449391E-003  6.455522327576E-004
  0.969589916672       -1.48406784783        36.7200000000       2.748479516853E-002 -2.264289667754E-003  6.324314853283E-004
   1.29278655556       -1.97875713044        36.7200000000       2.687945730455E-002 -2.098256084461E-003  6.608698295450E-004
   1.61598319445       -2.47344641305        36.7200000000       3.001564619611E-002 -4.170638660259E-003  6.947848570317E-004
   1.93917983334       -2.96813569566        36.7200000000       3.036813024267E-002 -4.014566915430E-003  6.380255108293E-004
   2.26237647223       -3.46282497827        36.7200000000       3.044335077077E-002 -3.646170785934E-003  6.436474962941E-004
   2.58557311112       -3.95751426088        36.7200000000       3.043056161510E-002 -2.922083226853E-003  8.373859397543E-004
   2.90876975001       -4.45220354349        36.7200000000       2.999809078441E-002 -1.832931258863E-003  7.723819262025E-004
   3.23196638891       -4.94689282610        36.7200000000       2.951012600736E-002 -8.512800836615E-004  4.702737640243E-004
   3.55516302780       -5.44158210871        36.7200000000       2.960196989236E-002  2.001054615886E-004  4.918872437730E-004
   0.00000000000        0.00000000000        36.7200000000       2.775351562328E-002 -2.439165667578E-003  6.531201008848E-004
  0.466310301007      -0.362943875680        36.7200000000       2.770313744125E-002 -2.397281035345E-003  6.581050484957E-004
  0.932620602014      -0.725887751361        36.7200000000       2.763624405056E-002 -2.303029103683E-003  6.490881275132E-004
   1.39893090302       -1.08883162704        36.7200000000       2.703251156742E-002 -2.115021245263E-003  6.461361279778E-004
   1.86524120403       -1.45177550272        36.7200000000       2.621893793338E-002 -1.915988365094E-003  7.331172377557E-004
   2.33155150503       -1.81471937840        36.7200000000       3.171688149397E-002 -4.292121582175E-003  6.556532475920E-004
   2.79786180604       -2.17766325408        36.7200000000       3.166115979367E-002 -3.868635235010E-003  7.316605741026E-004
   3.26417210705       -2.54060712976        36.7200000000       3.167890698519E-002 -3.246568763199E-003  8.947043750190E-004
   3.73048240806       -2.90355100544        36.7200000000       3.181980828652E-002 -2.628256862759E-003  1.030436990187E-003
   4.19679270906       -3.26649488112        36.7200000000       3.196070958785E-002 -2.009944962319E-003  1.166169605356E-003
   4.66310301007       -3.62943875680        36.7200000000       3.148224807295E-002 -1.232740977998E-003  1.161433890407E-003
   5.12941331108       -3.99238263248        36.7200000000       3.120559245766E-002 -1.038592017072E-003  1.207725300413E-003
   0.00000000000        0.00000000000        36.7200000000       2.775351562328E-002 -2.439165667578E-003  6.531201008848E-004
  0.558892006459      -0.191867868166        36.7200000000       2.769802881829E-002 -2.393421512637E-003  6.653875229535E-004
   1.11778401292      -0.383735736333        36.7200000000       2.761662855460E-002 -2.265509588574E-003  6.556850837074E-004
   1.67667601938      -0.575603604499        36.7200000000       2.682494626902E-002 -2.033687315098E-003  6.597808192892E-004
   2.23556802584      -0.767471472666        36.7200000000       2.583089491249E-002 -1.836608820893E-003  8.069468152141E-004
   2.79446003230      -0.959339340832        36.7200000000       3.350058276614E-002 -3.337267897574E-003  9.627457765700E-004
   3.35335203876       -1.15120720900        36.7200000000       3.424416991176E-002 -2.908459927174E-003  1.077927946843E-003
   3.91224404522       -1.34307507716        36.7200000000       3.459021947728E-002 -2.340969765559E-003  9.279387402806E-004
   4.47113605168       -1.53494294533        36.7200000000       3.488939544812E-002 -1.745170192287E-003  8.874416913163E-004
   5.03002805814       -1.72681081350        36.7200000000       3.501081355656E-002 -4.472192959787E-004  1.063370544705E-003
   5.58892006459       -1.91867868166        36.7200000000       3.481244258397E-002  1.410755186325E-003  1.318668347481E-003
   6.14781207105       -2.11054654983        36.7200000000       3.419710385753E-002  1.599596765145E-003  1.337762828281E-003
   0.00000000000        0.00000000000        36.7200000000       2.775351562328E-002 -2.439165667578E-003  6.531201008848E-004
  0.590909090909        0.00000000000        36.7200000000       2.769850998997E-002 -2.393177612581E-003  6.709819531739E-004
   1.18181818182      -1.172487511250E-015   36.7200000000       2.761494206413E-002 -2.256622725700E-003  6.646282187742E-004
   1.77272727273        0.00000000000        36.7200000000       2.687549907323E-002 -2.032241611921E-003  6.763400500813E-004
   2.36363636364        0.00000000000        36.7200000000       2.649987221496E-002 -1.649451716864E-003  8.772638002976E-004
   2.95454545455        0.00000000000        36.7200000000       3.368222421818E-002 -2.721950070149E-003  1.090793918766E-003
   3.54545454545        0.00000000000        36.7200000000       3.486874087739E-002 -2.875736881252E-003  1.179382020938E-003
   4.13636363636        0.00000000000        36.7200000000       3.600561549069E-002 -2.925301945012E-003  1.311539088287E-003
   4.72727272727        0.00000000000        36.7200000000       3.704126670899E-002 -2.938834393204E-003  1.402621431676E-003
   5.31818181818        0.00000000000        36.7200000000       3.732927005249E-002 -2.998142685057E-003  1.368438644571E-003
   5.90909090909        0.00000000000        36.7200000000       3.746517205826E-002 -3.152789233477E-003  1.335529903083E-003
   6.50000000000        0.00000000000        36.7200000000       3.760909830518E-002 -3.297788819255E-003  1.289648214547E-003
