 12 20 1 1
 1 X [LENGU]
 2 Y [LENGU]
 3 Z [LENGU]
 4 Hx [FIELU]
 5 Hy [FIELU]
 6 Hz [FIELU]
 0
   0.00000000000        0.00000000000       -2.16000000000       0.185822366467      -6.508842883668E-004  2.118849439845E-003
  0.590909090909        0.00000000000       -2.16000000000       0.186881962306      -1.003919966349E-003  2.322754333445E-003
   1.18181818182        0.00000000000       -2.16000000000       0.187386364835      -6.893061495369E-004  2.821918697249E-003
   1.77272727273        0.00000000000       -2.16000000000       0.185880306394      -4.442672390477E-004  2.765584754011E-003
   2.36363636364        0.00000000000       -2.16000000000       0.185388326035      -5.049504677775E-004  2.099266304908E-003
   2.95454545455        0.00000000000       -2.16000000000       0.162381330625       7.581041662180E-004  7.155256187305E-003
   3.54545454545        0.00000000000       -2.16000000000       0.155417077142      -2.130740248582E-003  8.220296586644E-003
   4.13636363636        0.00000000000       -2.16000000000       0.148570566006      -1.677519536873E-003  9.327266244411E-003
   4.72727272727        0.00000000000       -2.16000000000       0.141732523021       1.692520589580E-004  1.036421224588E-002
   5.31818181818        0.00000000000       -2.16000000000       0.136524450985       6.937439356280E-005  1.104710528783E-002
   5.90909090909        0.00000000000       -2.16000000000       0.133780789352       8.747509441084E-005  1.297836690541E-002
   6.50000000000        0.00000000000       -2.16000000000       0.129050602535       2.061601258409E-003  1.381270338238E-002
   0.00000000000        0.00000000000       -2.16000000000       0.185822366467      -6.508842883668E-004  2.118849439845E-003
  0.558892006459       0.191867868166       -2.16000000000       0.187524688747      -8.801934865600E-004  2.291058923324E-003
   1.11778401292       0.383735736333       -2.16000000000       0.187837663973      -4.856949954302E-004  2.526400442211E-003
   1.67667601938       0.575603604499       -2.16000000000       0.185933263667      -1.448404709934E-004  2.151612784348E-003
   2.23556802584       0.767471472666       -2.16000000000       0.184086692551       8.965907501404E-004  1.704006871415E-003
   2.79446003230       0.959339340832       -2.16000000000       0.167083536379       3.134010263433E-004  6.826882906523E-003
   3.35335203876        1.15120720900       -2.16000000000       0.157993188154       8.300333415445E-003  7.806920094725E-003
   3.91224404522        1.34307507716       -2.16000000000       0.153059557624       1.302460284997E-002  8.877072369823E-003
   4.47113605168        1.53494294533       -2.16000000000       0.147038531046       1.658442741536E-002  1.001080292124E-002
   5.03002805814        1.72681081350       -2.16000000000       0.139412997195       2.138631633795E-002  1.183585435212E-002
   5.58892006459        1.91867868166       -2.16000000000       0.130267543036       2.416150763726E-002  1.386971864726E-002
   6.14781207105        2.11054654983       -2.16000000000       0.121759334438       2.289305371388E-002  1.676931435839E-002
   0.00000000000        0.00000000000       -2.16000000000       0.185822366467      -6.508842883668E-004  2.118849439845E-003
  0.466310301007       0.362943875680       -2.16000000000       0.187904473211      -7.117343885151E-004  2.315174407565E-003
  0.932620602014       0.725887751361       -2.16000000000       0.188111037269      -1.976106592062E-004  2.274854729029E-003
   1.39893090302        1.08883162704       -2.16000000000       0.186519643453       5.653104612367E-004  2.031984066277E-003
   1.86524120403        1.45177550272       -2.16000000000       0.184191262475       1.618329549572E-003  1.679748184945E-003
   2.33155150503        1.81471937840       -2.16000000000       0.183818606167      -5.195939427452E-003  4.692335338450E-003
   2.79786180604        2.17766325408       -2.16000000000       0.186211103013       1.313937601912E-002  6.675033436910E-003
   3.26417210705        2.54060712976       -2.16000000000       0.187277516108       3.881334700308E-002  7.487629738853E-003
   3.73048240806        2.90355100544       -2.16000000000       0.180218382103       4.470424269826E-002  8.183375251537E-003
   4.19679270906        3.26649488112       -2.16000000000       0.170941549527       5.141120912137E-002  9.007622196352E-003
   4.66310301007        3.62943875680       -2.16000000000       0.159693965076       7.193260204243E-002  1.105311201312E-002
   5.12941331108        3.99238263248       -2.16000000000       0.141929206311       8.620733302313E-002  1.329036992319E-002
   0.00000000000        0.00000000000       -2.16000000000       0.185822366467      -6.508842883668E-004  2.118849439845E-003
  0.323196638891       0.494689282610       -2.16000000000       0.187968782537      -5.080981068777E-004  2.402872455506E-003
  0.646393277781       0.989378565219       -2.16000000000       0.187656474922       4.509836420255E-004  2.188870676987E-003
  0.969589916672        1.48406784783       -2.16000000000       0.187206311286       1.188301719245E-003  2.087418772062E-003
   1.29278655556        1.97875713044       -2.16000000000       0.185934292350       1.346414151636E-003  1.868505489604E-003
   1.61598319445        2.47344641305       -2.16000000000       0.192538302148      -1.301361846523E-002  3.167448255561E-003
   1.93917983334        2.96813569566       -2.16000000000       0.203762181649      -1.563959092977E-002  4.588783668483E-003
   2.26237647223        3.46282497827       -2.16000000000       0.217584011314      -1.404664285150E-002  7.106287192140E-003
   2.58557311112        3.95751426088       -2.16000000000       0.257863759636      -7.631239981303E-004  8.930443598280E-003
   2.90876975001        4.45220354349       -2.16000000000       0.320216775997       5.483997507907E-002  1.098430617745E-002
   3.23196638891        4.94689282610       -2.16000000000       0.303142297178       0.251835480333       1.398082352004E-002
   3.55516302780        5.44158210871       -2.16000000000       8.655306421893E-002  0.242954325871       1.455298626740E-002
   0.00000000000        0.00000000000       -2.16000000000       0.185822366467      -6.508842883668E-004  2.118849439845E-003
  0.145059606038       0.572827429873       -2.16000000000       0.187800223088      -3.598441356165E-004  2.462889545527E-003
  0.290119212075        1.14565485975       -2.16000000000       0.187347638416       7.556838795993E-004  2.299480285544E-003
  0.435178818113        1.71848228962       -2.16000000000       0.188017795077       8.405212941697E-004  2.166668547960E-003
  0.580238424151        2.29130971949       -2.16000000000       0.188062418895       1.371113880966E-003  2.150929156459E-003
  0.725298030189        2.86413714937       -2.16000000000       0.201751631584      -1.683129368977E-002  2.304165241672E-003
  0.870357636226        3.43696457924       -2.16000000000       0.197442336208      -2.194508987023E-002  5.671940327400E-003
   1.01541724226        4.00979200911       -2.16000000000       0.186981570263      -3.209002116005E-002  8.191271347280E-003
   1.16047684830        4.58261943899       -2.16000000000       0.169039683878      -7.421970391519E-002  1.195141470538E-002
   1.30553645434        5.15544686886       -2.16000000000       0.127523874642      -8.701471712940E-002  1.598153593509E-002
   1.45059606038        5.72827429873       -2.16000000000       6.282451016532E-002 -9.078635936720E-002  2.100005885589E-002
   1.59565566642        6.30110172861       -2.16000000000       2.236246773337E-002 -5.232495947485E-002  2.936658510367E-002
   0.00000000000        0.00000000000       -2.16000000000       0.185822366467      -6.508842883668E-004  2.118849439845E-003
 -4.879688596092E-002  0.588890836777       -2.16000000000       0.187417060896      -2.830380929152E-004  2.488721894664E-003
 -9.759377192185E-002   1.17778167355       -2.16000000000       0.187211625321       7.911054990654E-004  2.475206689266E-003
 -0.146390657883        1.76667251033       -2.16000000000       0.188067742276       8.156917036484E-004  2.382319917488E-003
 -0.195187543844        2.35556334711       -2.16000000000       0.188583994657       1.614258381557E-003  2.271811499773E-003
 -0.243984429805        2.94445418388       -2.16000000000       0.201937395108      -6.416431132455E-003  4.061816629234E-003
 -0.292781315766        3.53334502066       -2.16000000000       0.172829501970      -2.171139235767E-003  5.881192716099E-003
 -0.341578201726        4.12223585744       -2.16000000000       0.165157769053       1.242641462590E-002  8.252382890000E-003
 -0.390375087687        4.71112669421       -2.16000000000       0.138873485794       1.978771267057E-002  1.358162556098E-002
 -0.439171973648        5.30001753099       -2.16000000000       0.113994768822       3.072579135464E-002  1.749557382055E-002
 -0.487968859609        5.88890836777       -2.16000000000       7.538573356339E-002  3.058878488197E-002  2.460628986210E-002
 -0.536765745570        6.47779920454       -2.16000000000       3.677558276268E-002  4.016535144229E-002  2.917484622549E-002
   0.00000000000        0.00000000000       -2.16000000000       0.185822366467      -6.508842883668E-004  2.118849439845E-003
 -0.237365478204       0.541138783933       -2.16000000000       0.186860817530      -2.860031052688E-004  2.477570167057E-003
 -0.474730956408        1.08227756787       -2.16000000000       0.187262367154       5.670570165518E-004  2.681856962688E-003
 -0.712096434612        1.62341635180       -2.16000000000       0.187608637708       9.867617477706E-004  2.651062305237E-003
 -0.949461912816        2.16455513573       -2.16000000000       0.186549371808       7.985781749341E-003  2.362114950127E-003
  -1.18682739102        2.70569391966       -2.16000000000       0.205241731674       5.275583657767E-004  4.063205888860E-003
  -1.42419286922        3.24683270360       -2.16000000000       0.205750717638       1.371030238587E-002  4.958480481747E-003
  -1.66155834743        3.78797148753       -2.16000000000       0.220962598304       2.838398714014E-002  6.853398133951E-003
  -1.89892382563        4.32911027146       -2.16000000000       0.241035873232       5.837859977402E-002  1.178469881383E-002
  -2.13628930384        4.87024905539       -2.16000000000       0.265768774638       0.194944546322       1.737249379160E-002
  -2.37365478204        5.41138783933       -2.16000000000       2.867365310499E-002  0.212026660910       2.192922533563E-002
  -2.61102026024        5.95252662326       -2.16000000000      -0.176600589166       7.353377585247E-002  2.582052076936E-002
   0.00000000000        0.00000000000       -2.16000000000       0.185822366467      -6.508842883668E-004  2.118849439845E-003
 -0.400211837779       0.434745947216       -2.16000000000       0.186191939047      -3.436361721114E-004  2.428719524904E-003
 -0.800423675558       0.869491894432       -2.16000000000       0.186563678171       2.823318716296E-004  2.713853844633E-003
  -1.20063551334        1.30423784165       -2.16000000000       0.186825287473       1.262938915656E-003  2.933698650803E-003
  -1.60084735112        1.73898378886       -2.16000000000       0.187586366976       2.586444939123E-003  2.463706598082E-003
  -2.00105918889        2.17372973608       -2.16000000000       0.208676484533      -1.468174435541E-003  2.944955041698E-003
  -2.40127102667        2.60847568330       -2.16000000000       0.213818306118       1.353229199023E-003  6.546719944177E-003
  -2.80148286445        3.04322163051       -2.16000000000       0.233173158572      -1.252816998700E-003  6.243322147017E-003
  -3.20169470223        3.47796757773       -2.16000000000       0.248412023589      -1.451597803792E-002  8.277153551610E-003
  -3.60190654001        3.91271352494       -2.16000000000       0.230843538299      -2.719939507505E-002  7.415867963359E-003
  -4.00211837779        4.34745947216       -2.16000000000       0.176051674747      -5.216270238056E-002  2.244029131798E-002
  -4.40233021557        4.78220541938       -2.16000000000       0.108055321950      -6.641484433625E-002  3.315211846127E-002
   0.00000000000        0.00000000000       -2.16000000000       0.185822366467      -6.508842883668E-004  2.118849439845E-003
 -0.519689034804       0.281241641340       -2.16000000000       0.185486652146       1.009897496779E-004  2.304725446297E-003
  -1.03937806961       0.562483282680       -2.16000000000       0.185941458923       1.598371478778E-004  2.634217617649E-003
  -1.55906710441       0.843724924020       -2.16000000000       0.186073193037       6.111472081538E-004  2.675302386599E-003
  -2.07875613922        1.12496656536       -2.16000000000       0.186187823232       5.946778205365E-004  2.167169800197E-003
  -2.59844517402        1.40620820670       -2.16000000000       0.207706011362      -9.028908116159E-005  5.516550284246E-003
  -3.11813420882        1.68744984804       -2.16000000000       0.219671455632       5.342116334255E-003 -5.085017017889E-004
  -3.63782324363        1.96869148938       -2.16000000000       0.239361850716       2.254894859179E-002 -6.068855599540E-003
  -4.15751227843        2.24993313072       -2.16000000000       0.215724028156       4.988831758613E-002 -2.678100807208E-002
  -4.67720131323        2.53117477206       -2.16000000000       0.199567303960       6.112990443107E-002 -3.667360471109E-002
  -5.19689034804        2.81241641340       -2.16000000000       0.141929550238       7.960811752552E-002 -2.876279715915E-002
  -5.71657938284        3.09365805474       -2.16000000000       8.885365752205E-002  8.687782042068E-002 -1.334137463152E-002
   0.00000000000        0.00000000000       -2.16000000000       0.185822366467      -6.508842883668E-004  2.118849439845E-003
 -0.582849861102       9.726043971134E-002  -2.16000000000       0.184817745102       4.641384529174E-004  2.160588818227E-003
  -1.16569972220       0.194520879423       -2.16000000000       0.186741276557      -7.283699129603E-004  2.665573243067E-003
  -1.74854958330       0.291781319134       -2.16000000000       0.186400696302       2.781976714101E-004  2.468056617681E-003
  -2.33139944441       0.389041758845       -2.16000000000       0.185989076445       1.997031391544E-004  2.103572537604E-003
  -2.91424930551       0.486302198557       -2.16000000000       0.210219214971      -5.491786878043E-004 -3.148038276328E-003
  -3.49709916661       0.583562638268       -2.16000000000       0.267492737349       4.983497453552E-004 -3.624144356857E-003
  -4.07994902771       0.680823077979       -2.16000000000       0.283596589531       1.675512379369E-002 -9.301413572888E-003
  -4.66279888881       0.778083517691       -2.16000000000       0.298318222355       3.413785379951E-002 -5.847260664009E-002
  -5.24564874991       0.875343957402       -2.16000000000       0.317005619422       5.681293205839E-002 -0.129325149426     
  -5.82849861102       0.972604397113       -2.16000000000       0.295256176218       7.843454991775E-002 -0.199527460953     
  -6.41134847212        1.06986483682       -2.16000000000       0.644089943090       0.177829387219      -0.475729450263     
   0.00000000000        0.00000000000       -2.16000000000       0.185822366467      -6.508842883668E-004  2.118849439845E-003
 -0.582849861102      -9.726043971134E-002  -2.16000000000       0.184876483373       1.639917540809E-004  2.124344382014E-003
  -1.16569972220      -0.194520879423       -2.16000000000       0.186991374824      -1.210050589666E-003  2.554976501398E-003
  -1.74854958330      -0.291781319134       -2.16000000000       0.186858771264      -2.912765574726E-004  2.321719386654E-003
  -2.33139944441      -0.389041758845       -2.16000000000       0.186377565710      -9.357398235238E-006  2.005776385856E-003
  -2.91424930551      -0.486302198557       -2.16000000000       0.200032611617       1.227119503778E-003  5.193930807086E-003
  -3.49709916661      -0.583562638268       -2.16000000000       0.248912431168      -2.377169057346E-002 -8.818811006605E-004
  -4.07994902771      -0.680823077979       -2.16000000000       0.300206616223      -5.514531405689E-002 -4.542393564516E-003
  -4.66279888881      -0.778083517691       -2.16000000000       0.335844716409      -6.959168390280E-002 -6.209741003700E-002
  -5.24564874991      -0.875343957402       -2.16000000000       0.332253733435      -7.149115251991E-002 -0.119537838095     
  -5.82849861102      -0.972604397113       -2.16000000000       0.281229783757      -0.106482634427      -0.211856065299     
  -6.41134847212       -1.06986483682       -2.16000000000       0.327179479982      -0.220011564876      -0.438195843419     
   0.00000000000        0.00000000000       -2.16000000000       0.185822366467      -6.508842883668E-004  2.118849439845E-003
 -0.519689034804      -0.281241641340       -2.16000000000       0.184904900387      -1.080179372447E-004  2.063374274826E-003
  -1.03937806961      -0.562483282680       -2.16000000000       0.187237637081      -2.011408355096E-003  2.491621397477E-003
  -1.55906710441      -0.843724924020       -2.16000000000       0.187341788692      -1.072829014555E-003  2.238240579613E-003
  -2.07875613922       -1.12496656536       -2.16000000000       0.187837146897      -6.961633036990E-005  2.210327025987E-003
  -2.59844517402       -1.40620820670       -2.16000000000       0.199158054977       6.371592860947E-004  2.731598162111E-003
  -3.11813420882       -1.68744984804       -2.16000000000       0.212295451485      -5.567621341434E-003  4.538705210092E-003
  -3.63782324363       -1.96869148938       -2.16000000000       0.218894839914      -1.116518593120E-002  1.228901388310E-003
  -4.15751227843       -2.24993313072       -2.16000000000       0.218909893482      -1.807624371137E-002 -1.044262227956E-002
  -4.67720131323       -2.53117477206       -2.16000000000       0.225817696104      -3.809487319744E-002 -2.821323671757E-002
  -5.19689034804       -2.81241641340       -2.16000000000       0.156185671712      -6.815457435681E-002 -3.375477705399E-002
  -5.71657938284       -3.09365805474       -2.16000000000       9.570087113061E-002 -8.503083814632E-002 -2.545980478029E-002
   0.00000000000        0.00000000000       -2.16000000000       0.185822366467      -6.508842883668E-004  2.118849439845E-003
 -0.400211837779      -0.434745947216       -2.16000000000       0.184589870244      -5.060550726556E-005  1.927958548974E-003
 -0.800423675558      -0.869491894432       -2.16000000000       0.187444180020      -3.033109571429E-003  2.479529061930E-003
  -1.20063551334       -1.30423784165       -2.16000000000       0.188015818947      -2.054992970429E-003  2.357693261515E-003
  -1.60084735112       -1.73898378886       -2.16000000000       0.188879549433      -4.346861176487E-004  2.417054223726E-003
  -2.00105918889       -2.17372973608       -2.16000000000       0.198401995622      -7.687681813181E-003  3.446388604754E-003
  -2.40127102667       -2.60847568330       -2.16000000000       0.219705457229      -1.098847480883E-002  8.660845767491E-003
  -2.80148286445       -3.04322163051       -2.16000000000       0.215156325123      -4.047249210736E-003 -1.554668716096E-004
  -3.20169470223       -3.47796757773       -2.16000000000       0.221310961008       1.339036786025E-002  8.290390515447E-003
  -3.60190654001       -3.91271352494       -2.16000000000       0.230599621516       3.402908005957E-002  1.258178663399E-002
  -4.00211837779       -4.34745947216       -2.16000000000       0.191568084129       5.659023427949E-002  2.018501768346E-002
  -4.40233021557       -4.78220541938       -2.16000000000       0.113423377799       2.992862167237E-002  2.832537250382E-002
   0.00000000000        0.00000000000       -2.16000000000       0.185822366467      -6.508842883668E-004  2.118849439845E-003
 -0.237365478204      -0.541138783933       -2.16000000000       0.183965531346       3.300075163844E-004  1.732771599544E-003
 -0.474730956408       -1.08227756787       -2.16000000000       0.186253118292      -1.863571464469E-003  2.125406621059E-003
 -0.712096434612       -1.62341635180       -2.16000000000       0.188726220345      -2.742446744846E-003  2.634765909801E-003
 -0.949461912816       -2.16455513573       -2.16000000000       0.188780274396      -1.638670945698E-003  2.470146702453E-003
  -1.18682739102       -2.70569391966       -2.16000000000       0.206509005877      -8.151759528536E-003  7.390569730783E-003
  -1.42419286922       -3.24683270360       -2.16000000000       0.222464882721      -1.115951571828E-002  8.276092384800E-003
  -1.66155834743       -3.78797148753       -2.16000000000       0.240663376531      -4.394051498863E-002  1.171188855329E-002
  -1.89892382563       -4.32911027146       -2.16000000000       0.241287312357      -7.611052720833E-002  1.435832442042E-002
  -2.13628930384       -4.87024905539       -2.16000000000       0.235804075457      -0.212286896255       2.018604497214E-002
  -2.37365478204       -5.41138783933       -2.16000000000       0.154548742122      -0.225737854431       2.237161705582E-002
  -2.61102026024       -5.95252662326       -2.16000000000      -0.175248154217      -7.222499797663E-002  2.673196152869E-002
   0.00000000000        0.00000000000       -2.16000000000       0.185822366467      -6.508842883668E-004  2.118849439845E-003
 -4.879688596092E-002 -0.588890836777       -2.16000000000       0.184019352237       1.862038619092E-004  1.666069715201E-003
 -9.759377192185E-002  -1.17778167355       -2.16000000000       0.184708089800       7.864602210223E-004  1.775422442130E-003
 -0.146390657883       -1.76667251033       -2.16000000000       0.186273577041      -2.928366800391E-004  2.082935044143E-003
 -0.195187543844       -2.35556334711       -2.16000000000       0.188139966081      -2.747966769204E-003  2.467358779100E-003
 -0.243984429805       -2.94445418388       -2.16000000000       0.201517166285      -2.466158897360E-003  8.137857077327E-003
 -0.292781315766       -3.53334502066       -2.16000000000       0.185688150100       1.831125586097E-003  1.045396103379E-002
 -0.341578201726       -4.12223585744       -2.16000000000       0.163938535928      -1.087585862898E-002  1.309467444666E-002
 -0.390375087687       -4.71112669421       -2.16000000000       0.141923315159      -2.431976084717E-002  1.556888189301E-002
 -0.439171973648       -5.30001753099       -2.16000000000       0.113519129157      -3.515180308883E-002  1.827348302246E-002
 -0.487968859609       -5.88890836777       -2.16000000000       7.660398160351E-002 -4.018707398685E-002  2.647723588736E-002
 -0.536765745570       -6.47779920454       -2.16000000000       5.274992422299E-002 -4.055183384049E-002  3.070488392611E-002
   0.00000000000        0.00000000000       -2.16000000000       0.185822366467      -6.508842883668E-004  2.118849439845E-003
  0.145059606038      -0.572827429873       -2.16000000000       0.184373214516      -6.869877323443E-005  1.792382827310E-003
  0.290119212075       -1.14565485975       -2.16000000000       0.184945546593       7.579145114630E-004  2.093796763600E-003
  0.435178818113       -1.71848228962       -2.16000000000       0.184871600012       7.047529414150E-004  1.948780396616E-003
  0.580238424151       -2.29130971949       -2.16000000000       0.184949008952      -3.001542863428E-004  1.768684511032E-003
  0.725298030189       -2.86413714937       -2.16000000000       0.200287770063       2.332858514055E-002  4.632618032428E-003
  0.870357636226       -3.43696457924       -2.16000000000       0.191022034247       2.068592195984E-002  1.063730738741E-002
   1.01541724226       -4.00979200911       -2.16000000000       0.179741642575       3.869107726332E-002  1.225004586545E-002
   1.16047684830       -4.58261943899       -2.16000000000       0.165810492677       5.838872384386E-002  1.376768627667E-002
   1.30553645434       -5.15544686886       -2.16000000000       0.126693400815       8.121165547863E-002  1.685226281394E-002
   1.45059606038       -5.72827429873       -2.16000000000       6.181793103114E-002  8.587603409845E-002  1.955792769667E-002
   1.59565566642       -6.30110172861       -2.16000000000       1.014427526295E-002  4.621401868293E-002  2.567967465412E-002
   0.00000000000        0.00000000000       -2.16000000000       0.185822366467      -6.508842883668E-004  2.118849439845E-003
  0.323196638891      -0.494689282610       -2.16000000000       0.184844630379      -3.285275546770E-004  1.988126282416E-003
  0.646393277781      -0.989378565219       -2.16000000000       0.185016222525       3.626785586096E-004  2.383561207020E-003
  0.969589916672       -1.48406784783       -2.16000000000       0.185373609097      -1.348455662526E-004  2.473930532622E-003
   1.29278655556       -1.97875713044       -2.16000000000       0.184723542220      -1.837234105422E-004  1.967898980601E-003
   1.61598319445       -2.47344641305       -2.16000000000       0.193762729796       7.488317924943E-003  8.241477500331E-003
   1.93917983334       -2.96813569566       -2.16000000000       0.210406540367       1.128492955442E-002  9.250489227817E-003
   2.26237647223       -3.46282497827       -2.16000000000       0.229764081517       1.101253981608E-002  1.072113223035E-002
   2.58557311112       -3.95751426088       -2.16000000000       0.253514892499      -1.853408392622E-004  1.231386443291E-002
   2.90876975001       -4.45220354349       -2.16000000000       0.318891805516      -5.343080801393E-002  1.511313858899E-002
   3.23196638891       -4.94689282610       -2.16000000000       0.305894056498      -0.256760310969       1.847916654246E-002
   3.55516302780       -5.44158210871       -2.16000000000       9.053724308645E-002 -0.243934717558       2.205902059492E-002
   0.00000000000        0.00000000000       -2.16000000000       0.185822366467      -6.508842883668E-004  2.118849439845E-003
  0.466310301007      -0.362943875680       -2.16000000000       0.185465398765      -6.872185643822E-004  2.160606474450E-003
  0.932620602014      -0.725887751361       -2.16000000000       0.184729374858      -1.366643742734E-004  2.550260967930E-003
   1.39893090302       -1.08883162704       -2.16000000000       0.185580289659      -4.103025643590E-004  2.958458062183E-003
   1.86524120403       -1.45177550272       -2.16000000000       0.183939319900      -1.024676094932E-003  2.512519812585E-003
   2.33155150503       -1.81471937840       -2.16000000000       0.182749373617       3.458555916521E-003  7.735814257404E-003
   2.79786180604       -2.17766325408       -2.16000000000       0.180758683998      -5.765166260587E-003  8.672569029829E-003
   3.26417210705       -2.54060712976       -2.16000000000       0.179897380401      -1.693167618644E-002  9.659917975623E-003
   3.73048240806       -2.90355100544       -2.16000000000       0.179290653478      -3.050692637610E-002  1.067244766862E-002
   4.19679270906       -3.26649488112       -2.16000000000       0.169860319298      -5.205850320071E-002  1.263933493202E-002
   4.66310301007       -3.62943875680       -2.16000000000       0.153106641719      -7.231478565904E-002  1.425925357296E-002
   5.12941331108       -3.99238263248       -2.16000000000       0.140789891947      -8.733570854671E-002  1.819019564893E-002
   0.00000000000        0.00000000000       -2.16000000000       0.185822366467      -6.508842883668E-004  2.118849439845E-003
  0.558892006459      -0.191867868166       -2.16000000000       0.186168249788      -1.105902065784E-003  2.291132498300E-003
   1.11778401292      -0.383735736333       -2.16000000000       0.186113639959      -9.709731858715E-004  2.808812752585E-003
   1.67667601938      -0.575603604499       -2.16000000000       0.186059044730      -8.344635219889E-004  3.326366595771E-003
   2.23556802584      -0.767471472666       -2.16000000000       0.183516217336      -1.645393317628E-003  2.414769789095E-003
   2.79446003230      -0.959339340832       -2.16000000000       0.166494845543       7.133510915301E-004  7.335275175525E-003
   3.35335203876       -1.15120720900       -2.16000000000       0.159782965125      -6.054387685054E-003  8.192160874279E-003
   3.91224404522       -1.34307507716       -2.16000000000       0.154039581782      -1.043291624394E-002  9.219094654375E-003
   4.47113605168       -1.53494294533       -2.16000000000       0.147945268716      -1.482923427301E-002  9.992861202404E-003
   5.03002805814       -1.72681081350       -2.16000000000       0.140159097678      -1.841652717058E-002  1.219533055799E-002
   5.58892006459       -1.91867868166       -2.16000000000       0.132092290262      -2.022187959253E-002  1.440422116072E-002
   6.14781207105       -2.11054654983       -2.16000000000       0.125463486485      -2.195939647197E-002  1.647970521569E-002
   0.00000000000        0.00000000000       -2.16000000000       0.185822366467      -6.508842883668E-004  2.118849439845E-003
  0.590909090909        0.00000000000       -2.16000000000       0.186881962306      -1.003919966349E-003  2.322754333445E-003
   1.18181818182      -1.172487511250E-015  -2.16000000000       0.187386364835      -6.893061495369E-004  2.821918697249E-003
   1.77272727273        0.00000000000       -2.16000000000       0.185880306394      -4.442672390477E-004  2.765584754011E-003
   2.36363636364        0.00000000000       -2.16000000000       0.185388326035      -5.049504677775E-004  2.099266304908E-003
   2.95454545455        0.00000000000       -2.16000000000       0.162381330625       7.581041662180E-004  7.155256187305E-003
   3.54545454545        0.00000000000       -2.16000000000       0.155417077142      -2.130740248582E-003  8.220296586644E-003
   4.13636363636        0.00000000000       -2.16000000000       0.148570566006      -1.677519536873E-003  9.327266244411E-003
   4.72727272727        0.00000000000       -2.16000000000       0.141732523021       1.692520589580E-004  1.036421224588E-002
   5.31818181818        0.00000000000       -2.16000000000       0.136524450985       6.937439356280E-005  1.104710528783E-002
   5.90909090909        0.00000000000       -2.16000000000       0.133780789352       8.747509441084E-005  1.297836690541E-002
   6.50000000000        0.00000000000       -2.16000000000       0.129050602535       2.061601258409E-003  1.381270338238E-002
