 12 20 1 1
 1 X [LENGU]
 2 Y [LENGU]
 3 Z [LENGU]
 4 Hx [FIELU]
 5 Hy [FIELU]
 6 Hz [FIELU]
 0
   0.00000000000        0.00000000000        95.0400000000        3.16500914337      -2.580280975866E-002  2.110902677878E-002
  0.590909090909        0.00000000000        95.0400000000        3.16252757302      -3.233028153599E-002  2.120751764311E-002
   1.18181818182        0.00000000000        95.0400000000        3.15836357738      -2.696074923382E-002  2.207475125336E-002
   1.77272727273        0.00000000000        95.0400000000        3.15201446832      -2.062217168520E-002  2.177954027811E-002
   2.36363636364        0.00000000000        95.0400000000        3.17563332339       1.269323745375E-002  2.274561794558E-002
   2.95454545455        0.00000000000        95.0400000000        2.65180398477      -9.113054613457E-004  4.437276346294E-002
   3.54545454545        0.00000000000        95.0400000000        2.54690759416      -8.883704576687E-002  3.225692102862E-002
   4.13636363636        0.00000000000        95.0400000000        2.42582979647      -7.835717379470E-002  1.883186583152E-002
   4.72727272727        0.00000000000        95.0400000000        2.31459656581      -1.524319354606E-002  1.009104996034E-002
   5.31818181818        0.00000000000        95.0400000000        2.19822969627      -3.700622199625E-003  8.731119988646E-003
   5.90909090909        0.00000000000        95.0400000000        2.08803459793      -9.585638919970E-003  9.504845966893E-003
   6.50000000000        0.00000000000        95.0400000000        1.96006270260      -1.802162303677E-002  6.113336635343E-003
   0.00000000000        0.00000000000        95.0400000000        3.16500914337      -2.580280975866E-002  2.110902677878E-002
  0.558892006459       0.191867868166        95.0400000000        3.15785862190      -4.656461216481E-002  1.725134042740E-002
   1.11778401292       0.383735736333        95.0400000000        3.16470877652      -3.546377468849E-002  1.832112780278E-002
   1.67667601938       0.575603604499        95.0400000000        3.17808127303      -1.134234540539E-002  2.038724196502E-002
   2.23556802584       0.767471472666        95.0400000000        3.20534727651       3.683946755548E-002  2.439683787744E-002
   2.79446003230       0.959339340832        95.0400000000        2.74057445269      -8.703572507921E-002  3.534434963318E-002
   3.35335203876        1.15120720900        95.0400000000        2.62867930447       9.506661396396E-003  3.191347564552E-002
   3.91224404522        1.34307507716        95.0400000000        2.50396932550       0.149167057911       2.563430796296E-002
   4.47113605168        1.53494294533        95.0400000000        2.42289858586       0.255943935888       1.286103447503E-002
   5.03002805814        1.72681081350        95.0400000000        2.28490132689       0.292379173444       1.215285059654E-002
   5.58892006459        1.91867868166        95.0400000000        2.06373485566       0.299807793663       8.667789174263E-003
   6.14781207105        2.11054654983        95.0400000000        1.84532015105       0.328871757392       6.358604189870E-003
   0.00000000000        0.00000000000        95.0400000000        3.16500914337      -2.580280975866E-002  2.110902677878E-002
  0.466310301007       0.362943875680        95.0400000000        3.16420722996      -4.437577049743E-002  1.588495345261E-002
  0.932620602014       0.725887751361        95.0400000000        3.18098953057      -2.527138273995E-002  1.710123205580E-002
   1.39893090302        1.08883162704        95.0400000000        3.19719642030      -4.932375563271E-003  1.975003103442E-002
   1.86524120403        1.45177550272        95.0400000000        3.24991234805       5.661312165122E-002  2.485823581315E-002
   2.33155150503        1.81471937840        95.0400000000        3.10529186984      -0.215363092915       3.595300031503E-002
   2.79786180604        2.17766325408        95.0400000000        3.06305389173      -1.362025055861E-002  3.612057354940E-002
   3.26417210705        2.54060712976        95.0400000000        2.98383188090       0.232558749837       2.087584869973E-002
   3.73048240806        2.90355100544        95.0400000000        2.96497631263       0.573322045691      -6.067714060422E-003
   4.19679270906        3.26649488112        95.0400000000        2.94238955651       0.933551010998      -3.159334566947E-002
   4.66310301007        3.62943875680        95.0400000000        2.74140898187        1.40046243514      -5.246397786279E-002
   5.12941331108        3.99238263248        95.0400000000        2.31959341509        1.40489323562      -4.516600382999E-002
   0.00000000000        0.00000000000        95.0400000000        3.16500914337      -2.580280975866E-002  2.110902677878E-002
  0.323196638891       0.494689282610        95.0400000000        3.17195903581      -3.938013978377E-002  1.520263793164E-002
  0.646393277781       0.989378565219        95.0400000000        3.17813236051      -3.426845228877E-002  1.586702115041E-002
  0.969589916672        1.48406784783        95.0400000000        3.20866744232      -3.356741938199E-003  1.968604479470E-002
   1.29278655556        1.97875713044        95.0400000000        3.26596278858       1.023684050218E-002  2.060276291210E-002
   1.61598319445        2.47344641305        95.0400000000        3.41593257391      -0.294797647010       3.357197519588E-002
   1.93917983334        2.96813569566        95.0400000000        3.63611092650      -0.319966783215       2.543150970457E-002
   2.26237647223        3.46282497827        95.0400000000        3.85472278938      -0.293252982629       8.265892576054E-003
   2.58557311112        3.95751426088        95.0400000000        4.62360140463      -7.408082008966E-002 -5.971857616956E-003
   2.90876975001        4.45220354349        95.0400000000        5.72563382432       0.792009876828      -8.553387265185E-003
   3.23196638891        4.94689282610        95.0400000000        5.37365263357        4.31616305370      -2.853198103232E-003
   3.55516302780        5.44158210871        95.0400000000        1.54313877981        4.17121346121      -6.033527793362E-003
   0.00000000000        0.00000000000        95.0400000000        3.16500914337      -2.580280975866E-002  2.110902677878E-002
  0.145059606038       0.572827429873        95.0400000000        3.16971792340      -4.709802495537E-002  1.415763645952E-002
  0.290119212075        1.14565485975        95.0400000000        3.17436287231      -4.119597142367E-002  1.487394940268E-002
  0.435178818113        1.71848228962        95.0400000000        3.20082410149      -2.070960035147E-002  1.820292807865E-002
  0.580238424151        2.29130971949        95.0400000000        3.23759403977      -6.204778306210E-002  1.744342713214E-002
  0.725298030189        2.86413714937        95.0400000000        3.61598357116      -0.388271735102       2.356263122395E-002
  0.870357636226        3.43696457924        95.0400000000        3.35862178774      -0.393075355178       2.357304554502E-002
   1.01541724226        4.00979200911        95.0400000000        3.24243583432      -0.667710786959       1.203546378611E-002
   1.16047684830        4.58261943899        95.0400000000        2.74541043437       -1.32342094955      -4.322545251959E-004
   1.30553645434        5.15544686886        95.0400000000        2.27592776364       -1.61647931731      -7.316710649915E-003
   1.45059606038        5.72827429873        95.0400000000        1.07979884385       -1.81770572963       8.346461571973E-003
   1.59565566642        6.30110172861        95.0400000000      -1.766276210875E-002  -1.33380368286       1.300539630436E-002
   0.00000000000        0.00000000000        95.0400000000        3.16500914337      -2.580280975866E-002  2.110902677878E-002
 -4.879688596092E-002  0.588890836777        95.0400000000        3.16699551718      -5.392667389380E-002  1.324841446585E-002
 -9.759377192185E-002   1.17778167355        95.0400000000        3.16914645214      -5.299140419934E-002  1.328441189002E-002
 -0.146390657883        1.76667251033        95.0400000000        3.18234821936      -4.584498183070E-002  1.559135735687E-002
 -0.195187543844        2.35556334711        95.0400000000        3.20376007269      -8.618676032092E-002  1.543126644597E-002
 -0.243984429805        2.94445418388        95.0400000000        3.58209222757       4.963327866306E-002  2.171616493898E-002
 -0.292781315766        3.53334502066        95.0400000000        3.26246943910       0.141944951786       1.626721690117E-002
 -0.341578201726        4.12223585744        95.0400000000        2.81796120281       0.191396353812       1.302875279926E-002
 -0.390375087687        4.71112669421        95.0400000000        2.43887231052       0.285436725098       8.136720526583E-003
 -0.439171973648        5.30001753099        95.0400000000        1.88120047934       0.482440002791       5.750088058020E-003
 -0.487968859609        5.88890836777        95.0400000000        1.35900168744       0.567632862277       2.486106085001E-003
 -0.536765745570        6.47779920454        95.0400000000       0.803695114340       0.611774658775      -3.021661732424E-003
   0.00000000000        0.00000000000        95.0400000000        3.16500914337      -2.580280975866E-002  2.110902677878E-002
 -0.237365478204       0.541138783933        95.0400000000        3.16428595458      -5.885183378034E-002  1.258177607998E-002
 -0.474730956408        1.08227756787        95.0400000000        3.16304838008      -6.837653244954E-002  1.127065966615E-002
 -0.712096434612        1.62341635180        95.0400000000        3.16681889244      -6.234294120520E-002  1.232643827916E-002
 -0.949461912816        2.16455513573        95.0400000000        3.17804227699      -7.403538799848E-002  1.248673157931E-002
  -1.18682739102        2.70569391966        95.0400000000        3.49917411906       0.193683362750       9.571109327037E-003
  -1.42419286922        3.24683270360        95.0400000000        3.62626102421       0.364320905937       9.070431574667E-003
  -1.66155834743        3.78797148753        95.0400000000        3.83312121142       0.636528593534       1.007257084565E-002
  -1.89892382563        4.32911027146        95.0400000000        4.17906474113        1.35965468109       1.202806866505E-002
  -2.13628930384        4.87024905539        95.0400000000        4.59925107378        3.20749744551       7.414289348790E-003
  -2.37365478204        5.41138783933        95.0400000000       0.858561170264        4.87192671028       9.150555493722E-003
  -2.61102026024        5.95252662326        95.0400000000       -3.09144536550       0.956921735137       7.243141625786E-003
   0.00000000000        0.00000000000        95.0400000000        3.16500914337      -2.580280975866E-002  2.110902677878E-002
 -0.400211837779       0.434745947216        95.0400000000        3.16188285875      -6.133978711955E-002  1.222996191498E-002
 -0.800423675558       0.869491894432        95.0400000000        3.15672947685      -8.568413880350E-002  9.050914031115E-003
  -1.20063551334        1.30423784165        95.0400000000        3.15342206988      -9.107885581088E-002  8.045643706470E-003
  -1.60084735112        1.73898378886        95.0400000000        3.15291080396      -0.105677557754       6.290020971343E-003
  -2.00105918889        2.17372973608        95.0400000000        2.99140440537       0.523385731966      -1.147211003926E-002
  -2.40127102667        2.60847568330        95.0400000000        3.40739864849      -8.137382427359E-004 -5.964332530300E-003
  -2.80148286445        3.04322163051        95.0400000000        3.44675838283      -0.291428742843       1.778791289850E-002
  -3.20169470223        3.47796757773        95.0400000000        3.63154560758      -0.738252480858       3.187631722556E-002
  -3.60190654001        3.91271352494        95.0400000000        3.69821484936       -1.32830180247       4.318372258671E-002
  -4.00211837779        4.34745947216        95.0400000000        3.47980315569       -2.22098591296       4.974331760861E-002
  -4.40233021557        4.78220541938        95.0400000000        2.99576738597       -2.19297083274       3.511326676155E-002
   0.00000000000        0.00000000000        95.0400000000        3.16500914337      -2.580280975866E-002  2.110902677878E-002
 -0.519689034804       0.281241641340        95.0400000000        3.16004664241      -6.112092556256E-002  1.223109649458E-002
  -1.03937806961       0.562483282680        95.0400000000        3.15175092451      -9.179102905708E-002  8.084509780398E-003
  -1.55906710441       0.843724924020        95.0400000000        3.14243308622      -0.127379340467       3.196746724885E-003
  -2.07875613922        1.12496656536        95.0400000000        3.13629652851      -9.654830057732E-002  5.201072995761E-003
  -2.59844517402        1.40620820670        95.0400000000        2.98576298699       1.460222069200E-002 -2.207239965673E-002
  -3.11813420882        1.68744984804        95.0400000000        2.88984066084      -0.138068449537      -1.812018204993E-002
  -3.63782324363        1.96869148938        95.0400000000        2.77635397401      -0.290824062535      -7.362294051101E-003
  -4.15751227843        2.24993313072        95.0400000000        2.65391480169      -0.458423633136       4.400637856283E-003
  -4.67720131323        2.53117477206        95.0400000000        2.54649055784      -0.641070893260       7.531364597183E-003
  -5.19689034804        2.81241641340        95.0400000000        2.26991232010      -0.830085016994       6.511703187982E-003
  -5.71657938284        3.09365805474        95.0400000000        1.91742755703       -1.11640608985       1.517590398421E-002
   0.00000000000        0.00000000000        95.0400000000        3.16500914337      -2.580280975866E-002  2.110902677878E-002
 -0.582849861102       9.726043971134E-002   95.0400000000        3.16008885294      -4.522479138270E-002  1.659130186540E-002
  -1.16569972220       0.194520879423        95.0400000000        3.14781711780      -9.236681830552E-002  8.433626381353E-003
  -1.74854958330       0.291781319134        95.0400000000        3.13708197109      -9.990558925222E-002  5.374387090241E-003
  -2.33139944441       0.389041758845        95.0400000000        3.13049683854      -9.971506574960E-002  3.783631774888E-003
  -2.91424930551       0.486302198557        95.0400000000        2.78097203155      -7.069588807315E-002 -2.406362472010E-002
  -3.49709916661       0.583562638268        95.0400000000        2.66508772087      -6.592666888374E-002 -1.803281202399E-002
  -4.07994902771       0.680823077979        95.0400000000        2.55747511150      -0.110444066496      -8.060073913044E-003
  -4.66279888881       0.778083517691        95.0400000000        2.44412130767      -0.139476625554       3.028874897199E-003
  -5.24564874991       0.875343957402        95.0400000000        2.32916180779      -0.183000045029       3.544199561540E-003
  -5.82849861102       0.972604397113        95.0400000000        2.20531688200      -0.195095695323       4.690843554502E-003
  -6.41134847212        1.06986483682        95.0400000000        2.02141027894      -0.130484041462       1.496117351537E-002
   0.00000000000        0.00000000000        95.0400000000        3.16500914337      -2.580280975866E-002  2.110902677878E-002
 -0.582849861102      -9.726043971134E-002   95.0400000000        3.16081600698      -2.483247475622E-002  2.241082551588E-002
  -1.16569972220      -0.194520879423        95.0400000000        3.14886105697      -3.459337377386E-002  1.838118123382E-002
  -1.74854958330      -0.291781319134        95.0400000000        3.13446746446      -5.972867425474E-002  9.994993279110E-003
  -2.33139944441      -0.389041758845        95.0400000000        3.13538619290      -7.643031808195E-002  5.722161652504E-003
  -2.91424930551      -0.486302198557        95.0400000000        2.82123576767      -3.993786000231E-002 -1.883770225472E-002
  -3.49709916661      -0.583562638268        95.0400000000        2.69835745451       8.057271689041E-002 -9.103322498216E-003
  -4.07994902771      -0.680823077979        95.0400000000        2.58114019061       0.162439773236      -1.539696561346E-003
  -4.66279888881      -0.778083517691        95.0400000000        2.47121681865       0.171464464913       7.791065103422E-003
  -5.24564874991      -0.875343957402        95.0400000000        2.35942097381       0.170864818621       1.000352938617E-002
  -5.82849861102      -0.972604397113        95.0400000000        2.24029976100       0.195916109852       1.265038930883E-002
  -6.41134847212       -1.06986483682        95.0400000000        2.03887635628       0.205304510294       1.324421450248E-002
   0.00000000000        0.00000000000        95.0400000000        3.16500914337      -2.580280975866E-002  2.110902677878E-002
 -0.519689034804      -0.281241641340        95.0400000000        3.15784288319      -5.486510351120E-003  2.488339962965E-002
  -1.03937806961      -0.562483282680        95.0400000000        3.14908921673       5.197651647372E-003  2.448588294973E-002
  -1.55906710441      -0.843724924020        95.0400000000        3.13163538423      -3.740913911977E-002  1.217467093056E-002
  -2.07875613922       -1.12496656536        95.0400000000        3.14438916972      -4.677797394996E-002  8.814620263959E-003
  -2.59844517402       -1.40620820670        95.0400000000        3.08242721199      -3.726249633394E-002 -8.548606063745E-003
  -3.11813420882       -1.68744984804        95.0400000000        3.00358348517       0.190889660961      -5.340264091800E-003
  -3.63782324363       -1.96869148938        95.0400000000        2.90630343646       0.392965334127       5.410457249084E-005
  -4.15751227843       -2.24993313072        95.0400000000        2.83188284074       0.489209878891       1.233622226724E-002
  -4.67720131323       -2.53117477206        95.0400000000        2.66907148026       0.613273738633       2.186332667611E-002
  -5.19689034804       -2.81241641340        95.0400000000        2.31168214850       0.754503619808       2.549453064348E-002
  -5.71657938284       -3.09365805474        95.0400000000        2.01305836871        1.02903646423       5.840278798017E-002
   0.00000000000        0.00000000000        95.0400000000        3.16500914337      -2.580280975866E-002  2.110902677878E-002
 -0.400211837779      -0.434745947216        95.0400000000        3.15646658509       1.622649359481E-002  2.723420006690E-002
 -0.800423675558      -0.869491894432        95.0400000000        3.14654250455       3.985212951111E-003  2.438909916098E-002
  -1.20063551334       -1.30423784165        95.0400000000        3.13565679030       6.340890937745E-003  1.998908905183E-002
  -1.60084735112       -1.73898378886        95.0400000000        3.12815085157      -0.102051219402       8.490828406128E-003
  -2.00105918889       -2.17372973608        95.0400000000        3.18611124727      -0.267633507084       2.340150240427E-002
  -2.40127102667       -2.60847568330        95.0400000000        3.58838357750       1.493413753413E-002  5.162714102185E-003
  -2.80148286445       -3.04322163051        95.0400000000        3.78912832361       0.164698561441       1.323108800913E-002
  -3.20169470223       -3.47796757773        95.0400000000        3.73464253747       0.628118451700       1.950981557941E-002
  -3.60190654001       -3.91271352494        95.0400000000        3.67338810417        1.42712034357      -9.907796982791E-003
  -4.00211837779       -4.34745947216        95.0400000000        3.40240168118        2.21377057203      -2.382353912298E-002
  -4.40233021557       -4.78220541938        95.0400000000        2.79324489773        2.26190766140      -7.252980758838E-003
   0.00000000000        0.00000000000        95.0400000000        3.16500914337      -2.580280975866E-002  2.110902677878E-002
 -0.237365478204      -0.541138783933        95.0400000000        3.15717528589       2.129974205956E-002  2.788472075759E-002
 -0.474730956408       -1.08227756787        95.0400000000        3.14787054786       7.353282187730E-003  2.515356214151E-002
 -0.712096434612       -1.62341635180        95.0400000000        3.13619486325       7.959823572593E-003  2.151080198278E-002
 -0.949461912816       -2.16455513573        95.0400000000        3.11941845698      -0.126055553889       1.975835477931E-002
  -1.18682739102       -2.70569391966        95.0400000000        3.40424569098      -0.157979703931       1.038757555192E-002
  -1.42419286922       -3.24683270360        95.0400000000        3.36001867026      -0.471417030494       1.452103552078E-002
  -1.66155834743       -3.78797148753        95.0400000000        3.57852073737      -0.612845341141       1.839766989111E-002
  -1.89892382563       -4.32911027146        95.0400000000        4.04728981927       -1.21004753400       1.352851541756E-002
  -2.13628930384       -4.87024905539        95.0400000000        4.49636102412       -3.59480408608      -2.126513736410E-003
  -2.37365478204       -5.41138783933        95.0400000000        2.63945028280       -4.03848860113      -7.961808453458E-003
  -2.61102026024       -5.95252662326        95.0400000000       -3.14816546902      -0.915887936425      -1.538789903487E-002
   0.00000000000        0.00000000000        95.0400000000        3.16500914337      -2.580280975866E-002  2.110902677878E-002
 -4.879688596092E-002 -0.588890836777        95.0400000000        3.15871687081       2.470755007528E-002  2.853912425085E-002
 -9.759377192185E-002  -1.17778167355        95.0400000000        3.15317526890       1.502200503973E-002  2.672588338851E-002
 -0.146390657883       -1.76667251033        95.0400000000        3.13965816890       5.690964758315E-003  2.381223644370E-002
 -0.195187543844       -2.35556334711        95.0400000000        3.13058025017      -1.256858135376E-002  2.191026356094E-002
 -0.243984429805       -2.94445418388        95.0400000000        3.47617564841      -2.812247329052E-002  3.415794468024E-002
 -0.292781315766       -3.53334502066        95.0400000000        3.44283530786      -0.326968830870       3.217159061633E-002
 -0.341578201726       -4.12223585744        95.0400000000        3.26288974821      -0.321760883602       2.582583013259E-002
 -0.390375087687       -4.71112669421        95.0400000000        2.62361617547      -0.380907773015       1.444019446715E-002
 -0.439171973648       -5.30001753099        95.0400000000        1.93048653086      -0.521278104388      -4.084814286353E-003
 -0.487968859609       -5.88890836777        95.0400000000        1.27307194774      -0.533069842791      -3.567115145754E-003
 -0.536765745570       -6.47779920454        95.0400000000       0.774789635410      -0.552280721716       6.938920299043E-003
   0.00000000000        0.00000000000        95.0400000000        3.16500914337      -2.580280975866E-002  2.110902677878E-002
  0.145059606038      -0.572827429873        95.0400000000        3.16074475728       2.845191065856E-002  2.939757212165E-002
  0.290119212075       -1.14565485975        95.0400000000        3.15826792428       2.490893643996E-002  2.850270750749E-002
  0.435178818113       -1.71848228962        95.0400000000        3.15053900799       1.572061793082E-002  2.709926590422E-002
  0.580238424151       -2.29130971949        95.0400000000        3.13627724625      -6.906174765665E-003  2.384154694593E-002
  0.725298030189       -2.86413714937        95.0400000000        3.55097554530       0.329330855827       4.567941705177E-002
  0.870357636226       -3.43696457924        95.0400000000        3.65847299338       0.244447687622       2.853452451364E-002
   1.01541724226       -4.00979200911        95.0400000000        3.46910049204       0.403536194150       2.175326317090E-002
   1.16047684830       -4.58261943899        95.0400000000        2.90272377910        1.16932012969       2.854895511305E-002
   1.30553645434       -5.15544686886        95.0400000000        2.20107972956        1.66488125846       3.015359710586E-002
   1.45059606038       -5.72827429873        95.0400000000        1.02032289483        1.76004957365       1.777145382537E-002
   1.59565566642       -6.30110172861        95.0400000000       3.074585968669E-002   1.32180454677       2.222187463615E-002
   0.00000000000        0.00000000000        95.0400000000        3.16500914337      -2.580280975866E-002  2.110902677878E-002
  0.323196638891      -0.494689282610        95.0400000000        3.16303919233       3.212706424045E-002  3.036703822297E-002
  0.646393277781      -0.989378565219        95.0400000000        3.16287226119       3.603811410629E-002  3.032450870015E-002
  0.969589916672       -1.48406784783        95.0400000000        3.16045709714       2.591950942301E-002  2.932637978274E-002
   1.29278655556       -1.97875713044        95.0400000000        3.14316923626      -1.452840035578E-002  2.365226642561E-002
   1.61598319445       -2.47344641305        95.0400000000        3.42848562565       0.291550683992       5.754027592568E-002
   1.93917983334       -2.96813569566        95.0400000000        3.60692780788       0.406114101376       3.848616679258E-002
   2.26237647223       -3.46282497827        95.0400000000        3.85055467654       0.355010930754       2.589911724405E-002
   2.58557311112       -3.95751426088        95.0400000000        4.55150664252       0.113741886388       2.501208272510E-002
   2.90876975001       -4.45220354349        95.0400000000        5.70072356930      -0.856107961981       1.518445936061E-002
   3.23196638891       -4.94689282610        95.0400000000        5.03620041195       -4.79509219479       4.749036027669E-003
   3.55516302780       -5.44158210871        95.0400000000        1.54704009019       -4.33721860557       1.017594679429E-002
   0.00000000000        0.00000000000        95.0400000000        3.16500914337      -2.580280975866E-002  2.110902677878E-002
  0.466310301007      -0.362943875680        95.0400000000        3.16640165194       2.562512822347E-002  2.999191309241E-002
  0.932620602014      -0.725887751361        95.0400000000        3.16280151169       2.628498739092E-002  2.983841873527E-002
   1.39893090302       -1.08883162704        95.0400000000        3.15919818035       1.247859613553E-002  2.782565280128E-002
   1.86524120403       -1.45177550272        95.0400000000        3.14946481106      -1.473990411253E-002  2.328134142728E-002
   2.33155150503       -1.81471937840        95.0400000000        3.16207546140       0.228833680229       5.623792657969E-002
   2.79786180604       -2.17766325408        95.0400000000        3.18224527808       4.837078350505E-002  3.229475900131E-002
   3.26417210705       -2.54060712976        95.0400000000        3.09799714110      -0.172238785534       2.556498961485E-002
   3.73048240806       -2.90355100544        95.0400000000        2.99974611910      -0.428664915893       1.654130016131E-002
   4.19679270906       -3.26649488112        95.0400000000        2.98339503869      -0.844534400615       1.494786079837E-002
   4.66310301007       -3.62943875680        95.0400000000        2.82533917877       -1.43208004293       3.682178858458E-002
   5.12941331108       -3.99238263248        95.0400000000        2.41421361774       -1.50955222431       3.702727952943E-002
   0.00000000000        0.00000000000        95.0400000000        3.16500914337      -2.580280975866E-002  2.110902677878E-002
  0.558892006459      -0.191867868166        95.0400000000        3.16632456728      -5.469688484634E-003  2.610328275033E-002
   1.11778401292      -0.383735736333        95.0400000000        3.16024461597      -2.893845548901E-003  2.667426872004E-002
   1.67667601938      -0.575603604499        95.0400000000        3.15431542986      -4.751172584900E-003  2.504729352406E-002
   2.23556802584      -0.767471472666        95.0400000000        3.15092723902      -1.289569076535E-002  2.179312227798E-002
   2.79446003230      -0.959339340832        95.0400000000        2.75887496323       8.956745499471E-002  5.411878286160E-002
   3.35335203876       -1.15120720900        95.0400000000        2.60644954249      -6.170481783180E-002  4.642532668741E-002
   3.91224404522       -1.34307507716        95.0400000000        2.51389758162      -0.204731470391       3.081703436133E-002
   4.47113605168       -1.53494294533        95.0400000000        2.39501482524      -0.304555081684       2.497119365079E-002
   5.03002805814       -1.72681081350        95.0400000000        2.27711558385      -0.326317282233       2.228895301753E-002
   5.58892006459       -1.91867868166        95.0400000000        2.10021341895      -0.354882268020       2.443534242209E-002
   6.14781207105       -2.11054654983        95.0400000000        1.85705124786      -0.336830441011       2.092658718062E-002
   0.00000000000        0.00000000000        95.0400000000        3.16500914337      -2.580280975866E-002  2.110902677878E-002
  0.590909090909        0.00000000000        95.0400000000        3.16252757302      -3.233028153599E-002  2.120751764311E-002
   1.18181818182      -1.172487511250E-015   95.0400000000        3.15836357738      -2.696074923382E-002  2.207475125336E-002
   1.77272727273        0.00000000000        95.0400000000        3.15201446832      -2.062217168520E-002  2.177954027811E-002
   2.36363636364        0.00000000000        95.0400000000        3.17563332339       1.269323745375E-002  2.274561794558E-002
   2.95454545455        0.00000000000        95.0400000000        2.65180398477      -9.113054613457E-004  4.437276346294E-002
   3.54545454545        0.00000000000        95.0400000000        2.54690759416      -8.883704576687E-002  3.225692102862E-002
   4.13636363636        0.00000000000        95.0400000000        2.42582979647      -7.835717379470E-002  1.883186583152E-002
   4.72727272727        0.00000000000        95.0400000000        2.31459656581      -1.524319354606E-002  1.009104996034E-002
   5.31818181818        0.00000000000        95.0400000000        2.19822969627      -3.700622199625E-003  8.731119988646E-003
   5.90909090909        0.00000000000        95.0400000000        2.08803459793      -9.585638919970E-003  9.504845966893E-003
   6.50000000000        0.00000000000        95.0400000000        1.96006270260      -1.802162303677E-002  6.113336635343E-003
