 12 20 1 1
 1 X [LENGU]
 2 Y [LENGU]
 3 Z [LENGU]
 4 Hx [FIELU]
 5 Hy [FIELU]
 6 Hz [FIELU]
 0
   0.00000000000        0.00000000000        70.0000000000        3.00080169158      -6.971423372006E-002 -5.905939589667E-003
  0.590909090909        0.00000000000        70.0000000000        3.00126772075      -6.359917951169E-002 -4.637640933820E-003
   1.18181818182        0.00000000000        70.0000000000        3.00780958388      -4.507275934610E-002 -2.355951715152E-003
   1.77272727273        0.00000000000        70.0000000000        3.02107107556      -2.945728105086E-002  7.020454973175E-004
   2.36363636364        0.00000000000        70.0000000000        3.03581920843      -1.368710322342E-002  3.834340692383E-003
   2.95454545455        0.00000000000        70.0000000000        3.09151614403      -3.530684113691E-003  1.088684856621E-002
   3.54545454545        0.00000000000        70.0000000000        2.97344825721      -1.001791129954E-004  1.010309463453E-002
   4.13636363636        0.00000000000        70.0000000000        2.85536592482       7.211658918461E-004  8.980318560614E-003
   4.72727272727        0.00000000000        70.0000000000        2.74527968786      -4.717399593652E-004  7.751491588700E-003
   5.31818181818        0.00000000000        70.0000000000        2.60059991965      -6.438422843940E-003  9.364128979283E-003
   5.90909090909        0.00000000000        70.0000000000        2.45969925978      -6.624396838413E-003  8.219513844077E-003
   6.50000000000        0.00000000000        70.0000000000        2.31879859991      -6.810370832885E-003  7.074898708871E-003
   0.00000000000        0.00000000000        70.0000000000        3.00080169158      -6.971423372006E-002 -5.905939589667E-003
  0.558892006459       0.191867868166        70.0000000000        3.00384633362      -5.876016527697E-002 -4.181273776114E-003
   1.11778401292       0.383735736333        70.0000000000        3.01654488019      -3.690106784668E-002 -8.786111672695E-004
   1.67667601938       0.575603604499        70.0000000000        3.03299735585      -1.681434347116E-002  3.024525074405E-003
   2.23556802584       0.767471472666        70.0000000000        3.04403899489      -2.532188537385E-003  5.138355578242E-003
   2.79446003230       0.959339340832        70.0000000000        3.15202810932       6.581271432803E-002  8.849288927474E-003
   3.35335203876        1.15120720900        70.0000000000        3.06699825866       0.211033836683       1.108419932848E-002
   3.91224404522        1.34307507716        70.0000000000        2.99537235797       0.306155079514       1.202674788455E-002
   4.47113605168        1.53494294533        70.0000000000        2.91603091497       0.404156482477       1.215754658736E-002
   5.03002805814        1.72681081350        70.0000000000        2.62636691311       0.450300004022       1.041870147319E-002
   5.58892006459        1.91867868166        70.0000000000        2.38563137544       0.431491060390       1.913913717893E-002
   6.14781207105        2.11054654983        70.0000000000        2.16808232000       0.453386693580       4.375992624006E-002
   0.00000000000        0.00000000000        70.0000000000        3.00080169158      -6.971423372006E-002 -5.905939589667E-003
  0.466310301007       0.362943875680        70.0000000000        3.00552896215      -5.649204150104E-002 -4.007043326467E-003
  0.932620602014       0.725887751361        70.0000000000        3.02166276520      -3.310266159610E-002 -2.535920970151E-004
   1.39893090302        1.08883162704        70.0000000000        3.03394709976      -1.370454609398E-002  3.129690069058E-003
   1.86524120403        1.45177550272        70.0000000000        3.04154447376       1.780127310392E-003  5.884764416169E-003
   2.33155150503        1.81471937840        70.0000000000        3.39081590273       5.326388913645E-002  7.411558613334E-003
   2.79786180604        2.17766325408        70.0000000000        3.33791654501       0.249970571658       1.041918020276E-002
   3.26417210705        2.54060712976        70.0000000000        3.31289662788       0.415088206471       1.169971304388E-002
   3.73048240806        2.90355100544        70.0000000000        3.27544865747       0.808020781396       1.109865231643E-002
   4.19679270906        3.26649488112        70.0000000000        3.20122419959        1.22027721710      -1.756584182357E-002
   4.66310301007        3.62943875680        70.0000000000        3.02492052797        1.64249432987      -3.739548580706E-002
   5.12941331108        3.99238263248        70.0000000000        2.49658264926        1.59698822919      -3.236760833719E-002
   0.00000000000        0.00000000000        70.0000000000        3.00080169158      -6.971423372006E-002 -5.905939589667E-003
  0.323196638891       0.494689282610        70.0000000000        3.00613326746      -5.704059458859E-002 -4.133830157565E-003
  0.646393277781       0.989378565219        70.0000000000        3.02260863667      -3.408915684998E-002 -5.486250188208E-004
  0.969589916672        1.48406784783        70.0000000000        3.03256045615      -1.626350542004E-002  2.340013268444E-003
   1.29278655556        1.97875713044        70.0000000000        3.03943236047      -6.841723733175E-003  5.059790998097E-003
   1.61598319445        2.47344641305        70.0000000000        3.52244525327      -5.575936759391E-002  4.197729679581E-003
   1.93917983334        2.96813569566        70.0000000000        3.71331011870      -9.555662571296E-002  3.066795770432E-003
   2.26237647223        3.46282497827        70.0000000000        4.07395755653      -0.100750838444      -3.217323978601E-004
   2.58557311112        3.95751426088        70.0000000000        4.88007245748       0.114577342441      -2.109511715406E-003
   2.90876975001        4.45220354349        70.0000000000        5.94559834406       0.917358405386       8.254640629435E-003
   3.23196638891        4.94689282610        70.0000000000        5.56045394245        5.26735021966       3.745809606559E-003
   3.55516302780        5.44158210871        70.0000000000        1.74195317266        4.25774644688       3.400500833694E-004
   0.00000000000        0.00000000000        70.0000000000        3.00080169158      -6.971423372006E-002 -5.905939589667E-003
  0.145059606038       0.572827429873        70.0000000000        3.00559376367      -6.034638030090E-002 -4.547894948956E-003
  0.290119212075        1.14565485975        70.0000000000        3.01927999473      -3.975365154050E-002 -1.731738537702E-003
  0.435178818113        1.71848228962        70.0000000000        3.02898768937      -2.421391850004E-002  7.410684070061E-004
  0.580238424151        2.29130971949        70.0000000000        3.03649819002      -4.327256515982E-002  2.713013362326E-004
  0.725298030189        2.86413714937        70.0000000000        3.53645899942      -0.155514678751      -4.518269954629E-004
  0.870357636226        3.43696457924        70.0000000000        3.62858065976      -0.253059367493      -2.651348101265E-003
   1.01541724226        4.00979200911        70.0000000000        3.26304564666      -0.606211715521      -7.705107884422E-003
   1.16047684830        4.58261943899        70.0000000000        2.97889227698       -1.12184546668      -1.200693735324E-003
   1.30553645434        5.15544686886        70.0000000000        2.33809479044       -1.72647343617      -1.293233579178E-002
   1.45059606038        5.72827429873        70.0000000000        1.11412062509       -1.77455510125      -2.905813021134E-002
   1.59565566642        6.30110172861        70.0000000000       3.481476109991E-002  -1.27573349966      -1.504332651388E-002
   0.00000000000        0.00000000000        70.0000000000        3.00080169158      -6.971423372006E-002 -5.905939589667E-003
 -4.879688596092E-002  0.588890836777        70.0000000000        3.00396891439      -6.605116546151E-002 -5.204367355616E-003
 -9.759377192185E-002   1.17778167355        70.0000000000        3.01235966343      -4.961791701526E-002 -3.623895549045E-003
 -0.146390657883        1.76667251033        70.0000000000        3.02361596412      -3.669423471337E-002 -1.493874029332E-003
 -0.195187543844        2.35556334711        70.0000000000        3.02992528173      -6.627557780327E-002 -3.735770779692E-003
 -0.243984429805        2.94445418388        70.0000000000        3.54164276636       6.910257779273E-002 -8.177729980365E-003
 -0.292781315766        3.53334502066        70.0000000000        3.67188507880       0.202063392911      -2.806530470032E-003
 -0.341578201726        4.12223585744        70.0000000000        3.24002800420       0.214891631091      -3.015407988135E-003
 -0.390375087687        4.71112669421        70.0000000000        2.74086467824       0.391428748160      -1.058974117679E-003
 -0.439171973648        5.30001753099        70.0000000000        2.00697973199       0.478532595083       7.824305404266E-004
 -0.487968859609        5.88890836777        70.0000000000        1.32809275900       0.606692855102       5.761440416123E-003
 -0.536765745570        6.47779920454        70.0000000000       0.817013837154       0.549162368873       5.579177874309E-003
   0.00000000000        0.00000000000        70.0000000000        3.00080169158      -6.971423372006E-002 -5.905939589667E-003
 -0.237365478204       0.541138783933        70.0000000000        3.00486418525      -6.515277514521E-002 -5.455086772888E-003
 -0.474730956408        1.08227756787        70.0000000000        3.00892667892      -6.059131657035E-002 -5.004233956109E-003
 -0.712096434612        1.62341635180        70.0000000000        3.01314806108      -5.564141642264E-002 -4.526646893822E-003
 -0.949461912816        2.16455513573        70.0000000000        3.02012191940      -5.473273161714E-002 -4.307221979962E-003
  -1.18682739102        2.70569391966        70.0000000000        3.51801556517       0.115046892304      -9.439277003864E-003
  -1.42419286922        3.24683270360        70.0000000000        3.65716069296       0.329955936702      -5.624466634778E-003
  -1.66155834743        3.78797148753        70.0000000000        3.81788154906       0.575737766114      -1.858752237109E-003
  -1.89892382563        4.32911027146        70.0000000000        4.21058373081        1.22804637208      -1.472139476430E-005
  -2.13628930384        4.87024905539        70.0000000000        5.08472442624        3.30009090663       7.136217797888E-004
  -2.37365478204        5.41138783933        70.0000000000        1.29513762486        5.28439564171       1.795286863553E-003
  -2.61102026024        5.95252662326        70.0000000000       -3.08150101942       0.960333511223       3.416401986115E-003
   0.00000000000        0.00000000000        70.0000000000        3.00080169158      -6.971423372006E-002 -5.905939589667E-003
 -0.400211837779       0.434745947216        70.0000000000        3.00715815553      -6.025296909832E-002 -5.445247966179E-003
 -0.800423675558       0.869491894432        70.0000000000        3.01351461948      -5.079170447657E-002 -4.984556342691E-003
  -1.20063551334        1.30423784165        70.0000000000        3.01987108343      -4.133043985483E-002 -4.523864719203E-003
  -1.60084735112        1.73898378886        70.0000000000        3.02438086368      -3.853856972972E-002 -3.650207243110E-003
  -2.00105918889        2.17372973608        70.0000000000        3.27701088432       0.216400498239      -2.903899359777E-003
  -2.40127102667        2.60847568330        70.0000000000        3.58426235680      -0.157073454048      -1.269902533434E-002
  -2.80148286445        3.04322163051        70.0000000000        3.64926538676      -0.383376715986      -1.168401270987E-002
  -3.20169470223        3.47796757773        70.0000000000        3.89767564639      -0.716371402789      -1.818759079315E-002
  -3.60190654001        3.91271352494        70.0000000000        3.97635603039       -1.49527724159      -1.675590680803E-003
  -4.00211837779        4.34745947216        70.0000000000        3.70891954834       -2.31780862576       9.830383729527E-003
  -4.40233021557        4.78220541938        70.0000000000        2.97087072514       -2.32979995999       8.140285849695E-003
   0.00000000000        0.00000000000        70.0000000000        3.00080169158      -6.971423372006E-002 -5.905939589667E-003
 -0.519689034804       0.281241641340        70.0000000000        3.01250493488      -5.198243527075E-002 -4.862780879753E-003
  -1.03937806961       0.562483282680        70.0000000000        3.02884091964      -2.880767736269E-002 -3.048803281713E-003
  -1.55906710441       0.843724924020        70.0000000000        3.04104452029      -1.168986546037E-002 -1.730025048692E-003
  -2.07875613922        1.12496656536        70.0000000000        3.03791240493      -1.998555354355E-002 -2.430085648552E-003
  -2.59844517402        1.40620820670        70.0000000000        3.25448657410      -7.019475822474E-002 -1.063339932036E-002
  -3.11813420882        1.68744984804        70.0000000000        3.14937891584      -0.250625405010      -6.886646973781E-003
  -3.63782324363        1.96869148938        70.0000000000        3.04427125759      -0.431056051796      -3.139894627197E-003
  -4.15751227843        2.24993313072        70.0000000000        2.93916359933      -0.611486698582       6.068577193866E-004
  -4.67720131323        2.53117477206        70.0000000000        2.82896027575      -0.740128789969       2.302727864205E-003
  -5.19689034804        2.81241641340        70.0000000000        2.52299359445      -0.933022374518       8.668844270197E-003
  -5.71657938284        3.09365805474        70.0000000000        2.21349655138       -1.12482573008      -1.885439535066E-003
   0.00000000000        0.00000000000        70.0000000000        3.00080169158      -6.971423372006E-002 -5.905939589667E-003
 -0.582849861102       9.726043971134E-002   70.0000000000        3.02187303323      -3.941878352408E-002 -3.513254718929E-003
  -1.16569972220       0.194520879423        70.0000000000        3.04822745557      -5.892648792580E-003 -2.868794313714E-004
  -1.74854958330       0.291781319134        70.0000000000        3.05986725320       7.514868067191E-003  1.183080401367E-003
  -2.33139944441       0.389041758845        70.0000000000        3.06730457131       1.383876284891E-002  1.715592833164E-003
  -2.91424930551       0.486302198557        70.0000000000        3.08492290574      -6.169725471250E-002 -1.028017278523E-002
  -3.49709916661       0.583562638268        70.0000000000        2.96313304253      -0.114392155451      -9.249629573029E-003
  -4.07994902771       0.680823077979        70.0000000000        2.84134317933      -0.167087056189      -8.219086360825E-003
  -4.66279888881       0.778083517691        70.0000000000        2.71855444701      -0.194914044743      -8.417481479661E-003
  -5.24564874991       0.875343957402        70.0000000000        2.57139144234      -0.188755695034      -9.210282875942E-003
  -5.82849861102       0.972604397113        70.0000000000        2.41317297640      -0.188928338938      -9.348442745173E-003
  -6.41134847212        1.06986483682        70.0000000000        2.22936431152      -0.185553840515      -1.047986149099E-002
   0.00000000000        0.00000000000        70.0000000000        3.00080169158      -6.971423372006E-002 -5.905939589667E-003
 -0.582849861102      -9.726043971134E-002   70.0000000000        3.02856434466      -3.109753810594E-002 -2.496039605644E-003
  -1.16569972220      -0.194520879423        70.0000000000        3.06335830533      -6.524738844259E-003  1.862665024559E-003
  -1.74854958330      -0.291781319134        70.0000000000        3.07392550388       3.005268213012E-003  3.231493045396E-003
  -2.33139944441      -0.389041758845        70.0000000000        3.08395296236       2.439288975223E-002  4.550681495805E-003
  -2.91424930551      -0.486302198557        70.0000000000        3.09930488519       4.075751482770E-002 -5.083188472892E-003
  -3.49709916661      -0.583562638268        70.0000000000        2.98477907888       9.072992840556E-002 -5.073181860983E-003
  -4.07994902771      -0.680823077979        70.0000000000        2.86901165235       0.112484785764      -5.554514100300E-003
  -4.66279888881      -0.778083517691        70.0000000000        2.74299751636       0.148607444305      -6.222544594779E-003
  -5.24564874991      -0.875343957402        70.0000000000        2.61333065058       0.178996283051      -6.530223103905E-003
  -5.82849861102      -0.972604397113        70.0000000000        2.45924780452       0.207219582663      -8.730751600341E-003
  -6.41134847212       -1.06986483682        70.0000000000        2.22727342793       0.213196315413      -1.519666543179E-002
   0.00000000000        0.00000000000        70.0000000000        3.00080169158      -6.971423372006E-002 -5.905939589667E-003
 -0.519689034804      -0.281241641340        70.0000000000        3.03343132451      -3.328686887943E-002 -1.768855745621E-003
  -1.03937806961      -0.562483282680        70.0000000000        3.07063640921      -1.311348137260E-002  2.388191562757E-003
  -1.55906710441      -0.843724924020        70.0000000000        3.08644490615      -4.502325923447E-003  4.001717893618E-003
  -2.07875613922       -1.12496656536        70.0000000000        3.09345513123       1.578781757534E-002  6.168171245587E-003
  -2.59844517402       -1.40620820670        70.0000000000        3.25054149545       6.992193375709E-002 -2.994855859615E-003
  -3.11813420882       -1.68744984804        70.0000000000        3.15450493345       0.162767278156      -2.464314701589E-003
  -3.63782324363       -1.96869148938        70.0000000000        3.04132558866       0.329899033998       1.174771547104E-004
  -4.15751227843       -2.24993313072        70.0000000000        2.93591880591       0.504160239948       2.664642884038E-003
  -4.67720131323       -2.53117477206        70.0000000000        2.81193536747       0.729976493195       2.264295356759E-003
  -5.19689034804       -2.81241641340        70.0000000000        2.51263257946       0.914663482543      -1.638128596950E-002
  -5.71657938284       -3.09365805474        70.0000000000        2.06054867691        1.10103224956      -3.973971263497E-002
   0.00000000000        0.00000000000        70.0000000000        3.00080169158      -6.971423372006E-002 -5.905939589667E-003
 -0.400211837779      -0.434745947216        70.0000000000        3.03370379728      -3.812026708539E-002 -1.627323817318E-003
 -0.800423675558      -0.869491894432        70.0000000000        3.07848265634      -1.603171544429E-002  2.530956010959E-003
  -1.20063551334       -1.30423784165        70.0000000000        3.09370930872      -1.645949461775E-002  3.579967668419E-003
  -1.60084735112       -1.73898378886        70.0000000000        3.09783048080      -2.399544163389E-003  4.352413268445E-003
  -2.00105918889       -2.17372973608        70.0000000000        3.34499280024      -5.758112934548E-002 -3.400923416874E-003
  -2.40127102667       -2.60847568330        70.0000000000        3.67821741898       0.233180627130      -5.994042757591E-004
  -2.80148286445       -3.04322163051        70.0000000000        3.83734219368       0.502598246809      -4.123574298037E-004
  -3.20169470223       -3.47796757773        70.0000000000        3.99420669837       0.734019300970       2.604523475916E-004
  -3.60190654001       -3.91271352494        70.0000000000        3.99137120025        1.48959997422       1.634108936228E-002
  -4.00211837779       -4.34745947216        70.0000000000        3.62784606388        2.21583673434       7.403800604848E-002
  -4.40233021557       -4.78220541938        70.0000000000        3.14897825098        2.37532200754       7.868157346042E-003
   0.00000000000        0.00000000000        70.0000000000        3.00080169158      -6.971423372006E-002 -5.905939589667E-003
 -0.237365478204      -0.541138783933        70.0000000000        3.02935223632      -4.507395903031E-002 -2.086781001261E-003
 -0.474730956408       -1.08227756787        70.0000000000        3.05634925304      -0.104480237073       8.262847407023E-004
 -0.712096434612       -1.62341635180        70.0000000000        3.08412205822      -6.897021140486E-002  2.025533521184E-003
 -0.949461912816       -2.16455513573        70.0000000000        3.06475162160      -0.186355516314      -5.530917801468E-003
  -1.18682739102       -2.70569391966        70.0000000000        3.47120921160      -0.102540483205      -1.049272780247E-003
  -1.42419286922       -3.24683270360        70.0000000000        3.60689765995      -0.172650227126      -3.917870732739E-003
  -1.66155834743       -3.78797148753        70.0000000000        3.75431138562      -0.586874936816      -2.244395527517E-003
  -1.89892382563       -4.32911027146        70.0000000000        4.10249675348      -0.997520622325       5.920423419516E-004
  -2.13628930384       -4.87024905539        70.0000000000        4.84347125360       -3.25376031501      -8.798734832955E-004
  -2.37365478204       -5.41138783933        70.0000000000       0.400693321933       -7.90625669118      -2.673130390672E-003
  -2.61102026024       -5.95252662326        70.0000000000       -2.95421707128      -0.940281546064      -4.098459407803E-003
   0.00000000000        0.00000000000        70.0000000000        3.00080169158      -6.971423372006E-002 -5.905939589667E-003
 -4.879688596092E-002 -0.588890836777        70.0000000000        3.02084820079      -5.339440429429E-002 -3.097437982358E-003
 -9.759377192185E-002  -1.17778167355        70.0000000000        3.01058644979      -0.255409499728      -2.334374016501E-003
 -0.146390657883       -1.76667251033        70.0000000000        3.01811453356      -0.275009578904      -2.152457747371E-003
 -0.195187543844       -2.35556334711        70.0000000000        3.02332813464      -0.393080382241      -1.991538448909E-002
 -0.243984429805       -2.94445418388        70.0000000000        3.48558649686      -5.019310403262E-002 -9.771703396837E-004
 -0.292781315766       -3.53334502066        70.0000000000        3.48704516712       4.581298216510E-002 -2.923490372342E-003
 -0.341578201726       -4.12223585744        70.0000000000        3.18046025259      -0.209487048028      -2.444035626655E-003
 -0.390375087687       -4.71112669421        70.0000000000        2.66217659289      -0.297510569476      -2.784267040615E-003
 -0.439171973648       -5.30001753099        70.0000000000        1.98348782252      -0.495202096913       9.517001857833E-003
 -0.487968859609       -5.88890836777        70.0000000000        1.30234287696      -0.621027242008       9.502384784763E-003
 -0.536765745570       -6.47779920454        70.0000000000       0.741603896740      -0.432188240287       1.763285178924E-002
   0.00000000000        0.00000000000        70.0000000000        3.00080169158      -6.971423372006E-002 -5.905939589667E-003
  0.145059606038      -0.572827429873        70.0000000000        3.00911323488      -6.217995352799E-002 -4.549774394748E-003
  0.290119212075       -1.14565485975        70.0000000000        2.97562191430      -0.331240190892      -4.294043742399E-003
  0.435178818113       -1.71848228962        70.0000000000        2.95182664760      -0.337818662856      -1.897532689217E-003
  0.580238424151       -2.29130971949        70.0000000000        2.98539885763      -0.249820080619      -7.770801039854E-003
  0.725298030189       -2.86413714937        70.0000000000        3.58908573724       7.694145826667E-002 -2.649043077918E-003
  0.870357636226       -3.43696457924        70.0000000000        3.53724466095       0.422749577339       4.642953693272E-003
   1.01541724226       -4.00979200911        70.0000000000        3.53334848418       0.765051219062      -1.428974324620E-003
   1.16047684830       -4.58261943899        70.0000000000        3.13958607245       0.941662671877      -2.225557793748E-003
   1.30553645434       -5.15544686886        70.0000000000        2.27443104322        1.67118847788      -3.253683512409E-003
   1.45059606038       -5.72827429873        70.0000000000        1.09600045725        1.76795529955       1.004021948076E-002
   1.59565566642       -6.30110172861        70.0000000000       0.112803814005        1.31909263707       5.660211234719E-003
   0.00000000000        0.00000000000        70.0000000000        3.00080169158      -6.971423372006E-002 -5.905939589667E-003
  0.323196638891      -0.494689282610        70.0000000000        2.99683115247      -7.528229535609E-002 -6.149887660881E-003
  0.646393277781      -0.989378565219        70.0000000000        3.00388148417      -0.130351315680      -4.707190767114E-003
  0.969589916672       -1.48406784783        70.0000000000        2.97616244407      -0.183952699142      -4.356951952236E-003
   1.29278655556       -1.97875713044        70.0000000000        2.96655584713      -7.998291226130E-002 -3.669305368176E-003
   1.61598319445       -2.47344641305        70.0000000000        3.56236311011       8.808268078190E-003  1.256691611644E-002
   1.93917983334       -2.96813569566        70.0000000000        3.74508345283      -0.201344966924       8.329909072121E-003
   2.26237647223       -3.46282497827        70.0000000000        3.88969078234      -0.234072573106       3.959319634814E-003
   2.58557311112       -3.95751426088        70.0000000000        4.63558900765      -3.562899374860E-002  3.652508660450E-003
   2.90876975001       -4.45220354349        70.0000000000        5.98666487189       -1.05470056480       1.551823873505E-002
   3.23196638891       -4.94689282610        70.0000000000        5.88511248309       -4.61370461113       2.499668275876E-002
   3.55516302780       -5.44158210871        70.0000000000        1.94809746940       -4.39883568937       3.231576346058E-002
   0.00000000000        0.00000000000        70.0000000000        3.00080169158      -6.971423372006E-002 -5.905939589667E-003
  0.466310301007      -0.362943875680        70.0000000000        2.99460708585      -7.867057933171E-002 -6.173752790490E-003
  0.932620602014      -0.725887751361        70.0000000000        2.99438837872      -7.522180078006E-002 -5.611216256912E-003
   1.39893090302       -1.08883162704        70.0000000000        2.99663935147      -7.181060236872E-002 -4.810114022305E-003
   1.86524120403       -1.45177550272        70.0000000000        2.97908302216      -5.174334157538E-002 -6.679762849535E-004
   2.33155150503       -1.81471937840        70.0000000000        3.44242285706      -5.292741837789E-002  1.396014538527E-002
   2.79786180604       -2.17766325408        70.0000000000        3.50921509869      -0.244747066687       1.234980357472E-002
   3.26417210705       -2.54060712976        70.0000000000        3.47312303031      -0.442573206591       1.366346142559E-002
   3.73048240806       -2.90355100544        70.0000000000        3.34889585398      -0.701520554066       1.723124505267E-002
   4.19679270906       -3.26649488112        70.0000000000        3.24123325075       -1.23043267289       2.855664457517E-002
   4.66310301007       -3.62943875680        70.0000000000        2.99740337030       -1.58547684297       4.039079573752E-002
   5.12941331108       -3.99238263248        70.0000000000        2.47102606124       -1.63879816411       4.512954270052E-002
   0.00000000000        0.00000000000        70.0000000000        3.00080169158      -6.971423372006E-002 -5.905939589667E-003
  0.558892006459      -0.191867868166        70.0000000000        2.99807255628      -7.048470192783E-002 -5.326690336784E-003
   1.11778401292      -0.383735736333        70.0000000000        3.00056694720      -5.848498994790E-002 -3.868541511381E-003
   1.67667601938      -0.575603604499        70.0000000000        3.00818873279      -4.897312356933E-002 -2.741258342582E-003
   2.23556802584      -0.767471472666        70.0000000000        3.00877238588      -3.290704459912E-002  7.278816285574E-004
   2.79446003230      -0.959339340832        70.0000000000        3.16276883403      -8.411616888271E-002  1.136827954931E-002
   3.35335203876       -1.15120720900        70.0000000000        3.06993285126      -0.152068941999       1.559524370550E-002
   3.91224404522       -1.34307507716        70.0000000000        3.15047861887      -0.210892457344       1.088218349210E-002
   4.47113605168       -1.53494294533        70.0000000000        2.99981061040      -0.424607869107       1.326146337035E-002
   5.03002805814       -1.72681081350        70.0000000000        2.65489021559      -0.439303340182       8.603931796692E-003
   5.58892006459       -1.91867868166        70.0000000000        2.42309833360      -0.427399959088       2.152692469108E-002
   6.14781207105       -2.11054654983        70.0000000000        2.15069494860      -0.425875705081       1.308095348246E-002
   0.00000000000        0.00000000000        70.0000000000        3.00080169158      -6.971423372006E-002 -5.905939589667E-003
  0.590909090909        0.00000000000        70.0000000000        3.00126772075      -6.359917951169E-002 -4.637640933820E-003
   1.18181818182      -1.172487511250E-015   70.0000000000        3.00780958388      -4.507275934610E-002 -2.355951715152E-003
   1.77272727273        0.00000000000        70.0000000000        3.02107107556      -2.945728105086E-002  7.020454973175E-004
   2.36363636364        0.00000000000        70.0000000000        3.03581920843      -1.368710322342E-002  3.834340692383E-003
   2.95454545455        0.00000000000        70.0000000000        3.09151614403      -3.530684113691E-003  1.088684856621E-002
   3.54545454545        0.00000000000        70.0000000000        2.97344825721      -1.001791129954E-004  1.010309463453E-002
   4.13636363636        0.00000000000        70.0000000000        2.85536592482       7.211658918461E-004  8.980318560614E-003
   4.72727272727        0.00000000000        70.0000000000        2.74527968786      -4.717399593652E-004  7.751491588700E-003
   5.31818181818        0.00000000000        70.0000000000        2.60059991965      -6.438422843940E-003  9.364128979283E-003
   5.90909090909        0.00000000000        70.0000000000        2.45969925978      -6.624396838413E-003  8.219513844077E-003
   6.50000000000        0.00000000000        70.0000000000        2.31879859991      -6.810370832885E-003  7.074898708871E-003
