 12 20 1 1
 1 X [LENGU]
 2 Y [LENGU]
 3 Z [LENGU]
 4 Hx [FIELU]
 5 Hy [FIELU]
 6 Hz [FIELU]
 0
   0.00000000000        0.00000000000        70.0000000000        2.36376153600      -6.025398148765E-002 -5.031925664999E-003
  0.590909090909        0.00000000000        70.0000000000        2.36805705473      -5.355950051544E-002 -3.373075553495E-003
   1.18181818182        0.00000000000        70.0000000000        2.37634497618      -3.717726698212E-002 -1.013253897439E-003
   1.77272727273        0.00000000000        70.0000000000        2.38835594966      -2.348312395659E-002  1.814331510966E-003
   2.36363636364        0.00000000000        70.0000000000        2.40101193913      -9.916633087606E-003  4.550362207183E-003
   2.95454545455        0.00000000000        70.0000000000        2.42857338116      -1.398081458059E-003  8.898205235747E-003
   3.54545454545        0.00000000000        70.0000000000        2.33620849491       9.985665083074E-004  8.246841265846E-003
   4.13636363636        0.00000000000        70.0000000000        2.24378007690       1.269514567339E-003  7.328849730779E-003
   4.72727272727        0.00000000000        70.0000000000        2.15759256191      -9.666203190766E-005  6.324405522872E-003
   5.31818181818        0.00000000000        70.0000000000        2.04429838514      -5.005254179065E-003  7.507289923939E-003
   5.90909090909        0.00000000000        70.0000000000        1.93407229375      -5.291557285128E-003  6.528634712522E-003
   6.50000000000        0.00000000000        70.0000000000        1.82384620236      -5.577860391191E-003  5.549979501105E-003
   0.00000000000        0.00000000000        70.0000000000        2.36376153600      -6.025398148765E-002 -5.031925664999E-003
  0.558892006459       0.191867868166        70.0000000000        2.37071998242      -4.949804456453E-002 -2.963402376790E-003
   1.11778401292       0.383735736333        70.0000000000        2.38354776522      -3.044483962018E-002  1.857182934424E-004
   1.67667601938       0.575603604499        70.0000000000        2.39829410300      -1.295295830699E-002  3.742484344524E-003
   2.23556802584       0.767471472666        70.0000000000        2.40904732651       2.180442365609E-003  6.012264532581E-003
   2.79446003230       0.959339340832        70.0000000000        2.47488362952       5.076715098295E-002  7.341443993162E-003
   3.35335203876        1.15120720900        70.0000000000        2.40809951598       0.164660799817       9.108644297509E-003
   3.91224404522        1.34307507716        70.0000000000        2.35237378674       0.238936449932       9.820363083927E-003
   4.47113605168        1.53494294533        70.0000000000        2.29060495985       0.315485830135       9.881019772575E-003
   5.03002805814        1.72681081350        70.0000000000        2.06391974833       0.351777751975       8.297650924073E-003
   5.58892006459        1.91867868166        70.0000000000        1.87552452846       0.336520184838       1.504409965841E-002
   6.14781207105        2.11054654983        70.0000000000        1.70502826508       0.353425921159       3.426609433080E-002
   0.00000000000        0.00000000000        70.0000000000        2.36376153600      -6.025398148765E-002 -5.031925664999E-003
  0.466310301007       0.362943875680        70.0000000000        2.37224466500      -4.768787217541E-002 -2.844047653275E-003
  0.932620602014       0.725887751361        70.0000000000        2.38751649914      -2.750558874242E-002  6.103779146350E-004
   1.39893090302        1.08883162704        70.0000000000        2.39928926477      -8.823194836056E-003  3.929997963646E-003
   1.86524120403        1.45177550272        70.0000000000        2.40744518938       7.542201381978E-003  6.914554682941E-003
   2.33155150503        1.81471937840        70.0000000000        2.66470733520       3.755114822327E-002  6.121335820449E-003
   2.79786180604        2.17766325408        70.0000000000        2.62290646371       0.191690510372       8.516481655868E-003
   3.26417210705        2.54060712976        70.0000000000        2.60282683039       0.321475875230       9.583015485220E-003
   3.73048240806        2.90355100544        70.0000000000        2.57246603862       0.630621933295       9.051425430516E-003
   4.19679270906        3.26649488112        70.0000000000        2.51413373328       0.954027368272      -1.353036274616E-002
   4.66310301007        3.62943875680        70.0000000000        2.37635247789        1.28528568577      -2.920855079440E-002
   5.12941331108        3.99238263248        70.0000000000        1.96217542945        1.24976869583      -2.538607320480E-002
   0.00000000000        0.00000000000        70.0000000000        2.36376153600      -6.025398148765E-002 -5.031925664999E-003
  0.323196638891       0.494689282610        70.0000000000        2.37246587944      -4.832514361417E-002 -3.027945319222E-003
  0.646393277781       0.989378565219        70.0000000000        2.38782110404      -2.867802778861E-002  2.147065069098E-004
  0.969589916672        1.48406784783        70.0000000000        2.39767852213      -1.069825412275E-002  3.149042270391E-003
   1.29278655556        1.97875713044        70.0000000000        2.40460752876      -6.940880921660E-004  6.126124459900E-003
   1.61598319445        2.47344641305        70.0000000000        2.77158619941      -4.755669313478E-002  3.564561781716E-003
   1.93917983334        2.96813569566        70.0000000000        2.92020107014      -7.901019307748E-002  2.836156515084E-003
   2.26237647223        3.46282497827        70.0000000000        3.20189423161      -8.344140379966E-002 -3.649315722624E-006
   2.58557311112        3.95751426088        70.0000000000        3.83233995695       8.754194144813E-002 -1.620843829502E-003
   2.90876975001        4.45220354349        70.0000000000        4.66677034161       0.716969541851       6.477136645413E-003
   3.23196638891        4.94689282610        70.0000000000        4.36449495742        4.12644047211       2.920689691464E-003
   3.55516302780        5.44158210871        70.0000000000        1.37166021855        3.33549147510       2.057275119443E-004
   0.00000000000        0.00000000000        70.0000000000        2.36376153600      -6.025398148765E-002 -5.031925664999E-003
  0.145059606038       0.572827429873        70.0000000000        2.37135965373      -5.134080063213E-002 -3.495167209060E-003
  0.290119212075        1.14565485975        70.0000000000        2.38442857124      -3.383510479583E-002 -9.584187932317E-004
  0.435178818113        1.71848228962        70.0000000000        2.39363642405      -1.837494439882E-002  1.484245931900E-003
  0.580238424151        2.29130971949        70.0000000000        2.40126601633      -3.608366437073E-002  1.169116480418E-003
  0.725298030189        2.86413714937        70.0000000000        2.79115763347      -0.123976811175      -4.968113473501E-004
  0.870357636226        3.43696457924        70.0000000000        2.85727021563      -0.197165128230      -2.339268687470E-003
   1.01541724226        4.00979200911        70.0000000000        2.56860940181      -0.474046448846      -6.448657364694E-003
   1.16047684830        4.58261943899        70.0000000000        2.34379788276      -0.878221207181      -9.519263586688E-004
   1.30553645434        5.15544686886        70.0000000000        1.84024875364       -1.35235396728      -1.027912615530E-002
   1.45059606038        5.72827429873        70.0000000000       0.880259011565       -1.38977644863      -2.311848412249E-002
   1.59565566642        6.30110172861        70.0000000000       3.373268088221E-002 -0.998938486835      -1.200535389582E-002
   0.00000000000        0.00000000000        70.0000000000        2.36376153600      -6.025398148765E-002 -5.031925664999E-003
 -4.879688596092E-002  0.588890836777        70.0000000000        2.36904586459      -5.640804999864E-002 -4.195082581329E-003
 -9.759377192185E-002   1.17778167355        70.0000000000        2.37787550434      -4.254314813332E-002 -2.747696028268E-003
 -0.146390657883        1.76667251033        70.0000000000        2.38760099457      -3.102137715673E-002 -8.839845365755E-004
 -0.195187543844        2.35556334711        70.0000000000        2.39415407859      -5.880743783856E-002 -3.054944055579E-003
 -0.243984429805        2.94445418388        70.0000000000        2.78741420668       5.852808447488E-002 -7.176515672489E-003
 -0.292781315766        3.53334502066        70.0000000000        2.88850169827       0.162234487276      -2.772456175933E-003
 -0.341578201726        4.12223585744        70.0000000000        2.54852757826       0.172695118651      -2.919214182614E-003
 -0.390375087687        4.71112669421        70.0000000000        2.15637264617       0.311176161944      -1.253928264942E-003
 -0.439171973648        5.30001753099        70.0000000000        1.58059858801       0.378858450127       4.027524761472E-004
 -0.487968859609        5.88890836777        70.0000000000        1.04770462578       0.478693708348       4.438662359833E-003
 -0.536765745570        6.47779920454        70.0000000000       0.646780204831       0.433488585958       4.180864839007E-003
   0.00000000000        0.00000000000        70.0000000000        2.36376153600      -6.025398148765E-002 -5.031925664999E-003
 -0.237365478204       0.541138783933        70.0000000000        2.36810284082      -5.640004825209E-002 -4.651006241118E-003
 -0.474730956408        1.08227756787        70.0000000000        2.37244414565      -5.254611501653E-002 -4.270086817237E-003
 -0.712096434612        1.62341635180        70.0000000000        2.37689329126      -4.838742612724E-002 -3.870595966637E-003
 -0.949461912816        2.16455513573        70.0000000000        2.38333707520      -4.850940841861E-002 -3.810119454062E-003
  -1.18682739102        2.70569391966        70.0000000000        2.76456368771       9.657936579872E-002 -8.125499667606E-003
  -1.42419286922        3.24683270360        70.0000000000        2.87276694255       0.265556642823      -5.153440166995E-003
  -1.66155834743        3.78797148753        70.0000000000        2.99721485403       0.458617067564      -2.037074429564E-003
  -1.89892382563        4.32911027146        70.0000000000        3.30418517305       0.969496624647      -3.643946131950E-004
  -2.13628930384        4.87024905539        70.0000000000        3.98964903856        2.59171197304       1.584608462725E-004
  -2.37365478204        5.41138783933        70.0000000000        1.01964083418        4.14585955893       1.085189979702E-003
  -2.61102026024        5.95252662326        70.0000000000       -2.41022930430       0.756593081301       2.440045055930E-003
   0.00000000000        0.00000000000        70.0000000000        2.36376153600      -6.025398148765E-002 -5.031925664999E-003
 -0.400211837779       0.434745947216        70.0000000000        2.36793749018      -5.328251823196E-002 -4.933267625296E-003
 -0.800423675558       0.869491894432        70.0000000000        2.37211344436      -4.631105497628E-002 -4.834609585594E-003
  -1.20063551334        1.30423784165        70.0000000000        2.37628939854      -3.933959172059E-002 -4.735951545891E-003
  -1.60084735112        1.73898378886        70.0000000000        2.38181286748      -3.651067323842E-002 -3.797165396107E-003
  -2.00105918889        2.17372973608        70.0000000000        2.56330582927       0.181738072081      -3.571913052833E-003
  -2.40127102667        2.60847568330        70.0000000000        2.81081890206      -0.117278585771      -1.066686654553E-002
  -2.80148286445        3.04322163051        70.0000000000        2.86184125359      -0.294763123174      -9.996556242501E-003
  -3.20169470223        3.47796757773        70.0000000000        3.05629398435      -0.555668062467      -1.543110378313E-002
  -3.60190654001        3.91271352494        70.0000000000        3.11804362388       -1.16746734396      -2.116264416393E-003
  -4.00211837779        4.34745947216        70.0000000000        2.90947872240       -1.81258630068       7.172183048748E-003
  -4.40233021557        4.78220541938        70.0000000000        2.33125736437       -1.82199186095       5.963388752617E-003
   0.00000000000        0.00000000000        70.0000000000        2.36376153600      -6.025398148765E-002 -5.031925664999E-003
 -0.519689034804       0.281241641340        70.0000000000        2.37073969571      -4.706938802371E-002 -4.653274853379E-003
  -1.03937806961       0.562483282680        70.0000000000        2.38195247242      -2.911655391464E-002 -3.565225472526E-003
  -1.55906710441       0.843724924020        70.0000000000        2.39019875143      -1.601575110040E-002 -2.810035967090E-003
  -2.07875613922        1.12496656536        70.0000000000        2.38767141234      -2.350477391320E-002 -3.443336334863E-003
  -2.59844517402        1.40620820670        70.0000000000        2.55135101910      -5.246849726155E-002 -8.763189060969E-003
  -3.11813420882        1.68744984804        70.0000000000        2.46902539582      -0.193991249931      -5.965090209769E-003
  -3.63782324363        1.96869148938        70.0000000000        2.38669977254      -0.335514002600      -3.166991358569E-003
  -4.15751227843        2.24993313072        70.0000000000        2.30437414925      -0.477036755269      -3.688925073693E-004
  -4.67720131323        2.53117477206        70.0000000000        2.21846037438      -0.577550568959       9.340610580942E-004
  -5.19689034804        2.81241641340        70.0000000000        1.97987420086      -0.728798118042       6.291890060254E-003
  -5.71657938284        3.09365805474        70.0000000000        1.73780356458      -0.878902338095      -1.819156463907E-003
   0.00000000000        0.00000000000        70.0000000000        2.36376153600      -6.025398148765E-002 -5.031925664999E-003
 -0.582849861102       9.726043971134E-002   70.0000000000        2.37762068792      -3.684075655191E-002 -3.604341431730E-003
  -1.16569972220       0.194520879423        70.0000000000        2.39643358173      -1.006792270840E-002 -1.403367873915E-003
  -1.74854958330       0.291781319134        70.0000000000        2.40456787242       4.220953597025E-004 -3.929571521164E-004
  -2.33139944441       0.389041758845        70.0000000000        2.40976307441       3.870807666848E-003 -1.423351415312E-004
  -2.91424930551       0.486302198557        70.0000000000        2.41779130444      -4.996494054350E-002 -8.493670743798E-003
  -3.49709916661       0.583562638268        70.0000000000        2.32302148113      -9.095776770858E-002 -7.786423571254E-003
  -4.07994902771       0.680823077979        70.0000000000        2.22825165782      -0.131950594874      -7.079176398709E-003
  -4.66279888881       0.778083517691        70.0000000000        2.13254137654      -0.153338854259      -7.281909232792E-003
  -5.24564874991       0.875343957402        70.0000000000        2.01766774086      -0.148059218865      -7.789911857999E-003
  -5.82849861102       0.972604397113        70.0000000000        1.89414487934      -0.147973018186      -7.756116197432E-003
  -6.41134847212        1.06986483682        70.0000000000        1.75056793027      -0.145126929827      -8.492166558959E-003
   0.00000000000        0.00000000000        70.0000000000        2.36376153600      -6.025398148765E-002 -5.031925664999E-003
 -0.582849861102      -9.726043971134E-002   70.0000000000        2.38266108056      -2.990135810498E-002 -2.776292599584E-003
  -1.16569972220      -0.194520879423        70.0000000000        2.40935023469      -7.749001551344E-003  4.662816720397E-004
  -1.74854958330      -0.291781319134        70.0000000000        2.41701831117      -6.242323115185E-004  1.501776515855E-003
  -2.33139944441      -0.389041758845        70.0000000000        2.42330837032       1.395837940126E-002  2.270070546858E-003
  -2.91424930551      -0.486302198557        70.0000000000        2.43040092133       2.867790117337E-002 -4.487599690632E-003
  -3.49709916661      -0.583562638268        70.0000000000        2.34098263398       6.834705919961E-002 -4.506053781274E-003
  -4.07994902771      -0.680823077979        70.0000000000        2.25086752745       8.567296418266E-002 -4.946213498746E-003
  -4.66279888881      -0.778083517691        70.0000000000        2.15257349159       0.114261242475      -5.382555431364E-003
  -5.24564874991      -0.875343957402        70.0000000000        2.05140132578       0.138221443112      -5.523014807798E-003
  -5.82849861102      -0.972604397113        70.0000000000        1.93103707088       0.160398723884      -7.151772541258E-003
  -6.41134847212       -1.06986483682        70.0000000000        1.74940270132       0.165183765452      -1.221755725087E-002
   0.00000000000        0.00000000000        70.0000000000        2.36376153600      -6.025398148765E-002 -5.031925664999E-003
 -0.519689034804      -0.281241641340        70.0000000000        2.38705908869      -3.042017765379E-002 -2.103634492912E-003
  -1.03937806961      -0.562483282680        70.0000000000        2.41567053841      -1.196652509964E-002  1.019917990522E-003
  -1.55906710441      -0.843724924020        70.0000000000        2.42752882078      -5.582323437441E-003  2.262908192439E-003
  -2.07875613922       -1.12496656536        70.0000000000        2.43248345020       1.007237339551E-002  3.878832922451E-003
  -2.59844517402       -1.40620820670        70.0000000000        2.55070262312       5.060667925450E-002 -2.934147478865E-003
  -3.11813420882       -1.68744984804        70.0000000000        2.47580055461       0.123703938722      -2.523967015446E-003
  -3.63782324363       -1.96869148938        70.0000000000        2.38712805704       0.254955925282      -4.317059881043E-004
  -4.15751227843       -2.24993313072        70.0000000000        2.30450314455       0.391789426070       1.636729026542E-003
  -4.67720131323       -2.53117477206        70.0000000000        2.20727291609       0.569037093852       1.442445912564E-003
  -5.19689034804       -2.81241641340        70.0000000000        1.97302130813       0.713824989512      -1.311876954701E-002
  -5.71657938284       -3.09365805474        70.0000000000        1.61882813257       0.859918672996      -3.135764498368E-002
   0.00000000000        0.00000000000        70.0000000000        2.36376153600      -6.025398148765E-002 -5.031925664999E-003
 -0.400211837779      -0.434745947216        70.0000000000        2.38785814267      -3.348317959227E-002 -1.879938848467E-003
 -0.800423675558      -0.869491894432        70.0000000000        2.42208689409      -1.414027584188E-002  1.180741780266E-003
  -1.20063551334       -1.30423784165        70.0000000000        2.43350306059      -1.488452591204E-002  2.021844334952E-003
  -1.60084735112       -1.73898378886        70.0000000000        2.43630096973      -3.635840627586E-003  2.604698124687E-003
  -2.00105918889       -2.17372973608        70.0000000000        2.62507198076      -5.258945375784E-002 -3.685304482490E-003
  -2.40127102667       -2.60847568330        70.0000000000        2.88720451069       0.178201242503      -1.001266811214E-003
  -2.80148286445       -3.04322163051        70.0000000000        3.01162772187       0.389471955603      -7.552407393604E-004
  -3.20169470223       -3.47796757773        70.0000000000        3.13430328982       0.570985592542      -1.155566344754E-004
  -3.60190654001       -3.91271352494        70.0000000000        3.13234558908        1.16376339751       1.256024636232E-002
  -4.00211837779       -4.34745947216        70.0000000000        2.84751652919        1.73326843563       5.780388347995E-002
  -4.40233021557       -4.78220541938        70.0000000000        2.47222061436        1.85837413745       5.947250567720E-003
   0.00000000000        0.00000000000        70.0000000000        2.36376153600      -6.025398148765E-002 -5.031925664999E-003
 -0.237365478204      -0.541138783933        70.0000000000        2.38497165259      -3.875844013301E-002 -2.129446560322E-003
 -0.474730956408       -1.08227756787        70.0000000000        2.40332657609      -8.900574088751E-002 -2.195694616209E-004
 -0.712096434612       -1.62341635180        70.0000000000        2.42560398396      -5.851956278797E-002  8.414322587298E-004
 -0.949461912816       -2.16455513573        70.0000000000        2.40773776858      -0.156858635872      -5.242705048447E-003
  -1.18682739102       -2.70569391966        70.0000000000        2.72613793448      -8.474679533487E-002 -1.576509454273E-003
  -1.42419286922       -3.24683270360        70.0000000000        2.83266553210      -0.139615622016      -3.654456986811E-003
  -1.66155834743       -3.78797148753        70.0000000000        2.94809868156      -0.463808828371      -2.084629369424E-003
  -1.89892382563       -4.32911027146        70.0000000000        3.22097202952      -0.785467775022       3.588720625230E-004
  -2.13628930384       -4.87024905539        70.0000000000        3.80135269171       -2.55301807550      -9.755728859958E-004
  -2.37365478204       -5.41138783933        70.0000000000       0.319387973525       -6.19895379695      -2.316203583121E-003
  -2.61102026024       -5.95252662326        70.0000000000       -2.30986437702      -0.739687944958      -3.379014736640E-003
   0.00000000000        0.00000000000        70.0000000000        2.36376153600      -6.025398148765E-002 -5.031925664999E-003
 -4.879688596092E-002 -0.588890836777        70.0000000000        2.37871241444      -4.567430294232E-002 -2.825119596384E-003
 -9.759377192185E-002  -1.17778167355        70.0000000000        2.36480548906      -0.216966381486      -2.850024349537E-003
 -0.146390657883       -1.76667251033        70.0000000000        2.37008751930      -0.233245405412      -2.639393406820E-003
 -0.195187543844       -2.35556334711        70.0000000000        2.37225456295      -0.328417337069      -1.649123577677E-002
 -0.243984429805       -2.94445418388        70.0000000000        2.73859006737      -4.314671322992E-002 -1.438061281892E-003
 -0.292781315766       -3.53334502066        70.0000000000        2.73941831487       3.211688489260E-002 -2.854782725787E-003
 -0.341578201726       -4.12223585744        70.0000000000        2.49896697873      -0.167488529306      -2.330360287082E-003
 -0.390375087687       -4.71112669421        70.0000000000        2.09236086423      -0.235951029483      -2.466368831767E-003
 -0.439171973648       -5.30001753099        70.0000000000        1.56038474484      -0.390755755416       7.210270636665E-003
 -0.487968859609       -5.88890836777        70.0000000000        1.02648506582      -0.489243188177       7.212948302204E-003
 -0.536765745570       -6.47779920454        70.0000000000       0.586907065845      -0.341174727885       1.363710198922E-002
   0.00000000000        0.00000000000        70.0000000000        2.36376153600      -6.025398148765E-002 -5.031925664999E-003
  0.145059606038      -0.572827429873        70.0000000000        2.36975871380      -5.348132697414E-002 -3.891570988718E-003
  0.290119212075       -1.14565485975        70.0000000000        2.33618558177      -0.281310292154      -4.417768730078E-003
  0.435178818113       -1.71848228962        70.0000000000        2.31621145049      -0.287110997742      -2.519035727297E-003
  0.580238424151       -2.29130971949        70.0000000000        2.34622476945      -0.211183799532      -6.694375745309E-003
  0.725298030189       -2.86413714937        70.0000000000        2.82326579913       5.334028497939E-002 -2.238662291016E-003
  0.870357636226       -3.43696457924        70.0000000000        2.78028299157       0.328169068287       3.292242536278E-003
   1.01541724226       -4.00979200911        70.0000000000        2.77665788700       0.596075259802      -1.681859704553E-003
   1.16047684830       -4.58261943899        70.0000000000        2.46775866764       0.734871492406      -2.192213799429E-003
   1.30553645434       -5.15544686886        70.0000000000        1.78903616282        1.30737851407      -2.863104679257E-003
   1.45059606038       -5.72827429873        70.0000000000       0.865326443710        1.38338841407       7.624724459450E-003
   1.59565566642       -6.30110172861        70.0000000000       9.458268978461E-002   1.03198240488       4.222154990292E-003
   0.00000000000        0.00000000000        70.0000000000        2.36376153600      -6.025398148765E-002 -5.031925664999E-003
  0.323196638891      -0.494689282610        70.0000000000        2.36064233265      -6.439220645309E-002 -5.074284497888E-003
  0.646393277781      -0.989378565219        70.0000000000        2.36501735591      -0.110289605320      -4.032538837812E-003
  0.969589916672       -1.48406784783        70.0000000000        2.34112753866      -0.155801025328      -3.761381689461E-003
   1.29278655556       -1.97875713044        70.0000000000        2.33716648598      -6.725543450962E-002 -2.744178368097E-003
   1.61598319445       -2.47344641305        70.0000000000        2.80133237701       6.554345189791E-003  9.999173147880E-003
   1.93917983334       -2.96813569566        70.0000000000        2.94404478064      -0.158629254533       6.500633796335E-003
   2.26237647223       -3.46282497827        70.0000000000        3.05700182110      -0.184547366044       2.925857118136E-003
   2.58557311112       -3.95751426088        70.0000000000        3.64139481259      -2.900265828810E-002  2.481855586398E-003
   2.90876975001       -4.45220354349        70.0000000000        4.69946849474      -0.827251531705       1.189787238667E-002
   3.23196638891       -4.94689282610        70.0000000000        4.61958210837       -3.61637548079       1.935546787954E-002
   3.55516302780       -5.44158210871        70.0000000000        1.53402394186       -3.44788400481       2.512030313715E-002
   0.00000000000        0.00000000000        70.0000000000        2.36376153600      -6.025398148765E-002 -5.031925664999E-003
  0.466310301007      -0.362943875680        70.0000000000        2.36056281767      -6.647950853062E-002 -4.859149802607E-003
  0.932620602014      -0.725887751361        70.0000000000        2.36142078493      -6.302365092733E-002 -4.140396933809E-003
   1.39893090302       -1.08883162704        70.0000000000        2.36336774599      -5.994435845145E-002 -3.430372405095E-003
   1.86524120403       -1.45177550272        70.0000000000        2.35149914457      -4.274029414915E-002  2.794276238900E-004
   2.33155150503       -1.81471937840        70.0000000000        2.70748387412      -3.970660316512E-002  1.143372624503E-002
   2.79786180604       -2.17766325408        70.0000000000        2.75902835725      -0.190299755770       9.979588345847E-003
   3.26417210705       -2.54060712976        70.0000000000        2.73016031099      -0.345614305323       1.085359209140E-002
   3.73048240806       -2.90355100544        70.0000000000        2.63256997271      -0.549006046494       1.356152710042E-002
   4.19679270906       -3.26649488112        70.0000000000        2.54759751445      -0.963808542442       2.231830240200E-002
   4.66310301007       -3.62943875680        70.0000000000        2.35630075153       -1.24238882603       3.158177744117E-002
   5.12941331108       -3.99238263248        70.0000000000        1.94351084464       -1.28424882336       3.526164567973E-002
   0.00000000000        0.00000000000        70.0000000000        2.36376153600      -6.025398148765E-002 -5.031925664999E-003
  0.558892006459      -0.191867868166        70.0000000000        2.36454445146      -5.943211825588E-002 -4.028672737959E-003
   1.11778401292      -0.383735736333        70.0000000000        2.36887267809      -4.859128464780E-002 -2.414876341528E-003
   1.67667601938      -0.575603604499        70.0000000000        2.37668590564      -4.005108742824E-002 -1.241098408555E-003
   2.23556802584      -0.767471472666        70.0000000000        2.37762456931      -2.629489948293E-002  1.818180936266E-003
   2.79446003230      -0.959339340832        70.0000000000        2.48614617974      -6.349366940249E-002  9.259270227889E-003
   3.35335203876       -1.15120720900        70.0000000000        2.41309786413      -0.117060329053       1.249258686564E-002
   3.91224404522       -1.34307507716        70.0000000000        2.47618722539      -0.164336261990       8.709586023041E-003
   4.47113605168       -1.53494294533        70.0000000000        2.35781163586      -0.332405847056       1.049184254640E-002
   5.03002805814       -1.72681081350        70.0000000000        2.08743231799      -0.343479731296       6.923680159553E-003
   5.58892006459       -1.91867868166        70.0000000000        1.90580136867      -0.334047402357       1.690920648625E-002
   6.14781207105       -2.11054654983        70.0000000000        1.69220978443      -0.332770152690       1.018143551874E-002
   0.00000000000        0.00000000000        70.0000000000        2.36376153600      -6.025398148765E-002 -5.031925664999E-003
  0.590909090909        0.00000000000        70.0000000000        2.36805705473      -5.355950051544E-002 -3.373075553495E-003
   1.18181818182      -1.172487511250E-015   70.0000000000        2.37634497618      -3.717726698212E-002 -1.013253897439E-003
   1.77272727273        0.00000000000        70.0000000000        2.38835594966      -2.348312395659E-002  1.814331510966E-003
   2.36363636364        0.00000000000        70.0000000000        2.40101193913      -9.916633087606E-003  4.550362207183E-003
   2.95454545455        0.00000000000        70.0000000000        2.42857338116      -1.398081458059E-003  8.898205235747E-003
   3.54545454545        0.00000000000        70.0000000000        2.33620849491       9.985665083074E-004  8.246841265846E-003
   4.13636363636        0.00000000000        70.0000000000        2.24378007690       1.269514567339E-003  7.328849730779E-003
   4.72727272727        0.00000000000        70.0000000000        2.15759256191      -9.666203190766E-005  6.324405522872E-003
   5.31818181818        0.00000000000        70.0000000000        2.04429838514      -5.005254179065E-003  7.507289923939E-003
   5.90909090909        0.00000000000        70.0000000000        1.93407229375      -5.291557285128E-003  6.528634712522E-003
   6.50000000000        0.00000000000        70.0000000000        1.82384620236      -5.577860391191E-003  5.549979501105E-003
