 12 20 1 1
 1 X [LENGU]
 2 Y [LENGU]
 3 Z [LENGU]
 4 Hx [FIELU]
 5 Hy [FIELU]
 6 Hz [FIELU]
 0
   0.00000000000        0.00000000000       -70.0000000000       3.014902319884E-002 -2.035725448338E-003 -5.083287928049E-005
  0.590909090909        0.00000000000       -70.0000000000       3.017602889580E-002 -2.031650869411E-003 -5.381440106245E-005
   1.18181818182        0.00000000000       -70.0000000000       3.019111910787E-002 -2.043855048172E-003 -5.988441552170E-005
   1.77272727273        0.00000000000       -70.0000000000       3.021487963665E-002 -2.055422399003E-003 -6.963387505241E-005
   2.36363636364        0.00000000000       -70.0000000000       3.030127315675E-002 -1.970982722517E-003  1.178103009343E-005
   2.95454545455        0.00000000000       -70.0000000000       3.145355675017E-002 -2.351027506354E-003  1.444357594258E-004
   3.54545454545        0.00000000000       -70.0000000000       3.254834284681E-002 -2.360314028272E-003  2.778449691359E-004
   4.13636363636        0.00000000000       -70.0000000000       3.343436679294E-002 -2.381169167909E-003  3.898730690310E-004
   4.72727272727        0.00000000000       -70.0000000000       3.427074943431E-002 -2.505670756407E-003  5.093144897569E-004
   5.31818181818        0.00000000000       -70.0000000000       3.490308381422E-002 -2.717088199101E-003  6.105963967866E-004
   5.90909090909        0.00000000000       -70.0000000000       3.503545189182E-002 -2.810756522628E-003  5.739695886020E-004
   6.50000000000        0.00000000000       -70.0000000000       3.542468180408E-002 -3.122204458543E-003  7.021579749789E-004
   0.00000000000        0.00000000000       -70.0000000000       3.014902319884E-002 -2.035725448338E-003 -5.083287928049E-005
  0.558892006459       0.191867868166       -70.0000000000       3.017993501547E-002 -2.049371842799E-003 -5.942181226083E-005
   1.11778401292       0.383735736333       -70.0000000000       3.023640791803E-002 -2.076544370348E-003 -8.700326870085E-005
   1.67667601938       0.575603604499       -70.0000000000       3.029288082059E-002 -2.103716897898E-003 -1.145847251409E-004
   2.23556802584       0.767471472666       -70.0000000000       3.040318249292E-002 -2.077599980093E-003 -6.117907830819E-005
   2.79446003230       0.959339340832       -70.0000000000       3.091710155408E-002 -3.068350003725E-003  9.192423229367E-005
   3.35335203876        1.15120720900       -70.0000000000       3.081708822861E-002 -3.534502414568E-003  7.316862012932E-005
   3.91224404522        1.34307507716       -70.0000000000       3.114915297699E-002 -4.325666588456E-003  3.182420091911E-004
   4.47113605168        1.53494294533       -70.0000000000       3.086058588336E-002 -5.080492918243E-003  4.551524105893E-004
   5.03002805814        1.72681081350       -70.0000000000       3.093165899693E-002 -5.877278959197E-003  4.826670704205E-004
   5.58892006459        1.91867868166       -70.0000000000       3.155614078831E-002 -7.038768055205E-003  4.087497439600E-004
   6.14781207105        2.11054654983       -70.0000000000       3.075662077882E-002 -8.410559327619E-003 -1.349774379230E-004
   0.00000000000        0.00000000000       -70.0000000000       3.014902319884E-002 -2.035725448338E-003 -5.083287928049E-005
  0.466310301007       0.362943875680       -70.0000000000       3.019981569485E-002 -2.062525444112E-003 -7.141655018132E-005
  0.932620602014       0.725887751361       -70.0000000000       3.026121460114E-002 -2.100124366872E-003 -1.049505608658E-004
   1.39893090302        1.08883162704       -70.0000000000       3.028519539748E-002 -2.130899544332E-003 -1.233664173211E-004
   1.86524120403        1.45177550272       -70.0000000000       3.030729369502E-002 -2.247508020866E-003 -1.089050944821E-005
   2.33155150503        1.81471937840       -70.0000000000       3.003710351531E-002 -3.155530691598E-003  8.015053279278E-005
   2.79786180604        2.17766325408       -70.0000000000       2.956809550940E-002 -3.447407755891E-003  8.516147195712E-005
   3.26417210705        2.54060712976       -70.0000000000       2.962409754096E-002 -3.623483863107E-003  9.608303075282E-005
   3.73048240806        2.90355100544       -70.0000000000       2.951519884171E-002 -3.882815567785E-003  1.059651349200E-004
   4.19679270906        3.26649488112       -70.0000000000       2.947810830992E-002 -4.120897111764E-003  1.069109305281E-004
   4.66310301007        3.62943875680       -70.0000000000       2.902127673870E-002 -4.373048481039E-003  1.689540048633E-004
   5.12941331108        3.99238263248       -70.0000000000       2.873878580804E-002 -4.332230902048E-003  2.593209908733E-004
   0.00000000000        0.00000000000       -70.0000000000       3.014902319884E-002 -2.035725448338E-003 -5.083287928049E-005
  0.323196638891       0.494689282610       -70.0000000000       3.019272196120E-002 -2.067898804361E-003 -7.156704639278E-005
  0.646393277781       0.989378565219       -70.0000000000       3.017219091395E-002 -2.097223596770E-003 -7.501524483044E-005
  0.969589916672        1.48406784783       -70.0000000000       3.015165986669E-002 -2.126548389179E-003 -7.846344326811E-005
   1.29278655556        1.97875713044       -70.0000000000       3.013621519602E-002 -2.196177135402E-003 -3.249203641200E-007
   1.61598319445        2.47344641305       -70.0000000000       2.935550267440E-002 -2.800518534515E-003  9.317256597452E-005
   1.93917983334        2.96813569566       -70.0000000000       2.925761830091E-002 -2.918546115679E-003  7.589593171995E-005
   2.26237647223        3.46282497827       -70.0000000000       2.911275922779E-002 -3.117904602619E-003  8.327277665852E-005
   2.58557311112        3.95751426088       -70.0000000000       2.905053679965E-002 -3.311071355544E-003  1.102168248313E-004
   2.90876975001        4.45220354349       -70.0000000000       2.885431694682E-002 -3.684526582574E-003  1.467616313054E-004
   3.23196638891        4.94689282610       -70.0000000000       2.870932172928E-002 -4.225289121088E-003  1.964976146291E-004
   3.55516302780        5.44158210871       -70.0000000000       2.883376837782E-002 -4.577403971905E-003  2.596319332300E-004
   0.00000000000        0.00000000000       -70.0000000000       3.014902319884E-002 -2.035725448338E-003 -5.083287928049E-005
  0.145059606038       0.572827429873       -70.0000000000       3.015074084793E-002 -2.062013772314E-003 -5.720422780619E-005
  0.290119212075        1.14565485975       -70.0000000000       3.009313637013E-002 -2.065287552311E-003 -6.198957671910E-005
  0.435178818113        1.71848228962       -70.0000000000       3.003553189232E-002 -2.068561332309E-003 -6.677492563201E-005
  0.580238424151        2.29130971949       -70.0000000000       2.997804371269E-002 -2.072662358121E-003 -6.984558151211E-005
  0.725298030189        2.86413714937       -70.0000000000       2.905024467274E-002 -2.267824258356E-003  1.556628621776E-004
  0.870357636226        3.43696457924       -70.0000000000       2.864865272188E-002 -2.383593086140E-003  1.563408350110E-004
   1.01541724226        4.00979200911       -70.0000000000       2.834405687654E-002 -2.393702504684E-003  1.587514168751E-004
   1.16047684830        4.58261943899       -70.0000000000       2.802702674569E-002 -2.453060222480E-003  1.681253835303E-004
   1.30553645434        5.15544686886       -70.0000000000       2.756498330877E-002 -2.607750266824E-003  1.862405284585E-004
   1.45059606038        5.72827429873       -70.0000000000       2.707492280574E-002 -2.786132621822E-003  2.354460539749E-004
   1.59565566642        6.30110172861       -70.0000000000       2.648661073049E-002 -3.385575836635E-003  3.154116844449E-004
   0.00000000000        0.00000000000       -70.0000000000       3.014902319884E-002 -2.035725448338E-003 -5.083287928049E-005
 -4.879688596092E-002  0.588890836777       -70.0000000000       3.012674223341E-002 -2.041940803579E-003 -5.434069486084E-005
 -9.759377192185E-002   1.17778167355       -70.0000000000       3.007068964921E-002 -2.030493178103E-003 -5.609891955335E-005
 -0.146390657883        1.76667251033       -70.0000000000       3.001463706501E-002 -2.019045552627E-003 -5.785714424585E-005
 -0.195187543844        2.35556334711       -70.0000000000       2.995858448080E-002 -2.007597927150E-003 -5.961536893835E-005
 -0.243984429805        2.94445418388       -70.0000000000       2.903254732506E-002 -1.530389203064E-003  1.159347409221E-004
 -0.292781315766        3.53334502066       -70.0000000000       2.864366839191E-002 -1.460490183718E-003  1.030386050108E-004
 -0.341578201726        4.12223585744       -70.0000000000       2.824867016888E-002 -1.388425947399E-003  9.635795687284E-005
 -0.390375087687        4.71112669421       -70.0000000000       2.784253015093E-002 -1.312419357642E-003  1.009942575138E-004
 -0.439171973648        5.30001753099       -70.0000000000       2.741381551698E-002 -1.229303139750E-003  7.930185926558E-005
 -0.487968859609        5.88890836777       -70.0000000000       2.694682718009E-002 -1.158576506510E-003  7.703875844060E-005
 -0.536765745570        6.47779920454       -70.0000000000       2.649592345650E-002 -1.094375880845E-003  7.697078131234E-005
   0.00000000000        0.00000000000       -70.0000000000       3.014902319884E-002 -2.035725448338E-003 -5.083287928049E-005
 -0.237365478204       0.541138783933       -70.0000000000       3.015639636709E-002 -2.022216466193E-003 -5.017163200463E-005
 -0.474730956408        1.08227756787       -70.0000000000       3.012999791656E-002 -1.991044503331E-003 -4.776079384091E-005
 -0.712096434612        1.62341635180       -70.0000000000       3.010359946604E-002 -1.959872540468E-003 -4.534995567720E-005
 -0.949461912816        2.16455513573       -70.0000000000       3.007720101551E-002 -1.928700577606E-003 -4.293911751349E-005
  -1.18682739102        2.70569391966       -70.0000000000       2.930856394010E-002 -1.012393466357E-003  8.987370603198E-005
  -1.42419286922        3.24683270360       -70.0000000000       2.911955392897E-002 -8.411696720189E-004  5.684662295815E-005
  -1.66155834743        3.78797148753       -70.0000000000       2.891144836415E-002 -6.481854207064E-004  2.902176605233E-005
  -1.89892382563        4.32911027146       -70.0000000000       2.867649878251E-002 -3.985392837654E-004  3.576939243881E-006
  -2.13628930384        4.87024905539       -70.0000000000       2.842367350439E-002  1.723102554570E-004 -7.075128629991E-006
  -2.37365478204        5.41138783933       -70.0000000000       2.815849214374E-002  9.387505877015E-004 -1.616629950365E-005
  -2.61102026024        5.95252662326       -70.0000000000       2.784356556513E-002  1.553447155908E-003 -4.467742524104E-005
   0.00000000000        0.00000000000       -70.0000000000       3.014902319884E-002 -2.035725448338E-003 -5.083287928049E-005
 -0.400211837779       0.434745947216       -70.0000000000       3.018783386367E-002 -2.010682628747E-003 -4.748027954319E-005
 -0.800423675558       0.869491894432       -70.0000000000       3.021922392368E-002 -1.950642746705E-003 -3.943647988430E-005
  -1.20063551334        1.30423784165       -70.0000000000       3.025061398369E-002 -1.890602864663E-003 -3.139268022542E-005
  -1.60084735112        1.73898378886       -70.0000000000       3.028200404369E-002 -1.830562982622E-003 -2.334888056653E-005
  -2.00105918889        2.17372973608       -70.0000000000       2.967730440400E-002 -7.432803476926E-004  5.630870729490E-005
  -2.40127102667        2.60847568330       -70.0000000000       2.974757127758E-002 -4.327621653384E-004  3.442223953152E-005
  -2.80148286445        3.04322163051       -70.0000000000       2.978841614897E-002 -1.764597458700E-004  1.433034043654E-005
  -3.20169470223        3.47796757773       -70.0000000000       2.982899393649E-002  8.047227340258E-005 -5.847768476830E-006
  -3.60190654001        3.91271352494       -70.0000000000       2.984781179910E-002  3.581363826733E-004 -3.085674972295E-005
  -4.00211837779        4.34745947216       -70.0000000000       2.974343725754E-002  7.200587642933E-004 -7.912421794930E-005
  -4.40233021557        4.78220541938       -70.0000000000       2.984900412307E-002  8.911746061321E-004 -7.277117787640E-005
   0.00000000000        0.00000000000       -70.0000000000       3.014902319884E-002 -2.035725448338E-003 -5.083287928049E-005
 -0.519689034804       0.281241641340       -70.0000000000       3.020578864911E-002 -2.022370464702E-003 -4.878781799568E-005
  -1.03937806961       0.562483282680       -70.0000000000       3.024713478341E-002 -1.959112250579E-003 -3.894076941589E-005
  -1.55906710441       0.843724924020       -70.0000000000       3.029248027328E-002 -1.903307120473E-003 -3.064911452280E-005
  -2.07875613922        1.12496656536       -70.0000000000       3.033782576315E-002 -1.847501990368E-003 -2.235745962971E-005
  -2.59844517402        1.40620820670       -70.0000000000       3.036187222336E-002 -9.413969247249E-004  6.537824479921E-005
  -3.11813420882        1.68744984804       -70.0000000000       3.045409204147E-002 -5.420157840375E-004  3.580073779143E-005
  -3.63782324363        1.96869148938       -70.0000000000       3.046789416257E-002 -2.186267593161E-004  2.329411135560E-005
  -4.15751227843        2.24993313072       -70.0000000000       3.053482837091E-002  1.470124632334E-004  1.592410297442E-006
  -4.67720131323        2.53117477206       -70.0000000000       3.062160416307E-002  6.454806429516E-004 -1.898118020553E-005
  -5.19689034804        2.81241641340       -70.0000000000       2.986534641674E-002  1.649636123665E-003  4.867170378955E-005
  -5.71657938284        3.09365805474       -70.0000000000       2.894144935709E-002  2.406546873252E-003 -2.340429167772E-005
   0.00000000000        0.00000000000       -70.0000000000       3.014902319884E-002 -2.035725448338E-003 -5.083287928049E-005
 -0.582849861102       9.726043971134E-002  -70.0000000000       3.022899046054E-002 -2.059041238377E-003 -5.494557769598E-005
  -1.16569972220       0.194520879423       -70.0000000000       3.028223377124E-002 -2.011386805277E-003 -4.685979103321E-005
  -1.74854958330       0.291781319134       -70.0000000000       3.033547708194E-002 -1.963732372177E-003 -3.877400437044E-005
  -2.33139944441       0.389041758845       -70.0000000000       3.037959360405E-002 -1.935330590147E-003 -2.697816716842E-005
  -2.91424930551       0.486302198557       -70.0000000000       3.113154541858E-002 -1.684464297516E-003  3.834447087972E-005
  -3.49709916661       0.583562638268       -70.0000000000       3.206014109522E-002 -1.406241525815E-003 -7.644821757898E-006
  -4.07994902771       0.680823077979       -70.0000000000       3.282575153685E-002 -9.203551538967E-004 -5.902069159108E-005
  -4.66279888881       0.778083517691       -70.0000000000       3.359778084497E-002 -4.408680371518E-004 -1.100297210144E-004
  -5.24564874991       0.875343957402       -70.0000000000       3.436535406977E-002  3.399057769381E-005 -1.618093031432E-004
  -5.82849861102       0.972604397113       -70.0000000000       3.457813171720E-002  2.356866422814E-004 -1.740652443686E-004
  -6.41134847212        1.06986483682       -70.0000000000       3.392234261532E-002  2.657590808557E-003  1.407152374594E-004
   0.00000000000        0.00000000000       -70.0000000000       3.014902319884E-002 -2.035725448338E-003 -5.083287928049E-005
 -0.582849861102      -9.726043971134E-002  -70.0000000000       3.023060416700E-002 -2.074160192232E-003 -5.677807242036E-005
  -1.16569972220      -0.194520879423       -70.0000000000       3.031709791636E-002 -2.095056547148E-003 -6.092775133143E-005
  -1.74854958330      -0.291781319134       -70.0000000000       3.037839806535E-002 -2.109013723794E-003 -5.606490081025E-005
  -2.33139944441      -0.389041758845       -70.0000000000       3.043442341691E-002 -2.134097906782E-003 -4.905783878662E-005
  -2.91424930551      -0.486302198557       -70.0000000000       3.080035358504E-002 -2.534517442424E-003 -8.843561217300E-005
  -3.49709916661      -0.583562638268       -70.0000000000       3.146095425329E-002 -3.078659419170E-003 -7.362288182515E-005
  -4.07994902771      -0.680823077979       -70.0000000000       3.269116114871E-002 -3.724126486429E-003 -1.003109766682E-004
  -4.66279888881      -0.778083517691       -70.0000000000       3.360087408709E-002 -3.889022112301E-003 -1.464428835545E-004
  -5.24564874991      -0.875343957402       -70.0000000000       3.432586391975E-002 -4.436628000809E-003 -1.580726705109E-004
  -5.82849861102      -0.972604397113       -70.0000000000       3.432051336516E-002 -5.111739661553E-003 -2.497545178218E-004
  -6.41134847212       -1.06986483682       -70.0000000000       3.356931969911E-002 -6.178540332068E-003 -4.975156700779E-004
   0.00000000000        0.00000000000       -70.0000000000       3.014902319884E-002 -2.035725448338E-003 -5.083287928049E-005
 -0.519689034804      -0.281241641340       -70.0000000000       3.020925220863E-002 -2.064057709164E-003 -5.369124763127E-005
  -1.03937806961      -0.562483282680       -70.0000000000       3.028745014569E-002 -2.096902336046E-003 -5.904729822347E-005
  -1.55906710441      -0.843724924020       -70.0000000000       3.033471789812E-002 -2.136838748670E-003 -5.301942660815E-005
  -2.07875613922       -1.12496656536       -70.0000000000       3.037976654588E-002 -2.177283965720E-003 -4.617480866105E-005
  -2.59844517402       -1.40620820670       -70.0000000000       3.039606534290E-002 -2.955592556973E-003 -1.921086444384E-004
  -3.11813420882       -1.68744984804       -70.0000000000       3.022567927386E-002 -3.389411330710E-003 -1.040163512947E-004
  -3.63782324363       -1.96869148938       -70.0000000000       3.016943733336E-002 -3.706222586226E-003 -6.203689772400E-005
  -4.15751227843       -2.24993313072       -70.0000000000       3.017486854235E-002 -4.046109300703E-003 -9.245416274416E-005
  -4.67720131323       -2.53117477206       -70.0000000000       3.030632035765E-002 -4.579056027174E-003 -1.961324316139E-004
  -5.19689034804       -2.81241641340       -70.0000000000       2.902992498919E-002 -5.393126352214E-003 -2.381526498092E-004
  -5.71657938284       -3.09365805474       -70.0000000000       2.817312599139E-002 -5.974083933294E-003 -8.280937253204E-005
   0.00000000000        0.00000000000       -70.0000000000       3.014902319884E-002 -2.035725448338E-003 -5.083287928049E-005
 -0.400211837779      -0.434745947216       -70.0000000000       3.016937607454E-002 -2.045827807831E-003 -4.938184668311E-005
 -0.800423675558      -0.869491894432       -70.0000000000       3.022393232977E-002 -2.067821689912E-003 -5.146580703493E-005
  -1.20063551334       -1.30423784165       -70.0000000000       3.023875446764E-002 -2.093721291942E-003 -4.124052108243E-005
  -1.60084735112       -1.73898378886       -70.0000000000       3.025181530525E-002 -2.119794023416E-003 -3.046960129342E-005
  -2.00105918889       -2.17372973608       -70.0000000000       2.961092648339E-002 -3.055183919771E-003 -1.002847384616E-004
  -2.40127102667       -2.60847568330       -70.0000000000       2.952599837898E-002 -3.327214894024E-003 -7.607973989077E-005
  -2.80148286445       -3.04322163051       -70.0000000000       2.948117104010E-002 -3.545894566163E-003 -6.850586442875E-005
  -3.20169470223       -3.47796757773       -70.0000000000       2.939907311480E-002 -3.751850073758E-003 -7.412326159013E-005
  -3.60190654001       -3.91271352494       -70.0000000000       2.934280082117E-002 -3.946711466889E-003 -1.118812476134E-004
  -4.00211837779       -4.34745947216       -70.0000000000       2.902258317109E-002 -4.307556519937E-003 -2.475148179689E-004
  -4.40233021557       -4.78220541938       -70.0000000000       2.882473216476E-002 -4.385526665853E-003 -2.718194326872E-004
   0.00000000000        0.00000000000       -70.0000000000       3.014902319884E-002 -2.035725448338E-003 -5.083287928049E-005
 -0.237365478204      -0.541138783933       -70.0000000000       3.011965811646E-002 -2.023428285977E-003 -4.459551875040E-005
 -0.474730956408       -1.08227756787       -70.0000000000       3.012449641360E-002 -2.023022646204E-003 -4.189315116950E-005
 -0.712096434612       -1.62341635180       -70.0000000000       3.010361965751E-002 -2.025144703108E-003 -3.122450812852E-005
 -0.949461912816       -2.16455513573       -70.0000000000       3.007163555841E-002 -2.028358571636E-003 -1.711491735488E-005
  -1.18682739102       -2.70569391966       -70.0000000000       2.929556252701E-002 -2.521682060431E-003 -2.602889265836E-005
  -1.42419286922       -3.24683270360       -70.0000000000       2.894271173495E-002 -2.664812357528E-003 -9.856307676878E-005
  -1.66155834743       -3.78797148753       -70.0000000000       2.875834957729E-002 -2.764334821578E-003 -4.705587640652E-005
  -1.89892382563       -4.32911027146       -70.0000000000       2.844481959707E-002 -2.922412090778E-003 -1.199164958193E-004
  -2.13628930384       -4.87024905539       -70.0000000000       2.822021628553E-002 -3.464980732285E-003 -2.055272703010E-004
  -2.37365478204       -5.41138783933       -70.0000000000       2.800897193698E-002 -3.964899975596E-003 -2.555594880370E-004
  -2.61102026024       -5.95252662326       -70.0000000000       2.778326805840E-002 -4.479459800494E-003 -3.728798734632E-004
   0.00000000000        0.00000000000       -70.0000000000       3.014902319884E-002 -2.035725448338E-003 -5.083287928049E-005
 -4.879688596092E-002 -0.588890836777       -70.0000000000       3.012001288389E-002 -2.018663840679E-003 -4.533134632265E-005
 -9.759377192185E-002  -1.17778167355       -70.0000000000       3.009100256893E-002 -2.001602233019E-003 -3.982981336481E-005
 -0.146390657883       -1.76667251033       -70.0000000000       3.006199225398E-002 -1.984540625360E-003 -3.432828040697E-005
 -0.195187543844       -2.35556334711       -70.0000000000       3.002178349098E-002 -1.975952710222E-003 -2.194465052420E-005
 -0.243984429805       -2.94445418388       -70.0000000000       2.918071295415E-002 -1.936286432206E-003 -1.786166404924E-006
 -0.292781315766       -3.53334502066       -70.0000000000       2.876644225982E-002 -1.923756717827E-003 -6.331495851583E-005
 -0.341578201726       -4.12223585744       -70.0000000000       2.829946854017E-002 -1.913512870174E-003 -8.748564266238E-005
 -0.390375087687       -4.71112669421       -70.0000000000       2.807226937929E-002 -2.050047494211E-003 -5.289071281103E-005
 -0.439171973648       -5.30001753099       -70.0000000000       2.762403618808E-002 -1.932823151132E-003 -1.002662192792E-004
 -0.487968859609       -5.88890836777       -70.0000000000       2.713869665424E-002 -1.884931625076E-003 -1.257486165830E-004
 -0.536765745570       -6.47779920454       -70.0000000000       2.654740713172E-002 -1.973658267488E-003 -1.502464190218E-004
   0.00000000000        0.00000000000       -70.0000000000       3.014902319884E-002 -2.035725448338E-003 -5.083287928049E-005
  0.145059606038      -0.572827429873       -70.0000000000       3.012769152645E-002 -2.017201604730E-003 -4.709537862416E-005
  0.290119212075       -1.14565485975       -70.0000000000       3.010635985407E-002 -1.998677761122E-003 -4.335787796782E-005
  0.435178818113       -1.71848228962       -70.0000000000       3.008502818168E-002 -1.980153917514E-003 -3.962037731149E-005
  0.580238424151       -2.29130971949       -70.0000000000       3.006369650929E-002 -1.961630073907E-003 -3.588287665515E-005
  0.725298030189       -2.86413714937       -70.0000000000       2.941162580509E-002 -1.254593669554E-003  2.906859170537E-005
  0.870357636226       -3.43696457924       -70.0000000000       2.920726214378E-002 -1.366865783530E-003 -1.270518211901E-005
   1.01541724226       -4.00979200911       -70.0000000000       2.876039176771E-002 -1.120811650148E-003 -4.174573725317E-005
   1.16047684830       -4.58261943899       -70.0000000000       2.852890763943E-002 -9.959019919717E-004 -1.805784569746E-006
   1.30553645434       -5.15544686886       -70.0000000000       2.815443483962E-002 -4.390401503444E-004 -1.248533995682E-005
   1.45059606038       -5.72827429873       -70.0000000000       2.757229149072E-002 -1.663407984214E-004 -9.652166305294E-006
   1.59565566642       -6.30110172861       -70.0000000000       2.672473076125E-002  4.077835753376E-004  4.005733540485E-005
   0.00000000000        0.00000000000       -70.0000000000       3.014902319884E-002 -2.035725448338E-003 -5.083287928049E-005
  0.323196638891      -0.494689282610       -70.0000000000       3.014672164499E-002 -2.008576735794E-003 -4.677563800794E-005
  0.646393277781      -0.989378565219       -70.0000000000       3.014442009113E-002 -1.981428023250E-003 -4.271839673539E-005
  0.969589916672       -1.48406784783       -70.0000000000       3.014211853728E-002 -1.954279310707E-003 -3.866115546284E-005
   1.29278655556       -1.97875713044       -70.0000000000       3.012777829003E-002 -1.878136740227E-003  1.255083772067E-005
   1.61598319445       -2.47344641305       -70.0000000000       2.979342109527E-002 -1.108276822194E-003  9.231281804550E-005
   1.93917983334       -2.96813569566       -70.0000000000       2.979404403336E-002 -9.848428401906E-004  7.687622940854E-005
   2.26237647223       -3.46282497827       -70.0000000000       2.972899662351E-002 -7.298016295030E-004  7.006258238619E-005
   2.58557311112       -3.95751426088       -70.0000000000       2.977067968974E-002 -3.718041751165E-004  8.568843223589E-005
   2.90876975001       -4.45220354349       -70.0000000000       2.968792195715E-002  2.290343911356E-004  1.531490660391E-004
   3.23196638891       -4.94689282610       -70.0000000000       2.965791390755E-002  8.724477685348E-004  2.303008073776E-004
   3.55516302780       -5.44158210871       -70.0000000000       2.995501834772E-002  1.513867784899E-003  3.419937600269E-004
   0.00000000000        0.00000000000       -70.0000000000       3.014902319884E-002 -2.035725448338E-003 -5.083287928049E-005
  0.466310301007      -0.362943875680       -70.0000000000       3.016640085431E-002 -2.002488416350E-003 -4.678552492891E-005
  0.932620602014      -0.725887751361       -70.0000000000       3.018377850977E-002 -1.969251384362E-003 -4.273817057733E-005
   1.39893090302       -1.08883162704       -70.0000000000       3.019674035244E-002 -1.942047169936E-003 -3.983539452961E-005
   1.86524120403       -1.45177550272       -70.0000000000       3.022289459207E-002 -1.845987377707E-003  4.509987620575E-005
   2.33155150503       -1.81471937840       -70.0000000000       3.047864908170E-002 -1.298723748816E-003  1.115867779573E-004
   2.79786180604       -2.17766325408       -70.0000000000       3.049752167830E-002 -8.069472882594E-004  8.611458079142E-005
   3.26417210705       -2.54060712976       -70.0000000000       3.045547793095E-002 -5.758100055318E-004  9.633247068880E-005
   3.73048240806       -2.90355100544       -70.0000000000       3.056555268478E-002 -2.659741350833E-004  1.514129091116E-004
   4.19679270906       -3.26649488112       -70.0000000000       3.066704210160E-002  5.237774567154E-005  2.167784620908E-004
   4.66310301007       -3.62943875680       -70.0000000000       3.029826040804E-002  3.366490103117E-004  2.702778958252E-004
   5.12941331108       -3.99238263248       -70.0000000000       2.997998026227E-002  3.588653352821E-004  3.675467762493E-004
   0.00000000000        0.00000000000       -70.0000000000       3.014902319884E-002 -2.035725448338E-003 -5.083287928049E-005
  0.558892006459      -0.191867868166       -70.0000000000       3.017522479549E-002 -2.012259434551E-003 -4.955958071083E-005
   1.11778401292      -0.383735736333       -70.0000000000       3.018951090725E-002 -2.005072178453E-003 -5.137477481845E-005
   1.67667601938      -0.575603604499       -70.0000000000       3.020414862639E-002 -1.996251554753E-003 -5.126845094395E-005
   2.23556802584      -0.767471472666       -70.0000000000       3.023715239365E-002 -1.902112732805E-003  4.920747251665E-005
   2.79446003230      -0.959339340832       -70.0000000000       3.138485757912E-002 -1.449180040645E-003  8.776139140024E-005
   3.35335203876       -1.15120720900       -70.0000000000       3.152205945150E-002 -9.655995875431E-004 -1.475215649775E-005
   3.91224404522       -1.34307507716       -70.0000000000       3.197926725343E-002 -5.912597059892E-004  2.110226274236E-004
   4.47113605168       -1.53494294533       -70.0000000000       3.264855400960E-002  3.759186475734E-004  2.045067060597E-004
   5.03002805814       -1.72681081350       -70.0000000000       3.262558651715E-002  5.601288766258E-004  2.806112783622E-004
   5.58892006459       -1.91867868166       -70.0000000000       3.255138545524E-002  1.896843710825E-003  1.963145848758E-004
   6.14781207105       -2.11054654983       -70.0000000000       3.199004465342E-002  2.034642357969E-003  1.948334848224E-004
   0.00000000000        0.00000000000       -70.0000000000       3.014902319884E-002 -2.035725448338E-003 -5.083287928049E-005
  0.590909090909        0.00000000000       -70.0000000000       3.017602889580E-002 -2.031650869411E-003 -5.381440106245E-005
   1.18181818182      -1.172487511250E-015  -70.0000000000       3.019111910787E-002 -2.043855048172E-003 -5.988441552170E-005
   1.77272727273        0.00000000000       -70.0000000000       3.021487963665E-002 -2.055422399003E-003 -6.963387505241E-005
   2.36363636364        0.00000000000       -70.0000000000       3.030127315675E-002 -1.970982722517E-003  1.178103009343E-005
   2.95454545455        0.00000000000       -70.0000000000       3.145355675017E-002 -2.351027506354E-003  1.444357594258E-004
   3.54545454545        0.00000000000       -70.0000000000       3.254834284681E-002 -2.360314028272E-003  2.778449691359E-004
   4.13636363636        0.00000000000       -70.0000000000       3.343436679294E-002 -2.381169167909E-003  3.898730690310E-004
   4.72727272727        0.00000000000       -70.0000000000       3.427074943431E-002 -2.505670756407E-003  5.093144897569E-004
   5.31818181818        0.00000000000       -70.0000000000       3.490308381422E-002 -2.717088199101E-003  6.105963967866E-004
   5.90909090909        0.00000000000       -70.0000000000       3.503545189182E-002 -2.810756522628E-003  5.739695886020E-004
   6.50000000000        0.00000000000       -70.0000000000       3.542468180408E-002 -3.122204458543E-003  7.021579749789E-004
