 12 20 1 1
 1 X [LENGU]
 2 Y [LENGU]
 3 Z [LENGU]
 4 Hx [FIELU]
 5 Hy [FIELU]
 6 Hz [FIELU]
 0
   0.00000000000        0.00000000000       -2.16000000000       7.479476612295E-002 -2.735192810129E-004  2.385666570213E-003
  0.590909090909        0.00000000000       -2.16000000000       7.539340351249E-002 -6.918325856998E-004  2.497880229605E-003
   1.18181818182        0.00000000000       -2.16000000000       7.541937405665E-002 -5.276847255044E-004  2.906901263933E-003
   1.77272727273        0.00000000000       -2.16000000000       7.448772436332E-002 -4.634333274176E-004  2.911973769915E-003
   2.36363636364        0.00000000000       -2.16000000000       7.430486019398E-002 -5.596522030320E-004  2.304277721027E-003
   2.95454545455        0.00000000000       -2.16000000000       5.503082462262E-002  7.366090605899E-004  7.977102275436E-003
   3.54545454545        0.00000000000       -2.16000000000       5.267260000728E-002 -5.624649001890E-004  9.880894861495E-003
   4.13636363636        0.00000000000       -2.16000000000       5.067846274415E-002 -4.513266596125E-004  1.170461544404E-002
   4.72727272727        0.00000000000       -2.16000000000       4.882632679288E-002  3.079759623581E-004  1.331548234875E-002
   5.31818181818        0.00000000000       -2.16000000000       4.980255355070E-002 -2.489453721154E-004  1.464141552874E-002
   5.90909090909        0.00000000000       -2.16000000000       5.368951320472E-002  5.846517688527E-004  1.883507939818E-002
   6.50000000000        0.00000000000       -2.16000000000       5.546946071006E-002  1.475928385580E-003  2.082567266863E-002
   0.00000000000        0.00000000000       -2.16000000000       7.479476612295E-002 -2.735192810129E-004  2.385666570213E-003
  0.558892006459       0.191867868166       -2.16000000000       7.564161811420E-002 -6.502386976656E-004  2.415396271810E-003
   1.11778401292       0.383735736333       -2.16000000000       7.537071992359E-002 -5.118894891322E-004  2.558027740915E-003
   1.67667601938       0.575603604499       -2.16000000000       7.427149562905E-002 -4.437101687681E-004  2.280279052161E-003
   2.23556802584       0.767471472666       -2.16000000000       7.359232395424E-002  3.825111783347E-005  2.009036247894E-003
   2.79446003230       0.959339340832       -2.16000000000       5.741113276470E-002 -2.153309376131E-003  7.325243194775E-003
   3.35335203876        1.15120720900       -2.16000000000       5.327017798881E-002  8.840511088717E-004  9.018023635144E-003
   3.91224404522        1.34307507716       -2.16000000000       5.274952890128E-002  2.650899412379E-003  1.078955862475E-002
   4.47113605168        1.53494294533       -2.16000000000       5.138953395036E-002  3.902677805251E-003  1.247119925937E-002
   5.03002805814        1.72681081350       -2.16000000000       5.054529571024E-002  6.884400503331E-003  1.498579600544E-002
   5.58892006459        1.91867868166       -2.16000000000       4.927523461356E-002  8.475870285454E-003  1.803303203815E-002
   6.14781207105        2.11054654983       -2.16000000000       5.205087489310E-002  8.920501963096E-003  2.184733759786E-002
   0.00000000000        0.00000000000       -2.16000000000       7.479476612295E-002 -2.735192810129E-004  2.385666570213E-003
  0.466310301007       0.362943875680       -2.16000000000       7.574824622153E-002 -5.453131961249E-004  2.408385260027E-003
  0.932620602014       0.725887751361       -2.16000000000       7.542892174939E-002 -4.150651031393E-004  2.296272025072E-003
   1.39893090302        1.08883162704       -2.16000000000       7.440638128145E-002 -1.296098562018E-004  2.136479232219E-003
   1.86524120403        1.45177550272       -2.16000000000       7.332272006643E-002  3.529742794439E-004  1.967469307638E-003
   2.33155150503        1.81471937840       -2.16000000000       6.264728218517E-002 -7.497015185627E-003  5.027872215317E-003
   2.79786180604        2.17766325408       -2.16000000000       6.462791785299E-002  2.492296740110E-003  7.108863694954E-003
   3.26417210705        2.54060712976       -2.16000000000       6.391647340525E-002  1.315335596312E-002  8.225831624717E-003
   3.73048240806        2.90355100544       -2.16000000000       6.255442084004E-002  1.444601108218E-002  9.586499707354E-003
   4.19679270906        3.26649488112       -2.16000000000       6.108602534771E-002  1.540517788887E-002  1.187009697069E-002
   4.66310301007        3.62943875680       -2.16000000000       6.122680942921E-002  2.586937553499E-002  1.617053273733E-002
   5.12941331108        3.99238263248       -2.16000000000       5.804616402425E-002  3.364768723013E-002  2.241926009618E-002
   0.00000000000        0.00000000000       -2.16000000000       7.479476612295E-002 -2.735192810129E-004  2.385666570213E-003
  0.323196638891       0.494689282610       -2.16000000000       7.569230978972E-002 -3.802994514320E-004  2.488311026068E-003
  0.646393277781       0.989378565219       -2.16000000000       7.547623878834E-002 -6.146875394575E-005  2.306182187881E-003
  0.969589916672        1.48406784783       -2.16000000000       7.476199274822E-002  2.377706982825E-004  2.186083135788E-003
   1.29278655556        1.97875713044       -2.16000000000       7.371634752147E-002  4.934778295811E-004  2.002863109764E-003
   1.61598319445        2.47344641305       -2.16000000000       6.661457910428E-002 -1.209953571020E-002  3.424309941126E-003
   1.93917983334        2.96813569566       -2.16000000000       7.262349655513E-002 -8.050754518704E-003  4.491224938715E-003
   2.26237647223        3.46282497827       -2.16000000000       7.527243720927E-002 -7.309225518606E-003  6.608482071331E-003
   2.58557311112        3.95751426088       -2.16000000000       8.806993963582E-002 -2.518859499657E-003  9.492834749363E-003
   2.90876975001        4.45220354349       -2.16000000000       0.110082619508       1.803463776966E-002  1.303528897092E-002
   3.23196638891        4.94689282610       -2.16000000000       0.106218799666       8.427592718243E-002  1.739185125175E-002
   3.55516302780        5.44158210871       -2.16000000000       3.934842527663E-002  8.449413865405E-002  1.882385261330E-002
   0.00000000000        0.00000000000       -2.16000000000       7.479476612295E-002 -2.735192810129E-004  2.385666570213E-003
  0.145059606038       0.572827429873       -2.16000000000       7.555405890705E-002 -2.370620944013E-004  2.562239856117E-003
  0.290119212075        1.14565485975       -2.16000000000       7.524947709835E-002  2.232209020722E-004  2.447523348576E-003
  0.435178818113        1.71848228962       -2.16000000000       7.519558845212E-002  3.784576744363E-004  2.234750125354E-003
  0.580238424151        2.29130971949       -2.16000000000       7.460240488886E-002  6.963524284520E-004  2.124933186785E-003
  0.725298030189        2.86413714937       -2.16000000000       7.595821010068E-002 -1.364407799250E-002  2.310610176253E-003
  0.870357636226        3.43696457924       -2.16000000000       7.569814556785E-002 -9.161352149101E-003  5.260159991227E-003
   1.01541724226        4.00979200911       -2.16000000000       6.965679119695E-002 -1.389615002184E-002  8.275866196321E-003
   1.16047684830        4.58261943899       -2.16000000000       6.345387123757E-002 -2.580584630550E-002  1.207298451256E-002
   1.30553645434        5.15544686886       -2.16000000000       5.036832355631E-002 -2.629137111695E-002  1.677909028014E-002
   1.45059606038        5.72827429873       -2.16000000000       2.754087090713E-002 -2.644948046952E-002  2.193969222849E-002
   1.59565566642        6.30110172861       -2.16000000000       1.803070994760E-002 -9.812995278378E-003  3.008959737637E-002
   0.00000000000        0.00000000000       -2.16000000000       7.479476612295E-002 -2.735192810129E-004  2.385666570213E-003
 -4.879688596092E-002  0.588890836777       -2.16000000000       7.534847520185E-002 -1.311231152237E-004  2.622160414312E-003
 -9.759377192185E-002   1.17778167355       -2.16000000000       7.507819377909E-002  4.050223733927E-004  2.630574549900E-003
 -0.146390657883        1.76667251033       -2.16000000000       7.518610559712E-002  6.025525737446E-004  2.452179331171E-003
 -0.195187543844        2.35556334711       -2.16000000000       7.532673119703E-002  9.650092793190E-004  2.241456630094E-003
 -0.243984429805        2.94445418388       -2.16000000000       7.742936829415E-002 -7.214088490705E-003  4.066749351674E-003
 -0.292781315766        3.53334502066       -2.16000000000       6.914724682398E-002 -3.744062501948E-003  5.822896066675E-003
 -0.341578201726        4.12223585744       -2.16000000000       6.429291505475E-002 -1.557604562194E-004  8.500878939524E-003
 -0.390375087687        4.71112669421       -2.16000000000       5.461116338887E-002  5.535048693233E-003  1.310445524591E-002
 -0.439171973648        5.30001753099       -2.16000000000       4.521219206631E-002  1.298223655774E-002  1.749924976374E-002
 -0.487968859609        5.88890836777       -2.16000000000       3.088494499540E-002  1.409783988161E-002  2.523919859823E-002
 -0.536765745570        6.47779920454       -2.16000000000       1.364446867622E-002  2.294566549447E-002  3.036678595834E-002
   0.00000000000        0.00000000000       -2.16000000000       7.479476612295E-002 -2.735192810129E-004  2.385666570213E-003
 -0.237365478204       0.541138783933       -2.16000000000       7.509783685854E-002 -7.396264610577E-005  2.661579378412E-003
 -0.474730956408        1.08227756787       -2.16000000000       7.501961902782E-002  4.638376757361E-004  2.826065595032E-003
 -0.712096434612        1.62341635180       -2.16000000000       7.499941771889E-002  8.256150233646E-004  2.755503315890E-003
 -0.949461912816        2.16455513573       -2.16000000000       7.477865880077E-002  3.731822970378E-003  2.380316009580E-003
  -1.18682739102        2.70569391966       -2.16000000000       8.159539906692E-002 -2.420123124728E-003  3.663855496388E-003
  -1.42419286922        3.24683270360       -2.16000000000       8.152897420445E-002  7.158587358733E-003  5.209035970347E-003
  -1.66155834743        3.78797148753       -2.16000000000       8.605668036915E-002  1.107285055753E-002  7.233326086920E-003
  -1.89892382563        4.32911027146       -2.16000000000       8.956615943750E-002  2.195634652813E-002  1.110643291109E-002
  -2.13628930384        4.87024905539       -2.16000000000       9.483984614065E-002  7.254222467730E-002  1.584952900786E-002
  -2.37365478204        5.41138783933       -2.16000000000       1.481215921462E-002  8.186583332726E-002  2.015318576483E-002
  -2.61102026024        5.95252662326       -2.16000000000      -5.352260015368E-002  4.112767674169E-002  2.423681423550E-002
   0.00000000000        0.00000000000       -2.16000000000       7.479476612295E-002 -2.735192810129E-004  2.385666570213E-003
 -0.400211837779       0.434745947216       -2.16000000000       7.482002223743E-002 -5.106761270961E-005  2.673041979344E-003
 -0.800423675558       0.869491894432       -2.16000000000       7.472589911262E-002  4.377027405911E-004  2.919479050017E-003
  -1.20063551334        1.30423784165       -2.16000000000       7.461424041814E-002  1.075075830335E-003  3.100169178309E-003
  -1.60084735112        1.73898378886       -2.16000000000       7.509336711944E-002  1.868036391607E-003  2.534751348397E-003
  -2.00105918889        2.17372973608       -2.16000000000       8.843814702089E-002 -4.963504335285E-003  2.952856996827E-003
  -2.40127102667        2.60847568330       -2.16000000000       8.708809494654E-002  7.344733907158E-003  6.972707064276E-003
  -2.80148286445        3.04322163051       -2.16000000000       0.104515611105       1.361292706026E-002  6.002388468290E-003
  -3.20169470223        3.47796757773       -2.16000000000       0.111922546692       1.636278036822E-002  6.409060572757E-003
  -3.60190654001        3.91271352494       -2.16000000000       9.452887139938E-002  2.258935078032E-002  3.732592887508E-003
  -4.00211837779        4.34745947216       -2.16000000000       6.227966874119E-002  1.902896005598E-002  1.498599092524E-002
  -4.40233021557        4.78220541938       -2.16000000000       2.253655115267E-002  1.529110706941E-002  2.293126520858E-002
   0.00000000000        0.00000000000       -2.16000000000       7.479476612295E-002 -2.735192810129E-004  2.385666570213E-003
 -0.519689034804       0.281241641340       -2.16000000000       7.433887441937E-002  3.952241335192E-004  2.584573150082E-003
  -1.03937806961       0.562483282680       -2.16000000000       7.434037122316E-002  6.061542636826E-004  2.858373760489E-003
  -1.55906710441       0.843724924020       -2.16000000000       7.462150769985E-002  6.601193730266E-004  2.934698536390E-003
  -2.07875613922        1.12496656536       -2.16000000000       7.467304683029E-002  1.091501018417E-003  2.410163168789E-003
  -2.59844517402        1.40620820670       -2.16000000000       9.185342018307E-002  3.520573513347E-003  5.104455026781E-003
  -3.11813420882        1.68744984804       -2.16000000000       0.107613282924       1.695135501580E-002 -1.169051491267E-003
  -3.63782324363        1.96869148938       -2.16000000000       0.132054107618       3.966026097511E-002 -6.958454738948E-003
  -4.15751227843        2.24993313072       -2.16000000000       0.114770529573       7.134437846330E-002 -2.902026574520E-002
  -4.67720131323        2.53117477206       -2.16000000000       0.104434302390       8.730228431865E-002 -4.035326708856E-002
  -5.19689034804        2.81241641340       -2.16000000000       5.644401548340E-002  0.109575498389      -3.402238550531E-002
  -5.71657938284        3.09365805474       -2.16000000000       1.425557776155E-002  0.120754335802      -1.875406485943E-002
   0.00000000000        0.00000000000       -2.16000000000       7.479476612295E-002 -2.735192810129E-004  2.385666570213E-003
 -0.582849861102       9.726043971134E-002  -2.16000000000       7.390712954127E-002  7.690471541603E-004  2.474549706537E-003
  -1.16569972220       0.194520879423       -2.16000000000       7.480085449875E-002  1.122487765550E-004  2.806824192174E-003
  -1.74854958330       0.291781319134       -2.16000000000       7.505394794514E-002  3.088085230278E-004  2.723687200826E-003
  -2.33139944441       0.389041758845       -2.16000000000       7.510652504611E-002  4.055095338728E-004  2.395681097524E-003
  -2.91424930551       0.486302198557       -2.16000000000       0.100319469471       1.110920119829E-003 -3.776770686151E-003
  -3.49709916661       0.583562638268       -2.16000000000       0.164871215669       2.729638711963E-003 -4.414096765264E-003
  -4.07994902771       0.680823077979       -2.16000000000       0.186477984647       2.086223057752E-002 -1.020456172087E-002
  -4.66279888881       0.778083517691       -2.16000000000       0.207293328972       3.988801479892E-002 -6.068822947503E-002
  -5.24564874991       0.875343957402       -2.16000000000       0.232629590155       6.351695114750E-002 -0.133179537382     
  -5.82849861102       0.972604397113       -2.16000000000       0.216435466321       8.610250562387E-002 -0.206788258244     
  -6.41134847212        1.06986483682       -2.16000000000       0.575423660715       0.185555325380      -0.485199324466     
   0.00000000000        0.00000000000       -2.16000000000       7.479476612295E-002 -2.735192810129E-004  2.385666570213E-003
 -0.582849861102      -9.726043971134E-002  -2.16000000000       7.392959391175E-002  6.715393791781E-004  2.413517567040E-003
  -1.16569972220      -0.194520879423       -2.16000000000       7.500140721894E-002 -1.628195270752E-004  2.666529836951E-003
  -1.74854958330      -0.291781319134       -2.16000000000       7.535854878318E-002 -5.298180887079E-005  2.541327842226E-003
  -2.33139944441      -0.389041758845       -2.16000000000       7.569595701150E-002 -1.529089905914E-004  2.297987024849E-003
  -2.91424930551      -0.486302198557       -2.16000000000       8.906974005748E-002 -4.787200798177E-004  4.986705113332E-003
  -3.49709916661      -0.583562638268       -2.16000000000       0.142456970339      -3.080830517832E-002 -1.480039015191E-003
  -4.07994902771      -0.680823077979       -2.16000000000       0.202636105009      -6.324592385546E-002 -5.558381123683E-003
  -4.66279888881      -0.778083517691       -2.16000000000       0.245045240637      -7.768297089550E-002 -6.460428770705E-002
  -5.24564874991      -0.875343957402       -2.16000000000       0.247060267426      -7.955055521536E-002 -0.124226974412     
  -5.82849861102      -0.972604397113       -2.16000000000       0.202155689372      -0.114370342821      -0.219337138135     
  -6.41134847212       -1.06986483682       -2.16000000000       0.257617504041      -0.227808260926      -0.447390522433     
   0.00000000000        0.00000000000       -2.16000000000       7.479476612295E-002 -2.735192810129E-004  2.385666570213E-003
 -0.519689034804      -0.281241641340       -2.16000000000       7.396896326986E-002  5.485410507488E-004  2.336883738374E-003
  -1.03937806961      -0.562483282680       -2.16000000000       7.515909118983E-002 -5.172574170123E-004  2.543175237825E-003
  -1.55906710441      -0.843724924020       -2.16000000000       7.547461555453E-002 -3.908279335254E-004  2.391857922197E-003
  -2.07875613922       -1.12496656536       -2.16000000000       7.621854705195E-002 -3.437067821751E-004  2.393975889125E-003
  -2.59844517402       -1.40620820670       -2.16000000000       8.256013559371E-002 -2.524897688020E-003  2.566097976035E-003
  -3.11813420882       -1.68744984804       -2.16000000000       9.918825794862E-002 -1.532058957390E-002  4.344854177011E-003
  -3.63782324363       -1.96869148938       -2.16000000000       0.109901848930      -2.758130288977E-002  4.008906056894E-004
  -4.15751227843       -2.24993313072       -2.16000000000       0.115329057595      -4.085879727118E-002 -1.281709707006E-002
  -4.67720131323       -2.53117477206       -2.16000000000       0.129233108749      -6.334727659315E-002 -3.152746013356E-002
  -5.19689034804       -2.81241641340       -2.16000000000       7.217873555146E-002 -9.893546103816E-002 -3.825236442653E-002
  -5.71657938284       -3.09365805474       -2.16000000000       2.453209337547E-002 -0.117612319839      -2.988916753068E-002
   0.00000000000        0.00000000000       -2.16000000000       7.479476612295E-002 -2.735192810129E-004  2.385666570213E-003
 -0.400211837779      -0.434745947216       -2.16000000000       7.384158118957E-002  5.929376912108E-004  2.223578857699E-003
 -0.800423675558      -0.869491894432       -2.16000000000       7.525298601889E-002 -9.073910952456E-004  2.448675464516E-003
  -1.20063551334       -1.30423784165       -2.16000000000       7.569329560413E-002 -7.789997125690E-004  2.378268248018E-003
  -1.60084735112       -1.73898378886       -2.16000000000       7.619220486156E-002 -4.951351817328E-004  2.454686802454E-003
  -2.00105918889       -2.17372973608       -2.16000000000       7.903767649592E-002 -5.045984585003E-003  3.405018865532E-003
  -2.40127102667       -2.60847568330       -2.16000000000       0.102311731115      -1.936750631983E-002  8.641902729523E-003
  -2.80148286445       -3.04322163051       -2.16000000000       9.751642668886E-002 -2.209400745564E-002 -2.185951178118E-003
  -3.20169470223       -3.47796757773       -2.16000000000       9.433410056109E-002 -1.997546215454E-002  5.452539657650E-003
  -3.60190654001       -3.91271352494       -2.16000000000       9.419010544118E-002 -1.762063287949E-002  9.066667431031E-003
  -4.00211837779       -4.34745947216       -2.16000000000       7.264815599586E-002 -1.702312547380E-002  1.345963971155E-002
  -4.40233021557       -4.78220541938       -2.16000000000       2.291516586165E-002 -4.737495413997E-002  2.022984005350E-002
   0.00000000000        0.00000000000       -2.16000000000       7.479476612295E-002 -2.735192810129E-004  2.385666570213E-003
 -0.237365478204      -0.541138783933       -2.16000000000       7.356125149582E-002  7.999182356850E-004  2.085881266941E-003
 -0.474730956408       -1.08227756787       -2.16000000000       7.470514216313E-002 -3.441626095109E-004  2.219148178712E-003
 -0.712096434612       -1.62341635180       -2.16000000000       7.589029692391E-002 -1.007624785059E-003  2.500102847431E-003
 -0.949461912816       -2.16455513573       -2.16000000000       7.542040268646E-002 -9.802244212599E-004  2.334431359450E-003
  -1.18682739102       -2.70569391966       -2.16000000000       8.520400214075E-002 -5.208785060933E-003  7.189699239384E-003
  -1.42419286922       -3.24683270360       -2.16000000000       9.038060354317E-002 -8.944876866295E-003  7.300114882691E-003
  -1.66155834743       -3.78797148753       -2.16000000000       9.538755124744E-002 -2.089197969004E-002  1.061230124352E-002
  -1.89892382563       -4.32911027146       -2.16000000000       9.462733637221E-002 -3.237844009880E-002  1.300903726285E-002
  -2.13628930384       -4.87024905539       -2.16000000000       8.720407450809E-002 -8.242646222238E-002  1.816243643214E-002
  -2.37365478204       -5.41138783933       -2.16000000000       5.626299242674E-002 -8.877072802463E-002  2.029002352272E-002
  -2.61102026024       -5.95252662326       -2.16000000000      -5.410482600948E-002 -4.041543598639E-002  2.451200512966E-002
   0.00000000000        0.00000000000       -2.16000000000       7.479476612295E-002 -2.735192810129E-004  2.385666570213E-003
 -4.879688596092E-002 -0.588890836777       -2.16000000000       7.369054718517E-002  6.143639563098E-004  2.025855672137E-003
 -9.759377192185E-002  -1.17778167355       -2.16000000000       7.394092765999E-002  8.344515403996E-004  2.073643530494E-003
 -0.146390657883       -1.76667251033       -2.16000000000       7.429053260905E-002  6.491312085414E-005  2.153217614004E-003
 -0.195187543844       -2.35556334711       -2.16000000000       7.486933148910E-002 -1.172792840892E-003  2.254225523840E-003
 -0.243984429805       -2.94445418388       -2.16000000000       8.032805419930E-002 -4.229602699380E-004  8.013943600977E-003
 -0.292781315766       -3.53334502066       -2.16000000000       7.480613873623E-002  3.517024363916E-004  1.041814009627E-002
 -0.341578201726       -4.12223585744       -2.16000000000       6.569486302937E-002 -5.144033236170E-003  1.310118378193E-002
 -0.390375087687       -4.71112669421       -2.16000000000       5.640660434296E-002 -1.088394025964E-002  1.561468131207E-002
 -0.439171973648       -5.30001753099       -2.16000000000       4.554996124065E-002 -1.733349251323E-002  1.837410997769E-002
 -0.487968859609       -5.88890836777       -2.16000000000       3.251898735950E-002 -2.188139336698E-002  2.605457724422E-002
 -0.536765745570       -6.47779920454       -2.16000000000       2.421123318633E-002 -2.713436079437E-002  2.998042938221E-002
   0.00000000000        0.00000000000       -2.16000000000       7.479476612295E-002 -2.735192810129E-004  2.385666570213E-003
  0.145059606038      -0.572827429873       -2.16000000000       7.393812349804E-002  3.590319225890E-004  2.128355384909E-003
  0.290119212075       -1.14565485975       -2.16000000000       7.408934708085E-002  6.950294514461E-004  2.370915042432E-003
  0.435178818113       -1.71848228962       -2.16000000000       7.346272412024E-002  5.515580369142E-004  2.155642556664E-003
  0.580238424151       -2.29130971949       -2.16000000000       7.336753977343E-002  2.517107607069E-004  1.897776962295E-003
  0.725298030189       -2.86413714937       -2.16000000000       7.501311847400E-002  1.682730960001E-002  4.506807657919E-003
  0.870357636226       -3.43696457924       -2.16000000000       7.086340587204E-002  7.653422024358E-003  1.089213397288E-002
   1.01541724226       -4.00979200911       -2.16000000000       6.671079563166E-002  1.256087990124E-002  1.269703540538E-002
   1.16047684830       -4.58261943899       -2.16000000000       6.169267102039E-002  1.789159171932E-002  1.441198827091E-002
   1.30553645434       -5.15544686886       -2.16000000000       4.800410084080E-002  2.268791274061E-002  1.752314531946E-002
   1.45059606038       -5.72827429873       -2.16000000000       2.621214843941E-002  2.126521253109E-002  2.073394297744E-002
   1.59565566642       -6.30110172861       -2.16000000000       7.856198860022E-003  3.141689132195E-003  2.703287425360E-002
   0.00000000000        0.00000000000       -2.16000000000       7.479476612295E-002 -2.735192810129E-004  2.385666570213E-003
  0.323196638891      -0.494689282610       -2.16000000000       7.423524881888E-002  8.674348364580E-005  2.292489542658E-003
  0.646393277781      -0.989378565219       -2.16000000000       7.416257786642E-002  4.456763648345E-004  2.642454826555E-003
  0.969589916672       -1.48406784783       -2.16000000000       7.401443379486E-002  2.672762175667E-004  2.706354330395E-003
   1.29278655556       -1.97875713044       -2.16000000000       7.335213464991E-002  3.121075878369E-004  2.205485264748E-003
   1.61598319445       -2.47344641305       -2.16000000000       6.979255163662E-002  5.456766938195E-003  8.763438828529E-003
   1.93917983334       -2.96813569566       -2.16000000000       7.466050783759E-002  7.170989070711E-003  1.015654971815E-002
   2.26237647223       -3.46282497827       -2.16000000000       8.052356510380E-002  6.742925785960E-003  1.206332823439E-002
   2.58557311112       -3.95751426088       -2.16000000000       8.772852013875E-002  2.385971895497E-003  1.429120991134E-002
   2.90876975001       -4.45220354349       -2.16000000000       0.108121180712      -1.681478603539E-002  1.814697585459E-002
   3.23196638891       -4.94689282610       -2.16000000000       0.103973736707      -8.359920424086E-002  2.227125337472E-002
   3.55516302780       -5.44158210871       -2.16000000000       3.553014580134E-002 -8.206873684819E-002  2.698042965158E-002
   0.00000000000        0.00000000000       -2.16000000000       7.479476612295E-002 -2.735192810129E-004  2.385666570213E-003
  0.466310301007      -0.362943875680       -2.16000000000       7.464057966092E-002 -2.812908458826E-004  2.429623494728E-003
  0.932620602014      -0.725887751361       -2.16000000000       7.406019322790E-002  2.269641823116E-004  2.817310440840E-003
   1.39893090302       -1.08883162704       -2.16000000000       7.433556793680E-002 -4.133150194991E-005  3.157434772886E-003
   1.86524120403       -1.45177550272       -2.16000000000       7.334481160882E-002 -2.187472626454E-004  2.753112754107E-003
   2.33155150503       -1.81471937840       -2.16000000000       6.412013435690E-002  4.373544246412E-003  8.604561024790E-003
   2.79786180604       -2.17766325408       -2.16000000000       6.314126835452E-002  1.783137018222E-003  1.026438503414E-002
   3.26417210705       -2.54060712976       -2.16000000000       6.235248833458E-002 -1.688417242545E-003  1.190954741286E-002
   3.73048240806       -2.90355100544       -2.16000000000       6.152377932909E-002 -6.426610199744E-003  1.343919326540E-002
   4.19679270906       -3.26649488112       -2.16000000000       5.853754088606E-002 -1.461127026898E-002  1.752619433920E-002
   4.66310301007       -3.62943875680       -2.16000000000       5.285678399644E-002 -2.340676379705E-002  2.241487081843E-002
   5.12941331108       -3.99238263248       -2.16000000000       5.611410615479E-002 -3.806827649856E-002  3.002676548156E-002
   0.00000000000        0.00000000000       -2.16000000000       7.479476612295E-002 -2.735192810129E-004  2.385666570213E-003
  0.558892006459      -0.191867868166       -2.16000000000       7.511019213807E-002 -7.051888357509E-004  2.524896649560E-003
   1.11778401292      -0.383735736333       -2.16000000000       7.498661189925E-002 -6.135754148569E-004  3.006462405135E-003
   1.67667601938      -0.575603604499       -2.16000000000       7.486244164175E-002 -5.206413981262E-004  3.487821131685E-003
   2.23556802584      -0.767471472666       -2.16000000000       7.374648990518E-002 -1.104952330339E-003  2.624521058340E-003
   2.79446003230      -0.959339340832       -2.16000000000       5.676357125551E-002  2.377059996593E-003  8.210199357879E-003
   3.35335203876       -1.15120720900       -2.16000000000       5.420539440275E-002  4.640470976189E-004  9.856221717755E-003
   3.91224404522       -1.34307507716       -2.16000000000       5.230640097189E-002 -9.097983451769E-004  1.169041052515E-002
   4.47113605168       -1.53494294533       -2.16000000000       5.029781270422E-002 -2.329277832669E-003  1.294870103714E-002
   5.03002805814       -1.72681081350       -2.16000000000       5.004962399697E-002 -3.382492838568E-003  1.609689826041E-002
   5.58892006459       -1.91867868166       -2.16000000000       5.059073114409E-002 -3.337701023908E-003  1.916098710529E-002
   6.14781207105       -2.11054654983       -2.16000000000       5.336590404422E-002 -4.269345157225E-003  2.078556601970E-002
   0.00000000000        0.00000000000       -2.16000000000       7.479476612295E-002 -2.735192810129E-004  2.385666570213E-003
  0.590909090909        0.00000000000       -2.16000000000       7.539340351249E-002 -6.918325856998E-004  2.497880229605E-003
   1.18181818182      -1.172487511250E-015  -2.16000000000       7.541937405665E-002 -5.276847255044E-004  2.906901263933E-003
   1.77272727273        0.00000000000       -2.16000000000       7.448772436332E-002 -4.634333274176E-004  2.911973769915E-003
   2.36363636364        0.00000000000       -2.16000000000       7.430486019398E-002 -5.596522030320E-004  2.304277721027E-003
   2.95454545455        0.00000000000       -2.16000000000       5.503082462262E-002  7.366090605899E-004  7.977102275436E-003
   3.54545454545        0.00000000000       -2.16000000000       5.267260000728E-002 -5.624649001890E-004  9.880894861495E-003
   4.13636363636        0.00000000000       -2.16000000000       5.067846274415E-002 -4.513266596125E-004  1.170461544404E-002
   4.72727272727        0.00000000000       -2.16000000000       4.882632679288E-002  3.079759623581E-004  1.331548234875E-002
   5.31818181818        0.00000000000       -2.16000000000       4.980255355070E-002 -2.489453721154E-004  1.464141552874E-002
   5.90909090909        0.00000000000       -2.16000000000       5.368951320472E-002  5.846517688527E-004  1.883507939818E-002
   6.50000000000        0.00000000000       -2.16000000000       5.546946071006E-002  1.475928385580E-003  2.082567266863E-002
