 12 20 1 1
 1 X [LENGU]
 2 Y [LENGU]
 3 Z [LENGU]
 4 Hx [FIELU]
 5 Hy [FIELU]
 6 Hz [FIELU]
 0
   0.00000000000        0.00000000000       -97.2000000000       0.620131473551      -9.588908054816E-002 -1.596186661809E-002
  0.590909090909        0.00000000000       -97.2000000000       0.628098492863      -0.116417039611      -2.162331685851E-002
   1.18181818182        0.00000000000       -97.2000000000       0.636423007254      -0.134539481682      -2.627431520788E-002
   1.77272727273        0.00000000000       -97.2000000000       0.636865879237      -0.135358301363      -2.719168550737E-002
   2.36363636364        0.00000000000       -97.2000000000       0.639852601071      -0.116113360989      -2.389362611555E-002
   2.95454545455        0.00000000000       -97.2000000000      -4.502570422472E-002 -7.513427822812E-002 -0.159037830711     
   3.54545454545        0.00000000000       -97.2000000000      -7.749789077702E-002 -4.326078799582E-002 -0.115738269358     
   4.13636363636        0.00000000000       -97.2000000000      -9.144070755868E-002 -2.105106472133E-002 -6.936746699015E-002
   4.72727272727        0.00000000000       -97.2000000000      -7.577769487217E-002 -7.265507906190E-003 -2.884026535762E-002
   5.31818181818        0.00000000000       -97.2000000000      -7.540524681140E-002 -3.110808857889E-002 -2.955119515128E-002
   5.90909090909        0.00000000000       -97.2000000000      -6.619756111190E-002 -2.527772388814E-002 -2.289313180311E-002
   6.50000000000        0.00000000000       -97.2000000000      -5.698987541239E-002 -1.944735919738E-002 -1.623506845494E-002
   0.00000000000        0.00000000000       -97.2000000000       0.620131473551      -9.588908054816E-002 -1.596186661809E-002
  0.558892006459       0.191867868166       -97.2000000000       0.626193799661      -0.121457128450      -2.128645727132E-002
   1.11778401292       0.383735736333       -97.2000000000       0.629557893134      -0.147108465614      -2.760698891447E-002
   1.67667601938       0.575603604499       -97.2000000000       0.617811945177      -0.144122846693      -2.926173197048E-002
   2.23556802584       0.767471472666       -97.2000000000       0.623635864703      -0.125954030698      -2.661794647621E-002
   2.79446003230       0.959339340832       -97.2000000000       6.579530888075E-002 -0.166786934186      -0.142667847582     
   3.35335203876        1.15120720900       -97.2000000000       6.469003068867E-003 -0.139159505060      -0.112984612318     
   3.91224404522        1.34307507716       -97.2000000000      -2.073751624203E-002 -0.118678982133      -7.062615023590E-002
   4.47113605168        1.53494294533       -97.2000000000      -4.125842849597E-002 -8.978172612274E-002 -3.614498291898E-002
   5.03002805814        1.72681081350       -97.2000000000      -5.145506422656E-002 -8.348950726541E-002 -2.661070195624E-002
   5.58892006459        1.91867868166       -97.2000000000      -2.479596589520E-002 -5.279597251083E-002 -1.747445812854E-002
   6.14781207105        2.11054654983       -97.2000000000      -1.139166130493E-002 -3.938188178835E-002 -1.156671739575E-002
   0.00000000000        0.00000000000       -97.2000000000       0.620131473551      -9.588908054816E-002 -1.596186661809E-002
  0.466310301007       0.362943875680       -97.2000000000       0.625556329936      -0.130443254621      -2.230017265536E-002
  0.932620602014       0.725887751361       -97.2000000000       0.615892773814      -0.146584517305      -2.653631672346E-002
   1.39893090302        1.08883162704       -97.2000000000       0.612469339299      -0.141310144407      -2.681711303419E-002
   1.86524120403        1.45177550272       -97.2000000000       0.609352536424      -0.121104549370      -2.524807714920E-002
   2.33155150503        1.81471937840       -97.2000000000       0.226392052979      -0.217858955594      -0.116924688998     
   2.79786180604        2.17766325408       -97.2000000000       0.108402407580      -0.159254198986      -5.133490754983E-002
   3.26417210705        2.54060712976       -97.2000000000       7.015716257057E-002 -0.135145614129      -3.403426842351E-002
   3.73048240806        2.90355100544       -97.2000000000       6.957457366882E-002 -0.113406564564      -2.424767882234E-002
   4.19679270906        3.26649488112       -97.2000000000       9.175210625276E-002 -8.367994072994E-002 -1.289523035247E-002
   4.66310301007        3.62943875680       -97.2000000000       7.480907151214E-002 -3.456352845867E-002 -7.182881593824E-003
   5.12941331108        3.99238263248       -97.2000000000       5.439614196611E-002 -2.108332265940E-002 -4.335392870846E-003
   0.00000000000        0.00000000000       -97.2000000000       0.620131473551      -9.588908054816E-002 -1.596186661809E-002
  0.323196638891       0.494689282610       -97.2000000000       0.642491621237      -8.193641827384E-002 -1.262644368019E-002
  0.646393277781       0.989378565219       -97.2000000000       0.594201052654      -0.130274930480      -2.133535040587E-002
  0.969589916672        1.48406784783       -97.2000000000       0.571098149991      -0.118538977706      -1.963326258368E-002
   1.29278655556        1.97875713044       -97.2000000000       0.586985736840      -0.122688046301      -2.330313375649E-002
   1.61598319445        2.47344641305       -97.2000000000       0.331695211654      -0.185453819034      -9.531459877797E-002
   1.93917983334        2.96813569566       -97.2000000000       0.288360866915      -0.186281701281      -5.550191147716E-002
   2.26237647223        3.46282497827       -97.2000000000       0.236585800801      -0.141711268007      -2.282295992726E-002
   2.58557311112        3.95751426088       -97.2000000000       0.238261030453      -0.130366592564      -1.786101058203E-002
   2.90876975001        4.45220354349       -97.2000000000       0.280891970888      -7.004328920960E-002 -1.007010144500E-002
   3.23196638891        4.94689282610       -97.2000000000       0.253487174311       0.119297256997      -7.475667800380E-003
   3.55516302780        5.44158210871       -97.2000000000       7.173693113542E-002  0.103674928341      -5.667514875922E-003
   0.00000000000        0.00000000000       -97.2000000000       0.620131473551      -9.588908054816E-002 -1.596186661809E-002
  0.145059606038       0.572827429873       -97.2000000000       0.656321899690      -1.998441178594E-002 -2.869403480815E-004
  0.290119212075        1.14565485975       -97.2000000000       0.600153175527      -5.055161842298E-002 -4.529414010278E-003
  0.435178818113        1.71848228962       -97.2000000000       0.543984451363      -8.111882506002E-002 -8.771887672474E-003
  0.580238424151        2.29130971949       -97.2000000000       0.560485902085      -0.104273096846      -1.612263000701E-002
  0.725298030189        2.86413714937       -97.2000000000       0.499953391847      -0.168465698360       2.089208094672E-003
  0.870357636226        3.43696457924       -97.2000000000       0.331084473387      -7.032006157231E-002 -1.451285458912E-002
   1.01541724226        4.00979200911       -97.2000000000       0.288489338678      -6.824286071285E-002 -7.468301991172E-003
   1.16047684830        4.58261943899       -97.2000000000       0.231107716686      -7.403129047214E-002 -8.484430420255E-004
   1.30553645434        5.15544686886       -97.2000000000       0.178751718225      -9.594473686178E-002 -1.938752371461E-003
   1.45059606038        5.72827429873       -97.2000000000       0.105026492276      -9.049728519704E-002  5.756129683345E-004
   1.59565566642        6.30110172861       -97.2000000000       4.569530442817E-002 -6.390050038092E-002  2.251003950375E-003
   0.00000000000        0.00000000000       -97.2000000000       0.620131473551      -9.588908054816E-002 -1.596186661809E-002
 -4.879688596092E-002  0.588890836777       -97.2000000000       0.653902645132      -2.149947728545E-002  3.335692697645E-003
 -9.759377192185E-002   1.17778167355       -97.2000000000       0.595314666410      -5.358174942199E-002  2.715852081175E-003
 -0.146390657883        1.76667251033       -97.2000000000       0.535893124668      -9.210724672269E-002 -8.157758279434E-004
 -0.195187543844        2.35556334711       -97.2000000000       0.565030896185      -0.108122328244      -3.878897849206E-003
 -0.243984429805        2.94445418388       -97.2000000000       0.373079801571       5.879236194847E-002  3.909214468032E-002
 -0.292781315766        3.53334502066       -97.2000000000       0.309686955684       6.790619898309E-002  1.118326128184E-002
 -0.341578201726        4.12223585744       -97.2000000000       0.249909036771       8.164622884632E-002  1.295423649449E-002
 -0.390375087687        4.71112669421       -97.2000000000       0.212764840251       7.377282625578E-002  1.034412918784E-002
 -0.439171973648        5.30001753099       -97.2000000000       0.158142656207       6.557611601849E-002  9.322282294533E-003
 -0.487968859609        5.88890836777       -97.2000000000       0.110627115995       6.374312536208E-002  3.841638271677E-003
 -0.536765745570        6.47779920454       -97.2000000000       8.580307574680E-002  6.593530373943E-002  3.704835993858E-003
   0.00000000000        0.00000000000       -97.2000000000       0.620131473551      -9.588908054816E-002 -1.596186661809E-002
 -0.237365478204       0.541138783933       -97.2000000000       0.657832307154      -1.953793079121E-002  7.025495091984E-003
 -0.474730956408        1.08227756787       -97.2000000000       0.602375281744      -5.501667906272E-002  7.712792689930E-003
 -0.712096434612        1.62341635180       -97.2000000000       0.564491928822      -9.749986256543E-002 -1.321048358921E-003
 -0.949461912816        2.16455513573       -97.2000000000       0.580865897436      -0.104095789125      -2.557612513765E-003
  -1.18682739102        2.70569391966       -97.2000000000       0.299345563315       0.167112231074       9.066762982948E-002
  -1.42419286922        3.24683270360       -97.2000000000       0.267950538042       0.182126234027       2.203273126529E-002
  -1.66155834743        3.78797148753       -97.2000000000       0.213097731157       0.173162008397       2.441108865386E-002
  -1.89892382563        4.32911027146       -97.2000000000       0.220069365462       0.188027687569       1.616236625336E-002
  -2.13628930384        4.87024905539       -97.2000000000       0.226269621806       0.244693591699       1.217616404482E-002
  -2.37365478204        5.41138783933       -97.2000000000       6.266160516692E-002  0.422873172531       9.856292802059E-003
  -2.61102026024        5.95252662326       -97.2000000000      -0.119598904369       0.118489846503       6.566501332227E-003
   0.00000000000        0.00000000000       -97.2000000000       0.620131473551      -9.588908054816E-002 -1.596186661809E-002
 -0.400211837779       0.434745947216       -97.2000000000       0.655390756187      -3.879806493036E-005  8.023983831224E-003
 -0.800423675558       0.869491894432       -97.2000000000       0.619590397047      -6.127172706974E-002  6.997929073715E-003
  -1.20063551334        1.30423784165       -97.2000000000       0.597107772460      -9.801106631079E-002 -6.759934227823E-004
  -1.60084735112        1.73898378886       -97.2000000000       0.594008566640      -8.104069398178E-002 -1.155465507474E-003
  -2.00105918889        2.17372973608       -97.2000000000       0.176738872199       0.344885339645       6.899995224447E-002
  -2.40127102667        2.60847568330       -97.2000000000       0.140983327932       0.200055877222       6.906111530851E-002
  -2.80148286445        3.04322163051       -97.2000000000       0.124094266137       0.193145083921       3.532396481635E-002
  -3.20169470223        3.47796757773       -97.2000000000       0.119105299694       0.152839531605       2.733578891551E-002
  -3.60190654001        3.91271352494       -97.2000000000       0.124764318768       7.815947974156E-002  2.142437657745E-002
  -4.00211837779        4.34745947216       -97.2000000000       0.103786127893       3.679781311442E-002  1.677259233057E-002
  -4.40233021557        4.78220541938       -97.2000000000       6.644159429473E-002  2.126578634244E-002  1.251654927848E-002
   0.00000000000        0.00000000000       -97.2000000000       0.620131473551      -9.588908054816E-002 -1.596186661809E-002
 -0.519689034804       0.281241641340       -97.2000000000       0.633670619239      -2.791865684470E-002 -4.243750462885E-004
  -1.03937806961       0.562483282680       -97.2000000000       0.637744680214      -3.068488285503E-002  1.074926465924E-002
  -1.55906710441       0.843724924020       -97.2000000000       0.607552936905      -5.720912822356E-002  2.662745396637E-003
  -2.07875613922        1.12496656536       -97.2000000000       0.586639478347      -2.426988490747E-002  1.868551577260E-003
  -2.59844517402        1.40620820670       -97.2000000000       6.958257473566E-002  0.151769957165       0.126350029513     
  -3.11813420882        1.68744984804       -97.2000000000       2.401161888790E-002  0.148636788197       7.286241670082E-002
  -3.63782324363        1.96869148938       -97.2000000000      -4.248516940462E-003  0.136112464151       4.830498698272E-002
  -4.15751227843        2.24993313072       -97.2000000000      -1.371371947967E-002  0.118025446848       4.363901435903E-002
  -4.67720131323        2.53117477206       -97.2000000000      -7.974717927366E-004  0.101129678140       3.535906263451E-002
  -5.19689034804        2.81241641340       -97.2000000000      -1.019908862694E-003  7.170220411760E-002  2.574853863193E-002
  -5.71657938284        3.09365805474       -97.2000000000      -1.085958084764E-003  5.634146407206E-002  1.733568515506E-002
   0.00000000000        0.00000000000       -97.2000000000       0.620131473551      -9.588908054816E-002 -1.596186661809E-002
 -0.582849861102       9.726043971134E-002  -97.2000000000       0.610709860752      -7.590942680577E-002 -9.544363891310E-003
  -1.16569972220       0.194520879423       -97.2000000000       0.643004383367       4.867656707647E-002  1.680530561027E-002
  -1.74854958330       0.291781319134       -97.2000000000       0.613023274375       2.091731093442E-002  1.025946461730E-002
  -2.33139944441       0.389041758845       -97.2000000000       0.593592376880      -3.393450596458E-003  2.065735488440E-003
  -2.91424930551       0.486302198557       -97.2000000000      -1.055351178638E-002  6.244487385446E-002  0.134352624130     
  -3.49709916661       0.583562638268       -97.2000000000      -5.985733763261E-002  2.877365776052E-002  6.788572098122E-002
  -4.07994902771       0.680823077979       -97.2000000000      -7.852517033665E-002  7.559934491361E-003  4.590202902536E-002
  -4.66279888881       0.778083517691       -97.2000000000      -8.489268031749E-002  2.041502909581E-003  3.732273579548E-002
  -5.24564874991       0.875343957402       -97.2000000000      -8.607944001376E-002  1.758314450897E-002  3.074179425532E-002
  -5.82849861102       0.972604397113       -97.2000000000      -6.838595011663E-002  1.715295544859E-002  2.470455685110E-002
  -6.41134847212        1.06986483682       -97.2000000000      -4.488005160567E-002  1.596319958985E-002  1.726451521414E-002
   0.00000000000        0.00000000000       -97.2000000000       0.620131473551      -9.588908054816E-002 -1.596186661809E-002
 -0.582849861102      -9.726043971134E-002  -97.2000000000       0.613836367243      -7.537276537620E-002 -1.121089846830E-002
  -1.16569972220      -0.194520879423       -97.2000000000       0.617231999487      -2.701214371034E-002 -1.324829580870E-003
  -1.74854958330      -0.291781319134       -97.2000000000       0.636015137412       6.456761146936E-002  1.564025279336E-002
  -2.33139944441      -0.389041758845       -97.2000000000       0.607641139084       1.650079150361E-002  3.741951985889E-003
  -2.91424930551      -0.486302198557       -97.2000000000      -2.594694949090E-002 -5.589818444265E-002  0.126834735485     
  -3.49709916661      -0.583562638268       -97.2000000000      -5.426305530985E-002 -5.404360007291E-002  4.233149936969E-002
  -4.07994902771      -0.680823077979       -97.2000000000      -7.061458794729E-002 -4.493162102885E-002  2.660755040882E-002
  -4.66279888881      -0.778083517691       -97.2000000000      -7.078849799026E-002 -3.440256381452E-002  2.243895406459E-002
  -5.24564874991      -0.875343957402       -97.2000000000      -7.115078302214E-002 -2.346219948747E-002  1.684250299402E-002
  -5.82849861102      -0.972604397113       -97.2000000000      -6.278821709740E-002 -2.601368385684E-002  1.063274785046E-002
  -6.41134847212       -1.06986483682       -97.2000000000      -4.376686222266E-002 -2.223593139474E-002  8.206095726430E-003
   0.00000000000        0.00000000000       -97.2000000000       0.620131473551      -9.588908054816E-002 -1.596186661809E-002
 -0.519689034804      -0.281241641340       -97.2000000000       0.617645046181      -7.705936503893E-002 -1.339227416320E-002
  -1.03937806961      -0.562483282680       -97.2000000000       0.615287384823      -5.736320731147E-002 -1.045872743941E-002
  -1.55906710441      -0.843724924020       -97.2000000000       0.632429955902       2.094697875856E-002  4.633584922221E-003
  -2.07875613922       -1.12496656536       -97.2000000000       0.631954135529       4.900445266898E-002  9.356793850922E-003
  -2.59844517402       -1.40620820670       -97.2000000000       4.709870169961E-002 -0.172337407826       0.112330276946     
  -3.11813420882       -1.68744984804       -97.2000000000      -1.755724984568E-002 -0.134724140515       4.212688429672E-002
  -3.63782324363       -1.96869148938       -97.2000000000      -3.794718413882E-002 -0.111095812785       3.133734761188E-002
  -4.15751227843       -2.24993313072       -97.2000000000      -4.074794571181E-002 -0.104021508721       2.737457222990E-002
  -4.67720131323       -2.53117477206       -97.2000000000      -4.206590875390E-002 -9.411665912873E-002  1.856259525551E-002
  -5.19689034804       -2.81241641340       -97.2000000000      -8.642295687438E-003 -7.134998980177E-002  1.153464279091E-002
  -5.71657938284       -3.09365805474       -97.2000000000      -3.094567117294E-003 -5.784137831325E-002  1.971448015376E-003
   0.00000000000        0.00000000000       -97.2000000000       0.620131473551      -9.588908054816E-002 -1.596186661809E-002
 -0.400211837779      -0.434745947216       -97.2000000000       0.622156538536      -7.787038862066E-002 -1.462719318627E-002
 -0.800423675558      -0.869491894432       -97.2000000000       0.626835454293      -6.142529249558E-002 -1.108564208879E-002
  -1.20063551334       -1.30423784165       -97.2000000000       0.623290448619      -5.013216306312E-002 -9.967339095300E-003
  -1.60084735112       -1.73898378886       -97.2000000000       0.649424446589       6.318033507778E-002  1.403442139673E-002
  -2.00105918889       -2.17372973608       -97.2000000000       0.146971387155      -0.393786986201       5.684594164730E-002
  -2.40127102667       -2.60847568330       -97.2000000000       0.141492502435      -0.251960769931       3.848307224457E-002
  -2.80148286445       -3.04322163051       -97.2000000000       0.104838852864      -0.203641937380       2.641004039600E-002
  -3.20169470223       -3.47796757773       -97.2000000000       0.108325854810      -0.160703504365       1.641351183036E-002
  -3.60190654001       -3.91271352494       -97.2000000000       9.561701894687E-002 -0.114097219001       7.960645395161E-003
  -4.00211837779       -4.34745947216       -97.2000000000       7.831360675310E-002 -5.719364170719E-002 -5.433038077148E-004
  -4.40233021557       -4.78220541938       -97.2000000000       4.425483319490E-002 -2.115166390571E-002 -1.155492299458E-002
   0.00000000000        0.00000000000       -97.2000000000       0.620131473551      -9.588908054816E-002 -1.596186661809E-002
 -0.237365478204      -0.541138783933       -97.2000000000       0.627112082103      -7.616946123132E-002 -1.413138123663E-002
 -0.474730956408       -1.08227756787       -97.2000000000       0.637387428411      -6.936969694467E-002 -1.254895892369E-002
 -0.712096434612       -1.62341635180       -97.2000000000       0.647038221919      -6.562904991902E-002 -1.175095729052E-002
 -0.949461912816       -2.16455513573       -97.2000000000       0.626520332500      -4.719669995479E-002 -5.126751492555E-003
  -1.18682739102       -2.70569391966       -97.2000000000       0.379613500827      -0.183369257628       4.181624762857E-002
  -1.42419286922       -3.24683270360       -97.2000000000       0.322002172009      -0.207524370517       2.873851566559E-002
  -1.66155834743       -3.78797148753       -97.2000000000       0.258613271337      -0.187823318532       4.194780823027E-003
  -1.89892382563       -4.32911027146       -97.2000000000       0.240578590029      -0.209811642091       3.091465313780E-003
  -2.13628930384       -4.87024905539       -97.2000000000       0.224618467378      -0.258028464517       2.109090000176E-003
  -2.37365478204       -5.41138783933       -97.2000000000       4.690887600522E-002 -0.447232229889       2.084390255184E-004
  -2.61102026024       -5.95252662326       -97.2000000000      -0.120192464150      -0.117617937279      -1.249979805015E-003
   0.00000000000        0.00000000000       -97.2000000000       0.620131473551      -9.588908054816E-002 -1.596186661809E-002
 -4.879688596092E-002 -0.588890836777       -97.2000000000       0.631109763153      -7.796067864505E-002 -1.440319828778E-002
 -9.759377192185E-002  -1.17778167355       -97.2000000000       0.645670438344      -7.804464727362E-002 -1.419443844421E-002
 -0.146390657883       -1.76667251033       -97.2000000000       0.660280975601      -7.901137359296E-002 -1.417667704075E-002
 -0.195187543844       -2.35556334711       -97.2000000000       0.674891512857      -7.997809991230E-002 -1.415891563728E-002
 -0.243984429805       -2.94445418388       -97.2000000000       0.478067225433      -5.066812779010E-002 -2.604800333544E-003
 -0.292781315766       -3.53334502066       -97.2000000000       0.398527070141      -4.354511318746E-002  1.501015267518E-002
 -0.341578201726       -4.12223585744       -97.2000000000       0.296651322202      -4.735519194520E-002  3.780962679312E-003
 -0.390375087687       -4.71112669421       -97.2000000000       0.254317886524      -5.454867186919E-002 -8.504154296644E-003
 -0.439171973648       -5.30001753099       -97.2000000000       0.197096724882      -4.434234167082E-002 -6.650501011248E-003
 -0.487968859609       -5.88890836777       -97.2000000000       0.117909812828      -2.784455968790E-002 -4.186730023014E-003
 -0.536765745570       -6.47779920454       -97.2000000000       7.574783739543E-002 -1.208538659665E-002 -3.498766909238E-003
   0.00000000000        0.00000000000       -97.2000000000       0.620131473551      -9.588908054816E-002 -1.596186661809E-002
  0.145059606038      -0.572827429873       -97.2000000000       0.633716370912      -8.304993466146E-002 -1.541318874454E-002
  0.290119212075       -1.14565485975       -97.2000000000       0.650786891443      -8.651007800856E-002 -1.584376741205E-002
  0.435178818113       -1.71848228962       -97.2000000000       0.667955655248      -9.170951969537E-002 -1.665067049251E-002
  0.580238424151       -2.29130971949       -97.2000000000       0.715413204356      -0.121686046220      -1.672188229015E-002
  0.725298030189       -2.86413714937       -97.2000000000       0.570448385690       0.489851698039      -3.054186582855E-002
  0.870357636226       -3.43696457924       -97.2000000000       0.373857573616       0.141975059730      -8.146980325222E-003
   1.01541724226       -4.00979200911       -97.2000000000       0.312356261136       0.149083222174      -1.141085036815E-002
   1.16047684830       -4.58261943899       -97.2000000000       0.247243737257       0.158712133531      -1.993181335883E-002
   1.30553645434       -5.15544686886       -97.2000000000       0.172674602688       0.173987197320      -1.968197835390E-002
   1.45059606038       -5.72827429873       -97.2000000000       0.108998331181       0.155607175740      -8.402352908475E-003
   1.59565566642       -6.30110172861       -97.2000000000       4.669844834484E-002  0.116876878578      -1.200809412561E-003
   0.00000000000        0.00000000000       -97.2000000000       0.620131473551      -9.588908054816E-002 -1.596186661809E-002
  0.323196638891      -0.494689282610       -97.2000000000       0.634649438985      -9.088572942323E-002 -1.705190446933E-002
  0.646393277781      -0.989378565219       -97.2000000000       0.652182340622      -9.384862837467E-002 -1.731821544157E-002
  0.969589916672       -1.48406784783       -97.2000000000       0.672122318655      -0.103713013006      -1.873848272806E-002
   1.29278655556       -1.97875713044       -97.2000000000       0.744416628859      -0.155807299148      -1.882442223525E-002
   1.61598319445       -2.47344641305       -97.2000000000       0.303980617251       0.227978485688      -9.830746720967E-002
   1.93917983334       -2.96813569566       -97.2000000000       0.256619596174       0.267791003852      -3.729969735077E-002
   2.26237647223       -3.46282497827       -97.2000000000       0.211565810372       0.241305471377      -3.687598440321E-002
   2.58557311112       -3.95751426088       -97.2000000000       0.207044383435       0.191177796496      -3.392919595300E-002
   2.90876975001       -4.45220354349       -97.2000000000       0.242939789215       0.101512209340      -2.389942938780E-002
   3.23196638891       -4.94689282610       -97.2000000000       0.218363072411      -6.653582936103E-002 -1.204739405345E-002
   3.55516302780       -5.44158210871       -97.2000000000       3.720566071679E-002 -7.266422736251E-002 -8.165873633519E-003
   0.00000000000        0.00000000000       -97.2000000000       0.620131473551      -9.588908054816E-002 -1.596186661809E-002
  0.466310301007      -0.362943875680       -97.2000000000       0.633807854966      -0.100618932983      -1.914176518605E-002
  0.932620602014      -0.725887751361       -97.2000000000       0.649705567313      -9.926505257043E-002 -1.845800321036E-002
   1.39893090302       -1.08883162704       -97.2000000000       0.670483966663      -0.112834910491      -2.032410635187E-002
   1.86524120403       -1.45177550272       -97.2000000000       0.732764124425      -0.149311283956      -1.984421632017E-002
   2.33155150503       -1.81471937840       -97.2000000000       0.117809327530       0.241705161162      -0.148747878759     
   2.79786180604       -2.17766325408       -97.2000000000       0.107051432886       0.248231094776      -9.494501533095E-002
   3.26417210705       -2.54060712976       -97.2000000000       5.568246688005E-002  0.238868123696      -4.336795887145E-002
   3.73048240806       -2.90355100544       -97.2000000000       2.970071159045E-002  0.179707189039      -3.072098369459E-002
   4.19679270906       -3.26649488112       -97.2000000000       1.795070832944E-002  0.136897038718      -1.771021838890E-002
   4.66310301007       -3.62943875680       -97.2000000000       3.188654388940E-002  8.489138984732E-002 -1.577835243700E-002
   5.12941331108       -3.99238263248       -97.2000000000       4.985695814554E-003  7.414011486248E-002 -1.432202058580E-002
   0.00000000000        0.00000000000       -97.2000000000       0.620131473551      -9.588908054816E-002 -1.596186661809E-002
  0.558892006459      -0.191867868166       -97.2000000000       0.631282817545      -0.111194801709      -2.145630205853E-002
   1.11778401292      -0.383735736333       -97.2000000000       0.644292734936      -0.113994532854      -2.169752111917E-002
   1.67667601938      -0.575603604499       -97.2000000000       0.657302652326      -0.116794263999      -2.193874017980E-002
   2.23556802584      -0.767471472666       -97.2000000000       0.680485420531      -0.130728172487      -2.244297143630E-002
   2.79446003230      -0.959339340832       -97.2000000000      -5.078411060638E-002  6.870221901163E-002 -0.174369285089     
   3.35335203876       -1.15120720900       -97.2000000000      -9.330612335601E-002  4.602302780960E-002 -0.131594287558     
   3.91224404522       -1.34307507716       -97.2000000000      -9.782843212800E-002  4.713717292794E-002 -7.525634323166E-002
   4.47113605168       -1.53494294533       -97.2000000000      -8.132783458636E-002  7.735906741824E-002 -3.331258409039E-002
   5.03002805814       -1.72681081350       -97.2000000000      -7.638758626716E-002  2.600970120117E-002 -1.909495334119E-002
   5.58892006459       -1.91867868166       -97.2000000000      -6.311641377137E-002  1.888011361092E-002 -1.485863351078E-002
   6.14781207105       -2.11054654983       -97.2000000000      -5.078754183242E-002  2.025809895122E-002 -1.075055909098E-002
   0.00000000000        0.00000000000       -97.2000000000       0.620131473551      -9.588908054816E-002 -1.596186661809E-002
  0.590909090909        0.00000000000       -97.2000000000       0.628098492863      -0.116417039611      -2.162331685851E-002
   1.18181818182      -1.172487511250E-015  -97.2000000000       0.636423007254      -0.134539481682      -2.627431520788E-002
   1.77272727273        0.00000000000       -97.2000000000       0.636865879237      -0.135358301363      -2.719168550737E-002
   2.36363636364        0.00000000000       -97.2000000000       0.639852601071      -0.116113360989      -2.389362611555E-002
   2.95454545455        0.00000000000       -97.2000000000      -4.502570422472E-002 -7.513427822812E-002 -0.159037830711     
   3.54545454545        0.00000000000       -97.2000000000      -7.749789077702E-002 -4.326078799582E-002 -0.115738269358     
   4.13636363636        0.00000000000       -97.2000000000      -9.144070755868E-002 -2.105106472133E-002 -6.936746699015E-002
   4.72727272727        0.00000000000       -97.2000000000      -7.577769487217E-002 -7.265507906190E-003 -2.884026535762E-002
   5.31818181818        0.00000000000       -97.2000000000      -7.540524681140E-002 -3.110808857889E-002 -2.955119515128E-002
   5.90909090909        0.00000000000       -97.2000000000      -6.619756111190E-002 -2.527772388814E-002 -2.289313180311E-002
   6.50000000000        0.00000000000       -97.2000000000      -5.698987541239E-002 -1.944735919738E-002 -1.623506845494E-002
