 12 20 1 1
 1 X [LENGU]
 2 Y [LENGU]
 3 Z [LENGU]
 4 Hx [FIELU]
 5 Hy [FIELU]
 6 Hz [FIELU]
 0
   0.00000000000        0.00000000000        95.0400000000       0.566678382708      -5.633630823787E-002  2.533665557610E-002
  0.590909090909        0.00000000000        95.0400000000       0.566797822223      -2.981229421437E-002  3.195000610546E-002
   1.18181818182        0.00000000000        95.0400000000       0.565972300977       1.392958179678E-002  3.876532089554E-002
   1.77272727273        0.00000000000        95.0400000000       0.570544818854       6.679021921097E-002  4.519938676402E-002
   2.36363636364        0.00000000000        95.0400000000       0.604121943697       4.736338559294E-002  3.968085407568E-002
   2.95454545455        0.00000000000        95.0400000000      -0.146431096566       2.748718525722E-002  6.061745124642E-002
   3.54545454545        0.00000000000        95.0400000000      -0.150953581361      -1.693968119480E-002  5.052671937962E-002
   4.13636363636        0.00000000000        95.0400000000      -0.133563484663      -3.824826879405E-002  3.946113731082E-002
   4.72727272727        0.00000000000        95.0400000000      -0.134383429527      -1.342707205031E-002  2.310547884209E-002
   5.31818181818        0.00000000000        95.0400000000      -0.132100449644      -5.443239221572E-003  1.857242876585E-002
   5.90909090909        0.00000000000        95.0400000000      -0.123352530849       7.471684994378E-005  1.648187032123E-002
   6.50000000000        0.00000000000        95.0400000000      -0.110357249146       1.661728156866E-003  1.464696527704E-002
   0.00000000000        0.00000000000        95.0400000000       0.566678382708      -5.633630823787E-002  2.533665557610E-002
  0.558892006459       0.191867868166        95.0400000000       0.566603614879      -2.731963730567E-002  3.040848508410E-002
   1.11778401292       0.383735736333        95.0400000000       0.573481056072      -1.098808033014E-002  3.334877943313E-002
   1.67667601938       0.575603604499        95.0400000000       0.591815391381      -8.643229619337E-004  3.443024511157E-002
   2.23556802584       0.767471472666        95.0400000000       0.629908364570       2.747962426526E-002  3.632840410943E-002
   2.79446003230       0.959339340832        95.0400000000      -0.128668871145      -0.146783018012       5.402201170820E-002
   3.35335203876        1.15120720900        95.0400000000      -0.127591671736      -0.130798259443       5.001997914635E-002
   3.91224404522        1.34307507716        95.0400000000      -0.137173253372      -0.103946811849       4.336915942901E-002
   4.47113605168        1.53494294533        95.0400000000      -0.126160067725      -8.545414972637E-002  2.590274426333E-002
   5.03002805814        1.72681081350        95.0400000000      -0.108662386176      -8.916473864342E-002  1.597518012856E-002
   5.58892006459        1.91867868166        95.0400000000      -8.977624103495E-002 -7.218608259782E-002  1.269535296190E-002
   6.14781207105        2.11054654983        95.0400000000      -7.463173647492E-002 -4.416150455613E-002  1.059941399962E-002
   0.00000000000        0.00000000000        95.0400000000       0.566678382708      -5.633630823787E-002  2.533665557610E-002
  0.466310301007       0.362943875680        95.0400000000       0.576185586275      -4.551379864183E-002  2.629857519269E-002
  0.932620602014       0.725887751361        95.0400000000       0.595184858358      -5.562428204026E-002  2.484578501112E-002
   1.39893090302        1.08883162704        95.0400000000       0.609680818233      -4.404626954817E-002  2.743375683931E-002
   1.86524120403        1.45177550272        95.0400000000       0.657161226005      -2.869304600471E-002  2.778420979974E-002
   2.33155150503        1.81471937840        95.0400000000       3.793957719878E-002 -0.311072590545       5.390094717393E-002
   2.79786180604        2.17766325408        95.0400000000       4.257920915967E-002 -0.293964169207       5.090238589595E-002
   3.26417210705        2.54060712976        95.0400000000       4.477345381816E-002 -0.266467750129       3.912838414556E-002
   3.73048240806        2.90355100544        95.0400000000       2.497056018572E-002 -0.210678438464       2.122711619093E-002
   4.19679270906        3.26649488112        95.0400000000      -4.716972981266E-003 -0.159642657371       2.718277484512E-003
   4.66310301007        3.62943875680        95.0400000000       1.127900158270E-002 -9.846506847696E-002  5.897572725865E-004
   5.12941331108        3.99238263248        95.0400000000      -7.717799303781E-003 -7.968469094180E-002  5.108289719548E-003
   0.00000000000        0.00000000000        95.0400000000       0.566678382708      -5.633630823787E-002  2.533665557610E-002
  0.323196638891       0.494689282610        95.0400000000       0.586519021034      -6.806409116234E-002  2.177334148136E-002
  0.646393277781       0.989378565219        95.0400000000       0.594742877661      -7.279129933565E-002  2.262992452834E-002
  0.969589916672        1.48406784783        95.0400000000       0.620929974784      -6.399678073607E-002  2.424802602928E-002
   1.29278655556        1.97875713044        95.0400000000       0.669105783155      -7.160193918038E-002  2.204284507044E-002
   1.61598319445        2.47344641305        95.0400000000       0.269274683729      -0.318834971804       4.444588969803E-002
   1.93917983334        2.96813569566        95.0400000000       0.263341691526      -0.359901369673       3.887857187427E-002
   2.26237647223        3.46282497827        95.0400000000       0.186446105958      -0.295104507326       2.450687716822E-002
   2.58557311112        3.95751426088        95.0400000000       0.171137130943      -0.247813326160       1.044367860714E-002
   2.90876975001        4.45220354349        95.0400000000       0.208247615668      -0.141430872021       3.719695274268E-003
   3.23196638891        4.94689282610        95.0400000000       0.194701364623       4.328445201870E-002  4.305094518596E-003
   3.55516302780        5.44158210871        95.0400000000       2.207965821600E-002  5.339775935908E-002  3.075164481685E-003
   0.00000000000        0.00000000000        95.0400000000       0.566678382708      -5.633630823787E-002  2.533665557610E-002
  0.145059606038       0.572827429873        95.0400000000       0.585773595604      -8.026512962454E-002  2.010724369227E-002
  0.290119212075        1.14565485975        95.0400000000       0.592429546203      -8.485260942584E-002  2.063415823379E-002
  0.435178818113        1.71848228962        95.0400000000       0.616675200355      -8.164124074181E-002  2.192620525630E-002
  0.580238424151        2.29130971949        95.0400000000       0.653599251142      -0.113908728408       1.961446392894E-002
  0.725298030189        2.86413714937        95.0400000000       0.602309758303      -0.278477421665       3.751705745710E-002
  0.870357636226        3.43696457924        95.0400000000       0.409550665908      -0.174862020575       2.610789031719E-002
   1.01541724226        4.00979200911        95.0400000000       0.340184399252      -0.167372492996       1.370202028352E-002
   1.16047684830        4.58261943899        95.0400000000       0.264368250951      -0.175528844164       2.229006062966E-003
   1.30553645434        5.15544686886        95.0400000000       0.191556580778      -0.174219651479      -6.222269363016E-003
   1.45059606038        5.72827429873        95.0400000000       0.116177751663      -0.170660376786       3.624085722839E-003
   1.59565566642        6.30110172861        95.0400000000       3.646554941022E-002 -0.136933459740       2.959976838176E-003
   0.00000000000        0.00000000000        95.0400000000       0.566678382708      -5.633630823787E-002  2.533665557610E-002
 -4.879688596092E-002  0.588890836777        95.0400000000       0.584014065669      -8.940089825979E-002  1.868624267748E-002
 -9.759377192185E-002   1.17778167355        95.0400000000       0.588829590627      -0.100663185965       1.804221106061E-002
 -0.146390657883        1.76667251033        95.0400000000       0.602888626947      -9.908927213551E-002  1.942821890272E-002
 -0.195187543844        2.35556334711        95.0400000000       0.627774360978      -0.131312436643       1.778357638390E-002
 -0.243984429805        2.94445418388        95.0400000000       0.449433339532       2.026725727312E-003  1.818485675135E-002
 -0.292781315766        3.53334502066        95.0400000000       0.387492318183      -2.577138551669E-003  1.245596162732E-002
 -0.341578201726        4.12223585744        95.0400000000       0.328291191037       9.271080032570E-003  1.068603519773E-002
 -0.390375087687        4.71112669421        95.0400000000       0.265542956536       1.820937821947E-002  7.309142565562E-003
 -0.439171973648        5.30001753099        95.0400000000       0.200580566197       1.468982238739E-002  6.058679071413E-003
 -0.487968859609        5.88890836777        95.0400000000       0.146333371874       2.016400888980E-002  4.924386740374E-003
 -0.536765745570        6.47779920454        95.0400000000       9.874323769114E-002  2.349085419245E-002  1.570379761660E-003
   0.00000000000        0.00000000000        95.0400000000       0.566678382708      -5.633630823787E-002  2.533665557610E-002
 -0.237365478204       0.541138783933        95.0400000000       0.581645591096      -9.466628230637E-002  1.760428936105E-002
 -0.474730956408        1.08227756787        95.0400000000       0.584333121979      -0.118509707659       1.513496070320E-002
 -0.712096434612        1.62341635180        95.0400000000       0.589210604282      -0.120394882171       1.511542091365E-002
 -0.949461912816        2.16455513573        95.0400000000       0.606840450762      -0.114999816964       1.603421013175E-002
  -1.18682739102        2.70569391966        95.0400000000       0.340976575999       0.136933952695       2.575796069601E-003
  -1.42419286922        3.24683270360        95.0400000000       0.324791848321       0.155148516113      -6.482175684565E-003
  -1.66155834743        3.78797148753        95.0400000000       0.295011052382       0.134840564693      -1.475778699381E-003
  -1.89892382563        4.32911027146        95.0400000000       0.257207741263       0.157352579299      -5.060778452545E-005
  -2.13628930384        4.87024905539        95.0400000000       0.234431168690       0.215749952782      -2.431652818635E-003
  -2.37365478204        5.41138783933        95.0400000000       6.473639096818E-002  0.274079555603      -2.598101041251E-003
  -2.61102026024        5.95252662326        95.0400000000      -0.108966175387       9.434661172430E-002 -2.032322906839E-003
   0.00000000000        0.00000000000        95.0400000000       0.566678382708      -5.633630823787E-002  2.533665557610E-002
 -0.400211837779       0.434745947216        95.0400000000       0.578924832855      -9.549069570198E-002  1.697863017303E-002
 -0.800423675558       0.869491894432        95.0400000000       0.579427402406      -0.136458226964       1.222745284842E-002
  -1.20063551334        1.30423784165        95.0400000000       0.580754437260      -0.134693282226       1.145846505634E-002
  -1.60084735112        1.73898378886        95.0400000000       0.589500490973      -0.117573652180       1.210918840884E-002
  -2.00105918889        2.17372973608        95.0400000000       3.561093201185E-002  0.436897093537      -2.650366274008E-002
  -2.40127102667        2.60847568330        95.0400000000       0.152928852565       0.205377610699      -2.199731082493E-002
  -2.80148286445        3.04322163051        95.0400000000       0.146564357280       0.171816532288      -1.439446323443E-002
  -3.20169470223        3.47796757773        95.0400000000       0.123367927622       0.113359032529      -6.029348676558E-003
  -3.60190654001        3.91271352494        95.0400000000       0.107080320769       6.302846424392E-002 -2.493008683739E-003
  -4.00211837779        4.34745947216        95.0400000000       0.120117996137      -4.485972584181E-003 -3.731801636138E-003
  -4.40233021557        4.78220541938        95.0400000000       9.610345679027E-002 -1.026893313643E-002 -4.305273927546E-003
   0.00000000000        0.00000000000        95.0400000000       0.566678382708      -5.633630823787E-002  2.533665557610E-002
 -0.519689034804       0.281241641340        95.0400000000       0.576146627317      -9.178480046312E-002  1.687706499456E-002
  -1.03937806961       0.562483282680        95.0400000000       0.575888380761      -0.119096779094       1.265688439082E-002
  -1.55906710441       0.843724924020        95.0400000000       0.577285929555      -0.137431816175       9.033953860377E-003
  -2.07875613922        1.12496656536        95.0400000000       0.570487625604      -0.110916048417       1.090585490084E-002
  -2.59844517402        1.40620820670        95.0400000000       3.849707575616E-002  0.107731759828      -3.119450983281E-002
  -3.11813420882        1.68744984804        95.0400000000       2.917920686047E-002  0.105579126363      -3.189716210647E-002
  -3.63782324363        1.96869148938        95.0400000000       2.421671770026E-002  9.312993046856E-002 -2.617103692200E-002
  -4.15751227843        2.24993313072        95.0400000000       1.731318185340E-002  7.361470639857E-002 -1.696085081243E-002
  -4.67720131323        2.53117477206        95.0400000000       2.356690730807E-003  5.911950106631E-002 -1.052322514238E-002
  -5.19689034804        2.81241641340        95.0400000000       2.432200318423E-002  3.171935374087E-002 -6.025274458965E-003
  -5.71657938284        3.09365805474        95.0400000000       3.173075401226E-002  1.931174410060E-002 -4.309768468780E-003
   0.00000000000        0.00000000000        95.0400000000       0.566678382708      -5.633630823787E-002  2.533665557610E-002
 -0.582849861102       9.726043971134E-002   95.0400000000       0.568280699911      -7.388364882122E-002  1.945205859389E-002
  -1.16569972220       0.194520879423        95.0400000000       0.572685545851      -8.184216971838E-002  1.539311075867E-002
  -1.74854958330       0.291781319134        95.0400000000       0.567511050178      -9.323110852447E-002  1.256871233372E-002
  -2.33139944441       0.389041758845        95.0400000000       0.554983688863      -0.116664772987       8.682203354604E-003
  -2.91424930551       0.486302198557        95.0400000000      -1.896976358323E-002 -1.863734001129E-002 -3.745906353634E-002
  -3.49709916661       0.583562638268        95.0400000000      -3.154002324982E-002  3.319202021319E-003 -3.475745513277E-002
  -4.07994902771       0.680823077979        95.0400000000      -2.845952922817E-002 -2.495104648543E-003 -2.939048431128E-002
  -4.66279888881       0.778083517691        95.0400000000      -1.785267749778E-002  8.661631676028E-005 -1.997187603955E-002
  -5.24564874991       0.875343957402        95.0400000000      -1.995357125307E-002 -1.117813581103E-003 -1.256346071246E-002
  -5.82849861102       0.972604397113        95.0400000000      -1.280563697998E-002  2.150595832467E-003 -1.029640085385E-002
  -6.41134847212        1.06986483682        95.0400000000       2.084461549328E-003 -5.663540588482E-004 -5.609504058423E-003
   0.00000000000        0.00000000000        95.0400000000       0.566678382708      -5.633630823787E-002  2.533665557610E-002
 -0.582849861102      -9.726043971134E-002   95.0400000000       0.559831774108      -4.298965781021E-002  2.375369468442E-002
  -1.16569972220      -0.194520879423        95.0400000000       0.555342210916      -3.947156725593E-002  2.169999856350E-002
  -1.74854958330      -0.291781319134        95.0400000000       0.549446998597      -5.268104570994E-002  1.600187774518E-002
  -2.33139944441      -0.389041758845        95.0400000000       0.536041518760      -9.272712884709E-002  9.494384386003E-003
  -2.91424930551      -0.486302198557        95.0400000000       2.400216622215E-002 -0.101805555239      -3.194007311972E-002
  -3.49709916661      -0.583562638268        95.0400000000       1.154521148120E-002 -6.018272559117E-002 -2.783568861353E-002
  -4.07994902771      -0.680823077979        95.0400000000      -1.954239535298E-003 -2.986087472695E-002 -2.505975281715E-002
  -4.66279888881      -0.778083517691        95.0400000000       6.253155838172E-003 -2.966431118261E-002 -1.593934687534E-002
  -5.24564874991      -0.875343957402        95.0400000000       7.637852675020E-003 -3.337977287252E-002 -9.218919032474E-003
  -5.82849861102      -0.972604397113        95.0400000000       1.662849645987E-002 -3.349454126531E-002 -6.652908349692E-003
  -6.41134847212       -1.06986483682        95.0400000000       2.465815436353E-002 -1.552307993647E-002 -4.227994022733E-003
   0.00000000000        0.00000000000        95.0400000000       0.566678382708      -5.633630823787E-002  2.533665557610E-002
 -0.519689034804      -0.281241641340        95.0400000000       0.557353250853      -1.790608603506E-002  2.688200137167E-002
  -1.03937806961      -0.562483282680        95.0400000000       0.545794244157      -1.218672529821E-002  2.581615916677E-002
  -1.55906710441      -0.843724924020        95.0400000000       0.520279434565      -3.413268677068E-002  1.506321796514E-002
  -2.07875613922       -1.12496656536        95.0400000000       0.523740793201      -6.139440981756E-002  1.132272330747E-002
  -2.59844517402       -1.40620820670        95.0400000000       0.127676393333      -0.143746101021      -2.133352494913E-002
  -3.11813420882       -1.68744984804        95.0400000000       9.733535135885E-002 -0.114989370131      -2.014041253656E-002
  -3.63782324363       -1.96869148938        95.0400000000       7.411525871751E-002 -8.900673262093E-002 -1.786098791620E-002
  -4.15751227843       -2.24993313072        95.0400000000       6.596474770321E-002 -6.569096279978E-002 -1.220494694052E-002
  -4.67720131323       -2.53117477206        95.0400000000       7.053516742994E-002 -5.350998935836E-002 -3.970863935226E-003
  -5.19689034804       -2.81241641340        95.0400000000       6.823252985295E-002 -3.666206676570E-002 -1.442327993242E-003
  -5.71657938284       -3.09365805474        95.0400000000       6.225824481081E-002 -1.220325078539E-002  5.506762643152E-004
   0.00000000000        0.00000000000        95.0400000000       0.566678382708      -5.633630823787E-002  2.533665557610E-002
 -0.400211837779      -0.434745947216        95.0400000000       0.555474469557       2.807883031092E-004  2.945394801845E-002
 -0.800423675558      -0.869491894432        95.0400000000       0.546880799794      -1.154202630662E-002  2.630632432727E-002
  -1.20063551334       -1.30423784165        95.0400000000       0.497223768026      -3.803894247214E-003  1.853347813643E-002
  -1.60084735112       -1.73898378886        95.0400000000       0.509290667018      -6.098568922232E-002  1.114421046856E-002
  -2.00105918889       -2.17372973608        95.0400000000       0.263409717898      -0.236434031038      -9.669020602982E-003
  -2.40127102667       -2.60847568330        95.0400000000       0.203285848225      -0.141737987195      -5.653114474337E-003
  -2.80148286445       -3.04322163051        95.0400000000       0.179740043511      -0.103076620803      -1.274785744554E-003
  -3.20169470223       -3.47796757773        95.0400000000       0.166119164075      -7.076834222420E-002 -4.888518566983E-004
  -3.60190654001       -3.91271352494        95.0400000000       0.157120619213      -1.583926921370E-002 -4.044116875227E-003
  -4.00211837779       -4.34745947216        95.0400000000       0.148044464420       3.487066836040E-002 -4.160562960005E-003
  -4.40233021557       -4.78220541938        95.0400000000       0.117978524746       4.228074945943E-002 -2.975006388954E-003
   0.00000000000        0.00000000000        95.0400000000       0.566678382708      -5.633630823787E-002  2.533665557610E-002
 -0.237365478204      -0.541138783933        95.0400000000       0.556920304185       4.678072869051E-003  3.016811282466E-002
 -0.474730956408       -1.08227756787        95.0400000000       0.549760978889      -8.883242383194E-003  2.726703345567E-002
 -0.712096434612       -1.62341635180        95.0400000000       0.509658076067      -2.109793565525E-003  2.133547962835E-002
 -0.949461912816       -2.16455513573        95.0400000000       0.494038931519      -5.243828256114E-002  1.881897362191E-002
  -1.18682739102       -2.70569391966        95.0400000000       0.318429521404      -5.786303344605E-002  3.333292873029E-003
  -1.42419286922       -3.24683270360        95.0400000000       0.276200615954      -6.927795857619E-002  8.398120154692E-003
  -1.66155834743       -3.78797148753        95.0400000000       0.252004651537      -7.423561527432E-002  1.304456096379E-002
  -1.89892382563       -4.32911027146        95.0400000000       0.259784728034      -0.102906050563       1.127554554571E-002
  -2.13628930384       -4.87024905539        95.0400000000       0.247453916624      -0.187240981255       2.709712315959E-003
  -2.37365478204       -5.41138783933        95.0400000000       0.152741053025      -0.198246032253       1.345419073191E-003
  -2.61102026024       -5.95252662326        95.0400000000      -9.538154792473E-002 -6.022222304637E-002  7.006633382731E-004
   0.00000000000        0.00000000000        95.0400000000       0.566678382708      -5.633630823787E-002  2.533665557610E-002
 -4.879688596092E-002 -0.588890836777        95.0400000000       0.559268646938       7.996366050944E-003  3.096854032447E-002
 -9.759377192185E-002  -1.17778167355        95.0400000000       0.554076617990      -4.793358507849E-003  2.856061333700E-002
 -0.146390657883       -1.76667251033        95.0400000000       0.538678441450      -4.983423774722E-003  2.623612551508E-002
 -0.195187543844       -2.35556334711        95.0400000000       0.525486719003      -1.104977866459E-002  2.471513866895E-002
 -0.243984429805       -2.94445418388        95.0400000000       0.363640083442       6.410795148183E-002  2.789242525596E-002
 -0.292781315766       -3.53334502066        95.0400000000       0.321399427154       5.267543457201E-002  2.839126149530E-002
 -0.341578201726       -4.12223585744        95.0400000000       0.264299793070       3.182261183536E-002  2.271296322114E-002
 -0.390375087687       -4.71112669421        95.0400000000       0.212710147234       1.842320736627E-002  1.449288337064E-002
 -0.439171973648       -5.30001753099        95.0400000000       0.162900193081       8.418616135300E-003  3.015134795977E-003
 -0.487968859609       -5.88890836777        95.0400000000       0.121775335780       1.092415429714E-002  2.706043884437E-003
 -0.536765745570       -6.47779920454        95.0400000000       8.624692430224E-002  9.623014646555E-003  4.549456532155E-003
   0.00000000000        0.00000000000        95.0400000000       0.566678382708      -5.633630823787E-002  2.533665557610E-002
  0.145059606038      -0.572827429873        95.0400000000       0.561918977250       1.189039256760E-002  3.207726324995E-002
  0.290119212075       -1.14565485975        95.0400000000       0.560037024371       4.619051252200E-003  3.054031068754E-002
  0.435178818113       -1.71848228962        95.0400000000       0.557536354087      -1.734859469957E-003  2.990093976957E-002
  0.580238424151       -2.29130971949        95.0400000000       0.553481684283      -2.194930506605E-003  3.068464746910E-002
  0.725298030189       -2.86413714937        95.0400000000       0.415227684871       0.276070019764       4.697368517034E-002
  0.870357636226       -3.43696457924        95.0400000000       0.306096526519       0.149841126735       3.033208450010E-002
   1.01541724226       -4.00979200911        95.0400000000       0.244989430405       0.145076881406       2.455270619856E-002
   1.16047684830       -4.58261943899        95.0400000000       0.204463772052       0.169647447402       2.897832978473E-002
   1.30553645434       -5.15544686886        95.0400000000       0.161558846799       0.172396366852       2.499805014054E-002
   1.45059606038       -5.72827429873        95.0400000000       8.749576598342E-002  0.157166710169       1.435578297358E-002
   1.59565566642       -6.30110172861        95.0400000000       3.162496428613E-002  0.133846400963       9.072673582821E-003
   0.00000000000        0.00000000000        95.0400000000       0.566678382708      -5.633630823787E-002  2.533665557610E-002
  0.323196638891      -0.494689282610        95.0400000000       0.564584090708       1.593817422389E-002  3.337413426852E-002
  0.646393277781      -0.989378565219        95.0400000000       0.566944665787       1.800342373098E-002  3.295396319634E-002
  0.969589916672       -1.48406784783        95.0400000000       0.566451021725       1.215743827596E-002  3.344250590363E-002
   1.29278655556       -1.97875713044        95.0400000000       0.565794990393       1.555849169902E-002  3.707164862939E-002
   1.61598319445       -2.47344641305        95.0400000000       0.254399119469       0.257487197630       5.472618928805E-002
   1.93917983334       -2.96813569566        95.0400000000       0.211725323958       0.253246573465       4.336461231478E-002
   2.26237647223       -3.46282497827        95.0400000000       0.179777931971       0.240602760838       3.566166799287E-002
   2.58557311112       -3.95751426088        95.0400000000       0.185305096965       0.206953433270       3.400814945297E-002
   2.90876975001       -4.45220354349        95.0400000000       0.221366944593       0.122835500577       2.616944195899E-002
   3.23196638891       -4.94689282610        95.0400000000       0.188939173113      -7.428581705102E-002  1.515301058143E-002
   3.55516302780       -5.44158210871        95.0400000000       2.822801182486E-002 -7.211978002016E-002  8.166751673458E-003
   0.00000000000        0.00000000000        95.0400000000       0.566678382708      -5.633630823787E-002  2.533665557610E-002
  0.466310301007      -0.362943875680        95.0400000000       0.566053859198       4.690948057872E-003  3.330238299359E-002
  0.932620602014      -0.725887751361        95.0400000000       0.571321350285       2.767410555581E-002  3.692081753226E-002
   1.39893090302       -1.08883162704        95.0400000000       0.575098679416       3.452254825111E-002  3.946300803142E-002
   1.86524120403       -1.45177550272        95.0400000000       0.569560217589       4.418408071147E-002  4.171768787381E-002
   2.33155150503       -1.81471937840        95.0400000000       8.798989462186E-002  0.284215537902       6.173454865244E-002
   2.79786180604       -2.17766325408        95.0400000000       3.602446834462E-002  0.242248818125       4.891464044120E-002
   3.26417210705       -2.54060712976        95.0400000000       2.677476187642E-002  0.222482135923       4.147151063445E-002
   3.73048240806       -2.90355100544        95.0400000000       3.179734514721E-002  0.194992477980       3.066336961994E-002
   4.19679270906       -3.26649488112        95.0400000000       2.057036440344E-002  0.145161204464       2.348106344525E-002
   4.66310301007       -3.62943875680        95.0400000000       2.888895183844E-002  7.903068782782E-002  1.764066632351E-002
   5.12941331108       -3.99238263248        95.0400000000       7.671231874942E-003  6.638886929180E-002  1.318881617472E-002
   0.00000000000        0.00000000000        95.0400000000       0.566678382708      -5.633630823787E-002  2.533665557610E-002
  0.558892006459      -0.191867868166        95.0400000000       0.565623661934      -1.978759012151E-002  3.297165771357E-002
   1.11778401292      -0.383735736333        95.0400000000       0.573413581366       2.485531764099E-002  4.040609366237E-002
   1.67667601938      -0.575603604499        95.0400000000       0.574540943568       5.853337257086E-002  4.411246570074E-002
   2.23556802584      -0.767471472666        95.0400000000       0.575515730483       7.471591876371E-002  4.500711414114E-002
   2.79446003230      -0.959339340832        95.0400000000      -7.855583344459E-002  0.177653937556       6.422694494311E-002
   3.35335203876       -1.15120720900        95.0400000000      -0.110410215095       0.145943465504       5.739637107551E-002
   3.91224404522       -1.34307507716        95.0400000000      -0.103631989450       0.109282241251       4.465460711141E-002
   4.47113605168       -1.53494294533        95.0400000000      -0.103305222610       7.874143894139E-002  3.206847987075E-002
   5.03002805814       -1.72681081350        95.0400000000      -0.101185776787       8.325106753674E-002  2.141888417544E-002
   5.58892006459       -1.91867868166        95.0400000000      -8.528088179451E-002  7.103965107714E-002  1.682983471589E-002
   6.14781207105       -2.11054654983        95.0400000000      -7.390387138117E-002  3.394023896242E-002  1.174043513410E-002
   0.00000000000        0.00000000000        95.0400000000       0.566678382708      -5.633630823787E-002  2.533665557610E-002
  0.590909090909        0.00000000000        95.0400000000       0.566797822223      -2.981229421437E-002  3.195000610546E-002
   1.18181818182      -1.172487511250E-015   95.0400000000       0.565972300977       1.392958179678E-002  3.876532089554E-002
   1.77272727273        0.00000000000        95.0400000000       0.570544818854       6.679021921097E-002  4.519938676402E-002
   2.36363636364        0.00000000000        95.0400000000       0.604121943697       4.736338559294E-002  3.968085407568E-002
   2.95454545455        0.00000000000        95.0400000000      -0.146431096566       2.748718525722E-002  6.061745124642E-002
   3.54545454545        0.00000000000        95.0400000000      -0.150953581361      -1.693968119480E-002  5.052671937962E-002
   4.13636363636        0.00000000000        95.0400000000      -0.133563484663      -3.824826879405E-002  3.946113731082E-002
   4.72727272727        0.00000000000        95.0400000000      -0.134383429527      -1.342707205031E-002  2.310547884209E-002
   5.31818181818        0.00000000000        95.0400000000      -0.132100449644      -5.443239221572E-003  1.857242876585E-002
   5.90909090909        0.00000000000        95.0400000000      -0.123352530849       7.471684994378E-005  1.648187032123E-002
   6.50000000000        0.00000000000        95.0400000000      -0.110357249146       1.661728156866E-003  1.464696527704E-002
