 12 20 1 1
 1 X [LENGU]
 2 Y [LENGU]
 3 Z [LENGU]
 4 Hx [FIELU]
 5 Hy [FIELU]
 6 Hz [FIELU]
 0
   0.00000000000        0.00000000000       -70.0000000000        3.04370106864       1.094780051915E-002  8.070520330632E-003
  0.590909090909        0.00000000000       -70.0000000000        3.05012205881       2.176280269053E-002  9.688542411524E-003
   1.18181818182        0.00000000000       -70.0000000000        3.03095174240       0.102961839926       1.248806094722E-002
   1.77272727273        0.00000000000       -70.0000000000        3.02238416947       8.122955406022E-002  9.443845380786E-003
   2.36363636364        0.00000000000       -70.0000000000        3.03018280358       3.068044856092E-003  4.865314825439E-003
   2.95454545455        0.00000000000       -70.0000000000        3.08007018919      -4.203162708832E-002 -5.564152054316E-003
   3.54545454545        0.00000000000       -70.0000000000        2.93301621438      -4.858644174866E-002 -7.566130212107E-003
   4.13636363636        0.00000000000       -70.0000000000        2.79915465311      -4.457879451613E-002 -8.984581836759E-003
   4.72727272727        0.00000000000       -70.0000000000        2.66529309184      -4.057114728359E-002 -1.040303346141E-002
   5.31818181818        0.00000000000       -70.0000000000        2.53426630150      -2.242198812913E-002 -1.172593829590E-002
   5.90909090909        0.00000000000       -70.0000000000        2.40593105651      -3.779531406553E-002 -2.057927436783E-002
   6.50000000000        0.00000000000       -70.0000000000        2.26141351615       3.479083410362E-002 -1.100347004848E-002
   0.00000000000        0.00000000000       -70.0000000000        3.04370106864       1.094780051915E-002  8.070520330632E-003
  0.558892006459       0.191867868166       -70.0000000000        3.05180731031       2.141904452589E-002  1.010202956457E-002
   1.11778401292       0.383735736333       -70.0000000000        3.05697875563       3.245066800576E-002  1.178121114955E-002
   1.67667601938       0.575603604499       -70.0000000000        3.05396836571       5.273305765605E-002  1.289447304230E-002
   2.23556802584       0.767471472666       -70.0000000000        3.04650738717       4.806447067929E-002  1.135771520413E-002
   2.79446003230       0.959339340832       -70.0000000000        3.13767205292       8.632505848332E-002 -2.573924733384E-003
   3.35335203876        1.15120720900       -70.0000000000        2.99851266063       0.207401041568      -1.867235002850E-003
   3.91224404522        1.34307507716       -70.0000000000        2.85839846415       0.266583004394      -4.820586959637E-003
   4.47113605168        1.53494294533       -70.0000000000        2.72671948571       0.330816594037      -7.599761483072E-003
   5.03002805814        1.72681081350       -70.0000000000        2.59504050727       0.395050183680      -1.037893600651E-002
   5.58892006459        1.91867868166       -70.0000000000        2.38253060021       0.408442215109      -2.022843705707E-002
   6.14781207105        2.11054654983       -70.0000000000        2.11922759571       0.347066129134      -2.222900395676E-002
   0.00000000000        0.00000000000       -70.0000000000        3.04370106864       1.094780051915E-002  8.070520330632E-003
  0.466310301007       0.362943875680       -70.0000000000        3.05269562196       2.014727464768E-002  1.031719083101E-002
  0.932620602014       0.725887751361       -70.0000000000        3.05406238020       3.521325243021E-002  1.188692920017E-002
   1.39893090302        1.08883162704       -70.0000000000        3.05157456106       5.327619446580E-002  1.304096152626E-002
   1.86524120403        1.45177550272       -70.0000000000        3.05533754654       7.392967369222E-002  1.451350369038E-002
   2.33155150503        1.81471937840       -70.0000000000        3.34098734461       0.117894449560      -2.789054952515E-003
   2.79786180604        2.17766325408       -70.0000000000        3.27782124840       0.286755461106      -4.722474703204E-003
   3.26417210705        2.54060712976       -70.0000000000        3.22910638829       0.518132370417       2.347643407201E-003
   3.73048240806        2.90355100544       -70.0000000000        3.20075792331       0.821786707998       1.072940083560E-002
   4.19679270906        3.26649488112       -70.0000000000        3.15652754261        1.12534931163       1.926441145823E-002
   4.66310301007        3.62943875680       -70.0000000000        2.97058679795        1.51556524531       3.545536276819E-002
   5.12941331108        3.99238263248       -70.0000000000        2.68806175858        1.55819080786       3.689531378679E-004
   0.00000000000        0.00000000000       -70.0000000000        3.04370106864       1.094780051915E-002  8.070520330632E-003
  0.323196638891       0.494689282610       -70.0000000000        3.05269073140       1.808530905576E-002  1.031071014907E-002
  0.646393277781       0.989378565219       -70.0000000000        3.04640353524       3.009129353756E-002  1.082255498601E-002
  0.969589916672        1.48406784783       -70.0000000000        3.04431592408       4.152640663541E-002  1.160037388752E-002
   1.29278655556        1.97875713044       -70.0000000000        3.05526519461       7.351536895391E-002  1.445847542510E-002
   1.61598319445        2.47344641305       -70.0000000000        3.45636047643      -1.064853068260E-002 -5.646862026114E-003
   1.93917983334        2.96813569566       -70.0000000000        3.62259443088       6.295606467881E-002 -4.518182650023E-003
   2.26237647223        3.46282497827       -70.0000000000        4.07001694452      -0.103798821061      -5.578193031305E-003
   2.58557311112        3.95751426088       -70.0000000000        4.84872400486       0.126368383936      -6.045326664823E-003
   2.90876975001        4.45220354349       -70.0000000000        5.80176768661        1.00041747771      -2.129797862698E-003
   3.23196638891        4.94689282610       -70.0000000000        5.78624835690        5.19663757908       8.009353548002E-003
   3.55516302780        5.44158210871       -70.0000000000        1.74425846849        4.50233368473       2.057955718675E-002
   0.00000000000        0.00000000000       -70.0000000000        3.04370106864       1.094780051915E-002  8.070520330632E-003
  0.145059606038       0.572827429873       -70.0000000000        3.05149532959       1.470115292491E-002  1.000354785453E-002
  0.290119212075        1.14565485975       -70.0000000000        3.03395626986       1.422960873164E-002  8.357775704520E-003
  0.435178818113        1.71848228962       -70.0000000000        3.03570420123       2.844410914262E-002  9.415997781336E-003
  0.580238424151        2.29130971949       -70.0000000000        3.04812989661       6.180706777489E-002  1.226149604301E-002
  0.725298030189        2.86413714937       -70.0000000000        3.42605094421      -8.771428028585E-002 -2.789833753073E-003
  0.870357636226        3.43696457924       -70.0000000000        3.23688877118      -0.404910955191      -7.515116456031E-003
   1.01541724226        4.00979200911       -70.0000000000        3.23245089136      -0.540331644664      -4.832334776593E-003
   1.16047684830        4.58261943899       -70.0000000000        2.74553022234       -1.22352262424      -2.819799562588E-003
   1.30553645434        5.15544686886       -70.0000000000        2.23297488415       -1.64311429487      -8.317268457574E-003
   1.45059606038        5.72827429873       -70.0000000000        1.02135077866       -1.77437321543      -5.485732413769E-003
   1.59565566642        6.30110172861       -70.0000000000       0.151497011489       -1.21923647890      -5.591467078832E-005
   0.00000000000        0.00000000000       -70.0000000000        3.04370106864       1.094780051915E-002  8.070520330632E-003
 -4.879688596092E-002  0.588890836777       -70.0000000000        3.04785016582       6.838993644383E-003  9.057161703807E-003
 -9.759377192185E-002   1.17778167355       -70.0000000000        3.03437849982       1.247726620927E-002  8.227050709812E-003
 -0.146390657883        1.76667251033       -70.0000000000        3.03765670755       2.840238848382E-002  9.459472649638E-003
 -0.195187543844        2.35556334711       -70.0000000000        3.04584114802       3.400783312923E-002  9.967235664142E-003
 -0.243984429805        2.94445418388       -70.0000000000        3.32520805421       3.578020227973E-002 -3.915775906072E-003
 -0.292781315766        3.53334502066       -70.0000000000        3.11677628766      -0.170992888281      -1.315983484901E-003
 -0.341578201726        4.12223585744       -70.0000000000        2.69289704594       5.652154125733E-002 -1.336083018360E-003
 -0.390375087687        4.71112669421       -70.0000000000        2.40384697957       0.330943496387       3.272371981786E-004
 -0.439171973648        5.30001753099       -70.0000000000        1.83738701318       0.483515503641       1.606163124844E-003
 -0.487968859609        5.88890836777       -70.0000000000        1.14405121093       0.530762241242       1.811098575935E-003
 -0.536765745570        6.47779920454       -70.0000000000       0.799594517615       0.569013247493       2.612645672838E-003
   0.00000000000        0.00000000000       -70.0000000000        3.04370106864       1.094780051915E-002  8.070520330632E-003
 -0.237365478204       0.541138783933       -70.0000000000        3.04375538300      -5.779126565532E-004  8.003857650982E-003
 -0.474730956408        1.08227756787       -70.0000000000        3.03720219874       1.337701485725E-002  8.257854431357E-003
 -0.712096434612        1.62341635180       -70.0000000000        3.03838766329       2.155455358337E-002  9.120370071599E-003
 -0.949461912816        2.16455513573       -70.0000000000        3.05094376772       1.284202626694E-002  9.145576158171E-003
  -1.18682739102        2.70569391966       -70.0000000000        3.45587773826       9.028491704432E-002  5.128055806760E-004
  -1.42419286922        3.24683270360       -70.0000000000        3.46501069859       0.239969542817       3.310816727669E-004
  -1.66155834743        3.78797148753       -70.0000000000        3.83872275807       0.518403324339       1.120332472230E-003
  -1.89892382563        4.32911027146       -70.0000000000        4.27410460480        1.28632348292       3.071017088444E-003
  -2.13628930384        4.87024905539       -70.0000000000        4.69696559241        3.11874475030       3.292290246086E-003
  -2.37365478204        5.41138783933       -70.0000000000        1.18546203336        3.03871949802       6.646689871589E-003
  -2.61102026024        5.95252662326       -70.0000000000       -3.04878015937       0.968481948768       7.552238652792E-003
   0.00000000000        0.00000000000       -70.0000000000        3.04370106864       1.094780051915E-002  8.070520330632E-003
 -0.400211837779       0.434745947216       -70.0000000000        3.03965471438      -6.745829095035E-003  6.957777533875E-003
 -0.800423675558       0.869491894432       -70.0000000000        3.03857920574      -9.378263372256E-003  6.914722671664E-003
  -1.20063551334        1.30423784165       -70.0000000000        3.03959498074       1.486784193383E-002  8.644377995870E-003
  -1.60084735112        1.73898378886       -70.0000000000        3.04103860421      -7.646179256372E-003  6.526796795308E-003
  -2.00105918889        2.17372973608       -70.0000000000        3.31456698494       0.169667880756       1.745456527449E-003
  -2.40127102667        2.60847568330       -70.0000000000        3.54597548252      -0.157259840938       2.794758033495E-003
  -2.80148286445        3.04322163051       -70.0000000000        3.75701809626      -0.788296748154       7.536924109104E-003
  -3.20169470223        3.47796757773       -70.0000000000        3.85906613404       -1.12054009347       8.428164614032E-003
  -3.60190654001        3.91271352494       -70.0000000000        3.96111417181       -1.45278343879       9.319405118961E-003
  -4.00211837779        4.34745947216       -70.0000000000        3.60093633229       -2.20633042292       3.157610236613E-002
  -4.40233021557        4.78220541938       -70.0000000000        3.00685293403       -2.31845088207      -7.889969180629E-003
   0.00000000000        0.00000000000       -70.0000000000        3.04370106864       1.094780051915E-002  8.070520330632E-003
 -0.519689034804       0.281241641340       -70.0000000000        3.03599253102      -1.099636621987E-002  6.032280364780E-003
  -1.03937806961       0.562483282680       -70.0000000000        3.02935941584      -4.153340390890E-002  3.185331579640E-003
  -1.55906710441       0.843724924020       -70.0000000000        3.03216903880      -1.076873635315E-002  4.848242734077E-003
  -2.07875613922        1.12496656536       -70.0000000000        3.02467011969      -3.354397274846E-002  2.376712023942E-003
  -2.59844517402        1.40620820670       -70.0000000000        3.23600089010      -6.314449906583E-002  9.394052211265E-003
  -3.11813420882        1.68744984804       -70.0000000000        3.11849796527      -0.247409674998       9.149645172320E-003
  -3.63782324363        1.96869148938       -70.0000000000        3.01493135897      -0.448661638553       6.727565712225E-003
  -4.15751227843        2.24993313072       -70.0000000000        2.85052479307      -0.452692471791       3.397065155471E-003
  -4.67720131323        2.53117477206       -70.0000000000        2.74497684426      -0.703280400297       1.275452924037E-003
  -5.19689034804        2.81241641340       -70.0000000000        2.45182832014      -0.864438576955      -6.144840639553E-003
  -5.71657938284        3.09365805474       -70.0000000000        2.11456183591       -1.07367683981       4.886799722362E-002
   0.00000000000        0.00000000000       -70.0000000000        3.04370106864       1.094780051915E-002  8.070520330632E-003
 -0.582849861102       9.726043971134E-002  -70.0000000000        3.03316568733      -1.286891237970E-002  5.327658122537E-003
  -1.16569972220       0.194520879423       -70.0000000000        3.02420183443      -4.924249627472E-002  1.403019488806E-003
  -1.74854958330       0.291781319134       -70.0000000000        3.02162962857      -4.937069723090E-002  9.834225162186E-004
  -2.33139944441       0.389041758845       -70.0000000000        3.01999339394      -2.692373031745E-002  3.017176448860E-003
  -2.91424930551       0.486302198557       -70.0000000000        3.05909526662      -3.550085900047E-002  1.236306800776E-002
  -3.49709916661       0.583562638268       -70.0000000000        2.98089442666      -6.517496690907E-002  1.049860396643E-002
  -4.07994902771       0.680823077979       -70.0000000000        2.83105618650      -9.318363835750E-002  9.367207377385E-003
  -4.66279888881       0.778083517691       -70.0000000000        2.70561816045      -0.147407173107       7.087309771472E-003
  -5.24564874991       0.875343957402       -70.0000000000        2.55068772762      -0.177521107090       6.550204566831E-003
  -5.82849861102       0.972604397113       -70.0000000000        2.37127848197      -0.178028422209       1.888037940205E-002
  -6.41134847212        1.06986483682       -70.0000000000        2.20175035303      -0.193790772944       2.378961286178E-002
   0.00000000000        0.00000000000       -70.0000000000        3.04370106864       1.094780051915E-002  8.070520330632E-003
 -0.582849861102      -9.726043971134E-002  -70.0000000000        3.03155149517      -1.272769058930E-002  4.866891558264E-003
  -1.16569972220      -0.194520879423       -70.0000000000        3.02098567352      -4.905772040942E-002  4.722944681267E-004
  -1.74854958330      -0.291781319134       -70.0000000000        3.01723047052      -5.799287101199E-002  8.417667380527E-004
  -2.33139944441      -0.389041758845       -70.0000000000        3.02330731219      -1.217397440915E-002  5.023924524142E-003
  -2.91424930551      -0.486302198557       -70.0000000000        3.05360029584       4.035010729374E-002  1.347031556631E-002
  -3.49709916661      -0.583562638268       -70.0000000000        2.98586674039       0.116563434071       1.100006559705E-002
  -4.07994902771      -0.680823077979       -70.0000000000        2.80767370772       0.101704466168       1.576463994499E-002
  -4.66279888881      -0.778083517691       -70.0000000000        2.69117439207       0.173850711365       4.305535174191E-003
  -5.24564874991      -0.875343957402       -70.0000000000        2.55766648504       0.209933209254       4.095836682290E-003
  -5.82849861102      -0.972604397113       -70.0000000000        2.44100411511       0.202609573220       8.339163586214E-003
  -6.41134847212       -1.06986483682       -70.0000000000        2.24135934175       0.189874509280      -8.257635762691E-004
   0.00000000000        0.00000000000       -70.0000000000        3.04370106864       1.094780051915E-002  8.070520330632E-003
 -0.519689034804      -0.281241641340       -70.0000000000        3.03111963055      -8.948035764958E-003  4.854255767189E-003
  -1.03937806961      -0.562483282680       -70.0000000000        3.02035591350      -3.980662784551E-002  7.013902082178E-004
  -1.55906710441      -0.843724924020       -70.0000000000        3.01778461870      -4.071651263206E-002  1.920783583692E-003
  -2.07875613922       -1.12496656536       -70.0000000000        3.02838981806      -7.440260331988E-003  8.152844642144E-003
  -2.59844517402       -1.40620820670       -70.0000000000        3.24704699191       5.694824410648E-002  1.180671648227E-002
  -3.11813420882       -1.68744984804       -70.0000000000        3.05565198267       0.365538437235       1.103267282236E-002
  -3.63782324363       -1.96869148938       -70.0000000000        3.01996006913       0.519517822876       7.819581897283E-003
  -4.15751227843       -2.24993313072       -70.0000000000        2.98205409608       0.622943998116       9.900177999435E-004
  -4.67720131323       -2.53117477206       -70.0000000000        2.82072568977       0.723231902217      -6.426126169538E-003
  -5.19689034804       -2.81241641340       -70.0000000000        2.47594754830       0.944999201803       2.250427880178E-002
  -5.71657938284       -3.09365805474       -70.0000000000        2.17808465254        1.05640330859       5.948340855238E-002
   0.00000000000        0.00000000000       -70.0000000000        3.04370106864       1.094780051915E-002  8.070520330632E-003
 -0.400211837779      -0.434745947216       -70.0000000000        3.03212213947      -3.579500810260E-003  5.136776144880E-003
 -0.800423675558      -0.869491894432       -70.0000000000        3.02152354628      -2.593991058401E-002  1.465827371951E-003
  -1.20063551334       -1.30423784165       -70.0000000000        3.02021520880      -2.171234111879E-002  3.003382178406E-003
  -1.60084735112       -1.73898378886       -70.0000000000        3.03993373170      -3.281919051729E-003  1.030440191128E-002
  -2.00105918889       -2.17372973608       -70.0000000000        3.24630848270      -8.614860731146E-002 -6.335762352118E-003
  -2.40127102667       -2.60847568330       -70.0000000000        3.46509812272       0.177121195569       1.005587912106E-002
  -2.80148286445       -3.04322163051       -70.0000000000        3.65265208992       0.555174709252       5.856997280874E-003
  -3.20169470223       -3.47796757773       -70.0000000000        3.82419041504       0.922137066321       3.496065713478E-003
  -3.60190654001       -3.91271352494       -70.0000000000        3.94872717648        1.53744773385      -6.646616432545E-003
  -4.00211837779       -4.34745947216       -70.0000000000        3.59286489303        2.27266970450       2.715617495027E-002
  -4.40233021557       -4.78220541938       -70.0000000000        2.96031004076        2.33529960540       3.233265749469E-002
   0.00000000000        0.00000000000       -70.0000000000        3.04370106864       1.094780051915E-002  8.070520330632E-003
 -0.237365478204      -0.541138783933       -70.0000000000        3.03437940503       3.363292657785E-003  5.737213226829E-003
 -0.474730956408       -1.08227756787       -70.0000000000        3.02521929310      -5.512050028244E-003  3.282420590074E-003
 -0.712096434612       -1.62341635180       -70.0000000000        3.01940288254      -9.722744758046E-003  2.105494512688E-003
 -0.949461912816       -2.16455513573       -70.0000000000        3.04772534851       2.838460770700E-003  9.298859058974E-003
  -1.18682739102       -2.70569391966       -70.0000000000        3.42902288591      -9.001707333336E-002 -1.322788403121E-003
  -1.42419286922       -3.24683270360       -70.0000000000        3.54530355313      -0.288108561571       5.486465076156E-003
  -1.66155834743       -3.78797148753       -70.0000000000        3.70932948372      -0.528190022416       7.510497488859E-003
  -1.89892382563       -4.32911027146       -70.0000000000        4.19782837163       -1.24271948043       4.012051481085E-003
  -2.13628930384       -4.87024905539       -70.0000000000        4.68629538995       -3.46958248683       4.888183613929E-003
  -2.37365478204       -5.41138783933       -70.0000000000      -0.167457834621       -3.55407954849       6.745764193752E-003
  -2.61102026024       -5.95252662326       -70.0000000000       -3.03792841051       -1.06474910579       9.223008675739E-003
   0.00000000000        0.00000000000       -70.0000000000        3.04370106864       1.094780051915E-002  8.070520330632E-003
 -4.879688596092E-002 -0.588890836777       -70.0000000000        3.03764681748       1.112798523837E-002  6.590500338465E-003
 -9.759377192185E-002  -1.17778167355       -70.0000000000        3.03128643806       1.053170427311E-002  5.028519078304E-003
 -0.146390657883       -1.76667251033       -70.0000000000        3.02393304712       6.900560254356E-003  3.105335649728E-003
 -0.195187543844       -2.35556334711       -70.0000000000        3.03952416298       3.591623110056E-002  7.015271014101E-003
 -0.243984429805       -2.94445418388       -70.0000000000        3.44669874424      -5.882775674443E-002 -1.131157002608E-002
 -0.292781315766       -3.53334502066       -70.0000000000        3.32429224928      -0.326885186700      -3.201379836687E-003
 -0.341578201726       -4.12223585744       -70.0000000000        3.00410692979      -0.555787994307      -7.352802501657E-004
 -0.390375087687       -4.71112669421       -70.0000000000        2.56942146492      -0.460047441518       6.887284812924E-004
 -0.439171973648       -5.30001753099       -70.0000000000        1.90169846002      -0.535249752192       7.206545708084E-003
 -0.487968859609       -5.88890836777       -70.0000000000        1.38405753798      -0.571434040300       5.556535556404E-003
 -0.536765745570       -6.47779920454       -70.0000000000       0.904018101206      -0.600132375888       3.257190385055E-003
   0.00000000000        0.00000000000       -70.0000000000        3.04370106864       1.094780051915E-002  8.070520330632E-003
  0.145059606038      -0.572827429873       -70.0000000000        3.03989636666       1.462737174633E-002  7.155999411579E-003
  0.290119212075       -1.14565485975       -70.0000000000        3.02929978737       3.397756279482E-002  6.376374424625E-003
  0.435178818113       -1.71848228962       -70.0000000000        3.01686195389       7.192484826735E-003  1.412315699354E-003
  0.580238424151       -2.29130971949       -70.0000000000        3.02329687500      -3.949000681135E-003 -2.448898258462E-003
  0.725298030189       -2.86413714937       -70.0000000000        3.49406810994       0.203729144850       1.320707574520E-003
  0.870357636226       -3.43696457924       -70.0000000000        3.32910011759       0.352162803532      -1.157244293181E-002
   1.01541724226       -4.00979200911       -70.0000000000        3.09969833760       0.806856722489      -1.123713763964E-002
   1.16047684830       -4.58261943899       -70.0000000000        2.81425478513        1.21981327826      -8.035422879396E-003
   1.30553645434       -5.15544686886       -70.0000000000        2.24680985542        1.62066746582      -3.359891279495E-003
   1.45059606038       -5.72827429873       -70.0000000000        1.09416567366        1.73284227027      -6.535651874370E-003
   1.59565566642       -6.30110172861       -70.0000000000       6.273397009039E-002   1.27326789632      -1.977046873543E-002
   0.00000000000        0.00000000000       -70.0000000000        3.04370106864       1.094780051915E-002  8.070520330632E-003
  0.323196638891      -0.494689282610       -70.0000000000        3.04241674640       1.736919945581E-002  7.782725092306E-003
  0.646393277781      -0.989378565219       -70.0000000000        3.02277488441       4.875316153009E-002  6.492154300590E-003
  0.969589916672       -1.48406784783       -70.0000000000        3.01187025420       1.683986807816E-002  1.088269253392E-003
   1.29278655556       -1.97875713044       -70.0000000000        3.00956494300       8.309255062728E-003 -2.532459048760E-003
   1.61598319445       -2.47344641305       -70.0000000000        3.45708247792       1.492783194539E-002 -1.354841276980E-002
   1.93917983334       -2.96813569566       -70.0000000000        3.61628003628       5.390524497068E-002 -1.249829880770E-002
   2.26237647223       -3.46282497827       -70.0000000000        4.06583835836       0.121620819964      -8.174901666371E-003
   2.58557311112       -3.95751426088       -70.0000000000        4.84292518598      -0.106318768614      -4.488579599918E-003
   2.90876975001       -4.45220354349       -70.0000000000        5.93828745948      -0.974650469851      -3.413040979895E-003
   3.23196638891       -4.94689282610       -70.0000000000        5.89575604554       -5.10028614325      -1.017245652387E-002
   3.55516302780       -5.44158210871       -70.0000000000        1.70634450930       -4.15204101513      -2.153040673221E-002
   0.00000000000        0.00000000000       -70.0000000000        3.04370106864       1.094780051915E-002  8.070520330632E-003
  0.466310301007      -0.362943875680       -70.0000000000        3.04515779960       1.962187900489E-002  8.462457513721E-003
  0.932620602014      -0.725887751361       -70.0000000000        3.02153976012       6.172032847798E-002  7.414958549714E-003
   1.39893090302       -1.08883162704       -70.0000000000        3.00857947674       3.426640997832E-002  2.300590955242E-003
   1.86524120403       -1.45177550272       -70.0000000000        3.00507367447       1.376586888004E-002 -1.854827577395E-003
   2.33155150503       -1.81471937840       -70.0000000000        3.35000756553      -7.335063024940E-002 -1.061870221695E-002
   2.79786180604       -2.17766325408       -70.0000000000        3.52637238915      -0.412282544172      -7.476956690461E-003
   3.26417210705       -2.54060712976       -70.0000000000        3.50486424882      -0.740453674118      -7.542752124627E-003
   3.73048240806       -2.90355100544       -70.0000000000        3.35485519566      -0.903799875496      -1.509640678892E-002
   4.19679270906       -3.26649488112       -70.0000000000        3.17225729119       -1.14283526458      -2.436543394975E-002
   4.66310301007       -3.62943875680       -70.0000000000        2.99294856976       -1.56829891215      -3.915936593769E-002
   5.12941331108       -3.99238263248       -70.0000000000        2.66372884055       -1.59687326996      -5.267204718031E-002
   0.00000000000        0.00000000000       -70.0000000000        3.04370106864       1.094780051915E-002  8.070520330632E-003
  0.558892006459      -0.191867868166       -70.0000000000        3.04782249061       2.114129761051E-002  9.121537120828E-003
   1.11778401292      -0.383735736333       -70.0000000000        3.02412607095       8.206282807471E-002  9.567226532726E-003
   1.67667601938      -0.575603604499       -70.0000000000        3.00778707161       5.820419050513E-002  4.970597765019E-003
   2.23556802584      -0.767471472666       -70.0000000000        3.02140314369      -1.441873034976E-002  3.908739931488E-004
   2.79446003230      -0.959339340832       -70.0000000000        3.11975522947      -0.109063851722      -9.914801012808E-003
   3.35335203876       -1.15120720900       -70.0000000000        2.98498779679      -0.247430796532      -8.199892848472E-003
   3.91224404522       -1.34307507716       -70.0000000000        2.83226329920      -0.289332858566      -1.645872793074E-002
   4.47113605168       -1.53494294533       -70.0000000000        2.68834085517      -0.345955642162      -1.926531685613E-002
   5.03002805814       -1.72681081350       -70.0000000000        2.55405113153      -0.418145626475      -2.325391563621E-002
   5.58892006459       -1.91867868166       -70.0000000000        2.40439746194      -0.471802536532      -2.948941149163E-002
   6.14781207105       -2.11054654983       -70.0000000000        2.10020015419      -0.379529905490      -3.937456394872E-002
   0.00000000000        0.00000000000       -70.0000000000        3.04370106864       1.094780051915E-002  8.070520330632E-003
  0.590909090909        0.00000000000       -70.0000000000        3.05012205881       2.176280269053E-002  9.688542411524E-003
   1.18181818182      -1.172487511250E-015  -70.0000000000        3.03095174240       0.102961839926       1.248806094722E-002
   1.77272727273        0.00000000000       -70.0000000000        3.02238416947       8.122955406022E-002  9.443845380786E-003
   2.36363636364        0.00000000000       -70.0000000000        3.03018280358       3.068044856092E-003  4.865314825439E-003
   2.95454545455        0.00000000000       -70.0000000000        3.08007018919      -4.203162708832E-002 -5.564152054316E-003
   3.54545454545        0.00000000000       -70.0000000000        2.93301621438      -4.858644174866E-002 -7.566130212107E-003
   4.13636363636        0.00000000000       -70.0000000000        2.79915465311      -4.457879451613E-002 -8.984581836759E-003
   4.72727272727        0.00000000000       -70.0000000000        2.66529309184      -4.057114728359E-002 -1.040303346141E-002
   5.31818181818        0.00000000000       -70.0000000000        2.53426630150      -2.242198812913E-002 -1.172593829590E-002
   5.90909090909        0.00000000000       -70.0000000000        2.40593105651      -3.779531406553E-002 -2.057927436783E-002
   6.50000000000        0.00000000000       -70.0000000000        2.26141351615       3.479083410362E-002 -1.100347004848E-002
