 12 20 1 1
 1 X [LENGU]
 2 Y [LENGU]
 3 Z [LENGU]
 4 Hx [FIELU]
 5 Hy [FIELU]
 6 Hz [FIELU]
 0
   0.00000000000        0.00000000000       -97.2000000000       0.592229491037      -9.527469707560E-002 -1.594420901691E-002
  0.590909090909        0.00000000000       -97.2000000000       0.600256763763      -0.116123568229      -2.166356371426E-002
   1.18181818182        0.00000000000       -97.2000000000       0.608636217557      -0.134491427935      -2.636215608080E-002
   1.77272727273        0.00000000000       -97.2000000000       0.609092762648      -0.135388308282      -2.730771778242E-002
   2.36363636364        0.00000000000       -97.2000000000       0.612103299687      -0.116147619849      -2.402822060093E-002
   2.95454545455        0.00000000000       -97.2000000000      -7.459876978552E-002 -7.541205823383E-002 -0.159460679805     
   3.54545454545        0.00000000000       -97.2000000000      -0.106077707020      -4.371360807643E-002 -0.116106361411     
   4.13636363636        0.00000000000       -97.2000000000      -0.119053508072      -2.124375848400E-002 -6.962191578268E-002
   4.72727272727        0.00000000000       -97.2000000000      -0.102280827234      -7.150753618952E-003 -2.901909043263E-002
   5.31818181818        0.00000000000       -97.2000000000      -0.100003161699      -3.103896745604E-002 -2.984697272713E-002
   5.90909090909        0.00000000000       -97.2000000000      -8.954296615257E-002 -2.527503976746E-002 -2.318022763175E-002
   6.50000000000        0.00000000000       -97.2000000000      -7.908277060663E-002 -1.951111207889E-002 -1.651348253637E-002
   0.00000000000        0.00000000000       -97.2000000000       0.592229491037      -9.527469707560E-002 -1.594420901691E-002
  0.558892006459       0.191867868166       -97.2000000000       0.598297377176      -0.120915082438      -2.128909725506E-002
   1.11778401292       0.383735736333       -97.2000000000       0.601640403852      -0.146689642864      -2.763923428509E-002
   1.67667601938       0.575603604499       -97.2000000000       0.589923970017      -0.143957120695      -2.934182519148E-002
   2.23556802584       0.767471472666       -97.2000000000       0.595854280280      -0.126034635635      -2.674060467513E-002
   2.79446003230       0.959339340832       -97.2000000000       3.586617892418E-002 -0.167685240146      -0.142901439329     
   3.35335203876        1.15120720900       -97.2000000000      -2.271872145763E-002 -0.141404238635      -0.113207082449     
   3.91224404522        1.34307507716       -97.2000000000      -4.902267275233E-002 -0.121603405536      -7.079730134199E-002
   4.47113605168        1.53494294533       -97.2000000000      -6.918139736436E-002 -9.345570107193E-002 -3.629562568525E-002
   5.03002805814        1.72681081350       -97.2000000000      -7.682615654245E-002 -8.779341338613E-002 -2.674166828802E-002
   5.58892006459        1.91867868166       -97.2000000000      -4.759728603842E-002 -5.705930129342E-002 -1.745796270416E-002
   6.14781207105        2.11054654983       -97.2000000000      -3.209917588374E-002 -4.387377298502E-002 -1.154316062949E-002
   0.00000000000        0.00000000000       -97.2000000000       0.592229491037      -9.527469707560E-002 -1.594420901691E-002
  0.466310301007       0.362943875680       -97.2000000000       0.597573676059      -0.129664116681      -2.226731398326E-002
  0.932620602014       0.725887751361       -97.2000000000       0.587825269718      -0.145821844986      -2.651722575464E-002
   1.39893090302        1.08883162704       -97.2000000000       0.584442783792      -0.140628791214      -2.681324690505E-002
   1.86524120403        1.45177550272       -97.2000000000       0.581377550838      -0.120920164931      -2.532253219523E-002
   2.33155150503        1.81471937840       -97.2000000000       0.194067118133      -0.218361434376      -0.116988718083     
   2.79786180604        2.17766325408       -97.2000000000       7.362200583839E-002 -0.160820096946      -5.141948632167E-002
   3.26417210705        2.54060712976       -97.2000000000       3.750835403070E-002 -0.141663069363      -3.414597190597E-002
   3.73048240806        2.90355100544       -97.2000000000       3.516102431587E-002 -0.122029181896      -2.446058852573E-002
   4.19679270906        3.26649488112       -97.2000000000       5.961079088787E-002 -9.420583210129E-002 -1.306502016030E-002
   4.66310301007        3.62943875680       -97.2000000000       4.622623598719E-002 -5.043095295786E-002 -7.884689649004E-003
   5.12941331108        3.99238263248       -97.2000000000       3.009086858715E-002 -3.871832069796E-002 -4.811735902768E-003
   0.00000000000        0.00000000000       -97.2000000000       0.592229491037      -9.527469707560E-002 -1.594420901691E-002
  0.323196638891       0.494689282610       -97.2000000000       0.614560121374      -8.065815091596E-002 -1.250399738576E-002
  0.646393277781       0.989378565219       -97.2000000000       0.566030542322      -0.129579350826      -2.132349290791E-002
  0.969589916672        1.48406784783       -97.2000000000       0.542863705386      -0.117946057046      -1.964266484981E-002
   1.29278655556        1.97875713044       -97.2000000000       0.558634996695      -0.122197395936      -2.332685101007E-002
   1.61598319445        2.47344641305       -97.2000000000       0.298602712471      -0.185048304987      -9.535533862947E-002
   1.93917983334        2.96813569566       -97.2000000000       0.251376530606      -0.184368043284      -5.540749406749E-002
   2.26237647223        3.46282497827       -97.2000000000       0.197830070204      -0.138891681346      -2.292407107310E-002
   2.58557311112        3.95751426088       -97.2000000000       0.189646773442      -0.129441151306      -1.794563444031E-002
   2.90876975001        4.45220354349       -97.2000000000       0.221664404724      -8.027397390291E-002 -1.021476335138E-002
   3.23196638891        4.94689282610       -97.2000000000       0.196855549434       6.885685864383E-002 -7.779656853025E-003
   3.55516302780        5.44158210871       -97.2000000000       5.565231600605E-002  6.103887582530E-002 -6.114825325093E-003
   0.00000000000        0.00000000000       -97.2000000000       0.592229491037      -9.527469707560E-002 -1.594420901691E-002
  0.145059606038       0.572827429873       -97.2000000000       0.628482078689      -1.831204494903E-002 -8.830958087160E-005
  0.290119212075        1.14565485975       -97.2000000000       0.572063630762      -4.943713856318E-002 -4.432835977477E-003
  0.435178818113        1.71848228962       -97.2000000000       0.515645182836      -8.056223217733E-002 -8.777362374082E-003
  0.580238424151        2.29130971949       -97.2000000000       0.532037625332      -0.103891202328      -1.615674099335E-002
  0.725298030189        2.86413714937       -97.2000000000       0.468427346139      -0.166027440063       2.032807258944E-003
  0.870357636226        3.43696457924       -97.2000000000       0.296859039914      -6.905420793267E-002 -1.445340018196E-002
   1.01541724226        4.00979200911       -97.2000000000       0.258327303144      -6.263855497046E-002 -7.507920182750E-003
   1.16047684830        4.58261943899       -97.2000000000       0.202542134498      -6.298082529612E-002 -8.866304754423E-004
   1.30553645434        5.15544686886       -97.2000000000       0.157467704172      -7.938714391715E-002 -1.977945201420E-003
   1.45059606038        5.72827429873       -97.2000000000       9.529321473386E-002 -7.226930309512E-002  4.063138515908E-004
   1.59565566642        6.30110172861       -97.2000000000       4.504011348060E-002 -5.158425971922E-002  2.002027720105E-003
   0.00000000000        0.00000000000       -97.2000000000       0.592229491037      -9.527469707560E-002 -1.594420901691E-002
 -4.879688596092E-002  0.588890836777       -97.2000000000       0.626117511116      -2.001670299514E-002  3.515601333696E-003
 -9.759377192185E-002   1.17778167355       -97.2000000000       0.567334495618      -5.284645465540E-002  2.774985851658E-003
 -0.146390657883        1.76667251033       -97.2000000000       0.507678734205      -9.213830105275E-002 -8.866026946341E-004
 -0.195187543844        2.35556334711       -97.2000000000       0.536827709566      -0.108290947846      -3.958686172637E-003
 -0.243984429805        2.94445418388       -97.2000000000       0.340021595572       5.855751481914E-002  3.920733291124E-002
 -0.292781315766        3.53334502066       -97.2000000000       0.278933146109       6.611298953053E-002  1.125679660821E-002
 -0.341578201726        4.12223585744       -97.2000000000       0.222043395390       8.133240591314E-002  1.295756973149E-002
 -0.390375087687        4.71112669421       -97.2000000000       0.186408084136       7.037962599424E-002  1.030211061387E-002
 -0.439171973648        5.30001753099       -97.2000000000       0.139465878728       6.098316338247E-002  9.313518258694E-003
 -0.487968859609        5.88890836777       -97.2000000000       9.885320172834E-002  5.832659815019E-002  3.948792877363E-003
 -0.536765745570        6.47779920454       -97.2000000000       7.767245871391E-002  6.026135359507E-002  3.779924024189E-003
   0.00000000000        0.00000000000       -97.2000000000       0.592229491037      -9.527469707560E-002 -1.594420901691E-002
 -0.237365478204       0.541138783933       -97.2000000000       0.630122995386      -1.816374804278E-002  7.199769427575E-003
 -0.474730956408        1.08227756787       -97.2000000000       0.574514031114      -5.451671340151E-002  7.752712305340E-003
 -0.712096434612        1.62341635180       -97.2000000000       0.536459009641      -9.747542643791E-002 -1.372898933803E-003
 -0.949461912816        2.16455513573       -97.2000000000       0.552919998892      -0.103839428932      -2.568895765650E-003
  -1.18682739102        2.70569391966       -97.2000000000       0.265751629012       0.166547513659       9.083826506385E-002
  -1.42419286922        3.24683270360       -97.2000000000       0.231329320139       0.181036277721       2.208941307354E-002
  -1.66155834743        3.78797148753       -97.2000000000       0.175867308248       0.171791586090       2.442461401158E-002
  -1.89892382563        4.32911027146       -97.2000000000       0.179501850578       0.176772652958       1.617062399354E-002
  -2.13628930384        4.87024905539       -97.2000000000       0.177850339276       0.212572652295       1.222535509970E-002
  -2.37365478204        5.41138783933       -97.2000000000       5.133159146891E-002  0.342171819365       9.878480645405E-003
  -2.61102026024        5.95252662326       -97.2000000000      -8.765530913375E-002  0.109114475634       6.551535319025E-003
   0.00000000000        0.00000000000       -97.2000000000       0.592229491037      -9.527469707560E-002 -1.594420901691E-002
 -0.400211837779       0.434745947216       -97.2000000000       0.627639992205       1.590212840198E-003  8.234286106119E-003
 -0.800423675558       0.869491894432       -97.2000000000       0.591804594402      -6.085998635854E-002  7.029202754550E-003
  -1.20063551334        1.30423784165       -97.2000000000       0.569251301228      -9.795109455274E-002 -7.105811314008E-004
  -1.60084735112        1.73898378886       -97.2000000000       0.566146830637      -8.043322191816E-002 -1.109220616957E-003
  -2.00105918889        2.17372973608       -97.2000000000       0.144331368037       0.343348482689       6.939057337227E-002
  -2.40127102667        2.60847568330       -97.2000000000       0.104941164997       0.200438457568       6.920103923851E-002
  -2.80148286445        3.04322163051       -97.2000000000       8.751808593679E-002  0.194822238362       3.541222594398E-002
  -3.20169470223        3.47796757773       -97.2000000000       8.025564690292E-002  0.158456408329       2.745331198270E-002
  -3.60190654001        3.91271352494       -97.2000000000       8.533910191278E-002  9.375375109422E-002  2.146720069199E-002
  -4.00211837779        4.34745947216       -97.2000000000       6.731866531017E-002  5.925228879086E-002  1.704713460533E-002
  -4.40233021557        4.78220541938       -97.2000000000       3.735678778335E-002  4.541117369278E-002  1.267088212638E-002
   0.00000000000        0.00000000000       -97.2000000000       0.592229491037      -9.527469707560E-002 -1.594420901691E-002
 -0.519689034804       0.281241641340       -97.2000000000       0.605771423935      -2.636584227419E-002 -2.423827546396E-004
  -1.03937806961       0.562483282680       -97.2000000000       0.610030131659      -2.985843136571E-002  1.085051754125E-002
  -1.55906710441       0.843724924020       -97.2000000000       0.579667296906      -5.668162567098E-002  2.699558932614E-003
  -2.07875613922        1.12496656536       -97.2000000000       0.558639631356      -2.308678452255E-002  1.993420388181E-003
  -2.59844517402        1.40620820670       -97.2000000000       3.828075814954E-002  0.152728527538       0.126602060947     
  -3.11813420882        1.68744984804       -97.2000000000      -6.602886794272E-003  0.150766171152       7.302189911664E-002
  -3.63782324363        1.96869148938       -97.2000000000      -3.416537805673E-002  0.140183834189       4.844170050500E-002
  -4.15751227843        2.24993313072       -97.2000000000      -4.293278367307E-002  0.124255668737       4.380633774543E-002
  -4.67720131323        2.53117477206       -97.2000000000      -2.832337825869E-002  0.108393495087       3.542886353401E-002
  -5.19689034804        2.81241641340       -97.2000000000      -2.570743019644E-002  8.107721492171E-002  2.572071718583E-002
  -5.71657938284        3.09365805474       -97.2000000000      -2.278376885882E-002  6.658314771101E-002  1.731166658349E-002
   0.00000000000        0.00000000000       -97.2000000000       0.592229491037      -9.527469707560E-002 -1.594420901691E-002
 -0.582849861102       9.726043971134E-002  -97.2000000000       0.582735504794      -7.485311685585E-002 -9.450290450459E-003
  -1.16569972220       0.194520879423       -97.2000000000       0.615229188118       5.064531604435E-002  1.707685408534E-002
  -1.74854958330       0.291781319134       -97.2000000000       0.585062350856       2.237000230676E-002  1.043685601978E-002
  -2.33139944441       0.389041758845       -97.2000000000       0.565601629628      -2.587119681750E-003  2.135890226874E-003
  -2.91424930551       0.486302198557       -97.2000000000      -4.017815037682E-002  6.317604800477E-002  0.134630305711     
  -3.49709916661       0.583562638268       -97.2000000000      -8.886877957585E-002  3.055383560151E-002  6.808050367639E-002
  -4.07994902771       0.680823077979       -97.2000000000      -0.106409637949       9.731102416134E-003  4.609393670118E-002
  -4.66279888881       0.778083517691       -97.2000000000      -0.111496626762       4.268004402871E-003  3.753383648884E-002
  -5.24564874991       0.875343957402       -97.2000000000      -0.111554866118       1.985147987314E-002  3.091729024134E-002
  -5.82849861102       0.972604397113       -97.2000000000      -9.228310674402E-002  1.953063475049E-002  2.484397767789E-002
  -6.41134847212        1.06986483682       -97.2000000000      -6.688639260954E-002  1.841574784145E-002  1.738849987692E-002
   0.00000000000        0.00000000000       -97.2000000000       0.592229491037      -9.527469707560E-002 -1.594420901691E-002
 -0.582849861102      -9.726043971134E-002  -97.2000000000       0.585887894903      -7.456723784470E-002 -1.115542727556E-002
  -1.16569972220      -0.194520879423       -97.2000000000       0.589302679266      -2.586941978878E-002 -1.202491626221E-003
  -1.74854958330      -0.291781319134       -97.2000000000       0.608212967161       6.607514444276E-002  1.584190664638E-002
  -2.33139944441      -0.389041758845       -97.2000000000       0.579556912955       1.687638067165E-002  3.768747143187E-003
  -2.91424930551      -0.486302198557       -97.2000000000      -5.561325159102E-002 -5.616315563775E-002  0.127178176466     
  -3.49709916661      -0.583562638268       -97.2000000000      -8.403983073872E-002 -5.439056690268E-002  4.248915137244E-002
  -4.07994902771      -0.680823077979       -97.2000000000      -9.866302404539E-002 -4.567914014032E-002  2.684923942909E-002
  -4.66279888881      -0.778083517691       -97.2000000000      -9.753942983517E-002 -3.546675088978E-002  2.274898549096E-002
  -5.24564874991      -0.875343957402       -97.2000000000      -9.669045333998E-002 -2.488599100048E-002  1.718602919167E-002
  -5.82849861102      -0.972604397113       -97.2000000000      -8.700835386909E-002 -2.760678529242E-002  1.097986652222E-002
  -6.41134847212       -1.06986483682       -97.2000000000      -6.592179664957E-002 -2.431016262545E-002  8.472986709560E-003
   0.00000000000        0.00000000000       -97.2000000000       0.592229491037      -9.527469707560E-002 -1.594420901691E-002
 -0.519689034804      -0.281241641340       -97.2000000000       0.589727495353      -7.652533335056E-002 -1.337950290795E-002
  -1.03937806961      -0.562483282680       -97.2000000000       0.587352351629      -5.688233508876E-002 -1.044712881686E-002
  -1.55906710441      -0.843724924020       -97.2000000000       0.604397565756       2.170823829757E-002  4.740071584531E-003
  -2.07875613922       -1.12496656536       -97.2000000000       0.603535294944       4.925006781820E-002  9.441173942490E-003
  -2.59844517402       -1.40620820670       -97.2000000000       1.575647261891E-002 -0.173004508272       0.112659127596     
  -3.11813420882       -1.68744984804       -97.2000000000      -4.936622296611E-002 -0.137340176674       4.217394803395E-002
  -3.63782324363       -1.96869148938       -97.2000000000      -6.777260270791E-002 -0.115140464291       3.167038834469E-002
  -4.15751227843       -2.24993313072       -97.2000000000      -6.916716895223E-002 -0.109180245290       2.800144203416E-002
  -4.67720131323       -2.53117477206       -97.2000000000      -6.926497069338E-002 -0.100400949773       1.940821600462E-002
  -5.19689034804       -2.81241641340       -97.2000000000      -3.399798185709E-002 -7.928818605242E-002  1.268021374124E-002
  -5.71657938284       -3.09365805474       -97.2000000000      -2.590095257940E-002 -6.888294054976E-002  3.120585652336E-003
   0.00000000000        0.00000000000       -97.2000000000       0.592229491037      -9.527469707560E-002 -1.594420901691E-002
 -0.400211837779      -0.434745947216       -97.2000000000       0.594265154423      -7.750762788711E-002 -1.464409361243E-002
 -0.800423675558      -0.869491894432       -97.2000000000       0.598934126210      -6.099745125528E-002 -1.108722495659E-002
  -1.20063551334       -1.30423784165       -97.2000000000       0.594879228358      -5.020509752433E-002 -9.966160164734E-003
  -1.60084735112       -1.73898378886       -97.2000000000       0.620899238671       6.358834498213E-002  1.419688827659E-002
  -2.00105918889       -2.17372973608       -97.2000000000       0.115876965706      -0.393348564319       5.714916856804E-002
  -2.40127102667       -2.60847568330       -97.2000000000       0.107074710690      -0.253168252364       3.859974199609E-002
  -2.80148286445       -3.04322163051       -97.2000000000       7.320251018863E-002 -0.204315806234       2.674146023903E-002
  -3.20169470223       -3.47796757773       -97.2000000000       7.054387906305E-002 -0.169526415189       1.730627370572E-002
  -3.60190654001       -3.91271352494       -97.2000000000       5.778687326259E-002 -0.126472617408       9.534781667681E-003
  -4.00211837779       -4.34745947216       -97.2000000000       4.541233661355E-002 -7.633884445127E-002  2.474566538377E-003
  -4.40233021557       -4.78220541938       -97.2000000000       1.870105646650E-002 -4.312662263096E-002 -6.875075932579E-003
   0.00000000000        0.00000000000       -97.2000000000       0.592229491037      -9.527469707560E-002 -1.594420901691E-002
 -0.237365478204      -0.541138783933       -97.2000000000       0.599235853585      -7.581058914052E-002 -1.415507262829E-002
 -0.474730956408       -1.08227756787       -97.2000000000       0.609522120694      -6.901070412722E-002 -1.256712729422E-002
 -0.712096434612       -1.62341635180       -97.2000000000       0.619138315942      -6.533679261909E-002 -1.176546046947E-002
 -0.949461912816       -2.16455513573       -97.2000000000       0.597761076043      -4.755810800325E-002 -5.083265125872E-003
  -1.18682739102       -2.70569391966       -97.2000000000       0.346551497063      -0.182468675373       4.193662003208E-002
  -1.42419286922       -3.24683270360       -97.2000000000       0.287479434972      -0.203863055552       2.879231565072E-002
  -1.66155834743       -3.78797148753       -97.2000000000       0.222862551832      -0.180923124835       4.365253393700E-003
  -1.89892382563       -4.32911027146       -97.2000000000       0.199777862249      -0.196679938780       3.453449485232E-003
  -2.13628930384       -4.87024905539       -97.2000000000       0.179069335882      -0.226273335255       2.909831512589E-003
  -2.37365478204       -5.41138783933       -97.2000000000       4.242480249714E-002 -0.361784536252       1.475625431276E-003
  -2.61102026024       -5.95252662326       -97.2000000000      -8.632501036811E-002 -0.108586454186       1.444629937841E-004
   0.00000000000        0.00000000000       -97.2000000000       0.592229491037      -9.527469707560E-002 -1.594420901691E-002
 -4.879688596092E-002 -0.588890836777       -97.2000000000       0.603248893186      -7.762053857521E-002 -1.443500852655E-002
 -9.759377192185E-002  -1.17778167355       -97.2000000000       0.617838410169      -7.775052891659E-002 -1.423019259517E-002
 -0.146390657883       -1.76667251033       -97.2000000000       0.632478233400      -7.876802838400E-002 -1.421660878673E-002
 -0.195187543844       -2.35556334711       -97.2000000000       0.647118056632      -7.978552785141E-002 -1.420302497829E-002
 -0.243984429805       -2.94445418388       -97.2000000000       0.445385059573      -5.025170556847E-002 -2.608121737707E-003
 -0.292781315766       -3.53334502066       -97.2000000000       0.368286606713      -4.214714570038E-002  1.495537824217E-002
 -0.341578201726       -4.12223585744       -97.2000000000       0.267049333777      -4.508011385363E-002  3.752950142354E-003
 -0.390375087687       -4.71112669421       -97.2000000000       0.230032641645      -5.059303095005E-002 -8.465210752159E-003
 -0.439171973648       -5.30001753099       -97.2000000000       0.179715300751      -3.932747577687E-002 -6.523408131807E-003
 -0.487968859609       -5.88890836777       -97.2000000000       0.108270246574      -2.379985430343E-002 -3.934380656783E-003
 -0.536765745570       -6.47779920454       -97.2000000000       7.075632329383E-002 -1.011466577709E-002 -3.296225024341E-003
   0.00000000000        0.00000000000       -97.2000000000       0.592229491037      -9.527469707560E-002 -1.594420901691E-002
  0.145059606038      -0.572827429873       -97.2000000000       0.605869398118      -8.274134008568E-002 -1.545356590897E-002
  0.290119212075       -1.14565485975       -97.2000000000       0.622981795629      -8.626982999511E-002 -1.589620192895E-002
  0.435178818113       -1.71848228962       -97.2000000000       0.640193311590      -9.154698000178E-002 -1.671562278740E-002
  0.580238424151       -2.29130971949       -97.2000000000       0.687832711324      -0.121705859800      -1.678209437004E-002
  0.725298030189       -2.86413714937       -97.2000000000       0.538023141209       0.490551444456      -3.067579418400E-002
  0.870357636226       -3.43696457924       -97.2000000000       0.341116605591       0.140519241948      -8.259917700728E-003
   1.01541724226       -4.00979200911       -97.2000000000       0.282542729341       0.143131928876      -1.157295499169E-002
   1.16047684830       -4.58261943899       -97.2000000000       0.220357035689       0.147360217258      -2.005730380675E-002
   1.30553645434       -5.15544686886       -97.2000000000       0.151671449434       0.157904537859      -1.984383089436E-002
   1.45059606038       -5.72827429873       -97.2000000000       9.974704146358E-002  0.137637792524      -8.655808152574E-003
   1.59565566642       -6.30110172861       -97.2000000000       4.617633287539E-002  0.104298898311      -1.416062027851E-003
   0.00000000000        0.00000000000       -97.2000000000       0.592229491037      -9.527469707560E-002 -1.594420901691E-002
  0.323196638891      -0.494689282610       -97.2000000000       0.606813396009      -9.061807537085E-002 -1.710036827863E-002
  0.646393277781      -0.989378565219       -97.2000000000       0.624394911452      -9.364540890034E-002 -1.738461733345E-002
  0.969589916672       -1.48406784783       -97.2000000000       0.644377993707      -0.103585357403      -1.882158562518E-002
   1.29278655556       -1.97875713044       -97.2000000000       0.716940486266      -0.155912358437      -1.889301481725E-002
   1.61598319445       -2.47344641305       -97.2000000000       0.270839342872       0.228013986611      -9.852239292485E-002
   1.93917983334       -2.96813569566       -97.2000000000       0.221289825765       0.268524394003      -3.746076427820E-002
   2.26237647223       -3.46282497827       -97.2000000000       0.173385106896       0.242649695406      -3.700935750919E-002
   2.58557311112       -3.95751426088       -97.2000000000       0.162045054339       0.193054037945      -3.403370319800E-002
   2.90876975001       -4.45220354349       -97.2000000000       0.183871409274       0.111907451930      -2.416062421388E-002
   3.23196638891       -4.94689282610       -97.2000000000       0.162327194829      -1.873869779467E-002 -1.233327738698E-002
   3.55516302780       -5.44158210871       -97.2000000000       2.163580919401E-002 -2.717910286824E-002 -8.875274175484E-003
   0.00000000000        0.00000000000       -97.2000000000       0.592229491037      -9.527469707560E-002 -1.594420901691E-002
  0.466310301007      -0.362943875680       -97.2000000000       0.605978590041      -0.100397177942      -1.919695904599E-002
  0.932620602014      -0.725887751361       -97.2000000000       0.621924624611      -9.907800721401E-002 -1.853414590446E-002
   1.39893090302       -1.08883162704       -97.2000000000       0.642740876591      -0.112710824286      -2.041901551031E-002
   1.86524120403       -1.45177550272       -97.2000000000       0.704953498700      -0.148952653871      -1.990698555638E-002
   2.33155150503       -1.81471937840       -97.2000000000       8.568251906016E-002  0.242579006830      -0.149064439309     
   2.79786180604       -2.17766325408       -97.2000000000       7.545158619864E-002  0.250570036571      -9.514262285114E-002
   3.26417210705       -2.54060712976       -97.2000000000       2.352385379890E-002  0.242600841287      -4.352063459001E-002
   3.73048240806       -2.90355100544       -97.2000000000      -2.185319909947E-003  0.187633194089      -3.107831091365E-002
   4.19679270906       -3.26649488112       -97.2000000000      -1.312014291035E-002  0.148187705734      -1.825566530925E-002
   4.66310301007       -3.62943875680       -97.2000000000       2.518008459800E-003  0.100490277766      -1.613752846483E-002
   5.12941331108       -3.99238263248       -97.2000000000      -1.960087052285E-002  8.990376318793E-002 -1.432627962561E-002
   0.00000000000        0.00000000000       -97.2000000000       0.592229491037      -9.527469707560E-002 -1.594420901691E-002
  0.558892006459      -0.191867868166       -97.2000000000       0.603455444393      -0.111018930298      -2.151614006947E-002
   1.11778401292      -0.383735736333       -97.2000000000       0.616512344249      -0.113864687016      -2.178125202102E-002
   1.67667601938      -0.575603604499       -97.2000000000       0.629569244104      -0.116710443735      -2.204636397257E-002
   2.23556802584      -0.767471472666       -97.2000000000       0.652653939397      -0.130544556786      -2.255094989503E-002
   2.79446003230      -0.959339340832       -97.2000000000      -8.098696915397E-002  6.918541247970E-002 -0.174831937009     
   3.35335203876       -1.15120720900       -97.2000000000      -0.122536966384       4.797438003040E-002 -0.131969081554     
   3.91224404522       -1.34307507716       -97.2000000000      -0.126282396925       5.033231696340E-002 -7.549651661181E-002
   4.47113605168       -1.53494294533       -97.2000000000      -0.108892937250       8.141383137125E-002 -3.347529052133E-002
   5.03002805814       -1.72681081350       -97.2000000000      -0.101839996104       3.013059261057E-002 -1.918388825286E-002
   5.58892006459       -1.91867868166       -97.2000000000      -8.615639110116E-002  2.279085150054E-002 -1.489730610206E-002
   6.14781207105       -2.11054654983       -97.2000000000      -7.140724217892E-002  2.423029384227E-002 -1.076098605291E-002
   0.00000000000        0.00000000000       -97.2000000000       0.592229491037      -9.527469707560E-002 -1.594420901691E-002
  0.590909090909        0.00000000000       -97.2000000000       0.600256763763      -0.116123568229      -2.166356371426E-002
   1.18181818182      -1.172487511250E-015  -97.2000000000       0.608636217557      -0.134491427935      -2.636215608080E-002
   1.77272727273        0.00000000000       -97.2000000000       0.609092762648      -0.135388308282      -2.730771778242E-002
   2.36363636364        0.00000000000       -97.2000000000       0.612103299687      -0.116147619849      -2.402822060093E-002
   2.95454545455        0.00000000000       -97.2000000000      -7.459876978552E-002 -7.541205823383E-002 -0.159460679805     
   3.54545454545        0.00000000000       -97.2000000000      -0.106077707020      -4.371360807643E-002 -0.116106361411     
   4.13636363636        0.00000000000       -97.2000000000      -0.119053508072      -2.124375848400E-002 -6.962191578268E-002
   4.72727272727        0.00000000000       -97.2000000000      -0.102280827234      -7.150753618952E-003 -2.901909043263E-002
   5.31818181818        0.00000000000       -97.2000000000      -0.100003161699      -3.103896745604E-002 -2.984697272713E-002
   5.90909090909        0.00000000000       -97.2000000000      -8.954296615257E-002 -2.527503976746E-002 -2.318022763175E-002
   6.50000000000        0.00000000000       -97.2000000000      -7.908277060663E-002 -1.951111207889E-002 -1.651348253637E-002
