 12 20 1 1
 1 X [LENGU]
 2 Y [LENGU]
 3 Z [LENGU]
 4 Hx [FIELU]
 5 Hy [FIELU]
 6 Hz [FIELU]
 0
   0.00000000000        0.00000000000        2.16000000000        2.98881041907      -1.373324650551E-002 -4.174804890448E-003
  0.590909090909        0.00000000000        2.16000000000        3.00291687058      -9.710992320197E-003 -1.124463259488E-003
   1.18181818182        0.00000000000        2.16000000000        3.01106802218      -5.287716064444E-003  8.639857942568E-004
   1.77272727273        0.00000000000        2.16000000000        2.98525749674       6.867419366546E-004 -2.449971985457E-003
   2.36363636364        0.00000000000        2.16000000000        2.99173616026      -4.420221941311E-003 -3.073623172342E-003
   2.95454545455        0.00000000000        2.16000000000        2.93005548893       1.286178942178E-002  1.508861683003E-002
   3.54545454545        0.00000000000        2.16000000000        2.79565433333       1.453293944736E-002  3.667651774553E-002
   4.13636363636        0.00000000000        2.16000000000        2.65823646210       4.702404605991E-003  5.184877422656E-002
   4.72727272727        0.00000000000        2.16000000000        2.51259936313       2.266037376639E-002  8.710605368118E-002
   5.31818181818        0.00000000000        2.16000000000        2.35686945441       5.792025285355E-002  0.148314982339     
   5.90909090909        0.00000000000        2.16000000000        2.17960600406      -1.711091159294E-002  0.205217604656     
   6.50000000000        0.00000000000        2.16000000000        1.84424948416       6.407495886406E-004  0.155249039959     
   0.00000000000        0.00000000000        2.16000000000        2.98881041907      -1.373324650551E-002 -4.174804890448E-003
  0.558892006459       0.191867868166        2.16000000000        3.01353184271      -7.512387011935E-003  1.267297290761E-004
   1.11778401292       0.383735736333        2.16000000000        3.02327468249      -3.460233481745E-004  1.793936618682E-003
   1.67667601938       0.575603604499        2.16000000000        2.99089864023       7.691516757028E-003 -2.680023780075E-003
   2.23556802584       0.767471472666        2.16000000000        2.97217494810       1.711210043556E-002 -6.262534517565E-003
   2.79446003230       0.959339340832        2.16000000000        2.95351951279       6.523594167610E-002 -3.451345717541E-003
   3.35335203876        1.15120720900        2.16000000000        2.87231889744       0.190240086256       7.647134533159E-003
   3.91224404522        1.34307507716        2.16000000000        2.78616352812       0.223539143679       2.908279681827E-002
   4.47113605168        1.53494294533        2.16000000000        2.58384829690       0.304529626511       4.579224388277E-002
   5.03002805814        1.72681081350        2.16000000000        2.40555471941       0.365251004248       7.536613715912E-002
   5.58892006459        1.91867868166        2.16000000000        2.18465925924       0.382854601121       0.116335137488     
   6.14781207105        2.11054654983        2.16000000000        1.86744080639       0.364956453715       0.133819081026     
   0.00000000000        0.00000000000        2.16000000000        2.98881041907      -1.373324650551E-002 -4.174804890448E-003
  0.466310301007       0.362943875680        2.16000000000        3.02146786499      -5.987908356383E-003  9.117846964279E-004
  0.932620602014       0.725887751361        2.16000000000        3.03551137936       3.006831093426E-003  2.681648909639E-003
   1.39893090302        1.08883162704        2.16000000000        3.00627256367       1.185245859469E-002 -1.494409894863E-003
   1.86524120403        1.45177550272        2.16000000000        2.97535499491       3.093124845421E-002 -6.506671655007E-003
   2.33155150503        1.81471937840        2.16000000000        3.25389312476       5.349556808233E-002 -1.691166388462E-003
   2.79786180604        2.17766325408        2.16000000000        3.23190512928       9.649013810591E-002  9.650048575812E-003
   3.26417210705        2.54060712976        2.16000000000        3.23064012805       0.333363727585       1.573198506070E-002
   3.73048240806        2.90355100544        2.16000000000        3.07318315983       0.682518063410       1.794801108754E-002
   4.19679270906        3.26649488112        2.16000000000        2.92451256201       0.985041522013       9.259755645916E-002
   4.66310301007        3.62943875680        2.16000000000        2.67892642293        1.27916458080       0.117945544072     
   5.12941331108        3.99238263248        2.16000000000        2.09225710576        1.32375096021       0.340563978462     
   0.00000000000        0.00000000000        2.16000000000        2.98881041907      -1.373324650551E-002 -4.174804890448E-003
  0.323196638891       0.494689282610        2.16000000000        3.02586494628      -5.302757270592E-003  1.145628755472E-003
  0.646393277781       0.989378565219        2.16000000000        3.04407633444       4.396604188861E-003  3.106132621986E-003
  0.969589916672        1.48406784783        2.16000000000        3.02838538324       1.914519880310E-002  4.342456476012E-004
   1.29278655556        1.97875713044        2.16000000000        3.00437198231       2.651274892227E-002 -3.169305548983E-003
   1.61598319445        2.47344641305        2.16000000000        3.37879000261      -3.195717280980E-002 -2.534446945700E-003
   1.93917983334        2.96813569566        2.16000000000        3.53425035137      -0.106302874808       8.061059969657E-003
   2.26237647223        3.46282497827        2.16000000000        3.75707371649      -9.890172555839E-002  1.797578453299E-002
   2.58557311112        3.95751426088        2.16000000000        4.33588595628      -1.402598521930E-002  3.860390041317E-002
   2.90876975001        4.45220354349        2.16000000000        5.59259910424       0.889437546049       6.691631333597E-002
   3.23196638891        4.94689282610        2.16000000000        5.31222372418        5.25163111909       0.104838039795     
   3.55516302780        5.44158210871        2.16000000000        1.28109881180        4.17925355512       0.136587856310     
   0.00000000000        0.00000000000        2.16000000000        2.98881041907      -1.373324650551E-002 -4.174804890448E-003
  0.145059606038       0.572827429873        2.16000000000        3.02624659459      -5.531180505924E-003  8.029212739472E-004
  0.290119212075        1.14565485975        2.16000000000        3.03741680736       7.195004922136E-003  1.586327166615E-003
  0.435178818113        1.71848228962        2.16000000000        3.03949386249       1.974355220952E-002  1.118679026128E-003
  0.580238424151        2.29130971949        2.16000000000        3.04817529548       1.762278011077E-002  2.016799042650E-003
  0.725298030189        2.86413714937        2.16000000000        3.38816874767      -8.275157629299E-002  1.794376827448E-003
  0.870357636226        3.43696457924        2.16000000000        3.29285230329      -0.311472840154       1.309600413510E-002
   1.01541724226        4.00979200911        2.16000000000        3.18327054422      -0.288913571846       1.855773961941E-002
   1.16047684830        4.58261943899        2.16000000000        3.05265639715       -1.08765479589       2.293279173309E-002
   1.30553645434        5.15544686886        2.16000000000        2.10166796820       -1.61505347977       3.061766152623E-002
   1.45059606038        5.72827429873        2.16000000000       0.947714071836       -1.72514980476       4.286191270455E-002
   1.59565566642        6.30110172861        2.16000000000       0.203664774088       -1.23483251429       5.667158587275E-002
   0.00000000000        0.00000000000        2.16000000000        2.98881041907      -1.373324650551E-002 -4.174804890448E-003
 -4.879688596092E-002  0.588890836777        2.16000000000        3.02257145239      -6.648424860477E-003 -7.920007486961E-005
 -9.759377192185E-002   1.17778167355        2.16000000000        3.02926638338       6.822899102988E-003  1.540126121274E-004
 -0.146390657883        1.76667251033        2.16000000000        3.04238371486       7.428978084318E-003  1.119840928724E-003
 -0.195187543844        2.35556334711        2.16000000000        3.05704191797       1.619977723973E-002  3.719708070160E-003
 -0.243984429805        2.94445418388        2.16000000000        3.34158973875       2.034755629184E-002  1.932911397624E-003
 -0.292781315766        3.53334502066        2.16000000000        2.94202256045       3.616446224620E-003  5.761327793659E-003
 -0.341578201726        4.12223585744        2.16000000000        2.68918700224       5.452536673051E-002  6.239893620342E-003
 -0.390375087687        4.71112669421        2.16000000000        2.35564926710       0.346667312204       4.420424301341E-003
 -0.439171973648        5.30001753099        2.16000000000        1.82291197940       0.492506332645       4.078843721362E-004
 -0.487968859609        5.88890836777        2.16000000000        1.12584708407       0.545500662313      -1.470659765193E-003
 -0.536765745570        6.47779920454        2.16000000000       0.775061805613       0.258360200418       4.578062512894E-003
   0.00000000000        0.00000000000        2.16000000000        2.98881041907      -1.373324650551E-002 -4.174804890448E-003
 -0.237365478204       0.541138783933        2.16000000000        3.01445869852      -8.234428565511E-003 -1.374256191041E-003
 -0.474730956408        1.08227756787        2.16000000000        3.03207975714      -5.461027382779E-004  6.452148998502E-004
 -0.712096434612        1.62341635180        2.16000000000        3.03749963450       2.674223194200E-003  5.277090369646E-004
 -0.949461912816        2.16455513573        2.16000000000        3.03452042429       4.937874550644E-002  2.555695988950E-003
  -1.18682739102        2.70569391966        2.16000000000        3.32309245308       8.169046824905E-002  1.215540460998E-002
  -1.42419286922        3.24683270360        2.16000000000        3.42271212163       0.232679165619       8.923068194786E-003
  -1.66155834743        3.78797148753        2.16000000000        3.64839681686       0.507049995365      -6.483648669575E-003
  -1.89892382563        4.32911027146        2.16000000000        4.05592570673       0.271030385660      -8.504280925218E-003
  -2.13628930384        4.87024905539        2.16000000000        4.62585917487        3.08165627004      -2.396516002491E-002
  -2.37365478204        5.41138783933        2.16000000000        1.50619996710        5.36409836461      -3.620174115704E-002
  -2.61102026024        5.95252662326        2.16000000000       -3.29326465789       0.817050496291      -4.388470957537E-002
   0.00000000000        0.00000000000        2.16000000000        2.98881041907      -1.373324650551E-002 -4.174804890448E-003
 -0.400211837779       0.434745947216        2.16000000000        3.00366687156      -1.045481322611E-002 -2.976772361304E-003
 -0.800423675558       0.869491894432        2.16000000000        3.01604832714      -6.226539175233E-003 -1.680615583674E-003
  -1.20063551334        1.30423784165        2.16000000000        3.02842978272      -1.998265124359E-003 -3.844588060431E-004
  -1.60084735112        1.73898378886        2.16000000000        3.03253455246       1.972844466666E-002  1.077596149542E-003
  -2.00105918889        2.17372973608        2.16000000000        3.23623782439       9.120996157579E-002  2.552993712857E-003
  -2.40127102667        2.60847568330        2.16000000000        3.37302509176      -0.197274850385      -1.514811511884E-003
  -2.80148286445        3.04322163051        2.16000000000        3.64866546896      -0.455016977181      -4.272840478281E-002
  -3.20169470223        3.47796757773        2.16000000000        3.79598731105       -1.01125191456      -4.661365813622E-002
  -3.60190654001        3.91271352494        2.16000000000        3.59703451828       -1.32053907183      -4.877819358442E-002
  -4.00211837779        4.34745947216        2.16000000000        3.16674170885       -1.99428799280      -0.147918671356     
  -4.40233021557        4.78220541938        2.16000000000        2.43528448833       -2.12298059288      -0.183240331734     
   0.00000000000        0.00000000000        2.16000000000        2.98881041907      -1.373324650551E-002 -4.174804890448E-003
 -0.519689034804       0.281241641340        2.16000000000        2.99153332176      -1.313339698855E-002 -4.719747230368E-003
  -1.03937806961       0.562483282680        2.16000000000        2.99260052116      -1.114444674465E-002 -5.064092701965E-003
  -1.55906710441       0.843724924020        2.16000000000        3.00076415928      -1.151045454669E-002 -4.155066500012E-003
  -2.07875613922        1.12496656536        2.16000000000        2.99563166013      -1.213400340708E-002 -5.052835380887E-003
  -2.59844517402        1.40620820670        2.16000000000        3.14590582751      -6.635403347834E-002 -3.265485783101E-003
  -3.11813420882        1.68744984804        2.16000000000        3.08081426656      -0.315317167816      -9.031180210494E-003
  -3.63782324363        1.96869148938        2.16000000000        2.93338260654      -0.418301239232      -1.090159139414E-002
  -4.15751227843        2.24993313072        2.16000000000        2.74946052698      -0.520425697647      -2.593969521501E-002
  -4.67720131323        2.53117477206        2.16000000000        2.61245260282      -0.617166129539      -4.508702690716E-002
  -5.19689034804        2.81241641340        2.16000000000        2.34347661069      -0.737218816324      -8.719232096112E-002
  -5.71657938284        3.09365805474        2.16000000000        1.94959510886      -0.870921499654      -0.140666336209     
   0.00000000000        0.00000000000        2.16000000000        2.98881041907      -1.373324650551E-002 -4.174804890448E-003
 -0.582849861102       9.726043971134E-002   2.16000000000        2.98323767691      -1.390783800923E-002 -5.930918894453E-003
  -1.16569972220       0.194520879423        2.16000000000        2.98863896860      -1.770160317388E-002 -5.165783971288E-003
  -1.74854958330       0.291781319134        2.16000000000        2.99901945940      -1.187724329089E-002 -4.296840061311E-003
  -2.33139944441       0.389041758845        2.16000000000        2.97947226269      -5.186832565600E-003 -6.356868115344E-003
  -2.91424930551       0.486302198557        2.16000000000        2.97453682417      -4.929366194465E-002 -9.288121308820E-003
  -3.49709916661       0.583562638268        2.16000000000        2.83991563421      -6.932508702508E-002  3.758253068229E-003
  -4.07994902771       0.680823077979        2.16000000000        2.73100261851      -8.020927093809E-002  3.046545474993E-002
  -4.66279888881       0.778083517691        2.16000000000        2.62091398111      -9.851906961854E-002  5.358134319615E-002
  -5.24564874991       0.875343957402        2.16000000000        2.47773111713      -0.136089925521       5.825559251281E-002
  -5.82849861102       0.972604397113        2.16000000000        2.24141286255      -8.707735032863E-002  5.916113814202E-002
  -6.41134847212        1.06986483682        2.16000000000        2.03392282082       3.358118017250E-003  0.168316686678     
   0.00000000000        0.00000000000        2.16000000000        2.98881041907      -1.373324650551E-002 -4.174804890448E-003
 -0.582849861102      -9.726043971134E-002   2.16000000000        2.97700163496      -1.412961450942E-002 -6.813895160894E-003
  -1.16569972220      -0.194520879423        2.16000000000        2.99781538085      -3.375167541390E-002 -2.512221323507E-003
  -1.74854958330      -0.291781319134        2.16000000000        3.00274173397      -1.893403402807E-002 -3.485280671185E-003
  -2.33139944441      -0.389041758845        2.16000000000        2.98600938322      -1.594240002656E-003 -5.469886540352E-003
  -2.91424930551      -0.486302198557        2.16000000000        2.98232347007       4.268792762032E-002 -7.860322852199E-003
  -3.49709916661      -0.583562638268        2.16000000000        2.86156166172       6.163793881618E-002 -4.410308040894E-003
  -4.07994902771      -0.680823077979        2.16000000000        2.74940729822       8.027367098907E-002  1.061743867654E-002
  -4.66279888881      -0.778083517691        2.16000000000        2.61419436169       0.111955348628       3.374226799496E-002
  -5.24564874991      -0.875343957402        2.16000000000        2.44887479981       0.156706128272       4.277648846799E-002
  -5.82849861102      -0.972604397113        2.16000000000        2.34840115412       9.943100312657E-002  4.841464645690E-002
  -6.41134847212       -1.06986483682        2.16000000000        2.37799113333       7.888934481690E-002  0.272462310338     
   0.00000000000        0.00000000000        2.16000000000        2.98881041907      -1.373324650551E-002 -4.174804890448E-003
 -0.519689034804      -0.281241641340        2.16000000000        2.97196641706      -1.426447898591E-002 -7.405305778986E-003
  -1.03937806961      -0.562483282680        2.16000000000        2.99731868867      -4.182763774186E-002 -1.844805610666E-003
  -1.55906710441      -0.843724924020        2.16000000000        3.01175566007      -2.984197403319E-002 -9.680901709181E-004
  -2.07875613922       -1.12496656536        2.16000000000        3.01515668758       6.621660883795E-003 -1.757429421512E-003
  -2.59844517402       -1.40620820670        2.16000000000        3.12579028275       7.572326925177E-002 -1.039531263810E-002
  -3.11813420882       -1.68744984804        2.16000000000        3.04965210259       0.237868801152      -8.444564859711E-003
  -3.63782324363       -1.96869148938        2.16000000000        2.93970407194       0.375127673402      -1.119201730607E-002
  -4.15751227843       -2.24993313072        2.16000000000        2.78790154446       0.481578405348      -1.975555008349E-002
  -4.67720131323       -2.53117477206        2.16000000000        2.62204662242       0.606959038059      -3.531086974540E-002
  -5.19689034804       -2.81241641340        2.16000000000        2.32405268645       0.724796982037      -5.518137639000E-002
  -5.71657938284       -3.09365805474        2.16000000000        1.96586999810       0.804176803496      -8.730629326335E-002
   0.00000000000        0.00000000000        2.16000000000        2.98881041907      -1.373324650551E-002 -4.174804890448E-003
 -0.400211837779      -0.434745947216        2.16000000000        2.97081370589      -1.286777277963E-002 -7.280674343835E-003
 -0.800423675558      -0.869491894432        2.16000000000        2.99183355676      -1.395151620461E-002 -4.040434408904E-003
  -1.20063551334       -1.30423784165        2.16000000000        3.03126677028      -3.453499897212E-002  3.577609844204E-003
  -1.60084735112       -1.73898378886        2.16000000000        3.04003109265       1.829465837631E-003  1.965118760881E-003
  -2.00105918889       -2.17372973608        2.16000000000        3.17965201825      -0.118523413003       4.539678600306E-003
  -2.40127102667       -2.60847568330        2.16000000000        3.34525847938       0.114236187678      -1.061378420351E-002
  -2.80148286445       -3.04322163051        2.16000000000        3.47607778078       0.366174812430      -2.238204624750E-002
  -3.20169470223       -3.47796757773        2.16000000000        3.83141493077       0.856408085642      -4.609626803855E-002
  -3.60190654001       -3.91271352494        2.16000000000        3.75838442037        1.29122517841      -8.729486188328E-002
  -4.00211837779       -4.34745947216        2.16000000000        3.20918455230        1.97668266727      -0.182283280776     
  -4.40233021557       -4.78220541938        2.16000000000        2.49456488516        2.33319784132      -0.284585561159     
   0.00000000000        0.00000000000        2.16000000000        2.98881041907      -1.373324650551E-002 -4.174804890448E-003
 -0.237365478204      -0.541138783933        2.16000000000        2.97720014481      -9.176916452516E-003 -6.108873221995E-003
 -0.474730956408       -1.08227756787        2.16000000000        2.99288304763       7.194944066947E-003 -4.576049938272E-003
 -0.712096434612       -1.62341635180        2.16000000000        3.02166344763      -6.030476116093E-003  8.211241940552E-004
 -0.949461912816       -2.16455513573        2.16000000000        3.05473006937      -1.707326055063E-002  6.690153374061E-003
  -1.18682739102       -2.70569391966        2.16000000000        3.29293947629      -0.110230180959      -8.726807178163E-004
  -1.42419286922       -3.24683270360        2.16000000000        3.37543204894      -0.346934782478      -3.758644098791E-003
  -1.66155834743       -3.78797148753        2.16000000000        3.50995159660      -0.548754204902      -8.654614930802E-003
  -1.89892382563       -4.32911027146        2.16000000000        3.85007796507       -1.25160612147      -2.392636048107E-002
  -2.13628930384       -4.87024905539        2.16000000000        4.51938592127       -3.02680679204      -4.487379113946E-002
  -2.37365478204       -5.41138783933        2.16000000000       9.505914183492E-002  -3.72309198391      -6.097386525235E-002
  -2.61102026024       -5.95252662326        2.16000000000       -3.42690280152      -0.995346089830      -6.693608622357E-002
   0.00000000000        0.00000000000        2.16000000000        2.98881041907      -1.373324650551E-002 -4.174804890448E-003
 -4.879688596092E-002 -0.588890836777        2.16000000000        2.98188709786      -7.260205248274E-003 -5.103177287151E-003
 -9.759377192185E-002  -1.17778167355        2.16000000000        2.99873204931       1.980636441806E-003 -3.622674822173E-003
 -0.146390657883       -1.76667251033        2.16000000000        3.01069211164       1.041760111401E-002 -1.854398845308E-003
 -0.195187543844       -2.35556334711        2.16000000000        3.03171652751      -2.340101276853E-002  3.502311525721E-003
 -0.243984429805       -2.94445418388        2.16000000000        3.28208245962      -4.735362104829E-002  3.280309284431E-003
 -0.292781315766       -3.53334502066        2.16000000000        2.97582082126       2.247787555860E-002  5.581531140023E-003
 -0.341578201726       -4.12223585744        2.16000000000        2.79378939763      -0.141688444215       3.454716739858E-003
 -0.390375087687       -4.71112669421        2.16000000000        2.56913145876      -0.310341666967       4.255254430271E-003
 -0.439171973648       -5.30001753099        2.16000000000        1.80917403261      -0.540287662584      -2.396047801299E-003
 -0.487968859609       -5.88890836777        2.16000000000        1.17088495306      -0.533709134298      -1.543748714986E-002
 -0.536765745570       -6.47779920454        2.16000000000       0.537992767662      -0.334301549772      -2.428196359227E-002
   0.00000000000        0.00000000000        2.16000000000        2.98881041907      -1.373324650551E-002 -4.174804890448E-003
  0.145059606038      -0.572827429873        2.16000000000        2.98436666095      -7.325344566725E-003 -4.372569298822E-003
  0.290119212075       -1.14565485975        2.16000000000        3.00162692445      -3.448164922227E-003 -2.781053571900E-003
  0.435178818113       -1.71848228962        2.16000000000        3.01439209848      -2.043680060372E-003 -1.183756398167E-003
  0.580238424151       -2.29130971949        2.16000000000        3.00140100593      -6.634588569101E-003 -3.573477036084E-003
  0.725298030189       -2.86413714937        2.16000000000        3.38058708168       0.130697445075       6.648707032923E-003
  0.870357636226       -3.43696457924        2.16000000000        3.21080094107       0.295279721295       1.339281036052E-002
   1.01541724226       -4.00979200911        2.16000000000        3.11403831518       0.539039122007       1.543483275347E-002
   1.16047684830       -4.58261943899        2.16000000000        2.77990779561       0.947197065932       2.008931844541E-002
   1.30553645434       -5.15544686886        2.16000000000        2.09614985689        1.66232557799       3.503688009837E-002
   1.45059606038       -5.72827429873        2.16000000000       0.929123208313        1.72684592155       4.157659652822E-002
   1.59565566642       -6.30110172861        2.16000000000       0.167160004020        1.25366466198       3.387780853265E-002
   0.00000000000        0.00000000000        2.16000000000        2.98881041907      -1.373324650551E-002 -4.174804890448E-003
  0.323196638891      -0.494689282610        2.16000000000        2.98437013496      -9.365275551972E-003 -3.996221969096E-003
  0.646393277781      -0.989378565219        2.16000000000        3.00222796312      -6.003114083443E-003 -1.850039787762E-003
  0.969589916672       -1.48406784783        2.16000000000        3.01365290525      -1.690616497231E-002 -1.298897134277E-003
   1.29278655556       -1.97875713044        2.16000000000        3.01293777249      -2.208054350733E-002 -2.692237446016E-003
   1.61598319445       -2.47344641305        2.16000000000        3.33736094596       2.799098179417E-002  1.473363829693E-002
   1.93917983334       -2.96813569566        2.16000000000        3.60133533512      -1.943892772165E-002  1.501575681905E-002
   2.26237647223       -3.46282497827        2.16000000000        3.77293645225       4.055777275146E-002  2.599031085031E-002
   2.58557311112       -3.95751426088        2.16000000000        4.48706987591      -9.944946957397E-002  5.182568096863E-002
   2.90876975001       -4.45220354349        2.16000000000        5.65015599290      -0.961806699612       7.922152249048E-002
   3.23196638891       -4.94689282610        2.16000000000        5.44313714025       -4.78627392122       0.103227334784     
   3.55516302780       -5.44158210871        2.16000000000        1.21338952018       -4.34435042605       0.107366687617     
   0.00000000000        0.00000000000        2.16000000000        2.98881041907      -1.373324650551E-002 -4.174804890448E-003
  0.466310301007      -0.362943875680        2.16000000000        2.98293595522      -1.271306407190E-002 -3.882882535525E-003
  0.932620602014      -0.725887751361        2.16000000000        3.00047003345      -5.407342656103E-003 -9.305232594390E-004
   1.39893090302       -1.08883162704        2.16000000000        3.01047538134      -1.964692553691E-002 -4.177164971248E-004
   1.86524120403       -1.45177550272        2.16000000000        2.99504865663      -3.489349336838E-002 -1.924826609729E-003
   2.33155150503       -1.81471937840        2.16000000000        3.21465582285      -4.423742136837E-002  2.215064054728E-002
   2.79786180604       -2.17766325408        2.16000000000        3.16986919923      -0.176798646712       2.702120625942E-002
   3.26417210705       -2.54060712976        2.16000000000        3.27499505840      -0.543091020763       4.473054320723E-002
   3.73048240806       -2.90355100544        2.16000000000        3.22845918940      -0.795294215523       6.861505333771E-002
   4.19679270906       -3.26649488112        2.16000000000        3.04588498488      -0.955985083870       0.104499923281     
   4.66310301007       -3.62943875680        2.16000000000        2.64820326956       -1.23890629187       0.146331156569     
   5.12941331108       -3.99238263248        2.16000000000        2.22455210165       -1.37427471013       0.207158141225     
   0.00000000000        0.00000000000        2.16000000000        2.98881041907      -1.373324650551E-002 -4.174804890448E-003
  0.558892006459      -0.191867868166        2.16000000000        2.99077324554      -1.234547128114E-002 -2.706208094693E-003
   1.11778401292      -0.383735736333        2.16000000000        2.99957099065      -1.244627631707E-002 -7.429120963250E-004
   1.67667601938      -0.575603604499        2.16000000000        3.00360561801      -1.396229654142E-002 -2.487624672913E-004
   2.23556802584      -0.767471472666        2.16000000000        2.93519071432      -2.078084044164E-002 -3.826370035569E-003
   2.79446003230      -0.959339340832        2.16000000000        2.98835695753      -5.174780671720E-002  1.692456197281E-002
   3.35335203876       -1.15120720900        2.16000000000        2.85984664393      -0.133562923546       2.662278823214E-002
   3.91224404522       -1.34307507716        2.16000000000        2.71854333786      -0.200260940078       3.834916503522E-002
   4.47113605168       -1.53494294533        2.16000000000        2.55325405048      -0.308391528308       6.093673909615E-002
   5.03002805814       -1.72681081350        2.16000000000        2.37970117358      -0.350332558930       9.437645909089E-002
   5.58892006459       -1.91867868166        2.16000000000        2.17235563042      -0.387788845030       0.123407869829     
   6.14781207105       -2.11054654983        2.16000000000        1.90940498684      -0.414483716371       0.141883831008     
   0.00000000000        0.00000000000        2.16000000000        2.98881041907      -1.373324650551E-002 -4.174804890448E-003
  0.590909090909        0.00000000000        2.16000000000        3.00291687058      -9.710992320197E-003 -1.124463259488E-003
   1.18181818182      -1.172487511250E-015   2.16000000000        3.01106802218      -5.287716064444E-003  8.639857942568E-004
   1.77272727273        0.00000000000        2.16000000000        2.98525749674       6.867419366546E-004 -2.449971985457E-003
   2.36363636364        0.00000000000        2.16000000000        2.99173616026      -4.420221941311E-003 -3.073623172342E-003
   2.95454545455        0.00000000000        2.16000000000        2.93005548893       1.286178942178E-002  1.508861683003E-002
   3.54545454545        0.00000000000        2.16000000000        2.79565433333       1.453293944736E-002  3.667651774553E-002
   4.13636363636        0.00000000000        2.16000000000        2.65823646210       4.702404605991E-003  5.184877422656E-002
   4.72727272727        0.00000000000        2.16000000000        2.51259936313       2.266037376639E-002  8.710605368118E-002
   5.31818181818        0.00000000000        2.16000000000        2.35686945441       5.792025285355E-002  0.148314982339     
   5.90909090909        0.00000000000        2.16000000000        2.17960600406      -1.711091159294E-002  0.205217604656     
   6.50000000000        0.00000000000        2.16000000000        1.84424948416       6.407495886406E-004  0.155249039959     
