 12 20 1 1
 1 X [LENGU]
 2 Y [LENGU]
 3 Z [LENGU]
 4 Hx [FIELU]
 5 Hy [FIELU]
 6 Hz [FIELU]
 0
   0.00000000000        0.00000000000       -97.2000000000       0.571313046356      -9.481483590621E-002 -1.593131087548E-002
  0.590909090909        0.00000000000       -97.2000000000       0.579385569329      -0.115904533439      -2.169415859590E-002
   1.18181818182        0.00000000000       -97.2000000000       0.587806319567      -0.134456625578      -2.642850325693E-002
   1.77272727273        0.00000000000       -97.2000000000       0.588273093019      -0.135412136945      -2.739523102497E-002
   2.36363636364        0.00000000000       -97.2000000000       0.591301532070      -0.116174448373      -2.412960994049E-002
   2.95454545455        0.00000000000       -97.2000000000      -9.677089015274E-002 -7.561974166491E-002 -0.159783152325     
   3.54545454545        0.00000000000       -97.2000000000      -0.127506318258      -4.405283711210E-002 -0.116388012952     
   4.13636363636        0.00000000000       -97.2000000000      -0.139758065417      -2.138833560957E-002 -6.981851867667E-002
   4.72727272727        0.00000000000       -97.2000000000      -0.122154557330      -7.064452790411E-003 -2.915991607876E-002
   5.31818181818        0.00000000000       -97.2000000000      -0.118448017144      -3.098747699377E-002 -3.007580868417E-002
   5.90909090909        0.00000000000       -97.2000000000      -0.107048927903      -2.527360622242E-002 -2.340332783661E-002
   6.50000000000        0.00000000000       -97.2000000000      -9.564983866213E-002 -1.955973545107E-002 -1.673084698905E-002
   0.00000000000        0.00000000000       -97.2000000000       0.571313046356      -9.481483590621E-002 -1.593131087548E-002
  0.558892006459       0.191867868166       -97.2000000000       0.577385223024      -0.120509873021      -2.129150897176E-002
   1.11778401292       0.383735736333       -97.2000000000       0.580712513451      -0.146377210251      -2.766394759241E-002
   1.67667601938       0.575603604499       -97.2000000000       0.569017832617      -0.143834420070      -2.940244935188E-002
   2.23556802584       0.767471472666       -97.2000000000       0.575027908948      -0.126096261935      -2.683308413048E-002
   2.79446003230       0.959339340832       -97.2000000000       1.342803235477E-002 -0.168357786326      -0.143081893859     
   3.35335203876        1.15120720900       -97.2000000000      -4.460204799935E-002 -0.143087768472      -0.113379114270     
   3.91224404522        1.34307507716       -97.2000000000      -7.023040257127E-002 -0.123796945243      -7.093105288298E-002
   4.47113605168        1.53494294533       -97.2000000000      -9.011894124235E-002 -9.621187633537E-002 -3.641433706963E-002
   5.03002805814        1.72681081350       -97.2000000000      -9.585047844845E-002 -9.102215789840E-002 -2.684616546977E-002
   5.58892006459        1.91867868166       -97.2000000000      -6.469529306143E-002 -6.025750862728E-002 -1.745273374211E-002
   6.14781207105        2.11054654983       -97.2000000000      -4.762721383443E-002 -4.724328493462E-002 -1.153332382173E-002
   0.00000000000        0.00000000000       -97.2000000000       0.571313046356      -9.481483590621E-002 -1.593131087548E-002
  0.466310301007       0.362943875680       -97.2000000000       0.576596963870      -0.129081362681      -2.224313867680E-002
  0.932620602014       0.725887751361       -97.2000000000       0.566784759052      -0.145251766940      -2.650346078618E-002
   1.39893090302        1.08883162704       -97.2000000000       0.563432819820      -0.140119604904      -2.681090475904E-002
   1.86524120403        1.45177550272       -97.2000000000       0.560405974260      -0.120783063938      -2.537885724651E-002
   2.33155150503        1.81471937840       -97.2000000000       0.169833342626      -0.218735715432      -0.117041798588     
   2.79786180604        2.17766325408       -97.2000000000       4.754461738060E-002 -0.161993106567      -5.148705744658E-002
   3.26417210705        2.54060712976       -97.2000000000       1.302829407614E-002 -0.146550880078      -3.423411091395E-002
   3.73048240806        2.90355100544       -97.2000000000       9.356470732012E-003 -0.128496634334      -2.462543454415E-002
   4.19679270906        3.26649488112       -97.2000000000       3.550982819029E-002 -0.102100965660      -1.319818676464E-002
   4.66310301007        3.62943875680       -97.2000000000       2.479419874120E-002 -6.233123933725E-002 -8.417338695182E-003
   5.12941331108        3.99238263248       -97.2000000000       1.186628920443E-002 -5.194392607247E-002 -5.175746589267E-003
   0.00000000000        0.00000000000       -97.2000000000       0.571313046356      -9.481483590621E-002 -1.593131087548E-002
  0.323196638891       0.494689282610       -97.2000000000       0.593622221607      -7.969993880110E-002 -1.241241415653E-002
  0.646393277781       0.989378565219       -97.2000000000       0.544912422957      -0.129059338307      -2.131507381708E-002
  0.969589916672        1.48406784783       -97.2000000000       0.521697138246      -0.117502905439      -1.965017768688E-002
   1.29278655556        1.97875713044       -97.2000000000       0.537381417018      -0.121830914913      -2.334513671965E-002
   1.61598319445        2.47344641305       -97.2000000000       0.273794360103      -0.184741729021      -9.538981613401E-002
   1.93917983334        2.96813569566       -97.2000000000       0.223648283992      -0.182931426747      -5.533992965314E-002
   2.26237647223        3.46282497827       -97.2000000000       0.168771635128      -0.136777704776      -2.300304916518E-002
   2.58557311112        3.95751426088       -97.2000000000       0.153192946358      -0.128747852284      -1.801313156972E-002
   2.90876975001        4.45220354349       -97.2000000000       0.177250949050      -8.794721521689E-002 -1.032772189422E-002
   3.23196638891        4.94689282610       -97.2000000000       0.154389090147       3.102670184798E-002 -8.054220927772E-003
   3.55516302780        5.44158210871       -97.2000000000       4.359574033405E-002  2.907673298666E-002 -6.445369171133E-003
   0.00000000000        0.00000000000       -97.2000000000       0.571313046356      -9.481483590621E-002 -1.593131087548E-002
  0.145059606038       0.572827429873       -97.2000000000       0.607613272782      -1.705688685076E-002  6.067914516242E-005
  0.290119212075        1.14565485975       -97.2000000000       0.551006450952      -4.860136103453E-002 -4.360548451259E-003
  0.435178818113        1.71848228962       -97.2000000000       0.494399629122      -8.014583521830E-002 -8.781776047681E-003
  0.580238424151        2.29130971949       -97.2000000000       0.510710460740      -0.103606242644      -1.618274997388E-002
  0.725298030189        2.86413714937       -97.2000000000       0.444793596646      -0.164195998404       1.990131613149E-003
  0.870357636226        3.43696457924       -97.2000000000       0.271200264651      -6.810413577765E-002 -1.441003104570E-002
   1.01541724226        4.00979200911       -97.2000000000       0.235714976033      -5.843503021250E-002 -7.538765801874E-003
   1.16047684830        4.58261943899       -97.2000000000       0.181127010802      -5.469294824472E-002 -9.169435503393E-004
   1.30553645434        5.15544686886       -97.2000000000       0.141513868083      -6.696862012705E-002 -2.009548355477E-003
   1.45059606038        5.72827429873       -97.2000000000       8.800227526985E-002 -5.859767133760E-002  2.784641516947E-004
   1.59565566642        6.30110172861       -97.2000000000       4.455753223730E-002 -4.234573185542E-002  1.812012268389E-003
   0.00000000000        0.00000000000       -97.2000000000       0.571313046356      -9.481483590621E-002 -1.593131087548E-002
 -4.879688596092E-002  0.588890836777       -97.2000000000       0.605289859887      -1.890446013524E-002  3.650490522971E-003
 -9.759377192185E-002   1.17778167355       -97.2000000000       0.546359625162      -5.229650760349E-002  2.819074304358E-003
 -0.146390657883        1.76667251033       -97.2000000000       0.486527151986      -9.216467037863E-002 -9.402119851244E-004
 -0.195187543844        2.35556334711       -97.2000000000       0.515685078235      -0.108421266161      -4.019141056486E-003
 -0.243984429805        2.94445418388       -97.2000000000       0.315237834380       5.837980656337E-002  3.929513771919E-002
 -0.292781315766        3.53334502066       -97.2000000000       0.255877515507       6.476826061783E-002  1.131287950676E-002
 -0.341578201726        4.12223585744       -97.2000000000       0.201153218243       8.109834993675E-002  1.296093878103E-002
 -0.390375087687        4.71112669421       -97.2000000000       0.166649053285       6.783636999943E-002  1.027144411902E-002
 -0.439171973648        5.30001753099       -97.2000000000       0.125466609014       5.753951679647E-002  9.307766341594E-003
 -0.487968859609        5.88890836777       -97.2000000000       9.003077087545E-002  5.426474719819E-002  4.029484896537E-003
 -0.536765745570        6.47779920454       -97.2000000000       7.158264529294E-002  5.600633571721E-002  3.836936166209E-003
   0.00000000000        0.00000000000       -97.2000000000       0.571313046356      -9.481483590621E-002 -1.593131087548E-002
 -0.237365478204       0.541138783933       -97.2000000000       0.609352452322      -1.713348694553E-002  7.330398748819E-003
 -0.474730956408        1.08227756787       -97.2000000000       0.553628745938      -5.414423614897E-002  7.782315032520E-003
 -0.712096434612        1.62341635180       -97.2000000000       0.515444113681      -9.746052355063E-002 -1.412318180754E-003
 -0.949461912816        2.16455513573       -97.2000000000       0.531970694302      -0.103650926260      -2.577942206517E-003
  -1.18682739102        2.70569391966       -97.2000000000       0.240566061511       0.166122468014       9.096906389449E-002
  -1.42419286922        3.24683270360       -97.2000000000       0.203870984678       0.180219653886       2.213375533973E-002
  -1.66155834743        3.78797148753       -97.2000000000       0.147951159986       0.170765831223       2.443666989641E-002
  -1.89892382563        4.32911027146       -97.2000000000       0.149082753027       0.168333718415       1.617925934678E-002
  -2.13628930384        4.87024905539       -97.2000000000       0.141541673402       0.188483825739       1.226561116822E-002
  -2.37365478204        5.41138783933       -97.2000000000       4.283946543956E-002  0.281703292079       9.899761123673E-003
  -2.61102026024        5.95252662326       -97.2000000000      -6.366426108894E-002  0.102083923642       6.544287555319E-003
   0.00000000000        0.00000000000       -97.2000000000       0.571313046356      -9.481483590621E-002 -1.593131087548E-002
 -0.400211837779       0.434745947216       -97.2000000000       0.606838140985       2.812476380860E-003  8.392049921381E-003
 -0.800423675558       0.869491894432       -97.2000000000       0.570976256159      -6.055395005467E-002  7.052286459969E-003
  -1.20063551334        1.30423784165       -97.2000000000       0.548369425871      -9.790976268336E-002 -7.370687114066E-004
  -1.60084735112        1.73898378886       -97.2000000000       0.545260698199      -7.998042791668E-002 -1.074993536833E-003
  -2.00105918889        2.17372973608       -97.2000000000       0.120034682150       0.342195333084       6.968461807011E-002
  -2.40127102667        2.60847568330       -97.2000000000       7.791610316056E-002  0.200727115411       6.930919854919E-002
  -2.80148286445        3.04322163051       -97.2000000000       6.009095360514E-002  0.196082199203       3.548161137804E-002
  -3.20169470223        3.47796757773       -97.2000000000       5.112239702670E-002  0.162671140137       2.754537164196E-002
  -3.60190654001        3.91271352494       -97.2000000000       5.577380970762E-002  0.105451130492       2.150405322265E-002
  -4.00211837779        4.34745947216       -97.2000000000       3.997118255705E-002  7.609482638764E-002  1.725820529309E-002
  -4.40233021557        4.78220541938       -97.2000000000       1.554601994918E-002  6.348309472855E-002  1.279203731021E-002
   0.00000000000        0.00000000000       -97.2000000000       0.571313046356      -9.481483590621E-002 -1.593131087548E-002
 -0.519689034804       0.281241641340       -97.2000000000       0.584857576493      -2.520091211112E-002 -1.059462632241E-004
  -1.03937806961       0.562483282680       -97.2000000000       0.589255474373      -2.924033728932E-002  1.092624275615E-002
  -1.55906710441       0.843724924020       -97.2000000000       0.558763480144      -5.628798129959E-002  2.726853190351E-003
  -2.07875613922        1.12496656536       -97.2000000000       0.537649279273      -2.219966779665E-002  2.086953951209E-003
  -2.59844517402        1.40620820670       -97.2000000000       1.481188578827E-002  0.153448392671       0.126795216974     
  -3.11813420882        1.68744984804       -97.2000000000      -2.955794878056E-002  0.152364319145       7.314581531377E-002
  -3.63782324363        1.96869148938       -97.2000000000      -5.659868625574E-002  0.143238742008       4.854878002276E-002
  -4.15751227843        2.24993313072       -97.2000000000      -6.484405785980E-002  0.128930078568       4.393665034555E-002
  -4.67720131323        2.53117477206       -97.2000000000      -4.896552417718E-002  0.113843150480       3.548638043161E-002
  -5.19689034804        2.81241641340       -97.2000000000      -4.422116209893E-002  8.821269378249E-002  2.570561015176E-002
  -5.71657938284        3.09365805474       -97.2000000000      -3.904259401366E-002  7.426608314736E-002  1.728986415301E-002
   0.00000000000        0.00000000000       -97.2000000000       0.571313046356      -9.481483590621E-002 -1.593131087548E-002
 -0.582849861102       9.726043971134E-002  -97.2000000000       0.561764723933      -7.406177833289E-002 -9.380019211540E-003
  -1.16569972220       0.194520879423       -97.2000000000       0.594408634304       5.212347494912E-002  1.728075218520E-002
  -1.74854958330       0.291781319134       -97.2000000000       0.564101755097       2.346057772376E-002  1.057001279067E-002
  -2.33139944441       0.389041758845       -97.2000000000       0.544618091371      -1.981620080574E-003  2.188494603242E-003
  -2.91424930551       0.486302198557       -97.2000000000      -6.238995064374E-002  6.372478018683E-002  0.134843087507     
  -3.49709916661       0.583562638268       -97.2000000000      -0.110622660362       3.188926182586E-002  6.823135108881E-002
  -4.07994902771       0.680823077979       -97.2000000000      -0.127319757547       1.136007351019E-002  4.624288934570E-002
  -4.66279888881       0.778083517691       -97.2000000000      -0.131447633374       5.938992188054E-003  3.769744523436E-002
  -5.24564874991       0.875343957402       -97.2000000000      -0.130659878497       2.155395514806E-002  3.105458634092E-002
  -5.82849861102       0.972604397113       -97.2000000000      -0.110204540556       2.131515483775E-002  2.495464656897E-002
  -6.41134847212        1.06986483682       -97.2000000000      -8.338989406852E-002  2.025645715969E-002  1.748802156150E-002
   0.00000000000        0.00000000000       -97.2000000000       0.571313046356      -9.481483590621E-002 -1.593131087548E-002
 -0.582849861102      -9.726043971134E-002  -97.2000000000       0.564936520217      -7.396377038510E-002 -1.111410256177E-002
  -1.16569972220      -0.194520879423       -97.2000000000       0.568365798573      -2.501211993391E-002 -1.110825343036E-003
  -1.74854958330      -0.291781319134       -97.2000000000       0.587371834564       6.720817469594E-002  1.599345039453E-002
  -2.33139944441      -0.389041758845       -97.2000000000       0.558503540729       1.715958701426E-002  3.788922925632E-003
  -2.91424930551      -0.486302198557       -97.2000000000      -7.785650096620E-002 -5.636170440342E-002  0.127440496600     
  -3.49709916661      -0.583562638268       -97.2000000000      -0.106368178695      -5.465000893608E-002  4.261226027179E-002
  -4.07994902771      -0.680823077979       -97.2000000000      -0.119696742425      -4.623891539915E-002  2.703555334934E-002
  -4.66279888881      -0.778083517691       -97.2000000000      -0.117600646850      -3.626401786528E-002  2.298706020599E-002
  -5.24564874991      -0.875343957402       -97.2000000000      -0.115843766916      -2.595292039067E-002  1.744971503540E-002
  -5.82849861102      -0.972604397113       -97.2000000000      -0.105172209271      -2.880071306208E-002  1.124661800720E-002
  -6.41134847212       -1.06986483682       -97.2000000000      -8.253687633433E-002 -2.586504771792E-002  8.680073159387E-003
   0.00000000000        0.00000000000       -97.2000000000       0.571313046356      -9.481483590621E-002 -1.593131087548E-002
 -0.519689034804      -0.281241641340       -97.2000000000       0.568799312049      -7.612529892413E-002 -1.337020517947E-002
  -1.03937806961      -0.562483282680       -97.2000000000       0.566411005585      -5.652174285401E-002 -1.043864337136E-002
  -1.55906710441      -0.843724924020       -97.2000000000       0.583383654740       2.228090912560E-002  4.820046865819E-003
  -2.07875613922       -1.12496656536       -97.2000000000       0.582231613493       4.943677912288E-002  9.504673872202E-003
  -2.59844517402       -1.40620820670       -97.2000000000      -7.742935368405E-003 -0.173503955211       0.112910380751     
  -3.11813420882       -1.68744984804       -97.2000000000      -7.321782112565E-002 -0.139300365100       4.221413857638E-002
  -3.63782324363       -1.96869148938       -97.2000000000      -9.013827090554E-002 -0.118173526396       3.192522043593E-002
  -4.15751227843       -2.24993313072       -97.2000000000      -9.047913004130E-002 -0.113049327837       2.847720941612E-002
  -4.67720131323       -2.53117477206       -97.2000000000      -8.966263990926E-002 -0.105114405676       2.004833009575E-002
  -5.19689034804       -2.81241641340       -97.2000000000      -5.304181614541E-002 -8.524251988583E-002  1.354585063502E-002
  -5.71657938284       -3.09365805474       -97.2000000000      -4.300418743927E-002 -7.716424519534E-002  3.989422478332E-003
   0.00000000000        0.00000000000       -97.2000000000       0.571313046356      -9.481483590621E-002 -1.593131087548E-002
 -0.400211837779      -0.434745947216       -97.2000000000       0.573356641600      -7.723593779795E-002 -1.465704907493E-002
 -0.800423675558      -0.869491894432       -97.2000000000       0.578018342686      -6.067676607606E-002 -1.108863796646E-002
  -1.20063551334       -1.30423784165       -97.2000000000       0.573581059110      -5.025950943045E-002 -9.965477149842E-003
  -1.60084735112       -1.73898378886       -97.2000000000       0.599516894842       6.389800733068E-002  1.431903066357E-002
  -2.00105918889       -2.17372973608       -97.2000000000       9.256361592609E-002 -0.393019531291       5.737773077649E-002
  -2.40127102667       -2.60847568330       -97.2000000000       8.126829268747E-002 -0.254073200140       3.869146403603E-002
  -2.80148286445       -3.04322163051       -97.2000000000       4.948069848401E-002 -0.204821652292       2.699423133667E-002
  -3.20169470223       -3.47796757773       -97.2000000000       4.221158572721E-002 -0.176144611174       1.798078668355E-002
  -3.60190654001       -3.91271352494       -97.2000000000       2.941786800968E-002 -0.135755097183       1.072076763037E-002
  -4.00211837779       -4.34745947216       -97.2000000000       2.073969277917E-002 -9.069806279718E-002  4.744253348023E-003
  -4.40233021557       -4.78220541938       -97.2000000000      -4.616308380999E-004 -6.018572913439E-002 -3.358144460889E-003
   0.00000000000        0.00000000000       -97.2000000000       0.571313046356      -9.481483590621E-002 -1.593131087548E-002
 -0.237365478204      -0.541138783933       -97.2000000000       0.578338813585      -7.554181573702E-002 -1.417311311970E-002
 -0.474730956408       -1.08227756787       -97.2000000000       0.588633596434      -6.874183412003E-002 -1.258100470195E-002
 -0.712096434612       -1.62341635180       -97.2000000000       0.598224160922      -6.511798062549E-002 -1.177658039927E-002
 -0.949461912816       -2.16455513573       -97.2000000000       0.576203521013      -4.782707086485E-002 -5.050814228964E-003
  -1.18682739102       -2.70569391966       -97.2000000000       0.321765148482      -0.181792991723       4.202898802880E-002
  -1.42419286922       -3.24683270360       -97.2000000000       0.261596946553      -0.201116499813       2.883536478481E-002
  -1.66155834743       -3.78797148753       -97.2000000000       0.196057462717      -0.175747643570       4.495847827144E-003
  -1.89892382563       -4.32911027146       -97.2000000000       0.169184054019      -0.186832032486       3.728163688779E-003
  -2.13628930384       -4.87024905539       -97.2000000000       0.144913681361      -0.202457211661       3.514800625506E-003
  -2.37365478204       -5.41138783933       -97.2000000000       3.906785870363E-002 -0.297722115278       2.388245209127E-003
  -2.61102026024       -5.95252662326       -97.2000000000      -6.091860488149E-002 -0.101811790551       1.190856500340E-003
   0.00000000000        0.00000000000       -97.2000000000       0.571313046356      -9.481483590621E-002 -1.593131087548E-002
 -4.879688596092E-002 -0.588890836777       -97.2000000000       0.582363450700      -7.736585838120E-002 -1.445914233087E-002
 -9.759377192185E-002  -1.17778167355       -97.2000000000       0.596975017008      -7.753048323449E-002 -1.425728639211E-002
 -0.146390657883       -1.76667251033       -97.2000000000       0.611637225170      -7.858619467378E-002 -1.424684107972E-002
 -0.195187543844       -2.35556334711       -97.2000000000       0.626299433333      -7.964190611307E-002 -1.423639576733E-002
 -0.243984429805       -2.94445418388       -97.2000000000       0.420886270102      -4.994124640103E-002 -2.610590983599E-003
 -0.292781315766       -3.53334502066       -97.2000000000       0.345618717706      -4.109748541234E-002  1.491512036612E-002
 -0.341578201726       -4.12223585744       -97.2000000000       0.244858148750      -4.337327165521E-002  3.732758656418E-003
 -0.390375087687       -4.71112669421       -97.2000000000       0.211829095178      -4.762580849767E-002 -8.434844294230E-003
 -0.439171973648       -5.30001753099       -97.2000000000       0.166689032872      -3.556489481800E-002 -6.426337091571E-003
 -0.487968859609       -5.88890836777       -97.2000000000       0.101049560272      -2.076445811335E-002 -3.742872542323E-003
 -0.536765745570       -6.47779920454       -97.2000000000       6.702138234249E-002 -8.634287841974E-003 -3.141804795861E-003
   0.00000000000        0.00000000000       -97.2000000000       0.571313046356      -9.481483590621E-002 -1.593131087548E-002
  0.145059606038      -0.572827429873       -97.2000000000       0.584994421066      -8.251040240705E-002 -1.548414100522E-002
  0.290119212075       -1.14565485975       -97.2000000000       0.602138682058      -8.609032691796E-002 -1.593583190561E-002
  0.435178818113       -1.71848228962       -97.2000000000       0.619382722745      -9.142596019899E-002 -1.676465934997E-002
  0.580238424151       -2.29130971949       -97.2000000000       0.667159905346      -0.121722979128      -1.682760634998E-002
  0.725298030189       -2.86413714937       -97.2000000000       0.513716553727       0.491082878345      -3.077702743494E-002
  0.870357636226       -3.43696457924       -97.2000000000       0.316573046596       0.139429646274      -8.345756050323E-003
   1.01541724226       -4.00979200911       -97.2000000000       0.260194095377       0.138670953292      -1.169590732708E-002
   1.16047684830       -4.58261943899       -97.2000000000       0.200202792643       0.138848949925      -2.015280260190E-002
   1.30553645434       -5.15544686886       -97.2000000000       0.135929263526       0.145845322629      -1.996677539665E-002
   1.45059606038       -5.72827429873       -97.2000000000       9.281837835949E-002  0.124163418093      -8.847575340499E-003
   1.59565566642       -6.30110172861       -97.2000000000       4.579444554848E-002  9.486832845624E-002 -1.577887563368E-003
   0.00000000000        0.00000000000       -97.2000000000       0.571313046356      -9.481483590621E-002 -1.593131087548E-002
  0.323196638891      -0.494689282610       -97.2000000000       0.585946618220      -9.041795664354E-002 -1.713703463188E-002
  0.646393277781      -0.989378565219       -97.2000000000       0.603565028353      -9.349377328767E-002 -1.743474479075E-002
  0.969589916672       -1.48406784783       -97.2000000000       0.623580946028      -0.103490693599      -1.888426746891E-002
   1.29278655556       -1.97875713044       -97.2000000000       0.696346691084      -0.155994528977      -1.894486263632E-002
   1.61598319445       -2.47344641305       -97.2000000000       0.245994940034       0.228039258555      -9.868744909793E-002
   1.93917983334       -2.96813569566       -97.2000000000       0.194802346169       0.269076262153      -3.758441582298E-002
   2.26237647223       -3.46282497827       -97.2000000000       0.144758088610       0.243661152684      -3.711301280385E-002
   2.58557311112       -3.95751426088       -97.2000000000       0.128303423091       0.194464248172      -3.411664954664E-002
   2.90876975001       -4.45220354349       -97.2000000000       0.139564157751       0.119706487814      -2.436189704268E-002
   3.23196638891       -4.94689282610       -97.2000000000       0.120307622933       1.711183212966E-002 -1.255426986328E-002
   3.55516302780       -5.44158210871       -97.2000000000       9.992577192791E-003  6.972036575855E-003 -9.474199440323E-003
   0.00000000000        0.00000000000       -97.2000000000       0.571313046356      -9.481483590621E-002 -1.593131087548E-002
  0.466310301007      -0.362943875680       -97.2000000000       0.585116856826      -0.100231614891      -1.923870653911E-002
  0.932620602014      -0.725887751361       -97.2000000000       0.601099489140      -9.893854405316E-002 -1.859159457840E-002
   1.39893090302       -1.08883162704       -97.2000000000       0.621944635723      -0.112618949243      -2.049057487694E-002
   1.86524120403       -1.45177550272       -97.2000000000       0.684108301438      -0.148686439932      -1.995447351743E-002
   2.33155150503       -1.81471937840       -97.2000000000       6.159704043477E-002  0.243234891736      -0.149306670038     
   2.79786180604       -2.17766325408       -97.2000000000       5.176004129150E-002  0.252324131521      -9.529610152270E-002
   3.26417210705       -2.54060712976       -97.2000000000      -5.883461682428E-004  0.245402348108      -4.363982679865E-002
   3.73048240806       -2.90355100544       -97.2000000000      -2.609390339292E-002  0.193580305633      -3.135215048002E-002
   4.19679270906       -3.26649488112       -97.2000000000      -3.641828714869E-002  0.156659024594      -1.867182061223E-002
   4.66310301007       -3.62943875680       -97.2000000000      -1.950380105441E-002  0.112192169708      -1.641516297711E-002
   5.12941331108       -3.99238263248       -97.2000000000      -3.803641270802E-002  0.101728634681      -1.433827280424E-002
   0.00000000000        0.00000000000       -97.2000000000       0.571313046356      -9.481483590621E-002 -1.593131087548E-002
  0.558892006459      -0.191867868166       -97.2000000000       0.582595054404      -0.110887915003      -2.156140796498E-002
   1.11778401292      -0.383735736333       -97.2000000000       0.595687453618      -0.113768292557      -2.184444284777E-002
   1.67667601938      -0.575603604499       -97.2000000000       0.608779852832      -0.116648670111      -2.212747773057E-002
   2.23556802584      -0.767471472666       -97.2000000000       0.631791650877      -0.130408704422      -2.263237298240E-002
   2.79446003230      -0.959339340832       -97.2000000000      -0.103631112098       6.954633522574E-002 -0.175184258493     
   3.35335203876       -1.15120720900       -97.2000000000      -0.144453526962       4.943678519444E-002 -0.132255760756     
   3.91224404522       -1.34307507716       -97.2000000000      -0.147617557782       5.272880338749E-002 -7.568235352684E-002
   4.47113605168       -1.53494294533       -97.2000000000      -0.129562820938       8.445544656658E-002 -3.360396966844E-002
   5.03002805814       -1.72681081350       -97.2000000000      -0.120927021360       3.322132021738E-002 -1.925830370579E-002
   5.58892006459       -1.91867868166       -97.2000000000      -0.103434019718       2.572347311646E-002 -1.493451875299E-002
   6.14781207105       -2.11054654983       -97.2000000000      -8.686927034991E-002  2.720891255761E-002 -1.077753466570E-002
   0.00000000000        0.00000000000       -97.2000000000       0.571313046356      -9.481483590621E-002 -1.593131087548E-002
  0.590909090909        0.00000000000       -97.2000000000       0.579385569329      -0.115904533439      -2.169415859590E-002
   1.18181818182      -1.172487511250E-015  -97.2000000000       0.587806319567      -0.134456625578      -2.642850325693E-002
   1.77272727273        0.00000000000       -97.2000000000       0.588273093019      -0.135412136945      -2.739523102497E-002
   2.36363636364        0.00000000000       -97.2000000000       0.591301532070      -0.116174448373      -2.412960994049E-002
   2.95454545455        0.00000000000       -97.2000000000      -9.677089015274E-002 -7.561974166491E-002 -0.159783152325     
   3.54545454545        0.00000000000       -97.2000000000      -0.127506318258      -4.405283711210E-002 -0.116388012952     
   4.13636363636        0.00000000000       -97.2000000000      -0.139758065417      -2.138833560957E-002 -6.981851867667E-002
   4.72727272727        0.00000000000       -97.2000000000      -0.122154557330      -7.064452790411E-003 -2.915991607876E-002
   5.31818181818        0.00000000000       -97.2000000000      -0.118448017144      -3.098747699377E-002 -3.007580868417E-002
   5.90909090909        0.00000000000       -97.2000000000      -0.107048927903      -2.527360622242E-002 -2.340332783661E-002
   6.50000000000        0.00000000000       -97.2000000000      -9.564983866213E-002 -1.955973545107E-002 -1.673084698905E-002
