 12 20 1 1
 1 X [LENGU]
 2 Y [LENGU]
 3 Z [LENGU]
 4 Hx [FIELU]
 5 Hy [FIELU]
 6 Hz [FIELU]
 0
   0.00000000000        0.00000000000        36.7200000000       0.927596473674       2.228189983090E-003  2.689817588056E-004
  0.590909090909        0.00000000000        36.7200000000       0.926237869137      -2.605034109503E-003 -1.903036579038E-004
   1.18181818182        0.00000000000        36.7200000000       0.924879264599      -7.438258202097E-003 -6.495890746132E-004
   1.77272727273        0.00000000000        36.7200000000       0.917143185103      -6.722094618480E-003 -1.393419753034E-004
   2.36363636364        0.00000000000        36.7200000000       0.903758669034      -7.274153902532E-004  1.280320128717E-003
   2.95454545455        0.00000000000        36.7200000000       0.947736543510      -4.033680309152E-003  1.648727249365E-003
   3.54545454545        0.00000000000        36.7200000000       0.926755569881       1.411544496634E-003  1.076159289086E-003
   4.13636363636        0.00000000000        36.7200000000       0.886169828098       2.266053334832E-003  3.319907475566E-004
   4.72727272727        0.00000000000        36.7200000000       0.829735543394       1.320008670895E-003 -3.195357738683E-004
   5.31818181818        0.00000000000        36.7200000000       0.805092459586       6.136999001848E-003 -8.699678201727E-004
   5.90909090909        0.00000000000        36.7200000000       0.760570027035       2.192671364590E-003  1.526460958396E-003
   6.50000000000        0.00000000000        36.7200000000       0.716051574323       2.951038031075E-003 -8.877750591010E-004
   0.00000000000        0.00000000000        36.7200000000       0.927596473674       2.228189983090E-003  2.689817588056E-004
  0.558892006459       0.191867868166        36.7200000000       0.926132218712      -1.569549979300E-003 -2.197776861640E-004
   1.11778401292       0.383735736333        36.7200000000       0.924667963749      -5.367289941690E-003 -7.085371311336E-004
   1.67667601938       0.575603604499        36.7200000000       0.916809863922      -1.840689218498E-003  2.036957575167E-005
   2.23556802584       0.767471472666        36.7200000000       0.915977277073      -1.992913041085E-003 -8.663815994392E-005
   2.79446003230       0.959339340832        36.7200000000       0.963841172112       2.302970102468E-002  1.961648571136E-003
   3.35335203876        1.15120720900        36.7200000000       0.944336587667       4.550577308904E-002  1.214950783889E-003
   3.91224404522        1.34307507716        36.7200000000       0.907588441320       7.785153839632E-002  3.036081078400E-004
   4.47113605168        1.53494294533        36.7200000000       0.871155619782       0.105693352399      -8.158315820582E-004
   5.03002805814        1.72681081350        36.7200000000       0.807242491604       0.109069585340       1.791859049521E-003
   5.58892006459        1.91867868166        36.7200000000       0.739246394526       0.119240331111      -3.796239948662E-003
   6.14781207105        2.11054654983        36.7200000000       0.637003199017       0.169355462216      -1.120446437489E-003
   0.00000000000        0.00000000000        36.7200000000       0.927596473674       2.228189983090E-003  2.689817588056E-004
  0.466310301007       0.362943875680        36.7200000000       0.926185243033      -1.225217961644E-004 -1.962870446776E-004
  0.932620602014       0.725887751361        36.7200000000       0.924774012391      -2.473233575419E-003 -6.615558481607E-004
   1.39893090302        1.08883162704        36.7200000000       0.917396631172       8.246574363267E-004 -7.744378321171E-004
   1.86524120403        1.45177550272        36.7200000000       0.916960854830       1.195347491156E-003 -9.995958257630E-004
   2.33155150503        1.81471937840        36.7200000000        1.02863679628       2.684628784317E-002  3.323699625821E-003
   2.79786180604        2.17766325408        36.7200000000        1.03775517171       7.648536346182E-002  3.225285872363E-003
   3.26417210705        2.54060712976        36.7200000000        1.01811987582       0.177641864382      -1.652404989167E-004
   3.73048240806        2.90355100544        36.7200000000        1.11674098723       0.231498121242       1.971968710771E-003
   4.19679270906        3.26649488112        36.7200000000        1.01492458953       0.293863288464      -1.053901462034E-003
   4.66310301007        3.62943875680        36.7200000000       0.927281426878       0.468836252090      -5.621336946376E-004
   5.12941331108        3.99238263248        36.7200000000       0.805579174038       0.485601927268      -1.337892760857E-003
   0.00000000000        0.00000000000        36.7200000000       0.927596473674       2.228189983090E-003  2.689817588056E-004
  0.323196638891       0.494689282610        36.7200000000       0.925936727856       1.633747849199E-003 -1.813336657944E-004
  0.646393277781       0.989378565219        36.7200000000       0.922380809315       1.266717842352E-003 -8.776320370989E-004
  0.969589916672        1.48406784783        36.7200000000       0.920012852605       2.453294103916E-004 -1.331841941633E-003
   1.29278655556        1.97875713044        36.7200000000       0.918269264913      -1.223916223871E-003 -1.655968123531E-003
   1.61598319445        2.47344641305        36.7200000000        1.05776653593       7.583084747733E-004  2.395593537044E-003
   1.93917983334        2.96813569566        36.7200000000        1.12615850797       6.347485033667E-003  2.331945987327E-003
   2.26237647223        3.46282497827        36.7200000000        1.15365147807      -2.677322686118E-003  2.554789944148E-003
   2.58557311112        3.95751426088        36.7200000000        1.39885583403       9.910570792832E-002  2.848018113573E-003
   2.90876975001        4.45220354349        36.7200000000        1.85356864156       0.294733736701       2.839734112945E-003
   3.23196638891        4.94689282610        36.7200000000        1.82597558342        1.45004721053       3.457299534574E-003
   3.55516302780        5.44158210871        36.7200000000       0.497062383784        1.22681235091       1.156881978593E-002
   0.00000000000        0.00000000000        36.7200000000       0.927596473674       2.228189983090E-003  2.689817588056E-004
  0.145059606038       0.572827429873        36.7200000000       0.924693184712       3.595341303511E-003 -2.699950649618E-004
  0.290119212075        1.14565485975        36.7200000000       0.921687660845       2.913152714464E-003 -8.939516273178E-004
  0.435178818113        1.71848228962        36.7200000000       0.918264152082       2.691057252435E-004 -1.315462854974E-003
  0.580238424151        2.29130971949        36.7200000000       0.914728952895      -1.879713779200E-003 -1.713075810262E-003
  0.725298030189        2.86413714937        36.7200000000        1.07256791937       1.526882870362E-002 -3.119783944833E-003
  0.870357636226        3.43696457924        36.7200000000        1.01163859768      -6.491311622314E-002  1.091942742327E-003
   1.01541724226        4.00979200911        36.7200000000       0.957270741736      -0.162944060255       1.019954062599E-003
   1.16047684830        4.58261943899        36.7200000000       0.888753138263      -0.307719567298      -1.018999206527E-003
   1.30553645434        5.15544686886        36.7200000000       0.706330742306      -0.507742988561      -2.995051341343E-003
   1.45059606038        5.72827429873        36.7200000000       0.336525242096      -0.551788727650      -7.502977280971E-003
   1.59565566642        6.30110172861        36.7200000000       7.245900481062E-002 -0.414172218325      -2.032151362738E-002
   0.00000000000        0.00000000000        36.7200000000       0.927596473674       2.228189983090E-003  2.689817588056E-004
 -4.879688596092E-002  0.588890836777        36.7200000000       0.923969737713       5.384139066088E-003 -2.735938930928E-004
 -9.759377192185E-002   1.17778167355        36.7200000000       0.922070316805       4.158652882828E-003 -7.317472290084E-004
 -0.146390657883        1.76667251033        36.7200000000       0.920261259206       2.182599964411E-003 -1.050273102694E-003
 -0.195187543844        2.35556334711        36.7200000000       0.920034562457      -8.226344883164E-004 -9.301447578137E-004
 -0.243984429805        2.94445418388        36.7200000000        1.02599050273       1.977006315466E-002 -8.164891062753E-005
 -0.292781315766        3.53334502066        36.7200000000       0.910124687528       1.469658322536E-003 -2.526549920531E-004
 -0.341578201726        4.12223585744        36.7200000000       0.872553905158       7.804768393533E-002  1.903630575353E-004
 -0.390375087687        4.71112669421        36.7200000000       0.832770197587       0.128098510622       7.295475895728E-004
 -0.439171973648        5.30001753099        36.7200000000       0.592534911575       0.163084461343      -1.000926878349E-003
 -0.487968859609        5.88890836777        36.7200000000       0.388306808995       0.167069985977       2.034165293269E-003
 -0.536765745570        6.47779920454        36.7200000000       0.209776017396       0.157962866403       4.949713521955E-003
   0.00000000000        0.00000000000        36.7200000000       0.927596473674       2.228189983090E-003  2.689817588056E-004
 -0.237365478204       0.541138783933        36.7200000000       0.923844783566       6.806297143299E-003 -1.917401613178E-004
 -0.474730956408        1.08227756787        36.7200000000       0.922684993776       5.915838939533E-003 -4.956472553959E-004
 -0.712096434612        1.62341635180        36.7200000000       0.922873871962       4.409546670915E-003 -5.515710421603E-004
 -0.949461912816        2.16455513573        36.7200000000       0.928283928887       1.458745735665E-003  3.009160527921E-005
  -1.18682739102        2.70569391966        36.7200000000        1.04449996446       2.605578035119E-002 -1.055848461513E-003
  -1.42419286922        3.24683270360        36.7200000000        1.05372000436       6.339205457932E-002 -2.123944797362E-004
  -1.66155834743        3.78797148753        36.7200000000        1.16352153402       0.164965705941      -1.113454963874E-003
  -1.89892382563        4.32911027146        36.7200000000        1.25614448859       0.359019836184      -2.846315187475E-003
  -2.13628930384        4.87024905539        36.7200000000        1.46120890300       0.994734152676      -2.700466070813E-004
  -2.37365478204        5.41138783933        36.7200000000       0.862315590123        1.04308593630       1.871593329792E-003
  -2.61102026024        5.95252662326        36.7200000000      -0.909605384791       0.280583859893       3.097307275785E-003
   0.00000000000        0.00000000000        36.7200000000       0.927596473674       2.228189983090E-003  2.689817588056E-004
 -0.400211837779       0.434745947216        36.7200000000       0.924331862993       7.707702640422E-003 -3.330399156618E-005
 -0.800423675558       0.869491894432        36.7200000000       0.923369085477       8.086784756752E-003 -2.048080045064E-004
  -1.20063551334        1.30423784165        36.7200000000       0.927429921831       6.545408503191E-003  2.373038946677E-004
  -1.60084735112        1.73898378886        36.7200000000       0.937364568601       3.127397564540E-003  1.315034513051E-003
  -2.00105918889        2.17372973608        36.7200000000       0.986721215133       3.623756082660E-002 -3.810601477777E-003
  -2.40127102667        2.60847568330        36.7200000000        1.04518261147      -6.470200583017E-002 -2.666977479822E-003
  -2.80148286445        3.04322163051        36.7200000000        1.13319057771      -0.140287516137      -2.405275187312E-003
  -3.20169470223        3.47796757773        36.7200000000        1.18583424555      -0.187237969688      -3.891587897091E-003
  -3.60190654001        3.91271352494        36.7200000000        1.19100673988      -0.455712047267      -2.411320012335E-003
  -4.00211837779        4.34745947216        36.7200000000        1.05765464774      -0.670342462324       3.276488224475E-003
  -4.40233021557        4.78220541938        36.7200000000       0.893101989128      -0.757325093589       3.122584130527E-003
   0.00000000000        0.00000000000        36.7200000000       0.927596473674       2.228189983090E-003  2.689817588056E-004
 -0.519689034804       0.281241641340        36.7200000000       0.925378193380       7.990674285096E-003  1.845455987790E-004
  -1.03937806961       0.562483282680        36.7200000000       0.926162778793       9.974675096201E-003  3.746024220701E-004
  -1.55906710441       0.843724924020        36.7200000000       0.934404896944       8.329040590401E-003  1.367396398610E-003
  -2.07875613922        1.12496656536        36.7200000000       0.938424554345       4.514799703226E-003  1.654981479737E-003
  -2.59844517402        1.40620820670        36.7200000000       0.985569705959      -3.344302154208E-002 -1.358746852726E-003
  -3.11813420882        1.68744984804        36.7200000000       0.984529389483      -8.633020163016E-002 -1.914136987465E-003
  -3.63782324363        1.96869148938        36.7200000000       0.973703020024      -0.142953784082      -2.212010850517E-003
  -4.15751227843        2.24993313072        36.7200000000       0.904907208866      -0.184912574541      -3.820309216667E-003
  -4.67720131323        2.53117477206        36.7200000000       0.858244141436      -0.236190245886      -4.015134150518E-003
  -5.19689034804        2.81241641340        36.7200000000       0.776994629378      -0.287712012359      -1.750873844279E-003
  -5.71657938284        3.09365805474        36.7200000000       0.671183114704      -0.337383568856      -1.052659748069E-002
   0.00000000000        0.00000000000        36.7200000000       0.927596473674       2.228189983090E-003  2.689817588056E-004
 -0.582849861102       9.726043971134E-002   36.7200000000       0.926870388593       7.624547708863E-003  4.382012263192E-004
  -1.16569972220       0.194520879423        36.7200000000       0.927578558200       1.048353404224E-002  6.331706313088E-004
  -1.74854958330       0.291781319134        36.7200000000       0.937554788640       9.201992945010E-003  1.886672637733E-003
  -2.33139944441       0.389041758845        36.7200000000       0.936817767265       5.844186919980E-003  1.697486486511E-003
  -2.91424930551       0.486302198557        36.7200000000       0.940909751031      -2.357764731173E-002 -8.604805523045E-004
  -3.49709916661       0.583562638268        36.7200000000       0.907790348398      -3.141088951566E-002 -1.149448237157E-003
  -4.07994902771       0.680823077979        36.7200000000       0.870104019286      -4.220399968594E-002 -1.043001891303E-003
  -4.66279888881       0.778083517691        36.7200000000       0.834296361052      -5.882751124347E-002 -1.154878652872E-003
  -5.24564874991       0.875343957402        36.7200000000       0.790026320210      -6.637821170073E-002 -2.043652536857E-003
  -5.82849861102       0.972604397113        36.7200000000       0.741137082427      -6.141629233271E-002 -5.554842009601E-004
  -6.41134847212        1.06986483682        36.7200000000       0.683096589831      -6.109378798992E-002  1.220739026989E-004
   0.00000000000        0.00000000000        36.7200000000       0.927596473674       2.228189983090E-003  2.689817588056E-004
 -0.582849861102      -9.726043971134E-002   36.7200000000       0.928646746128       6.648998407298E-003  7.001753679379E-004
  -1.16569972220      -0.194520879423        36.7200000000       0.926823617300       1.025820139729E-002  5.109710686616E-004
  -1.74854958330      -0.291781319134        36.7200000000       0.935196973665       8.891698825337E-003  1.563388596406E-003
  -2.33139944441      -0.389041758845        36.7200000000       0.931321882461       5.924935934173E-003  1.004451493529E-003
  -2.91424930551      -0.486302198557        36.7200000000       0.944425575973       1.422033071157E-002 -2.343395869771E-004
  -3.49709916661      -0.583562638268        36.7200000000       0.919327370314       5.846171794045E-002 -2.783066324281E-003
  -4.07994902771      -0.680823077979        36.7200000000       0.877510833192       6.796101624805E-002 -1.639600760922E-003
  -4.66279888881      -0.778083517691        36.7200000000       0.831413009824       5.130234615125E-002 -1.725649487486E-003
  -5.24564874991      -0.875343957402        36.7200000000       0.796268732587       4.828093432162E-002 -2.163048641597E-003
  -5.82849861102      -0.972604397113        36.7200000000       0.742999998644       5.399970026757E-002 -4.377220985308E-004
  -6.41134847212       -1.06986483682        36.7200000000       0.681864089529       5.991829910379E-002  1.605792099841E-003
   0.00000000000        0.00000000000        36.7200000000       0.927596473674       2.228189983090E-003  2.689817588056E-004
 -0.519689034804      -0.281241641340        36.7200000000       0.926343826213       4.898565485119E-003  7.027968511889E-004
  -1.03937806961      -0.562483282680        36.7200000000       0.930205130840       7.250300915818E-003  9.111112995754E-004
  -1.55906710441      -0.843724924020        36.7200000000       0.930315728639       9.021157183528E-003  9.206680529091E-004
  -2.07875613922       -1.12496656536        36.7200000000       0.933011551384       7.945191017409E-003  1.257467368130E-003
  -2.59844517402       -1.40620820670        36.7200000000       0.993991562779       2.249672256776E-002  1.158817796251E-004
  -3.11813420882       -1.68744984804        36.7200000000        1.00034344614       0.103560476466       6.773665890598E-005
  -3.63782324363       -1.96869148938        36.7200000000       0.942420744307       0.169769652913      -2.437050062973E-003
  -4.15751227843       -2.24993313072        36.7200000000       0.889537574867       0.193288908605      -1.796569511864E-003
  -4.67720131323       -2.53117477206        36.7200000000       0.853403774745       0.228596033940      -4.346107543034E-003
  -5.19689034804       -2.81241641340        36.7200000000       0.762580206358       0.283069819344      -5.013725908781E-003
  -5.71657938284       -3.09365805474        36.7200000000       0.630201211242       0.352511081536       2.047512340719E-002
   0.00000000000        0.00000000000        36.7200000000       0.927596473674       2.228189983090E-003  2.689817588056E-004
 -0.400211837779      -0.434745947216        36.7200000000       0.922569567508       2.702431771434E-003  5.864920931803E-004
 -0.800423675558      -0.869491894432        36.7200000000       0.945136506923      -3.926287601927E-003  2.083705030206E-003
  -1.20063551334       -1.30423784165        36.7200000000       0.940684854315       3.169632783300E-004  1.643039661511E-003
  -1.60084735112       -1.73898378886        36.7200000000       0.934506198850       5.216770849654E-003  9.299419054407E-004
  -2.00105918889       -2.17372973608        36.7200000000       0.995862522569      -4.252143088039E-002 -1.781946750628E-003
  -2.40127102667       -2.60847568330        36.7200000000        1.06910403867       6.217205812469E-002 -1.462787510111E-004
  -2.80148286445       -3.04322163051        36.7200000000        1.13784519240       9.784077641103E-002 -2.313053107816E-004
  -3.20169470223       -3.47796757773        36.7200000000        1.20286126412       0.197952003538      -6.116740369220E-004
  -3.60190654001       -3.91271352494        36.7200000000        1.20851173990       0.467330297184       3.797622140841E-003
  -4.00211837779       -4.34745947216        36.7200000000        1.07023421824       0.676498653896       1.125869874757E-002
  -4.40233021557       -4.78220541938        36.7200000000       0.909380914723       0.685030441056       3.829979321236E-003
   0.00000000000        0.00000000000        36.7200000000       0.927596473674       2.228189983090E-003  2.689817588056E-004
 -0.237365478204      -0.541138783933        36.7200000000       0.920392364993       6.282136200864E-004  4.551139376219E-004
 -0.474730956408       -1.08227756787        36.7200000000       0.921797448864      -1.929860099834E-003  7.213996199648E-004
 -0.712096434612       -1.62341635180        36.7200000000       0.950811237789      -8.863592823956E-003  1.999668793440E-003
 -0.949461912816       -2.16455513573        36.7200000000       0.939543182950      -3.162994251903E-003  3.517795248892E-004
  -1.18682739102       -2.70569391966        36.7200000000        1.03800476024      -2.900398654976E-002  1.633885135991E-004
  -1.42419286922       -3.24683270360        36.7200000000        1.01223762829      -5.718117239229E-002 -1.187423147308E-004
  -1.66155834743       -3.78797148753        36.7200000000        1.04815623757      -0.144034039122       3.203218752589E-004
  -1.89892382563       -4.32911027146        36.7200000000        1.24269514248      -0.359419253081      -2.136529609437E-003
  -2.13628930384       -4.87024905539        36.7200000000        1.43593222259      -0.926636367584       7.966126992767E-004
  -2.37365478204       -5.41138783933        36.7200000000      -7.034093777376E-002  -2.44043798645       7.387813135498E-004
  -2.61102026024       -5.95252662326        36.7200000000      -0.889677815980      -0.314600067637      -8.790983917439E-004
   0.00000000000        0.00000000000        36.7200000000       0.927596473674       2.228189983090E-003  2.689817588056E-004
 -4.879688596092E-002 -0.588890836777        36.7200000000       0.920048152343      -1.099315247415E-003  3.228992462108E-004
 -9.759377192185E-002  -1.17778167355        36.7200000000       0.917587396660      -2.963702907547E-003  9.651766970945E-005
 -0.146390657883       -1.76667251033        36.7200000000       0.938166579313      -1.524316710572E-002 -1.352613085974E-004
 -0.195187543844       -2.35556334711        36.7200000000       0.948774104043      -2.670728996085E-002 -2.453233092216E-003
 -0.243984429805       -2.94445418388        36.7200000000        1.03949015794      -1.686116608376E-002 -1.273094539414E-003
 -0.292781315766       -3.53334502066        36.7200000000        1.04206324716      -2.288197296480E-002 -6.681435067774E-005
 -0.341578201726       -4.12223585744        36.7200000000       0.881524781133      -3.497863069662E-002 -7.886479989502E-005
 -0.390375087687       -4.71112669421        36.7200000000       0.756438965779      -8.220407005265E-002  6.844857334362E-006
 -0.439171973648       -5.30001753099        36.7200000000       0.587201855512      -0.157876695345      -1.129246086165E-003
 -0.487968859609       -5.88890836777        36.7200000000       0.385966541881      -0.160661363122      -5.234840777107E-005
 -0.536765745570       -6.47779920454        36.7200000000       0.201203371290      -0.150696893052       1.884168319825E-003
   0.00000000000        0.00000000000        36.7200000000       0.927596473674       2.228189983090E-003  2.689817588056E-004
  0.145059606038      -0.572827429873        36.7200000000       0.921574230340      -2.292950272904E-003  2.041755322835E-004
  0.290119212075       -1.14565485975        36.7200000000       0.920188452420      -5.444324598402E-003 -1.378239360420E-004
  0.435178818113       -1.71848228962        36.7200000000       0.920871017463      -2.457768119945E-002 -3.709689938079E-003
  0.580238424151       -2.29130971949        36.7200000000       0.960854271259      -5.327708879934E-002 -5.973813340150E-003
  0.725298030189       -2.86413714937        36.7200000000        1.06265715891      -2.903436372208E-002 -3.926953789643E-003
  0.870357636226       -3.43696457924        36.7200000000        1.05936520755       7.553265151159E-002  4.611814499080E-004
   1.01541724226       -4.00979200911        36.7200000000       0.992240988598       8.182953910048E-002  1.073920634570E-003
   1.16047684830       -4.58261943899        36.7200000000       0.906248025578       0.272091828831      -3.153075707245E-004
   1.30553645434       -5.15544686886        36.7200000000       0.686867335695       0.490070097563      -5.525101276954E-003
   1.45059606038       -5.72827429873        36.7200000000       0.340489121483       0.548249433200      -9.689848966218E-003
   1.59565566642       -6.30110172861        36.7200000000       8.940529046145E-002  0.419255751474      -2.087830999172E-002
   0.00000000000        0.00000000000        36.7200000000       0.927596473674       2.228189983090E-003  2.689817588056E-004
  0.323196638891      -0.494689282610        36.7200000000       0.924805224754      -2.823342580213E-003  1.118083524324E-004
  0.646393277781      -0.989378565219        36.7200000000       0.922585598109      -7.346296479311E-003 -2.945718778529E-004
  0.969589916672       -1.48406784783        36.7200000000       0.924482122800      -2.644983860839E-002 -3.753348845725E-003
   1.29278655556       -1.97875713044        36.7200000000       0.938361337469      -6.939590136794E-002 -1.289886160240E-002
   1.61598319445       -2.47344641305        36.7200000000        1.05785472893      -1.863511911120E-003  9.588218897274E-005
   1.93917983334       -2.96813569566        36.7200000000        1.04169238962       4.693302424132E-002  1.669158767545E-003
   2.26237647223       -3.46282497827        36.7200000000        1.19153874892       2.675590432066E-003  2.074191009677E-003
   2.58557311112       -3.95751426088        36.7200000000        1.41493324323      -5.427555496061E-002  5.205425634591E-004
   2.90876975001       -4.45220354349        36.7200000000        1.78873763779      -0.328179045599      -1.047725782053E-003
   3.23196638891       -4.94689282610        36.7200000000        1.77884126534       -1.50295055298      -2.225120854210E-003
   3.55516302780       -5.44158210871        36.7200000000       0.531676004705       -1.31320305922      -2.076915129377E-003
   0.00000000000        0.00000000000        36.7200000000       0.927596473674       2.228189983090E-003  2.689817588056E-004
  0.466310301007      -0.362943875680        36.7200000000       0.926863444562      -3.049284082567E-003  9.369106887988E-006
  0.932620602014      -0.725887751361        36.7200000000       0.924519065795      -8.463510384845E-003 -3.567400840329E-004
   1.39893090302       -1.08883162704        36.7200000000       0.927494954288      -2.094629293565E-002 -2.445110012534E-003
   1.86524120403       -1.45177550272        36.7200000000       0.917360932047      -3.470734266253E-002 -6.261121716451E-003
   2.33155150503       -1.81471937840        36.7200000000        1.03193230259      -2.404707774959E-002  1.557588568746E-003
   2.79786180604       -2.17766325408        36.7200000000       0.998804115071      -2.747918315051E-002  1.143321537520E-003
   3.26417210705       -2.54060712976        36.7200000000        1.05224441159      -0.123594221994      -4.079008453077E-004
   3.73048240806       -2.90355100544        36.7200000000        1.03032515244      -0.237267783313       3.141967672862E-003
   4.19679270906       -3.26649488112        36.7200000000       0.982312921617      -0.352441048800       5.062500186702E-003
   4.66310301007       -3.62943875680        36.7200000000       0.924966410169      -0.469505023849      -7.070846910682E-003
   5.12941331108       -3.99238263248        36.7200000000       0.800395449734      -0.497606824146      -7.201386767376E-003
   0.00000000000        0.00000000000        36.7200000000       0.927596473674       2.228189983090E-003  2.689817588056E-004
  0.558892006459      -0.191867868166        36.7200000000       0.926490745444      -3.116763414075E-003 -1.110589281956E-004
   1.11778401292      -0.383735736333        36.7200000000       0.925385017213      -8.461716811241E-003 -4.910996151968E-004
   1.67667601938      -0.575603604499        36.7200000000       0.927115795892      -2.183863654423E-002 -3.054347831918E-003
   2.23556802584      -0.767471472666        36.7200000000       0.911668428512      -1.232622622002E-002 -4.511389475401E-004
   2.79446003230      -0.959339340832        36.7200000000       0.960867804466      -2.489577271425E-002  1.092338825575E-003
   3.35335203876       -1.15120720900        36.7200000000       0.939101289330      -5.507756751400E-002  1.276541670509E-003
   3.91224404522       -1.34307507716        36.7200000000       0.917703911403      -7.749028059107E-002  1.204150503214E-003
   4.47113605168       -1.53494294533        36.7200000000       0.871248657008      -0.116715261556       3.801355288068E-004
   5.03002805814       -1.72681081350        36.7200000000       0.798819119920      -0.127779588775       1.231737743602E-003
   5.58892006459       -1.91867868166        36.7200000000       0.727253881845      -0.126783258157       1.403363326076E-003
   6.14781207105       -2.11054654983        36.7200000000       0.655397366736      -0.121070148333      -3.055737491263E-003
   0.00000000000        0.00000000000        36.7200000000       0.927596473674       2.228189983090E-003  2.689817588056E-004
  0.590909090909        0.00000000000        36.7200000000       0.926237869137      -2.605034109503E-003 -1.903036579038E-004
   1.18181818182      -1.172487511250E-015   36.7200000000       0.924879264599      -7.438258202097E-003 -6.495890746132E-004
   1.77272727273        0.00000000000        36.7200000000       0.917143185103      -6.722094618480E-003 -1.393419753034E-004
   2.36363636364        0.00000000000        36.7200000000       0.903758669034      -7.274153902532E-004  1.280320128717E-003
   2.95454545455        0.00000000000        36.7200000000       0.947736543510      -4.033680309152E-003  1.648727249365E-003
   3.54545454545        0.00000000000        36.7200000000       0.926755569881       1.411544496634E-003  1.076159289086E-003
   4.13636363636        0.00000000000        36.7200000000       0.886169828098       2.266053334832E-003  3.319907475566E-004
   4.72727272727        0.00000000000        36.7200000000       0.829735543394       1.320008670895E-003 -3.195357738683E-004
   5.31818181818        0.00000000000        36.7200000000       0.805092459586       6.136999001848E-003 -8.699678201727E-004
   5.90909090909        0.00000000000        36.7200000000       0.760570027035       2.192671364590E-003  1.526460958396E-003
   6.50000000000        0.00000000000        36.7200000000       0.716051574323       2.951038031075E-003 -8.877750591010E-004
