 12 20 1 1
 1 X [LENGU]
 2 Y [LENGU]
 3 Z [LENGU]
 4 Hx [FIELU]
 5 Hy [FIELU]
 6 Hz [FIELU]
 0
   0.00000000000        0.00000000000        2.16000000000       0.698873763244      -3.487461113632E-003  1.032295776398E-003
  0.590909090909        0.00000000000        2.16000000000       0.701992286970      -2.488817868702E-003  2.032755832208E-003
   1.18181818182        0.00000000000        2.16000000000       0.703524021067      -1.442927840175E-003  2.700535696664E-003
   1.77272727273        0.00000000000        2.16000000000       0.697352850240      -7.289562218321E-005  1.831524178237E-003
   2.36363636364        0.00000000000        2.16000000000       0.698767873756      -1.439406892858E-003  1.101772337045E-003
   2.95454545455        0.00000000000        2.16000000000       0.677315973029       2.134997465948E-003  8.168310686347E-003
   3.54545454545        0.00000000000        2.16000000000       0.647367631996       2.893465800404E-003  1.294361369363E-002
   4.13636363636        0.00000000000        2.16000000000       0.616382880587       9.057546693284E-004  1.642140849356E-002
   4.72727272727        0.00000000000        2.16000000000       0.583233139847       5.256623371824E-003  2.488465245762E-002
   5.31818181818        0.00000000000        2.16000000000       0.547502916091       1.335838877758E-002  3.962811594997E-002
   5.90909090909        0.00000000000        2.16000000000       0.506937896954      -4.374483163283E-003  5.308370875979E-002
   6.50000000000        0.00000000000        2.16000000000       0.429316612434      -1.170925447870E-004  4.169174764167E-002
   0.00000000000        0.00000000000        2.16000000000       0.698873763244      -3.487461113632E-003  1.032295776398E-003
  0.558892006459       0.191867868166        2.16000000000       0.704458006768      -1.985728265880E-003  2.235715319002E-003
   1.11778401292       0.383735736333        2.16000000000       0.706089503710      -3.731906870472E-004  2.619893714849E-003
   1.67667601938       0.575603604499        2.16000000000       0.698329067796       1.428828417824E-003  1.307051553561E-003
   2.23556802584       0.767471472666        2.16000000000       0.693979229582       3.598568664657E-003  7.440020820460E-005
   2.79446003230       0.959339340832        2.16000000000       0.680541772739       1.379670141767E-002  4.740836961510E-003
   3.35335203876        1.15120720900        2.16000000000       0.662962364472       4.249849812905E-002  6.782606427164E-003
   3.91224404522        1.34307507716        2.16000000000       0.646093729115       5.034171214146E-002  1.053832781224E-002
   4.47113605168        1.53494294533        2.16000000000       0.598334173605       6.894223755397E-002  1.538631718464E-002
   5.03002805814        1.72681081350        2.16000000000       0.557987088545       8.288779569625E-002  2.225738402832E-002
   5.58892006459        1.91867868166        2.16000000000       0.507665344577       8.683381265251E-002  3.182511565520E-002
   6.14781207105        2.11054654983        2.16000000000       0.434194591272       8.270603941214E-002  3.582919852844E-002
   0.00000000000        0.00000000000        2.16000000000       0.698873763244      -3.487461113632E-003  1.032295776398E-003
  0.466310301007       0.362943875680        2.16000000000       0.706318587132      -1.645374718899E-003  2.308265625377E-003
  0.932620602014       0.725887751361        2.16000000000       0.708806177523       3.438732713537E-004  2.545526890646E-003
   1.39893090302        1.08883162704        2.16000000000       0.701619620699       2.286888202907E-003  1.214405150286E-003
   1.86524120403        1.45177550272        2.16000000000       0.694376963860       6.849103703306E-003 -1.630668647016E-005
   2.33155150503        1.81471937840        2.16000000000       0.748807296098       7.594604769520E-003  3.439537767092E-003
   2.79786180604        2.17766325408        2.16000000000       0.748461585802       2.243797294092E-002  6.208759350809E-003
   3.26417210705        2.54060712976        2.16000000000       0.749287435806       7.532421799530E-002  6.995996999400E-003
   3.73048240806        2.90355100544        2.16000000000       0.710454222853       0.156479856867       8.369828035129E-003
   4.19679270906        3.26649488112        2.16000000000       0.677512787674       0.225692221076       2.630826504575E-002
   4.66310301007        3.62943875680        2.16000000000       0.621616925753       0.293710459306       3.191767511318E-002
   5.12941331108        3.99238263248        2.16000000000       0.484379623762       0.302529493817       8.491961422022E-002
   0.00000000000        0.00000000000        2.16000000000       0.698873763244      -3.487461113632E-003  1.032295776398E-003
  0.323196638891       0.494689282610        2.16000000000       0.707372405310      -1.504639815702E-003  2.242544799903E-003
  0.646393277781       0.989378565219        2.16000000000       0.710850293070       6.276748289103E-004  2.400161847317E-003
  0.969589916672        1.48406784783        2.16000000000       0.706763564368       4.053598453399E-003  1.629085312845E-003
   1.29278655556        1.97875713044        2.16000000000       0.700736178590       5.943786437292E-003  7.130768628471E-004
   1.61598319445        2.47344641305        2.16000000000       0.776675387306      -1.385932161205E-002  1.824032359891E-003
   1.93917983334        2.96813569566        2.16000000000       0.817653850029      -2.497918789638E-002  4.896965343618E-003
   2.26237647223        3.46282497827        2.16000000000       0.869552730402      -2.018823153456E-002  7.559806772708E-003
   2.58557311112        3.95751426088        2.16000000000        1.00024431525      -4.873814175904E-004  1.272222970241E-002
   2.90876975001        4.45220354349        2.16000000000        1.28618718902       0.206848119014       1.997646492386E-002
   3.23196638891        4.94689282610        2.16000000000        1.22132929617        1.20084285987       2.892579939627E-002
   3.55516302780        5.44158210871        2.16000000000       0.301819642372       0.955818778442       3.632080058774E-002
   0.00000000000        0.00000000000        2.16000000000       0.698873763244      -3.487461113632E-003  1.032295776398E-003
  0.145059606038       0.572827429873        2.16000000000       0.707505263749      -1.578774366779E-003  2.045674713783E-003
  0.290119212075        1.14565485975        2.16000000000       0.709642183314       1.353866714559E-003  2.025288783695E-003
  0.435178818113        1.71848228962        2.16000000000       0.709615576822       4.364492823874E-003  1.844695875315E-003
  0.580238424151        2.29130971949        2.16000000000       0.710910036848       4.132407471824E-003  1.930062477637E-003
  0.725298030189        2.86413714937        2.16000000000       0.786887693040      -2.257467692172E-002  1.763960521330E-003
  0.870357636226        3.43696457924        2.16000000000       0.764118124221      -6.899259351102E-002  6.119373844839E-003
   1.01541724226        4.00979200911        2.16000000000       0.738452388910      -6.064572316668E-002  7.631127235203E-003
   1.16047684830        4.58261943899        2.16000000000       0.707027290088      -0.240544809011       9.495991248229E-003
   1.30553645434        5.15544686886        2.16000000000       0.489135528358      -0.361196046363       1.147383485395E-002
   1.45059606038        5.72827429873        2.16000000000       0.225071917827      -0.386605693768       1.461804731151E-002
   1.59565566642        6.30110172861        2.16000000000       5.487773421231E-002 -0.275277714164       1.797880282591E-002
   0.00000000000        0.00000000000        2.16000000000       0.698873763244      -3.487461113632E-003  1.032295776398E-003
 -4.879688596092E-002  0.588890836777        2.16000000000       0.706702765177      -1.859744743203E-003  1.738989295604E-003
 -9.759377192185E-002   1.17778167355        2.16000000000       0.708034490415       1.414254977214E-003  1.796315286826E-003
 -0.146390657883        1.76667251033        2.16000000000       0.710706270746       1.782475701557E-003  1.910256924343E-003
 -0.195187543844        2.35556334711        2.16000000000       0.713521790587       3.982283647960E-003  2.406030589332E-003
 -0.243984429805        2.94445418388        2.16000000000       0.774659226087       2.756193089374E-003  2.959239898956E-003
 -0.292781315766        3.53334502066        2.16000000000       0.684638582979       3.551314299827E-003  4.715903607534E-003
 -0.341578201726        4.12223585744        2.16000000000       0.624480854444       2.013489867343E-002  4.961391945804E-003
 -0.390375087687        4.71112669421        2.16000000000       0.547727939114       8.977560294032E-002  5.539541763593E-003
 -0.439171973648        5.30001753099        2.16000000000       0.425200889896       0.123060156928       4.898290211672E-003
 -0.487968859609        5.88890836777        2.16000000000       0.265088509026       0.135084121132       4.851492906928E-003
 -0.536765745570        6.47779920454        2.16000000000       0.184389255645       6.909471134678E-002  5.838639429033E-003
   0.00000000000        0.00000000000        2.16000000000       0.698873763244      -3.487461113632E-003  1.032295776398E-003
 -0.237365478204       0.541138783933        2.16000000000       0.704790631176      -2.171717649544E-003  1.469655305809E-003
 -0.474730956408        1.08227756787        2.16000000000       0.708590152603      -1.163347631371E-004  2.054635976219E-003
 -0.712096434612        1.62341635180        2.16000000000       0.709522564078       9.084796779633E-004  2.023433730291E-003
 -0.949461912816        2.16455513573        2.16000000000       0.709031898151       1.194126496862E-002  2.253715196941E-003
  -1.18682739102        2.70569391966        2.16000000000       0.773982692996       1.963417862502E-002  4.829382189171E-003
  -1.42419286922        3.24683270360        2.16000000000       0.794482587646       5.850660640768E-002  4.699601598171E-003
  -1.66155834743        3.78797148753        2.16000000000       0.842124485502       0.123949197196       2.536411503892E-003
  -1.89892382563        4.32911027146        2.16000000000       0.940124578245       7.128810196331E-002  2.461472391052E-003
  -2.13628930384        4.87024905539        2.16000000000        1.06490203817       0.718159770163      -1.485046430168E-004
  -2.37365478204        5.41138783933        2.16000000000       0.351622955560        1.23891001628      -3.039178032442E-003
  -2.61102026024        5.95252662326        2.16000000000      -0.744054481795       0.200998157656      -5.153012859484E-003
   0.00000000000        0.00000000000        2.16000000000       0.698873763244      -3.487461113632E-003  1.032295776398E-003
 -0.400211837779       0.434745947216        2.16000000000       0.702270950740      -2.644991955857E-003  1.138256419550E-003
 -0.800423675558       0.869491894432        2.16000000000       0.704838220587      -1.340658217454E-003  1.606160602619E-003
  -1.20063551334        1.30423784165        2.16000000000       0.707405490435      -3.632447905100E-005  2.074064785689E-003
  -1.60084735112        1.73898378886        2.16000000000       0.708440011911       5.350418222939E-003  2.124220671751E-003
  -2.00105918889        2.17372973608        2.16000000000       0.755948255112       2.153969402319E-002  3.074493776780E-003
  -2.40127102667        2.60847568330        2.16000000000       0.785351135385      -3.648013821423E-002  6.902704738781E-003
  -2.80148286445        3.04322163051        2.16000000000       0.847949709185      -8.756783231134E-002  2.864800676256E-003
  -3.20169470223        3.47796757773        2.16000000000       0.885594561135      -0.206136523690       1.581204598716E-003
  -3.60190654001        3.91271352494        2.16000000000       0.837290960071      -0.272449924300      -3.491015161387E-004
  -4.00211837779        4.34745947216        2.16000000000       0.727942801004      -0.419399767227      -2.136940179107E-002
  -4.40233021557        4.78220541938        2.16000000000       0.551135555308      -0.445650085083      -2.945410599553E-002
   0.00000000000        0.00000000000        2.16000000000       0.698873763244      -3.487461113632E-003  1.032295776398E-003
 -0.519689034804       0.281241641340        2.16000000000       0.699473066780      -3.259611061550E-003  7.561528547734E-004
  -1.03937806961       0.562483282680        2.16000000000       0.699392757677      -2.420200194937E-003  8.553072375126E-004
  -1.55906710441       0.843724924020        2.16000000000       0.701014672752      -2.198890562377E-003  1.238772581094E-003
  -2.07875613922        1.12496656536        2.16000000000       0.700011391867      -2.014598790855E-003  7.002495655433E-004
  -2.59844517402        1.40620820670        2.16000000000       0.738904352693      -8.530180105528E-003  1.538618184723E-002
  -3.11813420882        1.68744984804        2.16000000000       0.736770793377      -5.310160193855E-002  1.572013064496E-002
  -3.63782324363        1.96869148938        2.16000000000       0.710682756706      -5.804056084735E-002  2.044052850572E-002
  -4.15751227843        2.24993313072        2.16000000000       0.669111085002      -6.935179377046E-002  2.682994180667E-002
  -4.67720131323        2.53117477206        2.16000000000       0.632520580250      -8.136401141923E-002  3.246900742396E-002
  -5.19689034804        2.81241641340        2.16000000000       0.549125831741      -9.719457582630E-002  2.512827804543E-002
  -5.71657938284        3.09365805474        2.16000000000       0.427933932693      -0.124984422313       1.431377998392E-002
   0.00000000000        0.00000000000        2.16000000000       0.698873763244      -3.487461113632E-003  1.032295776398E-003
 -0.582849861102       9.726043971134E-002   2.16000000000       0.697409191774      -3.242824828921E-003  4.277437988385E-004
  -1.16569972220       0.194520879423        2.16000000000       0.698232799957      -3.601919923662E-003  7.206967749595E-004
  -1.74854958330       0.291781319134        2.16000000000       0.700938437443      -2.530620078106E-003  1.030949225089E-003
  -2.33139944441       0.389041758845        2.16000000000       0.696892751013      -1.065491050123E-003  4.097981281379E-004
  -2.91424930551       0.486302198557        2.16000000000       0.708394230007      -6.754194392526E-003  1.461281796492E-002
  -3.49709916661       0.583562638268        2.16000000000       0.745511319215      -1.568598187671E-003  2.584266026075E-002
  -4.07994902771       0.680823077979        2.16000000000       0.740070589612       6.285644060706E-003  7.429676828133E-002
  -4.66279888881       0.778083517691        2.16000000000       0.731843664821       2.103394905053E-002  0.117840770834     
  -5.24564874991       0.875343957402        2.16000000000       0.692668816673       1.631976552518E-002  0.148336674182     
  -5.82849861102       0.972604397113        2.16000000000       0.595993238524       5.908072750915E-002  0.180415628019     
  -6.41134847212        1.06986483682        2.16000000000       0.529465453774       0.141163877299       0.330317829688     
   0.00000000000        0.00000000000        2.16000000000       0.698873763244      -3.487461113632E-003  1.032295776398E-003
 -0.582849861102      -9.726043971134E-002   2.16000000000       0.695811816258      -3.085625311405E-003  1.449804251996E-004
  -1.16569972220      -0.194520879423        2.16000000000       0.700513042636      -7.470665994994E-003  1.238860413574E-003
  -1.74854958330      -0.291781319134        2.16000000000       0.701948328823      -4.327409721776E-003  1.046489494744E-003
  -2.33139944441      -0.389041758845        2.16000000000       0.698755011129      -6.328060409683E-004  5.208055773063E-004
  -2.91424930551      -0.486302198557        2.16000000000       0.709392921798       3.496136996193E-003  1.669438369179E-002
  -3.49709916661      -0.583562638268        2.16000000000       0.737531717300      -9.935369692843E-003  1.902342109699E-002
  -4.07994902771      -0.680823077979        2.16000000000       0.750872125794      -1.441537371167E-002  4.397628711844E-002
  -4.66279888881      -0.778083517691        2.16000000000       0.722819122132      -1.048907634848E-002  9.245692373030E-002
  -5.24564874991      -0.875343957402        2.16000000000       0.662784662749      -6.172515995713E-003  0.135788358561     
  -5.82849861102      -0.972604397113        2.16000000000       0.692627828332      -5.630689090671E-002  0.197851794565     
  -6.41134847212       -1.06986483682        2.16000000000       0.893159930679      -7.655378561719E-002  0.461107371254     
   0.00000000000        0.00000000000        2.16000000000       0.698873763244      -3.487461113632E-003  1.032295776398E-003
 -0.519689034804      -0.281241641340        2.16000000000       0.694517551190      -2.951757124581E-003 -2.767783303936E-005
  -1.03937806961      -0.562483282680        2.16000000000       0.700468862340      -9.391559784647E-003  1.261538543501E-003
  -1.55906710441      -0.843724924020        2.16000000000       0.704121992710      -6.965631258430E-003  1.517757777522E-003
  -2.07875613922       -1.12496656536        2.16000000000       0.705438724311       1.082685302497E-003  1.449066096180E-003
  -2.59844517402       -1.40620820670        2.16000000000       0.734358685723       8.925135775546E-003  1.176750627318E-002
  -3.11813420882       -1.68744984804        2.16000000000       0.731485892586       3.358401364521E-002  1.504728720020E-002
  -3.63782324363       -1.96869148938        2.16000000000       0.714761566477       5.091031687580E-002  2.022285685630E-002
  -4.15751227843       -2.24993313072        2.16000000000       0.680889902108       5.915934772669E-002  2.774529531568E-002
  -4.67720131323       -2.53117477206        2.16000000000       0.638171344170       7.571936029542E-002  3.230983460820E-002
  -5.19689034804       -2.81241641340        2.16000000000       0.546720799489       9.032695693177E-002  3.433349674494E-002
  -5.71657938284       -3.09365805474        2.16000000000       0.440669315809       0.103525423148       2.340001037330E-002
   0.00000000000        0.00000000000        2.16000000000       0.698873763244      -3.487461113632E-003  1.032295776398E-003
 -0.400211837779      -0.434745947216        2.16000000000       0.694120793242      -2.494051335913E-003  8.213709663007E-005
 -0.800423675558      -0.869491894432        2.16000000000       0.699135685647      -2.900782737951E-003  7.544558320028E-004
  -1.20063551334       -1.30423784165        2.16000000000       0.708648135155      -8.131601959245E-003  2.624146370665E-003
  -1.60084735112       -1.73898378886        2.16000000000       0.710444125440      -1.297837455253E-004  2.211319802756E-003
  -2.00105918889       -2.17372973608        2.16000000000       0.738719597341      -3.447221944531E-002  3.947799569972E-003
  -2.40127102667       -2.60847568330        2.16000000000       0.791800596785       7.215516604562E-003  8.000370537786E-003
  -2.80148286445       -3.04322163051        2.16000000000       0.819088765753       5.717045549536E-002  6.288298111784E-003
  -3.20169470223       -3.47796757773        2.16000000000       0.894983452197       0.163419136381       5.932691063389E-003
  -3.60190654001       -3.91271352494        2.16000000000       0.872051458401       0.258160701323      -1.301997320986E-003
  -4.00211837779       -4.34745947216        2.16000000000       0.737634061932       0.412277250525      -2.631033453037E-002
  -4.40233021557       -4.78220541938        2.16000000000       0.562587880712       0.492894824577      -5.358207807348E-002
   0.00000000000        0.00000000000        2.16000000000       0.698873763244      -3.487461113632E-003  1.032295776398E-003
 -0.237365478204      -0.541138783933        2.16000000000       0.695676858276      -1.775213233448E-003  4.740798033808E-004
 -0.474730956408       -1.08227756787        2.16000000000       0.699395781366       1.904450883156E-003  7.679138026566E-004
 -0.712096434612       -1.62341635180        2.16000000000       0.705667997172      -1.501317399801E-003  1.840256825171E-003
 -0.949461912816       -2.16455513573        2.16000000000       0.712901978886      -4.611429364607E-003  3.104557798054E-003
  -1.18682739102       -2.70569391966        2.16000000000       0.766908050800      -3.307704246065E-002  6.805430403393E-003
  -1.42419286922       -3.24683270360        2.16000000000       0.786107938915      -8.864407087954E-002  6.175904176128E-003
  -1.66155834743       -3.78797148753        2.16000000000       0.816401908492      -0.137228698412       5.318024145222E-003
  -1.89892382563       -4.32911027146        2.16000000000       0.890507038893      -0.300694798462       2.491364367419E-003
  -2.13628930384       -4.87024905539        2.16000000000        1.04063531966      -0.706674215042      -2.575677172861E-003
  -2.37365478204       -5.41138783933        2.16000000000       2.911683469432E-002 -0.865727688078      -7.002357330595E-003
  -2.61102026024       -5.95252662326        2.16000000000      -0.775475894080      -0.242730129408      -9.556331592862E-003
   0.00000000000        0.00000000000        2.16000000000       0.698873763244      -3.487461113632E-003  1.032295776398E-003
 -4.879688596092E-002 -0.588890836777        2.16000000000       0.696829920288      -1.455123833888E-003  8.341810370057E-004
 -9.759377192185E-002  -1.17778167355        2.16000000000       0.700678604644       5.986341715332E-004  1.154404865564E-003
 -0.146390657883       -1.76667251033        2.16000000000       0.702415729909       2.342327035011E-003  1.154525165969E-003
 -0.195187543844       -2.35556334711        2.16000000000       0.707368242622      -5.595876037925E-003  2.278685510107E-003
 -0.243984429805       -2.94445418388        2.16000000000       0.760573097374      -1.775103144993E-002  6.160667415126E-003
 -0.292781315766       -3.53334502066        2.16000000000       0.691377479574      -3.243566367167E-003  6.235372397615E-003
 -0.341578201726       -4.12223585744        2.16000000000       0.648840473605      -4.223009951989E-002  5.956030358652E-003
 -0.390375087687       -4.71112669421        2.16000000000       0.597078709815      -8.176884905665E-002  6.561875227723E-003
 -0.439171973648       -5.30001753099        2.16000000000       0.422524465257      -0.134602715625       4.823885322563E-003
 -0.487968859609       -5.88890836777        2.16000000000       0.275987114833      -0.132759865361       1.764246327611E-003
 -0.536765745570       -6.47779920454        2.16000000000       0.130038557228      -8.627838929161E-002 -6.614649292302E-004
   0.00000000000        0.00000000000        2.16000000000       0.698873763244      -3.487461113632E-003  1.032295776398E-003
  0.145059606038      -0.572827429873        2.16000000000       0.697455027118      -1.568469790376E-003  1.123418241295E-003
  0.290119212075       -1.14565485975        2.16000000000       0.701329553932      -7.676697106586E-004  1.537451531092E-003
  0.435178818113       -1.71848228962        2.16000000000       0.703363425393      -6.046638075387E-004  1.635900859535E-003
  0.580238424151       -2.29130971949        2.16000000000       0.700110760126      -1.286575503344E-003  5.482776293261E-004
  0.725298030189       -2.86413714937        2.16000000000       0.785836653431       3.004312030597E-002  4.691778272597E-003
  0.870357636226       -3.43696457924        2.16000000000       0.745042518350       6.092056952262E-002  7.692614726452E-003
   1.01541724226       -4.00979200911        2.16000000000       0.722526033553       0.114936262592       7.995546788951E-003
   1.16047684830       -4.58261943899        2.16000000000       0.645365934540       0.207329745269       9.285170143268E-003
   1.30553645434       -5.15544686886        2.16000000000       0.488132181481       0.370945984829       1.303830078794E-002
   1.45059606038       -5.72827429873        2.16000000000       0.220874846507       0.386749250256       1.471448475079E-002
   1.59565566642       -6.30110172861        2.16000000000       4.660916675104E-002  0.280070087324       1.257395286690E-002
   0.00000000000        0.00000000000        2.16000000000       0.698873763244      -3.487461113632E-003  1.032295776398E-003
  0.323196638891      -0.494689282610        2.16000000000       0.697484438740      -2.102968309780E-003  1.310448077187E-003
  0.646393277781      -0.989378565219        2.16000000000       0.701560845234      -1.508686861684E-003  1.967755232393E-003
  0.969589916672       -1.48406784783        2.16000000000       0.703636978669      -4.008844640795E-003  2.043301746142E-003
   1.29278655556       -1.97875713044        2.16000000000       0.703094494046      -5.059845161562E-003  1.219607696820E-003
   1.61598319445       -2.47344641305        2.16000000000       0.773100688584       4.002468151576E-003  8.387294748550E-003
   1.93917983334       -2.96813569566        2.16000000000       0.833364819475      -7.305384577820E-003  7.991919542874E-003
   2.26237647223       -3.46282497827        2.16000000000       0.872353817942       5.552851347929E-003  1.025627445653E-002
   2.58557311112       -3.95751426088        2.16000000000        1.03463685098      -2.726458814669E-002  1.634790645832E-002
   2.90876975001       -4.45220354349        2.16000000000        1.29893206176      -0.224100164296       2.298953838438E-002
   3.23196638891       -4.94689282610        2.16000000000        1.25105563532       -1.09552819546       2.872420684272E-002
   3.55516302780       -5.44158210871        2.16000000000       0.286441306365      -0.994190919471       2.949001583652E-002
   0.00000000000        0.00000000000        2.16000000000       0.698873763244      -3.487461113632E-003  1.032295776398E-003
  0.466310301007      -0.362943875680        2.16000000000       0.697180816415      -2.929959645577E-003  1.408002579791E-003
  0.932620602014      -0.725887751361        2.16000000000       0.701347414549      -1.544116575163E-003  2.398685886583E-003
   1.39893090302       -1.08883162704        2.16000000000       0.703292652636      -4.817421677270E-003  2.611258444336E-003
   1.86524120403       -1.45177550272        2.16000000000       0.699378999180      -8.339245438588E-003  1.740192778872E-003
   2.33155150503       -1.81471937840        2.16000000000       0.744075093073      -1.048657248347E-002  9.959419004291E-003
   2.79786180604       -2.17766325408        2.16000000000       0.734134437647      -4.117771153523E-002  1.015642787852E-002
   3.26417210705       -2.54060712976        2.16000000000       0.757744530413      -0.125525398521       1.452045416462E-002
   3.73048240806       -2.90355100544        2.16000000000       0.746965294995      -0.183699437799       2.058969578211E-002
   4.19679270906       -3.26649488112        2.16000000000       0.705189416666      -0.220687185957       2.910897731244E-002
   4.66310301007       -3.62943875680        2.16000000000       0.613868357902      -0.285196514617       3.874885665403E-002
   5.12941331108       -3.99238263248        2.16000000000       0.515888297555      -0.315400211399       5.273671626906E-002
   0.00000000000        0.00000000000        2.16000000000       0.698873763244      -3.487461113632E-003  1.032295776398E-003
  0.558892006459      -0.191867868166        2.16000000000       0.699188626737      -3.100125962658E-003  1.721380974630E-003
   1.11778401292      -0.383735736333        2.16000000000       0.701071822914      -3.114845874465E-003  2.469571890990E-003
   1.67667601938      -0.575603604499        2.16000000000       0.701707383086      -3.573187046493E-003  2.684954746523E-003
   2.23556802584      -0.767471472666        2.16000000000       0.685886284415      -5.554837275474E-003  1.069659400568E-003
   2.79446003230      -0.959339340832        2.16000000000       0.691168340903      -1.167026127374E-002  8.685202323102E-003
   3.35335203876       -1.15120720900        2.16000000000       0.662258177273      -3.054576436773E-002  1.067562887987E-002
   3.91224404522       -1.34307507716        2.16000000000       0.630479343362      -4.603974583105E-002  1.333940926676E-002
   4.47113605168       -1.53494294533        2.16000000000       0.592792756616      -7.100863512540E-002  1.891100089152E-002
   5.03002805814       -1.72681081350        2.16000000000       0.552979288152      -8.055923956718E-002  2.687774636546E-002
   5.58892006459       -1.91867868166        2.16000000000       0.505202061309      -8.909217862727E-002  3.369293420100E-002
   6.14781207105       -2.11054654983        2.16000000000       0.444368105792      -9.541449859456E-002  3.770898859842E-002
   0.00000000000        0.00000000000        2.16000000000       0.698873763244      -3.487461113632E-003  1.032295776398E-003
  0.590909090909        0.00000000000        2.16000000000       0.701992286970      -2.488817868702E-003  2.032755832208E-003
   1.18181818182      -1.172487511250E-015   2.16000000000       0.703524021067      -1.442927840175E-003  2.700535696664E-003
   1.77272727273        0.00000000000        2.16000000000       0.697352850240      -7.289562218321E-005  1.831524178237E-003
   2.36363636364        0.00000000000        2.16000000000       0.698767873756      -1.439406892858E-003  1.101772337045E-003
   2.95454545455        0.00000000000        2.16000000000       0.677315973029       2.134997465948E-003  8.168310686347E-003
   3.54545454545        0.00000000000        2.16000000000       0.647367631996       2.893465800404E-003  1.294361369363E-002
   4.13636363636        0.00000000000        2.16000000000       0.616382880587       9.057546693284E-004  1.642140849356E-002
   4.72727272727        0.00000000000        2.16000000000       0.583233139847       5.256623371824E-003  2.488465245762E-002
   5.31818181818        0.00000000000        2.16000000000       0.547502916091       1.335838877758E-002  3.962811594997E-002
   5.90909090909        0.00000000000        2.16000000000       0.506937896954      -4.374483163283E-003  5.308370875979E-002
   6.50000000000        0.00000000000        2.16000000000       0.429316612434      -1.170925447870E-004  4.169174764167E-002
