 12 20 1 1
 1 X [LENGU]
 2 Y [LENGU]
 3 Z [LENGU]
 4 Hx [FIELU]
 5 Hy [FIELU]
 6 Hz [FIELU]
 0
   0.00000000000        0.00000000000       -97.2000000000        3.14357341073      -0.151692316310      -1.791101728910E-002
  0.590909090909        0.00000000000       -97.2000000000        3.14614420799      -0.143381013941      -1.841025433193E-002
   1.18181818182        0.00000000000       -97.2000000000        3.14958097969      -0.139492260177      -1.882157410329E-002
   1.77272727273        0.00000000000       -97.2000000000        3.14871897667      -0.133302513613      -1.721700904533E-002
   2.36363636364        0.00000000000       -97.2000000000        3.14950391046      -0.113414955649      -1.219650284998E-002
   2.95454545455        0.00000000000       -97.2000000000        2.62557327505      -4.781472753821E-002 -0.126441834524     
   3.54545454545        0.00000000000       -97.2000000000        2.50198493840      -3.106887329502E-004 -8.796416200285E-002
   4.13636363636        0.00000000000       -97.2000000000        2.39950646515      -1.839608776739E-003 -5.167696639410E-002
   4.72727272727        0.00000000000       -97.2000000000        2.31404300601      -1.538575793919E-002 -1.850613986260E-002
   5.31818181818        0.00000000000       -97.2000000000        2.14268539149      -3.543683335975E-002 -8.951821579920E-003
   5.90909090909        0.00000000000       -97.2000000000        2.03869281889      -2.363380721348E-002 -3.710903481058E-003
   6.50000000000        0.00000000000       -97.2000000000        1.93470024628      -1.183078106720E-002  1.530014617804E-003
   0.00000000000        0.00000000000       -97.2000000000        3.14357341073      -0.151692316310      -1.791101728910E-002
  0.558892006459       0.191867868166       -97.2000000000        3.14926555252      -0.171105402144      -2.149017096682E-002
   1.11778401292       0.383735736333       -97.2000000000        3.15459229020      -0.185984785973      -2.523632828289E-002
   1.67667601938       0.575603604499       -97.2000000000        3.13980520729      -0.160075635025      -2.260009764672E-002
   2.23556802584       0.767471472666       -97.2000000000        3.13595415468      -0.119226982151      -1.604541503515E-002
   2.79446003230       0.959339340832       -97.2000000000        2.77016896756      -8.322030199437E-002 -0.127257415760     
   3.35335203876        1.15120720900       -97.2000000000        2.64246783311       6.461838832121E-002 -9.831103858449E-002
   3.91224404522        1.34307507716       -97.2000000000        2.53250322736       0.146170342524      -6.048149683270E-002
   4.47113605168        1.53494294533       -97.2000000000        2.47781640465       0.242256028150      -2.789470412148E-002
   5.03002805814        1.72681081350       -97.2000000000        2.23717018232       0.305251669270      -2.057957740079E-002
   5.58892006459        1.91867868166       -97.2000000000        2.03185018303       0.332789932751      -2.548924757091E-002
   6.14781207105        2.11054654983       -97.2000000000        1.85651160629       0.367061030827      -2.087459607459E-002
   0.00000000000        0.00000000000       -97.2000000000        3.14357341073      -0.151692316310      -1.791101728910E-002
  0.466310301007       0.362943875680       -97.2000000000        3.15653982914      -0.201768108490      -2.574487954258E-002
  0.932620602014       0.725887751361       -97.2000000000        3.15438542365      -0.216762248761      -2.882667712582E-002
   1.39893090302        1.08883162704       -97.2000000000        3.14711712928      -0.204055422858      -2.773688286612E-002
   1.86524120403        1.45177550272       -97.2000000000        3.13903674207      -0.138392156104      -1.903114521476E-002
   2.33155150503        1.81471937840       -97.2000000000        3.14845782928      -0.168941105099      -0.116590677848     
   2.79786180604        2.17766325408       -97.2000000000        3.24905090563      -1.588053763080E-002 -4.790041205576E-002
   3.26417210705        2.54060712976       -97.2000000000        3.01728096490       0.455768735041      -2.830669150386E-002
   3.73048240806        2.90355100544       -97.2000000000        3.17479525671       0.663900531323      -1.008694484513E-002
   4.19679270906        3.26649488112       -97.2000000000        2.99211576540       0.865069013838      -3.229932249048E-003
   4.66310301007        3.62943875680       -97.2000000000        2.65479611481        1.39628646106       4.984899343920E-002
   5.12941331108        3.99238263248       -97.2000000000        2.24861954332        1.56939619169       3.181918777085E-002
   0.00000000000        0.00000000000       -97.2000000000        3.14357341073      -0.151692316310      -1.791101728910E-002
  0.323196638891       0.494689282610       -97.2000000000        3.16931841541      -0.197169902960      -2.393370847390E-002
  0.646393277781       0.989378565219       -97.2000000000        3.14162839281      -0.194197872422      -2.290710534384E-002
  0.969589916672        1.48406784783       -97.2000000000        3.12381344560      -0.173105226038      -1.928216344152E-002
   1.29278655556        1.97875713044       -97.2000000000        3.15040763763      -0.168000808065      -2.168804563406E-002
   1.61598319445        2.47344641305       -97.2000000000        3.32410326186      -0.218654938908      -9.602641162912E-002
   1.93917983334        2.96813569566       -97.2000000000        3.63001243211      -0.356620931939      -6.751666223469E-002
   2.26237647223        3.46282497827       -97.2000000000        3.73526603842      -0.400641547756      -1.886193607568E-002
   2.58557311112        3.95751426088       -97.2000000000        4.62439331981      -0.211562618639      -1.428916687671E-002
   2.90876975001        4.45220354349       -97.2000000000        5.62356191317       0.851636024562      -1.270519753254E-003
   3.23196638891        4.94689282610       -97.2000000000        5.36171365979        4.66366578687       1.460391030611E-002
   3.55516302780        5.44158210871       -97.2000000000        1.52912999594        3.94312267302       3.520850764134E-002
   0.00000000000        0.00000000000       -97.2000000000        3.14357341073      -0.151692316310      -1.791101728910E-002
  0.145059606038       0.572827429873       -97.2000000000        3.17521750690      -0.169394388233      -1.819878026519E-002
  0.290119212075        1.14565485975       -97.2000000000        3.14050160156      -0.150693114684      -1.341927889493E-002
  0.435178818113        1.71848228962       -97.2000000000        3.10578569621      -0.131991841134      -8.639777524664E-003
  0.580238424151        2.29130971949       -97.2000000000        3.13227055708      -0.139790833342      -1.351385571742E-002
  0.725298030189        2.86413714937       -97.2000000000        3.35080305649      -0.384632767233       6.702220667178E-003
  0.870357636226        3.43696457924       -97.2000000000        3.42432761006      -0.182921899953      -2.138503701689E-002
   1.01541724226        4.00979200911       -97.2000000000        3.01551199369      -0.562606587268      -1.277328898010E-003
   1.16047684830        4.58261943899       -97.2000000000        2.81715135345       -1.06835963993       6.626649946280E-004
   1.30553645434        5.15544686886       -97.2000000000        2.10470054981       -1.58689024219      -8.464852223358E-004
   1.45059606038        5.72827429873       -97.2000000000       0.993799076936       -1.73166366968       1.245652731334E-002
   1.59565566642        6.30110172861       -97.2000000000       0.112519109466       -1.17196395241       1.975202740500E-002
   0.00000000000        0.00000000000       -97.2000000000        3.14357341073      -0.151692316310      -1.791101728910E-002
 -4.879688596092E-002  0.588890836777       -97.2000000000        3.16801915902      -0.154565010878      -1.294909482717E-002
 -9.759377192185E-002   1.17778167355       -97.2000000000        3.12610490580      -0.121034359973      -2.919908018881E-003
 -0.146390657883        1.76667251033       -97.2000000000        3.08678075481      -9.210932057819E-002  5.018735338898E-003
 -0.195187543844        2.35556334711       -97.2000000000        3.11547534107      -9.648201880773E-002  2.655028741424E-003
 -0.243984429805        2.94445418388       -97.2000000000        3.36084596686       7.950334491670E-002  2.993068885676E-002
 -0.292781315766        3.53334502066       -97.2000000000        3.08950128364       0.230643839657       5.088801771728E-003
 -0.341578201726        4.12223585744       -97.2000000000        2.76879627450       0.111990179349       1.310453876380E-002
 -0.390375087687        4.71112669421       -97.2000000000        2.59522972164       0.381672471075       1.453876454190E-002
 -0.439171973648        5.30001753099       -97.2000000000        1.84849013482       0.481026243940       1.042628045238E-002
 -0.487968859609        5.88890836777       -97.2000000000        1.17877386026       0.552901784329      -5.984401189916E-003
 -0.536765745570        6.47779920454       -97.2000000000       0.825815717769       0.578227359154      -3.028183233300E-003
   0.00000000000        0.00000000000       -97.2000000000        3.14357341073      -0.151692316310      -1.791101728910E-002
 -0.237365478204       0.541138783933       -97.2000000000        3.16536287085      -0.143369199830      -8.786227398688E-003
 -0.474730956408        1.08227756787       -97.2000000000        3.12285319180      -0.102257907032       3.733248721904E-003
 -0.712096434612        1.62341635180       -97.2000000000        3.09961608633      -0.102836711136       2.771235875221E-003
 -0.949461912816        2.16455513573       -97.2000000000        3.10848717272      -0.130663235864      -2.164386195564E-003
  -1.18682739102        2.70569391966       -97.2000000000        3.33549597060       0.217048821707       7.810341975856E-002
  -1.42419286922        3.24683270360       -97.2000000000        3.57420257163       0.282138979189       1.846432601010E-002
  -1.66155834743        3.78797148753       -97.2000000000        3.57320541656       0.299493185979       2.476021051102E-002
  -1.89892382563        4.32911027146       -97.2000000000        3.88237446339        1.20435581177       1.737883678938E-002
  -2.13628930384        4.87024905539       -97.2000000000        4.59333319092        3.14090814343       1.043853685841E-002
  -2.37365478204        5.41138783933       -97.2000000000        1.08838541111        7.69153691881       1.103926592254E-002
  -2.61102026024        5.95252662326       -97.2000000000       -2.99264604984       0.964537293059       1.093997287520E-002
   0.00000000000        0.00000000000       -97.2000000000        3.14357341073      -0.151692316310      -1.791101728910E-002
 -0.400211837779       0.434745947216       -97.2000000000        3.16643306671      -0.145956099477      -1.092196056270E-002
 -0.800423675558       0.869491894432       -97.2000000000        3.13362617390      -0.100831942329       3.768050650220E-003
  -1.20063551334        1.30423784165       -97.2000000000        3.11701176330      -0.106761123368       1.854511551172E-003
  -1.60084735112        1.73898378886       -97.2000000000        3.11409633975      -0.138297174178      -5.816312435490E-003
  -2.00105918889        2.17372973608       -97.2000000000        3.10442781477       0.483825372107       3.482141274084E-002
  -2.40127102667        2.60847568330       -97.2000000000        3.39389307609       0.167931867913       5.948211454656E-002
  -2.80148286445        3.04322163051       -97.2000000000        3.42337112991       4.482892483641E-002  3.022791777085E-002
  -3.20169470223        3.47796757773       -97.2000000000        3.62221172694      -0.350530560598       2.022090265269E-002
  -3.60190654001        3.91271352494       -97.2000000000        3.67948064348       -1.32460322731       2.173023680873E-002
  -4.00211837779        4.34745947216       -97.2000000000        3.39162157171       -1.98405701373      -3.447732650985E-003
  -4.40233021557        4.78220541938       -97.2000000000        2.68624327252       -2.15204674305       3.253467140815E-003
   0.00000000000        0.00000000000       -97.2000000000        3.14357341073      -0.151692316310      -1.791101728910E-002
 -0.519689034804       0.281241641340       -97.2000000000        3.15741863088      -0.167141918657      -1.691216096216E-002
  -1.03937806961       0.562483282680       -97.2000000000        3.14558642008      -0.106585204361       1.373402751873E-003
  -1.55906710441       0.843724924020       -97.2000000000        3.12999772981      -0.106429792339      -1.009975203510E-003
  -2.07875613922        1.12496656536       -97.2000000000        3.11851447054      -0.130808393300      -9.543657149896E-003
  -2.59844517402        1.40620820670       -97.2000000000        2.89644865072       6.663733955659E-002  0.107728865165     
  -3.11813420882        1.68744984804       -97.2000000000        2.78681220380      -4.179745520739E-002  6.266228359984E-002
  -3.63782324363        1.96869148938       -97.2000000000        2.69405020958      -0.229011176536       4.027268798604E-002
  -4.15751227843        2.24993313072       -97.2000000000        2.62040710500      -0.441259707713       3.297264616492E-002
  -4.67720131323        2.53117477206       -97.2000000000        2.48014389690      -0.551362509985       3.363915038918E-002
  -5.19689034804        2.81241641340       -97.2000000000        2.22396482217      -0.776316906266       3.312744696757E-002
  -5.71657938284        3.09365805474       -97.2000000000        1.95215546183      -0.868730735660       2.342361328088E-002
   0.00000000000        0.00000000000       -97.2000000000        3.14357341073      -0.151692316310      -1.791101728910E-002
 -0.582849861102       9.726043971134E-002  -97.2000000000        3.14066639264      -0.171576170784      -1.833041171980E-002
  -1.16569972220       0.194520879423       -97.2000000000        3.15587391509      -0.126809218287      -7.467254136729E-003
  -1.74854958330       0.291781319134       -97.2000000000        3.14189858772      -0.108639446870      -5.655791231876E-003
  -2.33139944441       0.389041758845       -97.2000000000        3.12454032460      -7.500238984717E-002 -4.301103648974E-003
  -2.91424930551       0.486302198557       -97.2000000000        2.66423406247      -2.999895659588E-003  0.113734069734     
  -3.49709916661       0.583562638268       -97.2000000000        2.55711931873      -0.131280585755       5.484141814695E-002
  -4.07994902771       0.680823077979       -97.2000000000        2.43507353968      -0.187563228718       3.323154920418E-002
  -4.66279888881       0.778083517691       -97.2000000000        2.31178000612      -0.197687024639       2.302665766883E-002
  -5.24564874991       0.875343957402       -97.2000000000        2.20850587029      -0.185751570480       1.974438008049E-002
  -5.82849861102       0.972604397113       -97.2000000000        2.08387250828      -0.196085923050       1.716688594101E-002
  -6.41134847212        1.06986483682       -97.2000000000        1.93693435851      -0.204108136375       1.131951572284E-002
   0.00000000000        0.00000000000       -97.2000000000        3.14357341073      -0.151692316310      -1.791101728910E-002
 -0.582849861102      -9.726043971134E-002  -97.2000000000        3.14140895893      -0.148204355912      -1.650676665784E-002
  -1.16569972220      -0.194520879423       -97.2000000000        3.14320360761      -0.129349273130      -1.246126246219E-002
  -1.74854958330      -0.291781319134       -97.2000000000        3.15088006252      -6.857174447640E-002 -2.258972240590E-003
  -2.33139944441      -0.389041758845       -97.2000000000        3.14713784630      -1.554561197882E-002  1.383682744814E-003
  -2.91424930551      -0.486302198557       -97.2000000000        2.65218209688      -3.200789160992E-002  0.100413366712     
  -3.49709916661      -0.583562638268       -97.2000000000        2.63094680803      -2.230599369873E-002  3.253358812144E-002
  -4.07994902771      -0.680823077979       -97.2000000000        2.45706184175       2.301243352646E-002  9.250902080125E-003
  -4.66279888881      -0.778083517691       -97.2000000000        2.33927862876       6.225874706682E-002 -7.572198727225E-004
  -5.24564874991      -0.875343957402       -97.2000000000        2.22918842474       0.105776516779      -9.119050176130E-003
  -5.82849861102      -0.972604397113       -97.2000000000        2.11839193066       0.118474569408      -1.554152632063E-002
  -6.41134847212       -1.06986483682       -97.2000000000        1.95136058473       0.165556895941      -1.049928029283E-002
   0.00000000000        0.00000000000       -97.2000000000        3.14357341073      -0.151692316310      -1.791101728910E-002
 -0.519689034804      -0.281241641340       -97.2000000000        3.14238607715      -0.125210515671      -1.483529394097E-002
  -1.03937806961      -0.562483282680       -97.2000000000        3.14151065857      -0.100321671073      -1.172790370545E-002
  -1.55906710441      -0.843724924020       -97.2000000000        3.16776861157      -4.560162048947E-002 -4.864067111116E-003
  -2.07875613922       -1.12496656536       -97.2000000000        3.20200067411       2.954804610731E-002  1.960022996950E-003
  -2.59844517402       -1.40620820670       -97.2000000000        2.87681015824      -0.111760681883       8.707302962440E-002
  -3.11813420882       -1.68744984804       -97.2000000000        2.85155107192       0.102019465981       4.218223018490E-002
  -3.63782324363       -1.96869148938       -97.2000000000        2.65078897409       0.253227819710       5.637848630055E-003
  -4.15751227843       -2.24993313072       -97.2000000000        2.52052726959       0.360410104411      -2.442276566795E-002
  -4.67720131323       -2.53117477206       -97.2000000000        2.40861736084       0.471684529913      -5.279206643587E-002
  -5.19689034804       -2.81241641340       -97.2000000000        2.27985460523       0.643641470423      -8.649121292516E-002
  -5.71657938284       -3.09365805474       -97.2000000000        2.05203554270       0.936530735598      -9.626379971739E-002
   0.00000000000        0.00000000000       -97.2000000000        3.14357341073      -0.151692316310      -1.791101728910E-002
 -0.400211837779      -0.434745947216       -97.2000000000        3.14454163168      -0.110447587134      -1.339054659384E-002
 -0.800423675558      -0.869491894432       -97.2000000000        3.15025016232      -9.969450539371E-002 -1.117566929487E-002
  -1.20063551334       -1.30423784165       -97.2000000000        3.19246855890      -4.297374537918E-002 -1.027029910383E-002
  -1.60084735112       -1.73898378886       -97.2000000000        3.22997892471       3.013446301867E-002 -3.090791643169E-004
  -2.00105918889       -2.17372973608       -97.2000000000        2.95424326592      -0.433756444326       3.062150996951E-002
  -2.40127102667       -2.60847568330       -97.2000000000        3.24752940924      -0.143431971724       3.163646387568E-002
  -2.80148286445       -3.04322163051       -97.2000000000        2.95879788988      -0.144106737352       2.105294490221E-005
  -3.20169470223       -3.47796757773       -97.2000000000        3.51498723633       0.632591054182      -6.005321896771E-002
  -3.60190654001       -3.91271352494       -97.2000000000        3.50613437303       0.999470483937      -0.129633113535     
  -4.00211837779       -4.34745947216       -97.2000000000        3.04458194843        1.66686338608      -0.267645640742     
  -4.40233021557       -4.78220541938       -97.2000000000        2.33488997860        2.02262911576      -0.424826549716     
   0.00000000000        0.00000000000       -97.2000000000        3.14357341073      -0.151692316310      -1.791101728910E-002
 -0.237365478204      -0.541138783933       -97.2000000000        3.14819948285      -0.108362261299      -1.227249099232E-002
 -0.474730956408       -1.08227756787       -97.2000000000        3.15775783325      -0.101567329269      -1.116589549869E-002
 -0.712096434612       -1.62341635180       -97.2000000000        3.17077859483      -9.184038848200E-002 -1.068751424751E-002
 -0.949461912816       -2.16455513573       -97.2000000000        3.22836870066      -1.252272555062E-002 -9.188902869235E-003
  -1.18682739102       -2.70569391966       -97.2000000000        3.36683337705      -0.264724418801       3.291443496680E-002
  -1.42419286922       -3.24683270360       -97.2000000000        3.44003357150      -0.537686910577       2.611763237990E-002
  -1.66155834743       -3.78797148753       -97.2000000000        3.48469715097      -0.806930643544      -9.076728149140E-003
  -1.89892382563       -4.32911027146       -97.2000000000        3.92236081856       -1.38933719814      -2.712202213876E-002
  -2.13628930384       -4.87024905539       -97.2000000000        4.33419857281       -3.11950622274      -6.525303519096E-002
  -2.37365478204       -5.41138783933       -97.2000000000       0.456805897349       -8.14499619698      -9.874925796941E-002
  -2.61102026024       -5.95252662326       -97.2000000000       -3.16786020364      -0.930712467951      -0.122121708998     
   0.00000000000        0.00000000000       -97.2000000000        3.14357341073      -0.151692316310      -1.791101728910E-002
 -4.879688596092E-002 -0.588890836777       -97.2000000000        3.15086815540      -0.108480847676      -1.181498796168E-002
 -9.759377192185E-002  -1.17778167355       -97.2000000000        3.16318133919      -0.104516981289      -1.125013134863E-002
 -0.146390657883       -1.76667251033       -97.2000000000        3.17550945844      -0.101023307273      -1.085848745958E-002
 -0.195187543844       -2.35556334711       -97.2000000000        3.18783757770      -9.752963325649E-002 -1.046684357054E-002
 -0.243984429805       -2.94445418388       -97.2000000000        3.43358752375      -8.979110493669E-002 -2.325526022050E-003
 -0.292781315766       -3.53334502066       -97.2000000000        3.13323737460      -0.168903285852       2.055509923166E-002
 -0.341578201726       -4.12223585744       -97.2000000000        2.97164381084      -0.252089387896       6.831184628334E-003
 -0.390375087687       -4.71112669421       -97.2000000000        2.45032341483      -0.410714959644      -1.134508717883E-002
 -0.439171973648       -5.30001753099       -97.2000000000        1.77060622154      -0.495370864188      -1.714039671742E-002
 -0.487968859609       -5.88890836777       -97.2000000000       0.993187592691      -0.391175713812      -2.575299066473E-002
 -0.536765745570       -6.47779920454       -97.2000000000       0.532093361876      -0.188264337581      -2.055282575027E-002
   0.00000000000        0.00000000000       -97.2000000000        3.14357341073      -0.151692316310      -1.791101728910E-002
  0.145059606038      -0.572827429873       -97.2000000000        3.15225845726      -0.110790495591      -1.206761505417E-002
  0.290119212075       -1.14565485975       -97.2000000000        3.16593295910      -0.108223820888      -1.141924858328E-002
  0.435178818113       -1.71848228962       -97.2000000000        3.17963688831      -0.106583566672      -1.111216331156E-002
  0.580238424151       -2.29130971949       -97.2000000000        3.21188715762      -0.121293931666      -1.163353089586E-002
  0.725298030189       -2.86413714937       -97.2000000000        3.50278101836       0.434005794939      -1.917972089243E-002
  0.870357636226       -3.43696457924       -97.2000000000        3.33333750771       0.275573118574       1.066744152712E-003
   1.01541724226       -4.00979200911       -97.2000000000        3.00723916541       0.687820953959       1.993575640517E-003
   1.16047684830       -4.58261943899       -97.2000000000        2.67754902847        1.18400654331      -9.889750526829E-003
   1.30553645434       -5.15544686886       -97.2000000000        2.07210429234        1.62544047072      -6.521922760980E-003
   1.45059606038       -5.72827429873       -97.2000000000       0.949280888683        1.77665223883       1.293732380843E-002
   1.59565566642       -6.30110172861       -97.2000000000       8.169294549326E-002   1.25213746088       1.748506681587E-002
   0.00000000000        0.00000000000       -97.2000000000        3.14357341073      -0.151692316310      -1.791101728910E-002
  0.323196638891      -0.494689282610       -97.2000000000        3.15221972765      -0.115040918854      -1.300299620441E-002
  0.646393277781      -0.989378565219       -97.2000000000        3.16571451227      -0.112286154479      -1.165492072615E-002
  0.969589916672       -1.48406784783       -97.2000000000        3.18218910413      -0.115569696753      -1.159329212734E-002
   1.29278655556       -1.97875713044       -97.2000000000        3.23209445105      -0.148627741434      -1.302412181328E-002
   1.61598319445       -2.47344641305       -97.2000000000        3.29934287580       0.224756478753      -8.259309582519E-002
   1.93917983334       -2.96813569566       -97.2000000000        3.44693167155       0.204878705852      -2.523312087135E-002
   2.26237647223       -3.46282497827       -97.2000000000        3.65716862287       0.124428857573      -2.779286537704E-002
   2.58557311112       -3.95751426088       -97.2000000000        4.26614060351       2.515086447966E-002 -2.769987600112E-002
   2.90876975001       -4.45220354349       -97.2000000000        5.56592045889      -0.842395170896      -4.797151253401E-003
   3.23196638891       -4.94689282610       -97.2000000000        5.27061553123       -4.36949162107       9.255142232531E-003
   3.55516302780       -5.44158210871       -97.2000000000        1.43805998104       -4.16801868098       5.047206857157E-002
   0.00000000000        0.00000000000       -97.2000000000        3.14357341073      -0.151692316310      -1.791101728910E-002
  0.466310301007      -0.362943875680       -97.2000000000        3.15075616351      -0.120771518154      -1.451976835084E-002
  0.932620602014      -0.725887751361       -97.2000000000        3.16254967081      -0.116263765182      -1.193160904373E-002
   1.39893090302       -1.08883162704       -97.2000000000        3.18032633687      -0.124433371762      -1.213614944445E-002
   1.86524120403       -1.45177550272       -97.2000000000        3.25000878636      -0.183245646578      -1.457428456345E-002
   2.33155150503       -1.81471937840       -97.2000000000        3.01969961155       0.165090116895      -0.124872046366     
   2.79786180604       -2.17766325408       -97.2000000000        2.96000634355       3.922236729139E-002 -8.174990041451E-002
   3.26417210705       -2.54060712976       -97.2000000000        2.95701180790      -9.357565723711E-002 -3.342547891312E-002
   3.73048240806       -2.90355100544       -97.2000000000        2.90552665159      -0.530098507182      -3.118815139027E-003
   4.19679270906       -3.26649488112       -97.2000000000        2.81932733877      -0.875520985024       2.602393588061E-002
   4.66310301007       -3.62943875680       -97.2000000000        2.67920519112       -1.31585221435       1.052718741863E-002
   5.12941331108       -3.99238263248       -97.2000000000        2.22107833445       -1.34183110145      -2.029870993415E-002
   0.00000000000        0.00000000000       -97.2000000000        3.14357341073      -0.151692316310      -1.791101728910E-002
  0.558892006459      -0.191867868166       -97.2000000000        3.14802636474      -0.127361294135      -1.645356569626E-002
   1.11778401292      -0.383735736333       -97.2000000000        3.15698141439      -0.126022563806      -1.453904291117E-002
   1.67667601938      -0.575603604499       -97.2000000000        3.16593646405      -0.124683833476      -1.262452012608E-002
   2.23556802584      -0.767471472666       -97.2000000000        3.19840136646      -0.148183901771      -1.313300830651E-002
   2.79446003230      -0.959339340832       -97.2000000000        2.67607203140       2.535376937712E-002 -0.137999743826     
   3.35335203876       -1.15120720900       -97.2000000000        2.54438562745      -0.129045851419      -0.103039792792     
   3.91224404522       -1.34307507716       -97.2000000000        2.46858464444      -0.238571509975      -5.857123976773E-002
   4.47113605168       -1.53494294533       -97.2000000000        2.40382740864      -0.285311639793      -2.410985141011E-002
   5.03002805814       -1.72681081350       -97.2000000000        2.21705287620      -0.342794838585      -1.726066423400E-002
   5.58892006459       -1.91867868166       -97.2000000000        2.01285998059      -0.331056014973      -1.787018950102E-002
   6.14781207105       -2.11054654983       -97.2000000000        1.80732578315      -0.335102455270      -1.662795096436E-002
   0.00000000000        0.00000000000       -97.2000000000        3.14357341073      -0.151692316310      -1.791101728910E-002
  0.590909090909        0.00000000000       -97.2000000000        3.14614420799      -0.143381013941      -1.841025433193E-002
   1.18181818182      -1.172487511250E-015  -97.2000000000        3.14958097969      -0.139492260177      -1.882157410329E-002
   1.77272727273        0.00000000000       -97.2000000000        3.14871897667      -0.133302513613      -1.721700904533E-002
   2.36363636364        0.00000000000       -97.2000000000        3.14950391046      -0.113414955649      -1.219650284998E-002
   2.95454545455        0.00000000000       -97.2000000000        2.62557327505      -4.781472753821E-002 -0.126441834524     
   3.54545454545        0.00000000000       -97.2000000000        2.50198493840      -3.106887329502E-004 -8.796416200285E-002
   4.13636363636        0.00000000000       -97.2000000000        2.39950646515      -1.839608776739E-003 -5.167696639410E-002
   4.72727272727        0.00000000000       -97.2000000000        2.31404300601      -1.538575793919E-002 -1.850613986260E-002
   5.31818181818        0.00000000000       -97.2000000000        2.14268539149      -3.543683335975E-002 -8.951821579920E-003
   5.90909090909        0.00000000000       -97.2000000000        2.03869281889      -2.363380721348E-002 -3.710903481058E-003
   6.50000000000        0.00000000000       -97.2000000000        1.93470024628      -1.183078106720E-002  1.530014617804E-003
