 12 20 1 1
 1 X [LENGU]
 2 Y [LENGU]
 3 Z [LENGU]
 4 Hx [FIELU]
 5 Hy [FIELU]
 6 Hz [FIELU]
 0
   0.00000000000        0.00000000000        70.0000000000       0.425355140921      -3.152537735862E-002 -2.349597352033E-003
  0.590909090909        0.00000000000        70.0000000000       0.441317785989      -2.306091255423E-002  5.000601905563E-004
   1.18181818182        0.00000000000        70.0000000000       0.454930294769      -1.319569578706E-002  3.099734760153E-003
   1.77272727273        0.00000000000        70.0000000000       0.463143073223      -5.341453322643E-003  5.227910737020E-003
   2.36363636364        0.00000000000        70.0000000000       0.469436817341       1.525775548232E-003  6.759765043877E-003
   2.95454545455        0.00000000000        70.0000000000       0.411361597181       5.059804797097E-003  2.848203819692E-003
   3.54545454545        0.00000000000        70.0000000000       0.397198322429       4.307245306654E-003  2.599470707917E-003
   4.13636363636        0.00000000000        70.0000000000       0.382821993885       2.900211094232E-003  2.304419582550E-003
   4.72727272727        0.00000000000        70.0000000000       0.369345705907       1.003659257801E-003  1.982415362629E-003
   5.31818181818        0.00000000000        70.0000000000       0.351549396989      -6.920308663158E-004  1.854740603589E-003
   5.90909090909        0.00000000000        70.0000000000       0.334656738175      -1.289741253400E-003  1.379755455253E-003
   6.50000000000        0.00000000000        70.0000000000       0.317764079361      -1.887451640484E-003  9.047703069173E-004
   0.00000000000        0.00000000000        70.0000000000       0.425355140921      -3.152537735862E-002 -2.349597352033E-003
  0.558892006459       0.191867868166        70.0000000000       0.444239571951      -2.136471469088E-002  7.678776664863E-004
   1.11778401292       0.383735736333        70.0000000000       0.457471512402      -1.084183605984E-002  3.451924683490E-003
   1.67667601938       0.575603604499        70.0000000000       0.467033900261      -1.238553702339E-003  5.956664120007E-003
   2.23556802584       0.767471472666        70.0000000000       0.476917419812       1.649894105883E-002  8.703401655232E-003
   2.79446003230       0.959339340832        70.0000000000       0.414446960130       4.965844035232E-003  2.753442353079E-003
   3.35335203876        1.15120720900        70.0000000000       0.403176393110       2.353511371768E-002  3.097897216041E-003
   3.91224404522        1.34307507716        70.0000000000       0.395826807624       3.438099801442E-002  3.107476979515E-003
   4.47113605168        1.53494294533        70.0000000000       0.387522975967       4.565527779943E-002  2.954757062880E-003
   5.03002805814        1.72681081350        70.0000000000       0.352457393890       5.196432838733E-002  1.845058800242E-003
   5.58892006459        1.91867868166        70.0000000000       0.323311666842       4.751385525636E-002  2.587259228538E-003
   6.14781207105        2.11054654983        70.0000000000       0.295984181925       4.923655469500E-002  5.387016407841E-003
   0.00000000000        0.00000000000        70.0000000000       0.425355140921      -3.152537735862E-002 -2.349597352033E-003
  0.466310301007       0.362943875680        70.0000000000       0.445284366822      -2.094818323545E-002  7.202226174261E-004
  0.932620602014       0.725887751361        70.0000000000       0.457943526901      -1.051747390357E-002  3.266758649244E-003
   1.39893090302        1.08883162704        70.0000000000       0.468166921981       5.998841128221E-003  6.395110239604E-003
   1.86524120403        1.45177550272        70.0000000000       0.478029506688       2.505772728082E-002  1.008093350514E-002
   2.33155150503        1.81471937840        70.0000000000       0.455290156157      -1.027402018367E-002  2.193997096207E-003
   2.79786180604        2.17766325408        70.0000000000       0.447255617693       1.434273568928E-002  2.726023039854E-003
   3.26417210705        2.54060712976        70.0000000000       0.442203488123       3.662214193134E-002  3.142453548973E-003
   3.73048240806        2.90355100544        70.0000000000       0.433400275390       9.048649569433E-002  2.781391678421E-003
   4.19679270906        3.26649488112        70.0000000000       0.423418611918       0.143884141011      -1.253841699716E-003
   4.66310301007        3.62943875680        70.0000000000       0.402847623168       0.198382394284      -4.299443682881E-003
   5.12941331108        3.99238263248        70.0000000000       0.336031886449       0.193261301834      -4.142324204511E-003
   0.00000000000        0.00000000000        70.0000000000       0.425355140921      -3.152537735862E-002 -2.349597352033E-003
  0.323196638891       0.494689282610        70.0000000000       0.444338950865      -2.185645583431E-002  3.622592073857E-004
  0.646393277781       0.989378565219        70.0000000000       0.456295188173      -1.225775899089E-002  2.564302270375E-003
  0.969589916672        1.48406784783        70.0000000000       0.465871655109       6.203776462461E-003  5.640106412756E-003
   1.29278655556        1.97875713044        70.0000000000       0.472980479947       1.798752895076E-002  9.403308776609E-003
   1.61598319445        2.47344641305        70.0000000000       0.486871949012      -2.259255423744E-002  1.635643806938E-003
   1.93917983334        2.96813569566        70.0000000000       0.506759892011      -2.840713278778E-002  2.131286392389E-003
   2.26237647223        3.46282497827        70.0000000000       0.547565863100      -2.846361587692E-002  9.253663582586E-004
   2.58557311112        3.95751426088        70.0000000000       0.644342577889       3.078822968082E-003 -1.551143729495E-004
   2.90876975001        4.45220354349        70.0000000000       0.775635346662       0.107523138330       1.052000257479E-003
   3.23196638891        4.94689282610        70.0000000000       0.725389851373       0.654887852865       4.052078563632E-004
   3.55516302780        5.44158210871        70.0000000000       0.244911162618       0.529274544699      -2.076538404282E-004
   0.00000000000        0.00000000000        70.0000000000       0.425355140921      -3.152537735862E-002 -2.349597352033E-003
  0.145059606038       0.572827429873        70.0000000000       0.441505774569      -2.399110705806E-002 -2.672216737823E-004
  0.290119212075        1.14565485975        70.0000000000       0.452705119295      -1.587410442928E-002  1.420677595265E-003
  0.435178818113        1.71848228962        70.0000000000       0.460396827426      -6.459556229813E-004  3.773469019194E-003
  0.580238424151        2.29130971949        70.0000000000       0.468396767787      -1.426334644484E-002  3.929194194127E-003
  0.725298030189        2.86413714937        70.0000000000       0.523389220619      -2.797044280903E-002 -6.369528399802E-004
  0.870357636226        3.43696457924        70.0000000000       0.510332713905      -2.704630554501E-002 -1.395290858975E-003
   1.01541724226        4.00979200911        70.0000000000       0.456529134487      -7.184633375342E-002 -2.633400102209E-003
   1.16047684830        4.58261943899        70.0000000000       0.411462723881      -0.136269145424      -1.999472507969E-004
   1.30553645434        5.15544686886        70.0000000000       0.325393913104      -0.213927268855      -2.211087823637E-003
   1.45059606038        5.72827429873        70.0000000000       0.168652146179      -0.218915251700      -5.050938136288E-003
   1.59565566642        6.30110172861        70.0000000000       3.044490416688E-002 -0.156649834039      -2.767575900681E-003
   0.00000000000        0.00000000000        70.0000000000       0.425355140921      -3.152537735862E-002 -2.349597352033E-003
 -4.879688596092E-002  0.588890836777        70.0000000000       0.437091856547      -2.712081432409E-002 -1.100006005201E-003
 -9.759377192185E-002   1.17778167355        70.0000000000       0.447265067123      -2.106811676702E-002 -5.670044537083E-005
 -0.146390657883        1.76667251033        70.0000000000       0.452335721462      -1.380808037211E-002  9.974771843733E-004
 -0.195187543844        2.35556334711        70.0000000000       0.459637730633      -3.615580581846E-002 -9.590669757469E-004
 -0.243984429805        2.94445418388        70.0000000000       0.492430167227       2.639931383322E-002 -4.137698491417E-003
 -0.292781315766        3.53334502066        70.0000000000       0.504809242128       4.108797970334E-002 -2.676231614803E-003
 -0.341578201726        4.12223585744        70.0000000000       0.444413814049       4.434836102434E-002 -2.634336385118E-003
 -0.390375087687        4.71112669421        70.0000000000       0.377866730374       6.703324085081E-002 -1.854839972075E-003
 -0.439171973648        5.30001753099        70.0000000000       0.283199066212       7.561489908214E-002 -7.600290511134E-004
 -0.487968859609        5.88890836777        70.0000000000       0.194536723995       8.926021230925E-002  4.060297107911E-004
 -0.536765745570        6.47779920454        70.0000000000       0.128794690729       8.155753916768E-002 -8.228867813670E-005
   0.00000000000        0.00000000000        70.0000000000       0.425355140921      -3.152537735862E-002 -2.349597352033E-003
 -0.237365478204       0.541138783933        70.0000000000       0.430549029432      -2.982437984858E-002 -2.181280949747E-003
 -0.474730956408        1.08227756787        70.0000000000       0.435742917943      -2.812338233854E-002 -2.012964547460E-003
 -0.712096434612        1.62341635180        70.0000000000       0.440889247973      -2.637225210079E-002 -1.850922917681E-003
 -0.949461912816        2.16455513573        70.0000000000       0.445723167103      -2.963596867243E-002 -2.274454792143E-003
  -1.18682739102        2.70569391966        70.0000000000       0.471915565006       4.042438238852E-002 -4.135034421146E-003
  -1.42419286922        3.24683270360        70.0000000000       0.485968089603       6.964506998028E-002 -3.728068012982E-003
  -1.66155834743        3.78797148753        70.0000000000       0.500039277328       0.102289862130      -2.587464399310E-003
  -1.89892382563        4.32911027146        70.0000000000       0.546019018809       0.182834525791      -1.459466841308E-003
  -2.13628930384        4.87024905539        70.0000000000       0.657514554033       0.436679553996      -1.553607344531E-003
  -2.37365478204        5.41138783933        70.0000000000       0.181341834965       0.681523377611      -1.083424268925E-003
  -2.61102026024        5.95252662326        70.0000000000      -0.367648648495       0.136675283436      -5.395375664799E-004
   0.00000000000        0.00000000000        70.0000000000       0.425355140921      -3.152537735862E-002 -2.349597352033E-003
 -0.400211837779       0.434745947216        70.0000000000       0.422892934572      -3.213205184889E-002 -3.353418153970E-003
 -0.800423675558       0.869491894432        70.0000000000       0.420430728222      -3.273872633916E-002 -4.357238955908E-003
  -1.20063551334        1.30423784165        70.0000000000       0.417968521872      -3.334540082943E-002 -5.361059757845E-003
  -1.60084735112        1.73898378886        70.0000000000       0.426578369323      -3.040438181956E-002 -4.223412196335E-003
  -2.00105918889        2.17372973608        70.0000000000       0.391523073428       7.630704859063E-002 -5.614683859778E-003
  -2.40127102667        2.60847568330        70.0000000000       0.457318930750       3.821630198902E-003 -4.488897434086E-003
  -2.80148286445        3.04322163051        70.0000000000       0.465804805594      -2.511216195613E-002 -4.868688287845E-003
  -3.20169470223        3.47796757773        70.0000000000       0.496078898286      -6.665657782118E-002 -7.051597933233E-003
  -3.60190654001        3.91271352494        70.0000000000       0.506317388065      -0.169983343289      -3.465253451776E-003
  -4.00211837779        4.34745947216        70.0000000000       0.476899863786      -0.275267175011      -9.237416750586E-004
  -4.40233021557        4.78220541938        70.0000000000       0.385013821302      -0.276800489891      -6.845185165096E-004
   0.00000000000        0.00000000000        70.0000000000       0.425355140921      -3.152537735862E-002 -2.349597352033E-003
 -0.519689034804       0.281241641340        70.0000000000       0.417947559087      -3.217959143387E-002 -3.994492536341E-003
  -1.03937806961       0.562483282680        70.0000000000       0.413565920561      -3.011679737849E-002 -5.116533009224E-003
  -1.55906710441       0.843724924020        70.0000000000       0.409764589072      -2.924072426525E-002 -6.077318877286E-003
  -2.07875613922        1.12496656536        70.0000000000       0.409069855693      -3.428146612623E-002 -6.507911067405E-003
  -2.59844517402        1.40620820670        70.0000000000       0.411777038991       1.451676138125E-003 -3.076558076362E-003
  -3.11813420882        1.68744984804        70.0000000000       0.398779529855      -2.168365513282E-002 -3.166425175186E-003
  -3.63782324363        1.96869148938        70.0000000000       0.385782020720      -4.481898640378E-002 -3.256292274010E-003
  -4.15751227843        2.24993313072        70.0000000000       0.372784511585      -6.795431767473E-002 -3.346159372835E-003
  -4.67720131323        2.53117477206        70.0000000000       0.360787490750      -8.288085469685E-002 -3.238509907577E-003
  -5.19689034804        2.81241641340        70.0000000000       0.327262430179      -0.107417259097      -9.460366603378E-004
  -5.71657938284        3.09365805474        70.0000000000       0.290380770754      -0.130630795757      -1.621590729820E-003
   0.00000000000        0.00000000000        70.0000000000       0.425355140921      -3.152537735862E-002 -2.349597352033E-003
 -0.582849861102       9.726043971134E-002   70.0000000000       0.417259855556      -2.905402562180E-002 -3.860334719576E-003
  -1.16569972220       0.194520879423        70.0000000000       0.413119835030      -2.282744927382E-002 -4.780728432276E-003
  -1.74854958330       0.291781319134        70.0000000000       0.410578975731      -2.121631028733E-002 -5.169435098913E-003
  -2.33139944441       0.389041758845        70.0000000000       0.408944753246      -2.652349160257E-002 -5.777162947081E-003
  -2.91424930551       0.486302198557        70.0000000000       0.387761588892      -1.430813114856E-002 -3.060165550950E-003
  -3.49709916661       0.583562638268        70.0000000000       0.375210724593      -1.969777408970E-002 -3.337265238861E-003
  -4.07994902771       0.680823077979        70.0000000000       0.362659860295      -2.508741703084E-002 -3.614364926772E-003
  -4.66279888881       0.778083517691        70.0000000000       0.349344720475      -2.688610305625E-002 -3.830532499957E-003
  -5.24564874991       0.875343957402        70.0000000000       0.332723739005      -2.428726877930E-002 -3.471093941520E-003
  -5.82849861102       0.972604397113        70.0000000000       0.314778086352      -2.342691354459E-002 -2.912478872606E-003
  -6.41134847212        1.06986483682        70.0000000000       0.293628867388      -2.220197500742E-002 -2.444079688606E-003
   0.00000000000        0.00000000000        70.0000000000       0.425355140921      -3.152537735862E-002 -2.349597352033E-003
 -0.582849861102      -9.726043971134E-002   70.0000000000       0.417276751583      -2.631724881663E-002 -3.607849405588E-003
  -1.16569972220      -0.194520879423        70.0000000000       0.419304155765      -1.151608964860E-002 -3.762016228657E-003
  -1.74854958330      -0.291781319134        70.0000000000       0.418141712362      -1.171317092974E-002 -3.741247845533E-003
  -2.33139944441      -0.389041758845        70.0000000000       0.413051850834      -1.784617823947E-002 -4.650132071951E-003
  -2.91424930551      -0.486302198557        70.0000000000       0.394976223061      -8.122142082554E-003 -2.677953297848E-003
  -3.49709916661      -0.583562638268        70.0000000000       0.381954979522       1.972463995442E-004 -2.783011612155E-003
  -4.07994902771      -0.680823077979        70.0000000000       0.369895685074       4.045486667670E-003 -3.097954050833E-003
  -4.66279888881      -0.778083517691        70.0000000000       0.355944046470       9.709311017818E-003 -2.828809218720E-003
  -5.24564874991      -0.875343957402        70.0000000000       0.341471753289       1.410714801677E-002 -2.459591603594E-003
  -5.82849861102      -0.972604397113        70.0000000000       0.323705520623       1.788549790252E-002 -2.346791199426E-003
  -6.41134847212       -1.06986483682        70.0000000000       0.295251071073       1.904648718959E-002 -3.151148889206E-003
   0.00000000000        0.00000000000        70.0000000000       0.425355140921      -3.152537735862E-002 -2.349597352033E-003
 -0.519689034804      -0.281241641340        70.0000000000       0.420250721247      -2.174737591105E-002 -3.100685750072E-003
  -1.03937806961      -0.562483282680        70.0000000000       0.422711369958      -8.513708048029E-003 -3.123813482266E-003
  -1.55906710441      -0.843724924020        70.0000000000       0.422541429631      -8.908179520142E-003 -3.009653512805E-003
  -2.07875613922       -1.12496656536        70.0000000000       0.421239900940      -7.358814532821E-003 -3.066614391275E-003
  -2.59844517402       -1.40620820670        70.0000000000       0.421156735901      -8.210498791858E-003 -2.750962589653E-003
  -3.11813420882       -1.68744984804        70.0000000000       0.410561712357       4.799672544969E-003 -2.706813941942E-003
  -3.63782324363       -1.96869148938        70.0000000000       0.396457638083       2.687965528896E-002 -2.103337867467E-003
  -4.15751227843       -2.24993313072        70.0000000000       0.383152069169       4.983098197192E-002 -1.490792060308E-003
  -4.67720131323       -2.53117477206        70.0000000000       0.367325927169       7.929687066132E-002 -1.056761247684E-003
  -5.19689034804       -2.81241641340        70.0000000000       0.331014496512       0.102683509750      -3.188686316570E-003
  -5.71657938284       -3.09365805474        70.0000000000       0.274687393638       0.126231174202      -5.817950903315E-003
   0.00000000000        0.00000000000        70.0000000000       0.425355140921      -3.152537735862E-002 -2.349597352033E-003
 -0.400211837779      -0.434745947216        70.0000000000       0.422654626568      -1.942002135573E-002 -2.626545464598E-003
 -0.800423675558      -0.869491894432        70.0000000000       0.424777661033      -8.420474770975E-003 -2.909449951489E-003
  -1.20063551334       -1.30423784165        70.0000000000       0.424590149317      -1.012996416425E-002 -2.704478010862E-003
  -1.60084735112       -1.73898378886        70.0000000000       0.423361842600      -7.431956261562E-003 -2.694109085757E-003
  -2.00105918889       -2.17372973608        70.0000000000       0.434456067703      -3.743349482453E-002 -4.553657632807E-003
  -2.40127102667       -2.60847568330        70.0000000000       0.480241635446       1.086705318066E-002 -2.223106934753E-003
  -2.80148286445       -3.04322163051        70.0000000000       0.499071240053       4.520952898429E-002 -1.796290851585E-003
  -3.20169470223       -3.47796757773        70.0000000000       0.517713311633       7.486617129000E-002 -1.256022052944E-003
  -3.60190654001       -3.91271352494        70.0000000000       0.518429298772       0.172273137081       1.060719771700E-003
  -4.00211837779       -4.34745947216        70.0000000000       0.473057205041       0.264876801932       8.411440128802E-003
  -4.40233021557       -4.78220541938        70.0000000000       0.412909985798       0.285374536761       1.079581063867E-004
   0.00000000000        0.00000000000        70.0000000000       0.425355140921      -3.152537735862E-002 -2.349597352033E-003
 -0.237365478204      -0.541138783933        70.0000000000       0.424227967104      -1.958739012936E-002 -2.236809006143E-003
 -0.474730956408       -1.08227756787        70.0000000000       0.416277303975      -4.197178940652E-002 -3.383707180625E-003
 -0.712096434612       -1.62341635180        70.0000000000       0.421827400272      -2.676421691198E-002 -2.749120086274E-003
 -0.949461912816       -2.16455513573        70.0000000000       0.408533032707      -6.716942591433E-002 -4.346581057730E-003
  -1.18682739102       -2.70569391966        70.0000000000       0.458987815850      -3.065075254348E-002 -3.180965292139E-003
  -1.42419286922       -3.24683270360        70.0000000000       0.477003376257      -3.934069329848E-002 -3.021987764807E-003
  -1.66155834743       -3.78797148753        70.0000000000       0.494906871081      -8.937938227895E-002 -1.646840479735E-003
  -1.89892382563       -4.32911027146        70.0000000000       0.538619003489      -0.140265695043      -3.447062344329E-004
  -2.13628930384       -4.87024905539        70.0000000000       0.630342399846      -0.420799771038      -1.323562572571E-003
  -2.37365478204       -5.41138783933        70.0000000000       7.196606067603E-002  -1.00393763096      -1.223302666272E-003
  -2.61102026024       -5.95252662326        70.0000000000      -0.349231971598      -0.129319075508      -1.242704427011E-003
   0.00000000000        0.00000000000        70.0000000000       0.425355140921      -3.152537735862E-002 -2.349597352033E-003
 -4.879688596092E-002 -0.588890836777        70.0000000000       0.424800246995      -2.223134522831E-002 -1.973710367365E-003
 -9.759377192185E-002  -1.17778167355        70.0000000000       0.399784832164      -0.100073111114      -4.399812719905E-003
 -0.146390657883       -1.76667251033        70.0000000000       0.398223112564      -0.106249687499      -4.106549379329E-003
 -0.195187543844       -2.35556334711        70.0000000000       0.391117936080      -0.131760032750      -6.053869700782E-003
 -0.243984429805       -2.94445418388        70.0000000000       0.465595194889      -2.175429743489E-002 -2.839159683519E-003
 -0.292781315766       -3.53334502066        70.0000000000       0.464507428663      -9.604493670025E-003 -2.644245610392E-003
 -0.341578201726       -4.12223585744        70.0000000000       0.425292226952      -3.973698718844E-002 -1.981826286183E-003
 -0.390375087687       -4.71112669421        70.0000000000       0.358502495310      -4.867444090464E-002 -1.495083706021E-003
 -0.439171973648       -5.30001753099        70.0000000000       0.272951028402      -7.297612996200E-002  1.960463612131E-004
 -0.487968859609       -5.88890836777        70.0000000000       0.187096612151      -8.827649109952E-002  2.521477936086E-004
 -0.536765745570       -6.47779920454        70.0000000000       0.116194577153      -6.426344300655E-002  1.484914345098E-003
   0.00000000000        0.00000000000        70.0000000000       0.425355140921      -3.152537735862E-002 -2.349597352033E-003
  0.145059606038      -0.572827429873        70.0000000000       0.424309450835      -2.706537309243E-002 -1.865760368171E-003
  0.290119212075       -1.14565485975        70.0000000000       0.390467905188      -0.129480279972      -4.772227804536E-003
  0.435178818113       -1.71848228962        70.0000000000       0.382110743578      -0.132915994438      -4.387596979744E-003
  0.580238424151       -2.29130971949        70.0000000000       0.401306042494      -9.370325064310E-002 -3.395921407762E-003
  0.725298030189       -2.86413714937        70.0000000000       0.493004762419      -1.853319797657E-002 -9.879533613152E-004
  0.870357636226       -3.43696457924        70.0000000000       0.476980578105       4.032736539431E-002 -8.153788153955E-004
   1.01541724226       -4.00979200911        70.0000000000       0.474182176952       8.186157942166E-002 -2.449534324346E-003
   1.16047684830       -4.58261943899        70.0000000000       0.423509198774       0.105595468065      -2.087988646176E-003
   1.30553645434       -5.15544686886        70.0000000000       0.312067368963       0.200028800673      -1.675011105267E-003
   1.45059606038       -5.72827429873        70.0000000000       0.163431464210       0.213181385777       2.794263866843E-004
   1.59565566642       -6.30110172861        70.0000000000       3.914721609278E-002  0.158322937547      -1.492852501878E-004
   0.00000000000        0.00000000000        70.0000000000       0.425355140921      -3.152537735862E-002 -2.349597352033E-003
  0.323196638891      -0.494689282610        70.0000000000       0.424826695059      -3.131124597725E-002 -1.778111408366E-003
  0.646393277781      -0.989378565219        70.0000000000       0.421061693586      -4.930473807920E-002 -1.956128304024E-003
  0.969589916672       -1.48406784783        70.0000000000       0.408808572327      -7.020996356336E-002 -1.924837337376E-003
   1.29278655556       -1.97875713044        70.0000000000       0.422036808073      -2.857894279529E-002  9.625665504935E-005
   1.61598319445       -2.47344641305        70.0000000000       0.485664590012      -3.562868138544E-004  2.190161657833E-003
   1.93917983334       -2.96813569566        70.0000000000       0.506638969955      -2.870461776236E-002  9.375787707725E-004
   2.26237647223       -3.46282497827        70.0000000000       0.523290863369      -3.390128688576E-002 -2.163804237195E-004
   2.58557311112       -3.95751426088        70.0000000000       0.616254642898      -8.887992566245E-003 -1.078257782028E-003
   2.90876975001       -4.45220354349        70.0000000000       0.782775061253      -0.135204551396       8.845574666306E-004
   3.23196638891       -4.94689282610        70.0000000000       0.768815967155      -0.581710728023       2.194554985314E-003
   3.55516302780       -5.44158210871        70.0000000000       0.274098646458      -0.554334963307       3.223266177921E-003
   0.00000000000        0.00000000000        70.0000000000       0.425355140921      -3.152537735862E-002 -2.349597352033E-003
  0.466310301007      -0.362943875680        70.0000000000       0.431278814497      -2.943831695852E-002 -8.348622800320E-004
  0.932620602014      -0.725887751361        70.0000000000       0.435416970955      -2.595718780932E-002  3.602258549273E-004
   1.39893090302       -1.08883162704        70.0000000000       0.436438301064      -2.388447739849E-002  7.939492367298E-004
   1.86524120403       -1.45177550272        70.0000000000       0.441879259942      -1.538724531700E-002  3.190275157496E-003
   2.33155150503       -1.81471937840        70.0000000000       0.471221746181       4.765814091455E-004  3.750857205496E-003
   2.79786180604       -2.17766325408        70.0000000000       0.476367506371      -2.467164831879E-002  2.771518853828E-003
   3.26417210705       -2.54060712976        70.0000000000       0.469479913191      -5.063304560178E-002  2.307937183894E-003
   3.73048240806       -2.90355100544        70.0000000000       0.452944657584      -8.498172895027E-002  2.399562203222E-003
   4.19679270906       -3.26649488112        70.0000000000       0.437016501090      -0.152566862850       3.340698538101E-003
   4.66310301007       -3.62943875680        70.0000000000       0.405575074823      -0.198477457422       4.781281121242E-003
   5.12941331108       -3.99238263248        70.0000000000       0.338420340259      -0.205461334991       5.238470529068E-003
   0.00000000000        0.00000000000        70.0000000000       0.425355140921      -3.152537735862E-002 -2.349597352033E-003
  0.558892006459      -0.191867868166        70.0000000000       0.436835629779      -2.585296746781E-002 -5.420763123040E-005
   1.11778401292      -0.383735736333        70.0000000000       0.446752613588      -1.853242305446E-002  2.034896302571E-003
   1.67667601938      -0.575603604499        70.0000000000       0.455156591974      -1.294332908891E-002  3.351447478313E-003
   2.23556802584      -0.767471472666        70.0000000000       0.457170440371      -6.210270569081E-003  5.165596203336E-003
   2.79446003230      -0.959339340832        70.0000000000       0.427323674218      -7.820703699827E-004  2.844520987758E-003
   3.35335203876       -1.15120720900        70.0000000000       0.414480814608      -1.057739009320E-002  3.055227646324E-003
   3.91224404522       -1.34307507716        70.0000000000       0.424440980520      -2.271814164041E-002  2.101449522455E-003
   4.47113605168       -1.53494294533        70.0000000000       0.404326022583      -5.189810863307E-002  2.066479402382E-003
   5.03002805814       -1.72681081350        70.0000000000       0.360767455041      -5.196547780643E-002  1.816723970672E-003
   5.58892006459       -1.91867868166        70.0000000000       0.331763220982      -5.008040518270E-002  2.857566284684E-003
   6.14781207105       -2.11054654983        70.0000000000       0.297146652145      -4.957233856731E-002  1.361167571570E-003
   0.00000000000        0.00000000000        70.0000000000       0.425355140921      -3.152537735862E-002 -2.349597352033E-003
  0.590909090909        0.00000000000        70.0000000000       0.441317785989      -2.306091255423E-002  5.000601905563E-004
   1.18181818182      -1.172487511250E-015   70.0000000000       0.454930294769      -1.319569578706E-002  3.099734760153E-003
   1.77272727273        0.00000000000        70.0000000000       0.463143073223      -5.341453322643E-003  5.227910737020E-003
   2.36363636364        0.00000000000        70.0000000000       0.469436817341       1.525775548232E-003  6.759765043877E-003
   2.95454545455        0.00000000000        70.0000000000       0.411361597181       5.059804797097E-003  2.848203819692E-003
   3.54545454545        0.00000000000        70.0000000000       0.397198322429       4.307245306654E-003  2.599470707917E-003
   4.13636363636        0.00000000000        70.0000000000       0.382821993885       2.900211094232E-003  2.304419582550E-003
   4.72727272727        0.00000000000        70.0000000000       0.369345705907       1.003659257801E-003  1.982415362629E-003
   5.31818181818        0.00000000000        70.0000000000       0.351549396989      -6.920308663158E-004  1.854740603589E-003
   5.90909090909        0.00000000000        70.0000000000       0.334656738175      -1.289741253400E-003  1.379755455253E-003
   6.50000000000        0.00000000000        70.0000000000       0.317764079361      -1.887451640484E-003  9.047703069173E-004
