 12 20 1 1
 1 X [LENGU]
 2 Y [LENGU]
 3 Z [LENGU]
 4 Hx [FIELU]
 5 Hy [FIELU]
 6 Hz [FIELU]
 0
   0.00000000000        0.00000000000        2.16000000000        2.62779867642      -1.211633444950E-002 -3.352587682314E-003
  0.590909090909        0.00000000000        2.16000000000        2.64017232922      -8.570990360491E-003 -6.256416513116E-004
   1.18181818182        0.00000000000        2.16000000000        2.64727959204      -4.680385715611E-003  1.154431164939E-003
   1.77272727273        0.00000000000        2.16000000000        2.62456498902       5.681110343481E-004 -1.774079678212E-003
   2.36363636364        0.00000000000        2.16000000000        2.63024434968      -3.949164669205E-003 -2.414326338752E-003
   2.95454545455        0.00000000000        2.16000000000        2.57491659406       1.117149832830E-002  1.399984311863E-002
   3.54545454545        0.00000000000        2.16000000000        2.45697955085       1.270154031668E-002  3.293872745489E-002
   4.13636363636        0.00000000000        2.16000000000        2.33633825808       4.109738094193E-003  4.626804053666E-002
   4.72727272727        0.00000000000        2.16000000000        2.20843205608       1.992265495777E-002  7.730300098766E-002
   5.31818181818        0.00000000000        2.16000000000        2.07161711663       5.089923366529E-002  0.131190272579     
   5.90909090909        0.00000000000        2.16000000000        1.91590020741      -1.509949171389E-002  0.181245904862     
   6.50000000000        0.00000000000        2.16000000000        1.62117281841       5.257343475167E-004  0.137361875661     
   0.00000000000        0.00000000000        2.16000000000        2.62779867642      -1.211633444950E-002 -3.352587682314E-003
  0.558892006459       0.191867868166        2.16000000000        2.64950230854      -6.639744136794E-003  4.602992916810E-004
   1.11778401292       0.383735736333        2.16000000000        2.65796609109      -3.492100071306E-004  1.925149429134E-003
   1.67667601938       0.575603604499        2.16000000000        2.62947048795       6.705218272957E-003 -2.050382582150E-003
   2.23556802584       0.767471472666        2.16000000000        2.61301201523       1.498271007696E-002 -5.262367690092E-003
   2.79446003230       0.959339340832        2.16000000000        2.59518287191       5.712821744545E-002 -2.161481154371E-003
   3.35335203876        1.15120720900        2.16000000000        2.52402336167       0.166954731133       7.511741264135E-003
   3.91224404522        1.34307507716        2.16000000000        2.44879011217       0.196240522260       2.616222403375E-002
   4.47113605168        1.53494294533        2.16000000000        2.27083363821       0.267397798909       4.100502228486E-002
   5.03002805814        1.72681081350        2.16000000000        2.11428117835       0.320742638417       6.700384056167E-002
   5.58892006459        1.91867868166        2.16000000000        1.92027143397       0.336189535275       0.103027915376     
   6.14781207105        2.11054654983        2.16000000000        1.64147260395       0.320461949459       0.118389687509     
   0.00000000000        0.00000000000        2.16000000000        2.62779867642      -1.211633444950E-002 -3.352587682314E-003
  0.466310301007       0.362943875680        2.16000000000        2.65648036255      -5.301971451532E-003  1.133054768004E-003
  0.932620602014       0.725887751361        2.16000000000        2.66870176352       2.588059761897E-003  2.661285313600E-003
   1.39893090302        1.08883162704        2.16000000000        2.64293936801       1.034537340092E-002 -1.066148972141E-003
   1.86524120403        1.45177550272        2.16000000000        2.61575361859       2.713577358720E-002 -5.482312877247E-003
   2.33155150503        1.81471937840        2.16000000000        2.85896755230       4.626522885515E-002 -8.838958890251E-004
   2.79786180604        2.17766325408        2.16000000000        2.84039872921       8.482780602968E-002  9.109002382553E-003
   3.26417210705        2.54060712976        2.16000000000        2.83946802125       0.292674352750       1.435730044432E-002
   3.73048240806        2.90355100544        2.16000000000        2.70069784862       0.599580037862       1.644593543703E-002
   4.19679270906        3.26649488112        2.16000000000        2.57026672925       0.865331859611       8.216486981223E-002
   4.66310301007        3.62943875680        2.16000000000        2.35458799837        1.12380949877       0.104405147283     
   5.12941331108        3.99238263248        2.16000000000        1.83873785175        1.16273963421       0.300318083842     
   0.00000000000        0.00000000000        2.16000000000        2.62779867642      -1.211633444950E-002 -3.352587682314E-003
  0.323196638891       0.494689282610        2.16000000000        2.66035031083      -4.702640732837E-003  1.319721282921E-003
  0.646393277781       0.989378565219        2.16000000000        2.67623858312       3.803490437682E-003  2.996032743485E-003
  0.969589916672        1.48406784783        2.16000000000        2.66237682879       1.676704915205E-002  6.238068313590E-004
   1.29278655556        1.97875713044        2.16000000000        2.64119874170       2.327124692328E-002 -2.556092955018E-003
   1.61598319445        2.47344641305        2.16000000000        2.96856914097      -2.909432483961E-002 -1.847957866745E-003
   1.93917983334        2.96813569566        2.16000000000        3.10598367863      -9.346656058285E-002  7.563778117825E-003
   2.26237647223        3.46282497827        2.16000000000        3.30185776314      -8.653001004222E-002  1.633721906174E-002
   2.58557311112        3.95751426088        2.16000000000        3.81001470175      -1.191441483575E-002  3.453174526719E-002
   2.90876975001        4.45220354349        2.16000000000        4.91367574930       0.781828145623       5.953434661921E-002
   3.23196638891        4.94689282610        2.16000000000        4.66727725637        4.61298601359       9.289911763686E-002
   3.55516302780        5.44158210871        2.16000000000        1.12672496858        3.67104510021       0.120817177819     
   0.00000000000        0.00000000000        2.16000000000        2.62779867642      -1.211633444950E-002 -3.352587682314E-003
  0.145059606038       0.572827429873        2.16000000000        2.66069278443      -4.906698763653E-003  1.000070623112E-003
  0.290119212075        1.14565485975        2.16000000000        2.67043848031       6.275420296155E-003  1.656754263193E-003
  0.435178818113        1.71848228962        2.16000000000        2.67218359539       1.732035443042E-002  1.234301733390E-003
  0.580238424151        2.29130971949        2.16000000000        2.67970012000       1.549741372409E-002  2.004230818889E-003
  0.725298030189        2.86413714937        2.16000000000        2.97807118758      -7.325411791076E-002  1.790336204291E-003
  0.870357636226        3.43696457924        2.16000000000        2.89419437334      -0.273223913069       1.199691078571E-002
   1.01541724226        4.00979200911        2.16000000000        2.79794268025      -0.253087725607       1.697224130423E-002
   1.16047684830        4.58261943899        2.16000000000        2.68287604383      -0.954092007346       2.082122467232E-002
   1.30553645434        5.15544686886        2.16000000000        1.84747209597       -1.41736340026       2.760995229678E-002
   1.45059606038        5.72827429873        2.16000000000       0.833822711180       -1.51411047966       3.842415642860E-002
   1.59565566642        6.30110172861        2.16000000000       0.180251809789       -1.08355089969       5.058962985140E-002
   0.00000000000        0.00000000000        2.16000000000        2.62779867642      -1.211633444950E-002 -3.352587682314E-003
 -4.879688596092E-002  0.588890836777        2.16000000000        2.65747067102      -5.892032690055E-003  2.087418974573E-004
 -9.759377192185E-002   1.17778167355        2.16000000000        2.66331949280       5.971729946955E-003  4.141012317269E-004
 -0.146390657883        1.76667251033        2.16000000000        2.67478984746       6.540501096338E-003  1.245610001725E-003
 -0.195187543844        2.35556334711        2.16000000000        2.68758065848       1.427521001445E-002  3.513707184056E-003
 -0.243984429805        2.94445418388        2.16000000000        2.93691207961       1.757576574868E-002  2.097137663196E-003
 -0.292781315766        3.53334502066        2.16000000000        2.58614708454       3.726907004771E-003  5.565231657148E-003
 -0.341578201726        4.12223585744        2.16000000000        2.36370829742       4.923373953038E-002  5.893703390494E-003
 -0.390375087687        4.71112669421        2.16000000000        2.07064580221       0.306164895405       4.598503073435E-003
 -0.439171973648        5.30001753099        2.16000000000        1.60258386775       0.434258044192       1.118424835211E-003
 -0.487968859609        5.88890836777        2.16000000000       0.990176301927       0.480791393682      -4.715879823996E-004
 -0.536765745570        6.47779920454        2.16000000000       0.681973099398       0.228517501379       4.778503960870E-003
   0.00000000000        0.00000000000        2.16000000000        2.62779867642      -1.211633444950E-002 -3.352587682314E-003
 -0.237365478204       0.541138783933        2.16000000000        2.65033557927      -7.277069780327E-003 -9.246125800558E-004
 -0.474730956408        1.08227756787        2.16000000000        2.66577671549      -4.767575845675E-004  8.684640974680E-004
 -0.712096434612        1.62341635180        2.16000000000        2.67048881583       2.397687364105E-003  7.644729227398E-004
 -0.949461912816        2.16455513573        2.16000000000        2.66790213992       4.347814304970E-002  2.509209865821E-003
  -1.18682739102        2.70569391966        2.16000000000        2.92122603429       7.190517820765E-002  1.100377993842E-002
  -1.42419286922        3.24683270360        2.16000000000        3.00837626507       0.205189171421       8.259329032999E-003
  -1.66155834743        3.78797148753        2.16000000000        3.20599831436       0.445891813010      -5.061313659093E-003
  -1.89892382563        4.32911027146        2.16000000000        3.56459605075       0.239569506911      -6.782247078733E-003
  -2.13628930384        4.87024905539        2.16000000000        4.06439840999        2.70902463752      -2.021543248844E-002
  -2.37365478204        5.41138783933        2.16000000000        1.32420117533        4.71371443276      -3.098145303208E-002
  -2.61102026024        5.95252662326        2.16000000000       -2.89131872733       0.719922060254      -3.778894280767E-002
   0.00000000000        0.00000000000        2.16000000000        2.62779867642      -1.211633444950E-002 -3.352587682314E-003
 -0.400211837779       0.434745947216        2.16000000000        2.64084808335      -9.221899661309E-003 -2.326728434189E-003
 -0.800423675558       0.869491894432        2.16000000000        2.65168147590      -5.454485671290E-003 -1.161408137447E-003
  -1.20063551334        1.30423784165        2.16000000000        2.66251486845      -1.687071681271E-003  3.912159295579E-006
  -1.60084735112        1.73898378886        2.16000000000        2.66613578860       1.746314846537E-002  1.243555527991E-003
  -2.00105918889        2.17372973608        2.16000000000        2.84522664033       8.021388603655E-002  2.635682514354E-003
  -2.40127102667        2.60847568330        2.16000000000        2.96509599043      -0.172276106980      -1.989446523383E-004
  -2.80148286445        3.04322163051        2.16000000000        3.20720826013      -0.396799269316      -3.554005610973E-002
  -3.20169470223        3.47796757773        2.16000000000        3.33716868074      -0.884333039111      -3.902458024981E-002
  -3.60190654001        3.91271352494        2.16000000000        3.16195815510       -1.15529998483      -4.111998981684E-002
  -4.00211837779        4.34745947216        2.16000000000        2.78226594166       -1.74599752449      -0.127991807034     
  -4.40233021557        4.78220541938        2.16000000000        2.13824678688       -1.85852564873      -0.159029747191     
   0.00000000000        0.00000000000        2.16000000000        2.62779867642      -1.211633444950E-002 -3.352587682314E-003
 -0.519689034804       0.281241641340        2.16000000000        2.63018662125      -1.157498730556E-002 -3.855124824282E-003
  -1.03937806961       0.562483282680        2.16000000000        2.63107238003      -9.767099140998E-003 -4.129775721678E-003
  -1.55906710441       0.843724924020        2.16000000000        2.63820398028      -1.004027109732E-002 -3.303854915716E-003
  -2.07875613922        1.12496656536        2.16000000000        2.63372309583      -1.053685515429E-002 -4.144697532865E-003
  -2.59844517402        1.40620820670        2.16000000000        2.76645587163      -5.724391849078E-002 -3.286657573371E-004
  -3.11813420882        1.68744984804        2.16000000000        2.71128317602      -0.273978993726      -5.135140564043E-003
  -3.63782324363        1.96869148938        2.16000000000        2.58297655419      -0.361503965856      -5.968443858669E-003
  -4.15751227843        2.24993313072        2.16000000000        2.42149901441      -0.449314022062      -1.763233856798E-002
  -4.67720131323        2.53117477206        2.16000000000        2.30032523919      -0.532699080156      -3.287780002487E-002
  -5.19689034804        2.81241641340        2.16000000000        2.06060078728      -0.636317100648      -6.951309876396E-002
  -5.71657938284        3.09365805474        2.16000000000        1.70970036536      -0.753319183552      -0.116274349034     
   0.00000000000        0.00000000000        2.16000000000        2.62779867642      -1.211633444950E-002 -3.352587682314E-003
 -0.582849861102       9.726043971134E-002   2.16000000000        2.62287379669      -1.222483053627E-002 -4.927057219635E-003
  -1.16569972220       0.194520879423        2.16000000000        2.62755293279      -1.547697954637E-002 -4.236563498945E-003
  -1.74854958330       0.291781319134        2.16000000000        2.63672263404      -1.040157189605E-002 -3.455871661058E-003
  -2.33139944441       0.389041758845        2.16000000000        2.61961933982      -4.534810862962E-003 -5.288932037944E-003
  -2.91424930551       0.486302198557        2.16000000000        2.61729383489      -4.258743598563E-002 -5.525569209449E-003
  -3.49709916661       0.583562638268        2.16000000000        2.50973756748      -5.864218487651E-002  7.234511199244E-003
  -4.07994902771       0.680823077979        2.16000000000        2.41713633974      -6.657286240572E-002  3.736583160719E-002
  -4.66279888881       0.778083517691        2.16000000000        2.32310604234      -7.967098733118E-002  6.369770237243E-002
  -5.24564874991       0.875343957402        2.16000000000        2.19632034508      -0.112061797907       7.243761493038E-002
  -5.82849861102       0.972604397113        2.16000000000        1.98200859269      -6.403356749979E-002  7.825206312591E-002
  -6.41134847212        1.06986483682        2.16000000000        1.79673066704       2.508625653899E-002  0.193826007160     
   0.00000000000        0.00000000000        2.16000000000        2.62779867642      -1.211633444950E-002 -3.352587682314E-003
 -0.582849861102      -9.726043971134E-002   2.16000000000        2.61736944018      -1.238707863501E-002 -5.715318399168E-003
  -1.16569972220      -0.194520879423        2.16000000000        2.63564219463      -2.960638531549E-002 -1.919599504910E-003
  -1.74854958330      -0.291781319134        2.16000000000        2.64001765203      -1.662911991586E-002 -2.769644563957E-003
  -2.33139944441      -0.389041758845        2.16000000000        2.62541972249      -1.440573201047E-003 -4.524172310669E-003
  -2.91424930551      -0.486302198557        2.16000000000        2.62401172424       3.651662471128E-002 -3.995872787870E-003
  -3.49709916661      -0.583562638268        2.16000000000        2.52671794647       5.036040585478E-002 -7.235403566779E-004
  -4.07994902771      -0.680823077979        2.16000000000        2.43434425117       6.535115204793E-002  1.586638439723E-002
  -4.66279888881      -0.778083517691        2.16000000000        2.31602446502       9.265755845331E-002  4.298341794105E-002
  -5.24564874991      -0.875343957402        2.16000000000        2.16730285120       0.131034672903       5.741814021512E-002
  -5.82849861102      -0.972604397113        2.16000000000        2.08736757402       7.488440619873E-002  7.194337979933E-002
  -6.41134847212       -1.06986483682        2.16000000000        2.14389575594       5.438950145531E-002  0.302167212251     
   0.00000000000        0.00000000000        2.16000000000        2.62779867642      -1.211633444950E-002 -3.352587682314E-003
 -0.519689034804      -0.281241641340        2.16000000000        2.61292430339      -1.247976980127E-002 -6.240651607531E-003
  -1.03937806961      -0.562483282680        2.16000000000        2.63521723976      -3.671202938935E-002 -1.353693862474E-003
  -1.55906710441      -0.843724924020        2.16000000000        2.64795345409      -2.623330662378E-002 -5.748958627951E-004
  -2.07875613922       -1.12496656536        2.16000000000        2.65102532343       5.750292327286E-003 -1.250701680109E-003
  -2.59844517402       -1.40620820670        2.16000000000        2.74879650147       6.520509502870E-002 -6.907154601649E-003
  -3.11813420882       -1.68744984804        2.16000000000        2.68420436722       0.205670911114      -4.748556475352E-003
  -3.63782324363       -1.96869148938        2.16000000000        2.58895154775       0.324022073071      -6.250362383299E-003
  -4.15751227843       -2.24993313072        2.16000000000        2.45574270264       0.414996665546      -1.228352133898E-002
  -4.67720131323       -2.53117477206        2.16000000000        2.30930052419       0.523221848640      -2.467364117199E-002
  -5.19689034804       -2.81241641340        2.16000000000        2.04393321872       0.624785106814      -4.110211605738E-002
  -5.71657938284       -3.09365805474        2.16000000000        1.72542595944       0.693735115528      -6.989941671046E-002
   0.00000000000        0.00000000000        2.16000000000        2.62779867642      -1.211633444950E-002 -3.352587682314E-003
 -0.400211837779      -0.434745947216        2.16000000000        2.61189082479      -1.123124498628E-002 -6.118393696418E-003
 -0.800423675558      -0.869491894432        2.16000000000        2.63038706078      -1.220808156247E-002 -3.283014591595E-003
  -1.20063551334       -1.30423784165        2.16000000000        2.66510201176      -3.037033008212E-002  3.428539700373E-003
  -1.60084735112       -1.73898378886        2.16000000000        2.67276754838       1.522431002895E-003  2.005185278743E-003
  -2.00105918889       -2.17372973608        2.16000000000        2.79484993724      -0.105257784631       4.446747853326E-003
  -2.40127102667       -2.60847568330        2.16000000000        2.94271216826       9.737376227570E-002 -7.685206157127E-003
  -2.80148286445       -3.04322163051        2.16000000000        3.05720617861       0.317251769394      -1.788443927388E-002
  -3.20169470223       -3.47796757773        2.16000000000        3.36849526096       0.747162332756      -3.791065159381E-002
  -3.60190654001       -3.91271352494        2.16000000000        3.30336609361        1.12836544646      -7.376255477807E-002
  -4.00211837779       -4.34745947216        2.16000000000        2.81956526032        1.73005210571      -0.157734194650     
  -4.40233021557       -4.78220541938        2.16000000000        2.19001592726        2.04307569739      -0.248226682589     
   0.00000000000        0.00000000000        2.16000000000        2.62779867642      -1.211633444950E-002 -3.352587682314E-003
 -0.237365478204      -0.541138783933        2.16000000000        2.61751550542      -8.008939784507E-003 -5.069621251492E-003
 -0.474730956408       -1.08227756787        2.16000000000        2.63131210047       6.361695164660E-003 -3.732095108169E-003
 -0.712096434612       -1.62341635180        2.16000000000        2.65654377136      -5.315109115314E-003  9.832369540293E-004
 -0.949461912816       -2.16455513573        2.16000000000        2.68553728562      -1.510659472211E-002  6.126212224816E-003
  -1.18682739102       -2.70569391966        2.16000000000        2.89471668086      -9.806076447437E-002  3.332011596831E-004
  -1.42419286922       -3.24683270360        2.16000000000        2.96722900106      -0.306207050278      -2.195780696546E-003
  -1.66155834743       -3.78797148753        2.16000000000        3.08527132007      -0.483867232347      -6.457754353358E-003
  -1.89892382563       -4.32911027146        2.16000000000        3.38350467341       -1.10171041746      -1.977065254378E-002
  -2.13628930384       -4.87024905539        2.16000000000        3.97098825613       -2.66101059650      -3.822598316768E-002
  -2.37365478204       -5.41138783933        2.16000000000       8.470334491796E-002  -3.27260112761      -5.248624515649E-002
  -2.61102026024       -5.95252662326        2.16000000000       -3.00883574831      -0.876698386911      -5.791746118105E-002
   0.00000000000        0.00000000000        2.16000000000        2.62779867642      -1.211633444950E-002 -3.352587682314E-003
 -4.879688596092E-002 -0.588890836777        2.16000000000        2.62164511090      -6.343915862855E-003 -4.165790518051E-003
 -9.759377192185E-002  -1.17778167355        2.16000000000        2.63644094388       1.763502164359E-003 -2.868179602879E-003
 -0.146390657883       -1.76667251033        2.16000000000        2.64679008674       9.145249401986E-003 -1.378452158915E-003
 -0.195187543844       -2.35556334711        2.16000000000        2.66527950891      -2.059270307383E-002  3.310754791092E-003
 -0.243984429805       -2.94445418388        2.16000000000        2.88456958862      -4.268625108461E-002  3.730131626612E-003
 -0.292781315766       -3.53334502066        2.16000000000        2.61568368117       1.842280260445E-002  5.681082686863E-003
 -0.341578201726       -4.12223585744        2.16000000000        2.45564609927      -0.126007663881       3.845344007887E-003
 -0.390375087687       -4.71112669421        2.16000000000        2.25824987500      -0.274305412937       4.615271390240E-003
 -0.439171973648       -5.30001753099        2.16000000000        1.59058933712      -0.476330092604      -1.264007778218E-003
 -0.487968859609       -5.88890836777        2.16000000000        1.02982988885      -0.470497917278      -1.273526397166E-002
 -0.536765745570       -6.47779920454        2.16000000000       0.473709516836      -0.295204660808      -2.057062324767E-002
   0.00000000000        0.00000000000        2.16000000000        2.62779867642      -1.211633444950E-002 -3.352587682314E-003
  0.145059606038      -0.572827429873        2.16000000000        2.62383213439      -6.416604398740E-003 -3.504845580443E-003
  0.290119212075       -1.14565485975        2.16000000000        2.63898178812      -3.024803480646E-003 -2.098965305686E-003
  0.435178818113       -1.71848228962        2.16000000000        2.65005561626      -1.816169952655E-003 -7.378145764488E-004
  0.580238424151       -2.29130971949        2.16000000000        2.63859967286      -5.791467419405E-003 -2.922169901980E-003
  0.725298030189       -2.86413714937        2.16000000000        2.97152329081       0.114814159094       6.340793725360E-003
  0.870357636226       -3.43696457924        2.16000000000        2.82207677843       0.258323956568       1.249212845429E-002
   1.01541724226       -4.00979200911        2.16000000000        2.73702038405       0.472168035295       1.426107235221E-002
   1.16047684830       -4.58261943899        2.16000000000        2.44340694289       0.830541976588       1.838624539219E-002
   1.30553645434       -5.15544686886        2.16000000000        1.84266500540        1.45871703798       3.157209264061E-002
   1.45059606038       -5.72827429873        2.16000000000       0.817500190399        1.51555723412       3.734863897390E-002
   1.59565566642       -6.30110172861        2.16000000000       0.148195718362        1.10016593181       3.052923630517E-002
   0.00000000000        0.00000000000        2.16000000000        2.62779867642      -1.211633444950E-002 -3.352587682314E-003
  0.323196638891      -0.494689282610        2.16000000000        2.62383957798      -8.219128461421E-003 -3.158410078274E-003
  0.646393277781      -0.989378565219        2.16000000000        2.63952427034      -5.293618542849E-003 -1.247034481904E-003
  0.969589916672       -1.48406784783        2.16000000000        2.64947531447      -1.487233509420E-002 -7.707904289766E-004
   1.29278655556       -1.97875713044        2.16000000000        2.64878741812      -1.939735739718E-002 -2.074203457688E-003
   1.61598319445       -2.47344641305        2.16000000000        2.93310785828       2.420018791726E-002  1.373151523877E-002
   1.93917983334       -2.96813569566        2.16000000000        3.16496261317      -1.753383189868E-002  1.390813302192E-002
   2.26237647223       -3.46282497827        2.16000000000        3.31565522255       3.502967363895E-002  2.351163225838E-002
   2.58557311112       -3.95751426088        2.16000000000        3.94278346684      -8.808061026415E-002  4.623827702091E-002
   2.90876975001       -4.45220354349        2.16000000000        4.96416403855      -0.845507846612       7.036782804969E-002
   3.23196638891       -4.94689282610        2.16000000000        4.78223323199       -4.20439812051       9.150067834419E-002
   3.55516302780       -5.44158210871        2.16000000000        1.06726390686       -3.81616870987       9.511477414218E-002
   0.00000000000        0.00000000000        2.16000000000        2.62779867642      -1.211633444950E-002 -3.352587682314E-003
  0.466310301007      -0.362943875680        2.16000000000        2.62258355276      -1.116940838225E-002 -3.047607029729E-003
  0.932620602014      -0.725887751361        2.16000000000        2.63800960417      -4.797081705965E-003 -4.047070553587E-004
   1.39893090302       -1.08883162704        2.16000000000        2.64674398235      -1.730818539168E-002  6.076686626319E-005
   1.86524120403       -1.45177550272        2.16000000000        2.63313171059      -3.070648574322E-002 -1.345914936648E-003
   2.33155150503       -1.81471937840        2.16000000000        2.82517263811      -3.892614457886E-002  2.022943120180E-002
   2.79786180604       -2.17766325408        2.16000000000        2.78587503049      -0.155424254489       2.436404652869E-002
   3.26417210705       -2.54060712976        2.16000000000        2.87814675112      -0.477263274690       3.997182830052E-002
   3.73048240806       -2.90355100544        2.16000000000        2.83724639919      -0.698876589445       6.104974572704E-002
   4.19679270906       -3.26649488112        2.16000000000        2.67686794806      -0.840066421433       9.262301499425E-002
   4.66310301007       -3.62943875680        2.16000000000        2.32747960536       -1.08854953802       0.129384727517     
   5.12941331108       -3.99238263248        2.16000000000        1.95516320412       -1.20733121735       0.182833514861     
   0.00000000000        0.00000000000        2.16000000000        2.62779867642      -1.211633444950E-002 -3.352587682314E-003
  0.558892006459      -0.191867868166        2.16000000000        2.62950147263      -1.088642962791E-002 -2.007089509691E-003
   1.11778401292      -0.383735736333        2.16000000000        2.63720874592      -1.097387083914E-002 -2.355380577938E-004
   1.67667601938      -0.575603604499        2.16000000000        2.64070713604      -1.232338244060E-002  2.145949742708E-004
   2.23556802584      -0.767471472666        2.16000000000        2.58058312940      -1.837917126317E-002 -3.053465733641E-003
   2.79446003230      -0.959339340832        2.16000000000        2.62621066188      -4.543306927486E-002  1.562715443709E-002
   3.35335203876       -1.15120720900        2.16000000000        2.51339902207      -0.117323852573       2.411111374010E-002
   3.91224404522       -1.34307507716        2.16000000000        2.38935912145      -0.175948529385       3.440960811236E-002
   4.47113605168       -1.53494294533        2.16000000000        2.24418469529      -0.270968061529       5.431589484942E-002
   5.03002805814       -1.72681081350        2.16000000000        2.09171285783      -0.307801875228       8.374132803402E-002
   5.58892006459       -1.91867868166        2.16000000000        1.90951959111      -0.340697339161       0.109272168919     
   6.14781207105       -2.11054654983        2.16000000000        1.67842826570      -0.364180186440       0.125470898460     
   0.00000000000        0.00000000000        2.16000000000        2.62779867642      -1.211633444950E-002 -3.352587682314E-003
  0.590909090909        0.00000000000        2.16000000000        2.64017232922      -8.570990360491E-003 -6.256416513116E-004
   1.18181818182      -1.172487511250E-015   2.16000000000        2.64727959204      -4.680385715611E-003  1.154431164939E-003
   1.77272727273        0.00000000000        2.16000000000        2.62456498902       5.681110343481E-004 -1.774079678212E-003
   2.36363636364        0.00000000000        2.16000000000        2.63024434968      -3.949164669205E-003 -2.414326338752E-003
   2.95454545455        0.00000000000        2.16000000000        2.57491659406       1.117149832830E-002  1.399984311863E-002
   3.54545454545        0.00000000000        2.16000000000        2.45697955085       1.270154031668E-002  3.293872745489E-002
   4.13636363636        0.00000000000        2.16000000000        2.33633825808       4.109738094193E-003  4.626804053666E-002
   4.72727272727        0.00000000000        2.16000000000        2.20843205608       1.992265495777E-002  7.730300098766E-002
   5.31818181818        0.00000000000        2.16000000000        2.07161711663       5.089923366529E-002  0.131190272579     
   5.90909090909        0.00000000000        2.16000000000        1.91590020741      -1.509949171389E-002  0.181245904862     
   6.50000000000        0.00000000000        2.16000000000        1.62117281841       5.257343475167E-004  0.137361875661     
