 12 20 1 1
 1 X [LENGU]
 2 Y [LENGU]
 3 Z [LENGU]
 4 Hx [FIELU]
 5 Hy [FIELU]
 6 Hz [FIELU]
 0
   0.00000000000        0.00000000000       -43.2000000000        2.81184095257       2.857425117290E-002  3.034128658277E-005
  0.590909090909        0.00000000000       -43.2000000000        2.81042071728       3.277378572195E-002 -2.869986698594E-004
   1.18181818182        0.00000000000       -43.2000000000        2.80900048199       3.697332027100E-002 -6.043386263016E-004
   1.77272727273        0.00000000000       -43.2000000000        2.81839496465       3.613208848759E-002  1.527439982794E-003
   2.36363636364        0.00000000000       -43.2000000000        2.81361526624       2.716702827252E-002  3.273425459937E-004
   2.95454545455        0.00000000000       -43.2000000000        2.85709707506      -1.143778930093E-002 -1.147814848962E-003
   3.54545454545        0.00000000000       -43.2000000000        2.73229793906       1.550841363859E-002 -6.147372336864E-004
   4.13636363636        0.00000000000       -43.2000000000        2.59924654674       3.952406749237E-002 -3.525688359764E-003
   4.72727272727        0.00000000000       -43.2000000000        2.47653322204       3.132298188368E-002 -3.317304834983E-003
   5.31818181818        0.00000000000       -43.2000000000        2.35381989734       2.312189627500E-002 -3.108921310203E-003
   5.90909090909        0.00000000000       -43.2000000000        2.23110657263       1.492081066632E-002 -2.900537785423E-003
   6.50000000000        0.00000000000       -43.2000000000        2.10839324793       6.719725057632E-003 -2.692154260643E-003
   0.00000000000        0.00000000000       -43.2000000000        2.81184095257       2.857425117290E-002  3.034128658277E-005
  0.558892006459       0.191867868166       -43.2000000000        2.81201250734       3.429288117033E-002  3.482931785983E-004
   1.11778401292       0.383735736333       -43.2000000000        2.81218406211       4.001151116776E-002  6.662450706138E-004
   1.67667601938       0.575603604499       -43.2000000000        2.81420846119       4.368314996369E-002  1.216918969170E-003
   2.23556802584       0.767471472666       -43.2000000000        2.82281309867       4.238569224540E-002  2.011773602510E-003
   2.79446003230       0.959339340832       -43.2000000000        2.92036965273       7.615073228475E-002  1.626576345846E-003
   3.35335203876        1.15120720900       -43.2000000000        2.78994837237       0.204846097762       4.928163785149E-003
   3.91224404522        1.34307507716       -43.2000000000        2.66099221638       0.256845213053       2.980267732630E-003
   4.47113605168        1.53494294533       -43.2000000000        2.53192008613       0.327816061016       1.309948820052E-002
   5.03002805814        1.72681081350       -43.2000000000        2.41484966327       0.391602911745       1.752304202688E-002
   5.58892006459        1.91867868166       -43.2000000000        2.25462279827       0.387440212099       3.528737068656E-002
   6.14781207105        2.11054654983       -43.2000000000        1.96490637008       0.346206720803       6.139385764942E-002
   0.00000000000        0.00000000000       -43.2000000000        2.81184095257       2.857425117290E-002  3.034128658277E-005
  0.466310301007       0.362943875680       -43.2000000000        2.81535975995       3.126164038894E-002  3.398362263603E-004
  0.932620602014       0.725887751361       -43.2000000000        2.81578804820       4.819888063180E-002  1.108387839457E-003
   1.39893090302        1.08883162704       -43.2000000000        2.82336588384       4.709071381413E-002  2.085029747064E-003
   1.86524120403        1.45177550272       -43.2000000000        2.81890277453       7.953364278628E-002  2.605120672657E-003
   2.33155150503        1.81471937840       -43.2000000000        3.13119739859       7.931513686533E-002  3.499996681750E-003
   2.79786180604        2.17766325408       -43.2000000000        3.05818186198       0.280108364706       3.633154785274E-003
   3.26417210705        2.54060712976       -43.2000000000        2.99354449134       0.475228645803       5.844158479327E-003
   3.73048240806        2.90355100544       -43.2000000000        3.01300348046       0.727910171020       1.573224257669E-002
   4.19679270906        3.26649488112       -43.2000000000        2.96808368326        1.02823827277       2.015761116084E-002
   4.66310301007        3.62943875680       -43.2000000000        2.77647304780        1.40428322013       4.522595120159E-002
   5.12941331108        3.99238263248       -43.2000000000        2.39184156650        1.47642234746       1.375264546705E-002
   0.00000000000        0.00000000000       -43.2000000000        2.81184095257       2.857425117290E-002  3.034128658277E-005
  0.323196638891       0.494689282610       -43.2000000000        2.81760022954       3.128417629816E-002  4.055992391870E-004
  0.646393277781       0.989378565219       -43.2000000000        2.81902347229       5.398680784401E-002  1.424919033758E-003
  0.969589916672        1.48406784783       -43.2000000000        2.82306191477       6.860023266972E-002  2.370497288251E-003
   1.29278655556        1.97875713044       -43.2000000000        2.81861326437       0.110179505954       3.226350571416E-003
   1.61598319445        2.47344641305       -43.2000000000        3.19974949376      -1.373419899706E-002  5.346639970029E-004
   1.93917983334        2.96813569566       -43.2000000000        3.40410546955      -8.133200071495E-002  2.866133912757E-003
   2.26237647223        3.46282497827       -43.2000000000        3.74700796597      -0.156018167589       4.847749927601E-003
   2.58557311112        3.95751426088       -43.2000000000        4.45000388759       0.136023031244       9.020102181781E-003
   2.90876975001        4.45220354349       -43.2000000000        5.50624949729        1.00099398762       1.122939958244E-002
   3.23196638891        4.94689282610       -43.2000000000        5.32352570262        4.27259155019       1.947832363341E-002
   3.55516302780        5.44158210871       -43.2000000000        1.70102610308        4.04229865538       2.763133910646E-002
   0.00000000000        0.00000000000       -43.2000000000        2.81184095257       2.857425117290E-002  3.034128658277E-005
  0.145059606038       0.572827429873       -43.2000000000        2.81906371115       3.171795750864E-002  4.534057202195E-004
  0.290119212075        1.14565485975       -43.2000000000        2.82195043552       5.485437026498E-002  1.520531995823E-003
  0.435178818113        1.71848228962       -43.2000000000        2.83210832770       4.604022199144E-002  1.485133375950E-003
  0.580238424151        2.29130971949       -43.2000000000        2.83857919858       5.694079732494E-002  2.274400675642E-003
  0.725298030189        2.86413714937       -43.2000000000        3.17367301872      -7.801764704409E-002  1.455491996383E-004
  0.870357636226        3.43696457924       -43.2000000000        3.00312364635      -0.208221621382      -5.194801881848E-003
   1.01541724226        4.00979200911       -43.2000000000        2.86597216956      -0.693330535985      -2.779140876946E-003
   1.16047684830        4.58261943899       -43.2000000000        2.85608876415      -0.932952300805      -6.517817231380E-003
   1.30553645434        5.15544686886       -43.2000000000        2.05940937500       -1.45127953793       1.292963236417E-004
   1.45059606038        5.72827429873       -43.2000000000       0.954079890081       -1.73103721532       4.539759150640E-003
   1.59565566642        6.30110172861       -43.2000000000       0.198839144391       -1.29670145230      -2.666969182091E-003
   0.00000000000        0.00000000000       -43.2000000000        2.81184095257       2.857425117290E-002  3.034128658277E-005
 -4.879688596092E-002  0.588890836777       -43.2000000000        2.82021437139       2.964454939855E-002  3.855725111202E-004
 -9.759377192185E-002   1.17778167355       -43.2000000000        2.82563897082       4.461193180077E-002  1.174522627115E-003
 -0.146390657883        1.76667251033       -43.2000000000        2.83858102055       2.654655243547E-002  8.236041135420E-004
 -0.195187543844        2.35556334711       -43.2000000000        2.87182115951      -2.843827051684E-002 -9.174964661017E-005
 -0.243984429805        2.94445418388       -43.2000000000        3.17405591742       3.857292599054E-002 -3.960535352221E-003
 -0.292781315766        3.53334502066       -43.2000000000        2.92918614950       0.123628864604      -4.517358223324E-003
 -0.341578201726        4.12223585744       -43.2000000000        2.66823916590       0.581127523376       1.740860292115E-003
 -0.390375087687        4.71112669421       -43.2000000000        2.38864074660       0.471680548494      -1.116047269766E-004
 -0.439171973648        5.30001753099       -43.2000000000        1.77158768120       0.459770262306      -2.659479215036E-003
 -0.487968859609        5.88890836777       -43.2000000000        1.11373998398       0.466825278661      -8.471979128085E-003
 -0.536765745570        6.47779920454       -43.2000000000       0.585702736535       0.452251043515      -8.602063142066E-003
   0.00000000000        0.00000000000       -43.2000000000        2.81184095257       2.857425117290E-002  3.034128658277E-005
 -0.237365478204       0.541138783933       -43.2000000000        2.82092751836       2.528863790884E-002  2.094503926356E-004
 -0.474730956408        1.08227756787       -43.2000000000        2.82714915558       3.553148043173E-002  8.095580508578E-004
 -0.712096434612        1.62341635180       -43.2000000000        2.84880906651       6.284340865651E-003  1.441794445412E-004
 -0.949461912816        2.16455513573       -43.2000000000        2.91058203528      -0.124158776451      -3.732476202645E-003
  -1.18682739102        2.70569391966       -43.2000000000        3.15676565242       4.637988645546E-002 -1.714931019892E-003
  -1.42419286922        3.24683270360       -43.2000000000        3.25606692637       0.166436378968      -4.059779575140E-003
  -1.66155834743        3.78797148753       -43.2000000000        3.58510938872       0.385527029006      -8.670850596048E-003
  -1.89892382563        4.32911027146       -43.2000000000        4.15843383596        1.03327059908      -8.535979056384E-003
  -2.13628930384        4.87024905539       -43.2000000000        4.34887173657        2.88507156062      -6.494464622665E-003
  -2.37365478204        5.41138783933       -43.2000000000       0.182251841676        4.52927000164      -6.938117752178E-003
  -2.61102026024        5.95252662326       -43.2000000000       -3.07001874188       0.809559896725      -1.638412253699E-003
   0.00000000000        0.00000000000       -43.2000000000        2.81184095257       2.857425117290E-002  3.034128658277E-005
 -0.400211837779       0.434745947216       -43.2000000000        2.82112587152       1.912225363836E-002 -5.587507088007E-005
 -0.800423675558       0.869491894432       -43.2000000000        2.82607475624       2.966296252441E-002  5.019704136235E-004
  -1.20063551334        1.30423784165       -43.2000000000        2.84440165937       1.864136581976E-003 -1.930690482848E-004
  -1.60084735112        1.73898378886       -43.2000000000        2.89999500252      -8.937739104008E-002 -2.667940812753E-003
  -2.00105918889        2.17372973608       -43.2000000000        3.03127858205       0.113278119077       1.517694959011E-003
  -2.40127102667        2.60847568330       -43.2000000000        3.28236100718      -0.260575777941       2.856898063721E-003
  -2.80148286445        3.04322163051       -43.2000000000        3.12888595699      -0.589631275001       1.317216375987E-003
  -3.20169470223        3.47796757773       -43.2000000000        3.62702491968      -0.769127646196      -1.372095038329E-003
  -3.60190654001        3.91271352494       -43.2000000000        3.64910637578       -1.46510678162      -1.098383390047E-002
  -4.00211837779        4.34745947216       -43.2000000000        3.17606947243       -2.15422083497      -4.113751424709E-002
  -4.40233021557        4.78220541938       -43.2000000000        2.68384242802       -2.32520744191      -3.946476956161E-002
   0.00000000000        0.00000000000       -43.2000000000        2.81184095257       2.857425117290E-002  3.034128658277E-005
 -0.519689034804       0.281241641340       -43.2000000000        2.81933023319       1.853483743098E-002 -1.651288033320E-004
  -1.03937806961       0.562483282680       -43.2000000000        2.82539888566       1.504569525595E-002 -1.495829416289E-004
  -1.55906710441       0.843724924020       -43.2000000000        2.83225523323       8.411166965926E-003 -2.579831496307E-004
  -2.07875613922        1.12496656536       -43.2000000000        2.86861407427      -3.698939000949E-002 -1.392497729827E-003
  -2.59844517402        1.40620820670       -43.2000000000        3.01748620916      -9.705859179146E-002  5.545917293114E-003
  -3.11813420882        1.68744984804       -43.2000000000        2.96912066987      -0.208484298527       1.014733585658E-002
  -3.63782324363        1.96869148938       -43.2000000000        2.91326960318      -0.393907478425       8.100673810002E-003
  -4.15751227843        2.24993313072       -43.2000000000        2.79573439478      -0.523883187090      -7.294020065660E-004
  -4.67720131323        2.53117477206       -43.2000000000        2.60332624983      -0.688907551335      -6.352897334236E-003
  -5.19689034804        2.81241641340       -43.2000000000        2.36945169586      -0.870616777796       1.015479599206E-002
  -5.71657938284        3.09365805474       -43.2000000000        2.01347062950       -1.07836557997       5.093134727292E-002
   0.00000000000        0.00000000000       -43.2000000000        2.81184095257       2.857425117290E-002  3.034128658277E-005
 -0.582849861102       9.726043971134E-002  -43.2000000000        2.81661013268       1.955582887266E-002 -2.364330936357E-004
  -1.16569972220       0.194520879423       -43.2000000000        2.82137931280       1.053740657242E-002 -5.032074738541E-004
  -1.74854958330       0.291781319134       -43.2000000000        2.82614849291       1.518984272185E-003 -7.699818540725E-004
  -2.33139944441       0.389041758845       -43.2000000000        2.83091767303      -7.499438028053E-003 -1.036756234291E-003
  -2.91424930551       0.486302198557       -43.2000000000        2.88470690740      -6.723527056963E-002  5.020472128010E-003
  -3.49709916661       0.583562638268       -43.2000000000        2.80184471771      -0.147886466808       2.270275437198E-003
  -4.07994902771       0.680823077979       -43.2000000000        2.68840936424      -0.133027806551       4.496192675966E-003
  -4.66279888881       0.778083517691       -43.2000000000        2.52130738438      -0.174594380068      -3.011136481579E-003
  -5.24564874991       0.875343957402       -43.2000000000        2.42606367587      -0.202902228938      -7.570495124935E-003
  -5.82849861102       0.972604397113       -43.2000000000        2.28550017941      -0.190859713647      -3.603930540787E-003
  -6.41134847212        1.06986483682       -43.2000000000        2.13659700519      -0.186737452742      -1.304490801798E-003
   0.00000000000        0.00000000000       -43.2000000000        2.81184095257       2.857425117290E-002  3.034128658277E-005
 -0.582849861102      -9.726043971134E-002  -43.2000000000        2.81337321751       2.155410630582E-002 -2.788282404117E-004
  -1.16569972220      -0.194520879423       -43.2000000000        2.81490548245       1.453396143874E-002 -5.879977674062E-004
  -1.74854958330      -0.291781319134       -43.2000000000        2.81643774739       7.513816571658E-003 -8.971672944006E-004
  -2.33139944441      -0.389041758845       -43.2000000000        2.81797001233       4.936717045766E-004 -1.206336821395E-003
  -2.91424930551      -0.486302198557       -43.2000000000        2.87608396233       4.644401521044E-002  3.208662591244E-003
  -3.49709916661      -0.583562638268       -43.2000000000        2.77910072402       8.584942727287E-002  3.790897362289E-003
  -4.07994902771      -0.680823077979       -43.2000000000        2.70593460633       0.147444883175       1.676393636263E-003
  -4.66279888881      -0.778083517691       -43.2000000000        2.53903886898       0.154981052036      -4.462028816512E-003
  -5.24564874991      -0.875343957402       -43.2000000000        2.40459664344       0.194240377226       9.572179088906E-003
  -5.82849861102      -0.972604397113       -43.2000000000        2.24441340473       0.222113660104       2.503215813041E-002
  -6.41134847212       -1.06986483682       -43.2000000000        2.06068141202       0.213899126607       2.053768478693E-002
   0.00000000000        0.00000000000       -43.2000000000        2.81184095257       2.857425117290E-002  3.034128658277E-005
 -0.519689034804      -0.281241641340       -43.2000000000        2.81156120388       2.078818748097E-002 -8.341262649126E-004
  -1.03937806961      -0.562483282680       -43.2000000000        2.81128145519       1.300212378904E-002 -1.698593816408E-003
  -1.55906710441      -0.843724924020       -43.2000000000        2.81100170649       5.216060097104E-003 -2.563061367903E-003
  -2.07875613922       -1.12496656536       -43.2000000000        2.81563984132       2.857085449540E-003 -2.065907646533E-003
  -2.59844517402       -1.40620820670       -43.2000000000        3.05129462150       0.103735640089      -3.137287266859E-003
  -3.11813420882       -1.68744984804       -43.2000000000        2.94705998855       0.175432734212      -1.125431686074E-003
  -3.63782324363       -1.96869148938       -43.2000000000        2.88701068791       0.373751087134       5.682705853914E-003
  -4.15751227843       -2.24993313072       -43.2000000000        2.75447961457       0.612434060176      -2.159978784383E-003
  -4.67720131323       -2.53117477206       -43.2000000000        2.60211801709       0.664167401489       8.376879167685E-003
  -5.19689034804       -2.81241641340       -43.2000000000        2.36282525877       0.858160071104       2.302527035144E-003
  -5.71657938284       -3.09365805474       -43.2000000000        1.89246410551        1.17527978581       5.455236797121E-002
   0.00000000000        0.00000000000       -43.2000000000        2.81184095257       2.857425117290E-002  3.034128658277E-005
 -0.400211837779      -0.434745947216       -43.2000000000        2.81043960558       1.940347588754E-002 -1.522455459155E-003
 -0.800423675558      -0.869491894432       -43.2000000000        2.80887120544       8.241715158095E-003 -2.862082594115E-003
  -1.20063551334       -1.30423784165       -43.2000000000        2.81125774646       3.497480121404E-003 -3.357687675892E-003
  -1.60084735112       -1.73898378886       -43.2000000000        2.82134792639       4.589235427417E-003 -2.305320034839E-003
  -2.00105918889       -2.17372973608       -43.2000000000        3.06503252747      -3.187650497725E-002  1.881773783004E-003
  -2.40127102667       -2.60847568330       -43.2000000000        3.28744600814       0.231138944521      -1.185750582363E-003
  -2.80148286445       -3.04322163051       -43.2000000000        3.30408841777       0.393769118822      -3.034419211987E-003
  -3.20169470223       -3.47796757773       -43.2000000000        3.49656590397       0.785362179655      -3.891427829222E-003
  -3.60190654001       -3.91271352494       -43.2000000000        3.64314243448        1.41860555278      -7.709295024451E-003
  -4.00211837779       -4.34745947216       -43.2000000000        3.35870529355        2.04485124298      -4.240214695455E-002
  -4.40233021557       -4.78220541938       -43.2000000000        2.77205482116        2.13073287485      -2.134936166106E-002
   0.00000000000        0.00000000000       -43.2000000000        2.81184095257       2.857425117290E-002  3.034128658277E-005
 -0.237365478204      -0.541138783933       -43.2000000000        2.80946986498       1.901256009552E-002 -2.042515031873E-003
 -0.474730956408       -1.08227756787       -43.2000000000        2.80693258526       3.529900336050E-003 -3.274843447843E-003
 -0.712096434612       -1.62341635180       -43.2000000000        2.81160456898       3.783175918677E-003 -3.649865393844E-003
 -0.949461912816       -2.16455513573       -43.2000000000        2.81598823874      -5.006701514921E-002 -5.449012386205E-003
  -1.18682739102       -2.70569391966       -43.2000000000        3.15338158864      -5.461732000626E-002 -4.679232419905E-003
  -1.42419286922       -3.24683270360       -43.2000000000        3.19577090284      -0.221660254717      -2.574472274997E-003
  -1.66155834743       -3.78797148753       -43.2000000000        3.54893304509      -0.489376267302      -5.476590570990E-004
  -1.89892382563       -4.32911027146       -43.2000000000        3.91161784581       -1.18211820118      -9.351625745361E-005
  -2.13628930384       -4.87024905539       -43.2000000000        4.31903059464       -3.07331658305      -3.054744808284E-003
  -2.37365478204       -5.41138783933       -43.2000000000       0.602278847885       -4.07496908904      -4.108785654461E-003
  -2.61102026024       -5.95252662326       -43.2000000000       -3.49398750484      -0.917707196087      -2.398964173376E-003
   0.00000000000        0.00000000000       -43.2000000000        2.81184095257       2.857425117290E-002  3.034128658277E-005
 -4.879688596092E-002 -0.588890836777       -43.2000000000        2.80871505973       1.915712982149E-002 -2.284342807540E-003
 -9.759377192185E-002  -1.17778167355       -43.2000000000        2.80564821344       2.762458430055E-003 -3.449232699439E-003
 -0.146390657883       -1.76667251033       -43.2000000000        2.80740396942      -1.442898170061E-002 -4.848171173637E-003
 -0.195187543844       -2.35556334711       -43.2000000000        2.78196602175       5.520770224725E-002 -2.508183923479E-003
 -0.243984429805       -2.94445418388       -43.2000000000        3.16257756939      -5.111276139240E-002 -6.199070292567E-003
 -0.292781315766       -3.53334502066       -43.2000000000        2.89845969039      -0.287527337114      -2.582646420380E-003
 -0.341578201726       -4.12223585744       -43.2000000000        2.73673402844      -0.516607867954      -4.729759793182E-003
 -0.390375087687       -4.71112669421       -43.2000000000        2.47547421467      -0.363904069848      -7.191885529728E-003
 -0.439171973648       -5.30001753099       -43.2000000000        1.80665697868      -0.434299025355      -1.140696326127E-002
 -0.487968859609       -5.88890836777       -43.2000000000        1.16637952757      -0.492550590609      -1.764047989766E-002
 -0.536765745570       -6.47779920454       -43.2000000000       0.669568232866      -0.615916904713      -1.591774625983E-002
   0.00000000000        0.00000000000       -43.2000000000        2.81184095257       2.857425117290E-002  3.034128658277E-005
  0.145059606038      -0.572827429873       -43.2000000000        2.80827914071       2.008557995225E-002 -2.250005343647E-003
  0.290119212075       -1.14565485975       -43.2000000000        2.80462409043       4.058351543974E-003 -3.386237111373E-003
  0.435178818113       -1.71848228962       -43.2000000000        2.80408705510      -1.040918396207E-002 -4.700474709136E-003
  0.580238424151       -2.29130971949       -43.2000000000        2.77855119679       8.698766331305E-002 -3.231433555107E-004
  0.725298030189       -2.86413714937       -43.2000000000        3.21185232177       0.162022315560       2.117061278201E-003
  0.870357636226       -3.43696457924       -43.2000000000        3.02529251827       0.286641068024      -4.625176175154E-003
   1.01541724226       -4.00979200911       -43.2000000000        2.99920648365       0.533420718424      -4.615894988720E-003
   1.16047684830       -4.58261943899       -43.2000000000        2.69504378858        1.00938020783      -5.966326667230E-003
   1.30553645434       -5.15544686886       -43.2000000000        2.05735210985        1.52691193331      -7.636470974611E-003
   1.45059606038       -5.72827429873       -43.2000000000        1.06347941294        1.65893924130      -1.086841439490E-002
   1.59565566642       -6.30110172861       -43.2000000000       9.313499593674E-002   1.24713535386      -2.907385638739E-002
   0.00000000000        0.00000000000       -43.2000000000        2.81184095257       2.857425117290E-002  3.034128658277E-005
  0.323196638891      -0.494689282610       -43.2000000000        2.80832388777       2.306243301417E-002 -2.089385022682E-003
  0.646393277781      -0.989378565219       -43.2000000000        2.80397119586       7.277149551061E-003 -3.092683233088E-003
  0.969589916672       -1.48406784783       -43.2000000000        2.80193189542       1.423864679334E-005 -4.009705450056E-003
   1.29278655556       -1.97875713044       -43.2000000000        2.81352862585      -1.208326157051E-002 -1.634010411132E-003
   1.61598319445       -2.47344641305       -43.2000000000        3.16517657824      -2.198056880022E-003 -6.117826193692E-003
   1.93917983334       -2.96813569566       -43.2000000000        3.30314033416       2.628690922510E-003 -5.301498159295E-003
   2.26237647223       -3.46282497827       -43.2000000000        3.75473501187       7.125224818541E-002 -2.569196626720E-003
   2.58557311112       -3.95751426088       -43.2000000000        4.45283267575      -0.130005176850       6.148699180484E-003
   2.90876975001       -4.45220354349       -43.2000000000        5.60775124052      -0.915741568140       2.299178448939E-003
   3.23196638891       -4.94689282610       -43.2000000000        5.27495812468       -4.32895640959       1.307322255467E-003
   3.55516302780       -5.44158210871       -43.2000000000        1.63188435305       -4.00880708356       7.488087377583E-003
   0.00000000000        0.00000000000       -43.2000000000        2.81184095257       2.857425117290E-002  3.034128658277E-005
  0.466310301007      -0.362943875680       -43.2000000000        2.80874725184       2.660664384757E-002 -1.695854590204E-003
  0.932620602014      -0.725887751361       -43.2000000000        2.80497416303       1.654190242307E-002 -2.555111469789E-003
   1.39893090302       -1.08883162704       -43.2000000000        2.80578866652       5.115331172681E-003 -2.175724391844E-003
   1.86524120403       -1.45177550272       -43.2000000000        2.81854083794      -1.624674336873E-002  6.666948853925E-004
   2.33155150503       -1.81471937840       -43.2000000000        3.10746750402      -7.926816091107E-002 -5.674681298944E-003
   2.79786180604       -2.17766325408       -43.2000000000        3.17994742327      -0.398332593077       8.004017104907E-004
   3.26417210705       -2.54060712976       -43.2000000000        3.04977861872      -0.522851666373       3.626042484335E-003
   3.73048240806       -2.90355100544       -43.2000000000        2.95658297696      -0.748403976411       1.559830042254E-002
   4.19679270906       -3.26649488112       -43.2000000000        2.92936861916       -1.03481911775       5.626564837479E-003
   4.66310301007       -3.62943875680       -43.2000000000        2.79599653480       -1.48535385533       3.100796727051E-002
   5.12941331108       -3.99238263248       -43.2000000000        2.30140615524       -1.50564934923       3.327063215477E-002
   0.00000000000        0.00000000000       -43.2000000000        2.81184095257       2.857425117290E-002  3.034128658277E-005
  0.558892006459      -0.191867868166       -43.2000000000        2.80945469029       2.975414466887E-002 -1.049960352640E-003
   1.11778401292      -0.383735736333       -43.2000000000        2.80685410297       2.837965334673E-002 -1.856770681782E-003
   1.67667601938      -0.575603604499       -43.2000000000        2.81156159251       1.800965235774E-002 -1.708112675311E-004
   2.23556802584      -0.767471472666       -43.2000000000        2.81205698442       3.534341482095E-003 -4.580215136764E-004
   2.79446003230      -0.959339340832       -43.2000000000        2.90230596531      -8.937346927168E-002 -4.395852634048E-003
   3.35335203876       -1.15120720900       -43.2000000000        2.80728432715      -0.224702756495      -1.920864080662E-003
   3.91224404522       -1.34307507716       -43.2000000000        2.64269419746      -0.264617582010      -2.143936572870E-003
   4.47113605168       -1.53494294533       -43.2000000000        2.55965145011      -0.300537396115       9.720482013095E-004
   5.03002805814       -1.72681081350       -43.2000000000        2.36541392975      -0.298201276114       1.911444847806E-002
   5.58892006459       -1.91867868166       -43.2000000000        2.18099354204      -0.310508463963       3.097837177039E-002
   6.14781207105       -2.11054654983       -43.2000000000        1.96258860734      -0.309783273502       2.742809939886E-002
   0.00000000000        0.00000000000       -43.2000000000        2.81184095257       2.857425117290E-002  3.034128658277E-005
  0.590909090909        0.00000000000       -43.2000000000        2.81042071728       3.277378572195E-002 -2.869986698594E-004
   1.18181818182      -1.172487511250E-015  -43.2000000000        2.80900048199       3.697332027100E-002 -6.043386263016E-004
   1.77272727273        0.00000000000       -43.2000000000        2.81839496465       3.613208848759E-002  1.527439982794E-003
   2.36363636364        0.00000000000       -43.2000000000        2.81361526624       2.716702827252E-002  3.273425459937E-004
   2.95454545455        0.00000000000       -43.2000000000        2.85709707506      -1.143778930093E-002 -1.147814848962E-003
   3.54545454545        0.00000000000       -43.2000000000        2.73229793906       1.550841363859E-002 -6.147372336864E-004
   4.13636363636        0.00000000000       -43.2000000000        2.59924654674       3.952406749237E-002 -3.525688359764E-003
   4.72727272727        0.00000000000       -43.2000000000        2.47653322204       3.132298188368E-002 -3.317304834983E-003
   5.31818181818        0.00000000000       -43.2000000000        2.35381989734       2.312189627500E-002 -3.108921310203E-003
   5.90909090909        0.00000000000       -43.2000000000        2.23110657263       1.492081066632E-002 -2.900537785423E-003
   6.50000000000        0.00000000000       -43.2000000000        2.10839324793       6.719725057632E-003 -2.692154260643E-003
