 12 20 1 1
 1 X [LENGU]
 2 Y [LENGU]
 3 Z [LENGU]
 4 Hx [FIELU]
 5 Hy [FIELU]
 6 Hz [FIELU]
 0
   0.00000000000        0.00000000000       -43.2000000000        3.34628070168       3.381970495166E-002 -2.632904827264E-004
  0.590909090909        0.00000000000       -43.2000000000        3.34460374169       3.891928152337E-002 -6.422461926096E-004
   1.18181818182        0.00000000000       -43.2000000000        3.34292678171       4.401885809507E-002 -1.021201902493E-003
   1.77272727273        0.00000000000       -43.2000000000        3.35415608820       4.301147843458E-002  1.539137502537E-003
   2.36363636364        0.00000000000       -43.2000000000        3.34844768163       3.248884600750E-002  1.201956456425E-004
   2.95454545455        0.00000000000       -43.2000000000        3.39788781758      -1.334717501923E-002 -1.473195111668E-003
   3.54545454545        0.00000000000       -43.2000000000        3.24902296396       1.888496094621E-002 -8.103684344808E-004
   4.13636363636        0.00000000000       -43.2000000000        3.09041338790       4.764367768274E-002 -4.255229100209E-003
   4.72727272727        0.00000000000       -43.2000000000        2.94415306957       3.787071035786E-002 -3.991410290651E-003
   5.31818181818        0.00000000000       -43.2000000000        2.79789275124       2.809774303299E-002 -3.727591481093E-003
   5.90909090909        0.00000000000       -43.2000000000        2.65163243291       1.832477570811E-002 -3.463772671535E-003
   6.50000000000        0.00000000000       -43.2000000000        2.50537211458       8.551808383236E-003 -3.199953861977E-003
   0.00000000000        0.00000000000       -43.2000000000        3.34628070168       3.381970495166E-002 -2.632904827264E-004
  0.558892006459       0.191867868166       -43.2000000000        3.34652443598       4.065730003748E-002  1.198592496674E-004
   1.11778401292       0.383735736333       -43.2000000000        3.34676817029       4.749489512330E-002  5.030089820613E-004
   1.67667601938       0.575603604499       -43.2000000000        3.34921379465       5.188793352316E-002  1.165269103376E-003
   2.23556802584       0.767471472666       -43.2000000000        3.35952392871       5.034063497659E-002  2.116921266509E-003
   2.79446003230       0.959339340832       -43.2000000000        3.47357659232       9.067824716086E-002  1.824816514195E-003
   3.35335203876        1.15120720900       -43.2000000000        3.31799943710       0.244196900969       5.767599361590E-003
   3.91224404522        1.34307507716       -43.2000000000        3.16423878707       0.306305810779       3.479594458786E-003
   4.47113605168        1.53494294533       -43.2000000000        3.01037992179       0.391062515091       1.556548790710E-002
   5.03002805814        1.72681081350       -43.2000000000        2.87082814094       0.467163562517       2.085914173489E-002
   5.58892006459        1.91867868166       -43.2000000000        2.68002104402       0.462579139561       4.205229980337E-002
   6.14781207105        2.11054654983       -43.2000000000        2.33519385129       0.413914095181       7.312457289967E-002
   0.00000000000        0.00000000000       -43.2000000000        3.34628070168       3.381970495166E-002 -2.632904827264E-004
  0.466310301007       0.362943875680       -43.2000000000        3.35055866953       3.699907258852E-002  1.087215501091E-004
  0.932620602014       0.725887751361       -43.2000000000        3.35112761792       5.710400158655E-002  1.022702186763E-003
   1.39893090302        1.08883162704       -43.2000000000        3.36024375480       5.572011971367E-002  2.194914342266E-003
   1.86524120403        1.45177550272       -43.2000000000        3.35494579890       9.435523264101E-002  2.813868736697E-003
   2.33155150503        1.81471937840       -43.2000000000        3.72559232122       9.406933163421E-002  4.019872679307E-003
   2.79786180604        2.17766325408       -43.2000000000        3.63848234166       0.333423610015       4.189896712775E-003
   3.26417210705        2.54060712976       -43.2000000000        3.56135379434       0.565999130238       6.854438273214E-003
   3.73048240806        2.90355100544       -43.2000000000        3.58435200600       0.867280119380       1.868282825562E-002
   4.19679270906        3.26649488112       -43.2000000000        3.53068797044        1.22531366633       2.399492065821E-002
   4.66310301007        3.62943875680       -43.2000000000        3.30253574572        1.67364636340       5.387861954752E-002
   5.12941331108        3.99238263248       -43.2000000000        2.84423209436        1.75964091055       1.639478312474E-002
   0.00000000000        0.00000000000       -43.2000000000        3.34628070168       3.381970495166E-002 -2.632904827264E-004
  0.323196638891       0.494689282610       -43.2000000000        3.35325866704       3.696940213378E-002  1.844917893466E-004
  0.646393277781       0.989378565219       -43.2000000000        3.35503283504       6.386585839855E-002  1.392662304421E-003
  0.969589916672        1.48406784783       -43.2000000000        3.35992574208       8.115093785075E-002  2.516593419255E-003
   1.29278655556        1.97875713044       -43.2000000000        3.35470886426       0.130570264621       3.540598516502E-003
   1.61598319445        2.47344641305       -43.2000000000        3.80800481288      -1.653061711114E-002  4.095640129796E-004
   1.93917983334        2.96813569566       -43.2000000000        4.05122253522      -9.725716200164E-002  3.265599089161E-003
   2.26237647223        3.46282497827       -43.2000000000        4.45971123713      -0.186273491861       5.646980078932E-003
   2.58557311112        3.95751426088       -43.2000000000        5.29712416753       0.161773462642       1.057471503503E-002
   2.90876975001        4.45220354349       -43.2000000000        6.55577496916        1.19288343678       1.323921053667E-002
   3.23196638891        4.94689282610       -43.2000000000        6.33809935282        5.09168276201       2.308329372592E-002
   3.55516302780        5.44158210871       -43.2000000000        2.02139735646        4.81740637851       3.280093050576E-002
   0.00000000000        0.00000000000       -43.2000000000        3.34628070168       3.381970495166E-002 -2.632904827264E-004
  0.145059606038       0.572827429873       -43.2000000000        3.35501901697       3.743568216197E-002  2.385478261703E-004
  0.290119212075        1.14565485975       -43.2000000000        3.35855353490       6.479841845494E-002  1.500774378068E-003
  0.435178818113        1.71848228962       -43.2000000000        3.37068833228       5.432050238140E-002  1.459472992185E-003
  0.580238424151        2.29130971949       -43.2000000000        3.37849811429       6.718835340973E-002  2.405698867236E-003
  0.725298030189        2.86413714937       -43.2000000000        3.77814750710      -9.100160057086E-002  4.577622107195E-005
  0.870357636226        3.43696457924       -43.2000000000        3.57413190053      -0.247514625320      -6.432663369063E-003
   1.01541724226        4.00979200911       -43.2000000000        3.41056745210      -0.825659933453      -3.491734321541E-003
   1.16047684830        4.58261943899       -43.2000000000        3.39837885583       -1.11121441062      -7.816126649480E-003
   1.30553645434        5.15544686886       -43.2000000000        2.44879191003       -1.72889958590       4.935001900046E-005
   1.45059606038        5.72827429873       -43.2000000000        1.13159584551       -2.06223345487       5.074021781940E-003
   1.59565566642        6.30110172861       -43.2000000000       0.231728796642       -1.54431540900      -3.719061273688E-003
   0.00000000000        0.00000000000       -43.2000000000        3.34628070168       3.381970495166E-002 -2.632904827264E-004
 -4.879688596092E-002  0.588890836777       -43.2000000000        3.35639634703       3.493678513622E-002  1.558220306330E-004
 -9.759377192185E-002   1.17778167355       -43.2000000000        3.36294898171       5.258127316645E-002  1.086631883387E-003
 -0.146390657883        1.76667251033       -43.2000000000        3.37839319677       3.110340420328E-002  6.697618695578E-004
 -0.195187543844        2.35556334711       -43.2000000000        3.41807424149      -3.433355104879E-002 -4.074203234647E-004
 -0.243984429805        2.94445418388       -43.2000000000        3.77738061453       4.717276940812E-002 -5.130322700052E-003
 -0.292781315766        3.53334502066       -43.2000000000        3.48583575122       0.148132051707      -5.643595478914E-003
 -0.341578201726        4.12223585744       -43.2000000000        3.17462370754       0.693222616896       1.984193954007E-003
 -0.390375087687        4.71112669421       -43.2000000000        2.84104291275       0.562967921803       3.580498729975E-005
 -0.439171973648        5.30001753099       -43.2000000000        2.10553643689       0.548808706042      -2.883865893887E-003
 -0.487968859609        5.88890836777       -43.2000000000        1.32163046610       0.556946521726      -9.696732778626E-003
 -0.536765745570        6.47779920454       -43.2000000000       0.692403528721       0.539124985566      -9.745336737254E-003
   0.00000000000        0.00000000000       -43.2000000000        3.34628070168       3.381970495166E-002 -2.632904827264E-004
 -0.237365478204       0.541138783933       -43.2000000000        3.35724140215       2.974350532365E-002 -5.472097369592E-005
 -0.474730956408        1.08227756787       -43.2000000000        3.36473831734       4.175812844564E-002  6.505064704424E-004
 -0.712096434612        1.62341635180       -43.2000000000        3.39058510204       6.947167881356E-003 -1.411570578454E-004
 -0.949461912816        2.16455513573       -43.2000000000        3.46418829472      -0.148037258224      -4.734123558789E-003
  -1.18682739102        2.70569391966       -43.2000000000        3.75614406383       5.671000156149E-002 -2.510743539582E-003
  -1.42419286922        3.24683270360       -43.2000000000        3.87446008614       0.200016107472      -5.152606288901E-003
  -1.66155834743        3.78797148753       -43.2000000000        4.26670838804       0.460787542940      -1.055469477462E-002
  -1.89892382563        4.32911027146       -43.2000000000        4.94971941410        1.23254802227      -1.009517899280E-002
  -2.13628930384        4.87024905539       -43.2000000000        5.17644219113        3.43900363372      -7.460517018054E-003
  -2.37365478204        5.41138783933       -43.2000000000       0.211609901672        5.39796111635      -7.839539641514E-003
  -2.61102026024        5.95252662326       -43.2000000000       -3.66369856163       0.965058345605      -1.448632296343E-003
   0.00000000000        0.00000000000       -43.2000000000        3.34628070168       3.381970495166E-002 -2.632904827264E-004
 -0.400211837779       0.434745947216       -43.2000000000        3.35746260749       2.241861517400E-002 -3.702655853861E-004
 -0.800423675558       0.869491894432       -43.2000000000        3.36344071595       3.476428447899E-002  2.831475549553E-004
  -1.20063551334        1.30423784165       -43.2000000000        3.38530686183       1.662406843053E-003 -5.452387047624E-004
  -1.60084735112        1.73898378886       -43.2000000000        3.45160644939      -0.106861502714      -3.480788368397E-003
  -2.00105918889        2.17372973608       -43.2000000000        3.60622906044       0.135640853177       1.480142075089E-003
  -2.40127102667        2.60847568330       -43.2000000000        3.90549455200      -0.309408564003       3.007169112575E-003
  -2.80148286445        3.04322163051       -43.2000000000        3.72232031775      -0.701265520103       1.314679772834E-003
  -3.20169470223        3.47796757773       -43.2000000000        4.31565993935      -0.915174015654      -1.789914808094E-003
  -3.60190654001        3.91271352494       -43.2000000000        4.34192082183       -1.74483888040      -1.316690628919E-002
  -4.00211837779        4.34745947216       -43.2000000000        3.77818420093       -2.56613080269      -4.905643521281E-002
  -4.40233021557        4.78220541938       -43.2000000000        3.19156680209       -2.77001368965      -4.702643614826E-002
   0.00000000000        0.00000000000       -43.2000000000        3.34628070168       3.381970495166E-002 -2.632904827264E-004
 -0.519689034804       0.281241641340       -43.2000000000        3.35528656137       2.173914807113E-002 -5.009876912103E-004
  -1.03937806961       0.562483282680       -43.2000000000        3.36258748501       1.743881451569E-002 -4.895565734360E-004
  -1.55906710441       0.843724924020       -43.2000000000        3.37079481705       9.436235263357E-003 -6.250359520815E-004
  -2.07875613922        1.12496656536       -43.2000000000        3.41418469174      -4.465718110675E-002 -1.975920245315E-003
  -2.59844517402        1.40620820670       -43.2000000000        3.58903096771      -0.114977201767       6.334847257391E-003
  -3.11813420882        1.68744984804       -43.2000000000        3.53120354932      -0.247582372540       1.186515613080E-002
  -3.63782324363        1.96869148938       -43.2000000000        3.46456173278      -0.468572731848       9.501937917148E-003
  -4.15751227843        2.24993313072       -43.2000000000        3.32454256478      -0.623357918386      -1.010487670082E-003
  -4.67720131323        2.53117477206       -43.2000000000        3.09517806775      -0.819940817719      -7.630542632149E-003
  -5.19689034804        2.81241641340       -43.2000000000        2.81665090547       -1.03660603155       1.201145455085E-002
  -5.71657938284        3.09365805474       -43.2000000000        2.39259362615       -1.28414338357       6.060197200500E-002
   0.00000000000        0.00000000000       -43.2000000000        3.34628070168       3.381970495166E-002 -2.632904827264E-004
 -0.582849861102       9.726043971134E-002  -43.2000000000        3.35199911722       2.298700951645E-002 -5.861560006174E-004
  -1.16569972220       0.194520879423       -43.2000000000        3.35771753275       1.215431408124E-002 -9.090215185084E-004
  -1.74854958330       0.291781319134       -43.2000000000        3.36343594829       1.321618646023E-003 -1.231887036399E-003
  -2.33139944441       0.389041758845       -43.2000000000        3.36915436383      -9.511076789190E-003 -1.554752554290E-003
  -2.91424930551       0.486302198557       -43.2000000000        3.43069262296      -7.980106184853E-002  5.735054415155E-003
  -3.49709916661       0.583562638268       -43.2000000000        3.33212352771      -0.176086996911       2.432275672637E-003
  -4.07994902771       0.680823077979       -43.2000000000        3.19650847462      -0.158202733358       5.121081462870E-003
  -4.66279888881       0.778083517691       -43.2000000000        2.99754562574      -0.207523279577      -3.768886982670E-003
  -5.24564874991       0.875343957402       -43.2000000000        2.88401464942      -0.241196939898      -9.092769851767E-003
  -5.82849861102       0.972604397113       -43.2000000000        2.71655372427      -0.226848841747      -4.344567435162E-003
  -6.41134847212        1.06986483682       -43.2000000000        2.53918340289      -0.221929279520      -1.580202407245E-003
   0.00000000000        0.00000000000       -43.2000000000        3.34628070168       3.381970495166E-002 -2.632904827264E-004
 -0.582849861102      -9.726043971134E-002  -43.2000000000        3.34809199401       2.540876159876E-002 -6.363368213864E-004
  -1.16569972220      -0.194520879423       -43.2000000000        3.34990328634       1.699781824586E-002 -1.009383160046E-003
  -1.74854958330      -0.291781319134       -43.2000000000        3.35171457868       8.586874892955E-003 -1.382429498706E-003
  -2.33139944441      -0.389041758845       -43.2000000000        3.35352587101       1.759315400516E-004 -1.755475837366E-003
  -2.91424930551      -0.486302198557       -43.2000000000        3.42077032606       5.541652873133E-002  3.567946299815E-003
  -3.49709916661      -0.583562638268       -43.2000000000        3.30519195602       0.102351100037       4.245009542237E-003
  -4.07994902771      -0.680823077979       -43.2000000000        3.21772809939       0.175989371664       1.779567225529E-003
  -4.66279888881      -0.778083517691       -43.2000000000        3.01898684476       0.185037091870      -5.518532202318E-003
  -5.24564874991      -0.875343957402       -43.2000000000        2.85872584309       0.231952082567       1.132747142658E-002
  -5.82849861102      -0.972604397113       -43.2000000000        2.66792942019       0.265255661191       2.975757828617E-002
  -6.41134847212       -1.06986483682       -43.2000000000        2.44910755833       0.255568030788       2.441201711913E-002
   0.00000000000        0.00000000000       -43.2000000000        3.34628070168       3.381970495166E-002 -2.632904827264E-004
 -0.519689034804      -0.281241641340       -43.2000000000        3.34590766808       2.456717372607E-002 -1.302291230462E-003
  -1.03937806961      -0.562483282680       -43.2000000000        3.34553463447       1.531464250048E-002 -2.341291978198E-003
  -1.55906710441      -0.843724924020       -43.2000000000        3.34516160087       6.062111274888E-003 -3.380292725934E-003
  -2.07875613922       -1.12496656536       -43.2000000000        3.35059243572       3.072979642179E-003 -2.793058119732E-003
  -2.59844517402       -1.40620820670       -43.2000000000        3.63022700164       0.123352113517      -4.061039107577E-003
  -3.11813420882       -1.68744984804       -43.2000000000        3.50619520568       0.209091256176      -1.706378702220E-003
  -3.63782324363       -1.96869148938       -43.2000000000        3.43411825539       0.445350090202       6.586919877837E-003
  -4.15751227843       -2.24993313072       -43.2000000000        3.27614881231       0.729966792055      -2.754134307546E-003
  -4.67720131323       -2.53117477206       -43.2000000000        3.09451935107       0.791708460921       9.838731402202E-003
  -5.19689034804       -2.81241641340       -43.2000000000        2.80947739846        1.02309994348       2.686071242489E-003
  -5.71657938284       -3.09365805474       -43.2000000000        2.24915065630        1.40109406548       6.519843297516E-002
   0.00000000000        0.00000000000       -43.2000000000        3.34628070168       3.381970495166E-002 -2.632904827264E-004
 -0.400211837779      -0.434745947216       -43.2000000000        3.34456001202       2.299607459612E-002 -2.127917590997E-003
 -0.800423675558      -0.869491894432       -43.2000000000        3.34262934310       9.812247286909E-003 -3.731915085078E-003
  -1.20063551334       -1.30423784165       -43.2000000000        3.34538316602       4.105891641784E-003 -4.332169532636E-003
  -1.60084735112       -1.73898378886       -43.2000000000        3.35728294868       5.140718407025E-003 -3.091511679459E-003
  -2.00105918889       -2.17372973608       -43.2000000000        3.64843813238      -3.722231086508E-002  1.744427710546E-003
  -2.40127102667       -2.60847568330       -43.2000000000        3.91231943928       0.275481034752      -1.758669108279E-003
  -2.80148286445       -3.04322163051       -43.2000000000        3.93188791149       0.469422839844      -3.846719361040E-003
  -3.20169470223       -3.47796757773       -43.2000000000        4.16116909420       0.936151591563      -4.828290100527E-003
  -3.60190654001       -3.91271352494       -43.2000000000        4.33566551002        1.69079810050      -9.357453722447E-003
  -4.00211837779       -4.34745947216       -43.2000000000        3.99658260700        2.43712561858      -5.059523207073E-002
  -4.40233021557       -4.78220541938       -43.2000000000        3.29749874903        2.53952673683      -2.546909347319E-002
   0.00000000000        0.00000000000       -43.2000000000        3.34628070168       3.381970495166E-002 -2.632904827264E-004
 -0.237365478204      -0.541138783933       -43.2000000000        3.34339881938       2.259788376112E-002 -2.751482671680E-003
 -0.474730956408       -1.08227756787       -43.2000000000        3.34028358104       4.344634696895E-003 -4.212991459206E-003
 -0.712096434612       -1.62341635180       -43.2000000000        3.34573043904       4.520902916917E-003 -4.677822993054E-003
 -0.949461912816       -2.16455513573       -43.2000000000        3.35093467560      -5.994917278129E-002 -6.830360173786E-003
  -1.18682739102       -2.70569391966       -43.2000000000        3.75294589114      -6.479497185521E-002 -5.965846731921E-003
  -1.42419286922       -3.24683270360       -43.2000000000        3.80336506574      -0.263887917487      -3.379202184909E-003
  -1.66155834743       -3.78797148753       -43.2000000000        4.22365923241      -0.582843319520      -9.132389913362E-004
  -1.89892382563       -4.32911027146       -43.2000000000        4.65580711870       -1.40827344946      -2.456454756967E-004
  -2.13628930384       -4.87024905539       -43.2000000000        5.14127866494       -3.66170043983      -3.719504720405E-003
  -2.37365478204       -5.41138783933       -43.2000000000       0.712363074619       -4.85513718086      -4.965795999123E-003
  -2.61102026024       -5.95252662326       -43.2000000000       -4.16878555506       -1.09278332561      -2.915247756704E-003
   0.00000000000        0.00000000000       -43.2000000000        3.34628070168       3.381970495166E-002 -2.632904827264E-004
 -4.879688596092E-002 -0.588890836777       -43.2000000000        3.34249712004       2.282223387496E-002 -3.039873126745E-003
 -9.759377192185E-002  -1.17778167355       -43.2000000000        3.33874007602       3.528984314189E-003 -4.412580945919E-003
 -0.146390657883       -1.76667251033       -43.2000000000        3.34074294092      -1.704854452287E-002 -6.092450444012E-003
 -0.195187543844       -2.35556334711       -43.2000000000        3.31023399342       6.619128735918E-002 -3.276428087324E-003
 -0.243984429805       -2.94445418388       -43.2000000000        3.76349290557      -6.011744860300E-002 -7.685087159987E-003
 -0.292781315766       -3.53334502066       -43.2000000000        3.44871330171      -0.341958091730      -3.249327187957E-003
 -0.341578201726       -4.12223585744       -43.2000000000        3.25623217932      -0.614902482967      -5.756680478428E-003
 -0.390375087687       -4.71112669421       -43.2000000000        2.94484150828      -0.432989948051      -8.671886819620E-003
 -0.439171973648       -5.30001753099       -43.2000000000        2.14781665824      -0.516934950039      -1.364113729934E-002
 -0.487968859609       -5.88890836777       -43.2000000000        1.38482536868      -0.586381642872      -2.105342871014E-002
 -0.536765745570       -6.47779920454       -43.2000000000       0.792828212694      -0.733408102154      -1.899966116195E-002
   0.00000000000        0.00000000000       -43.2000000000        3.34628070168       3.381970495166E-002 -2.632904827264E-004
  0.145059606038      -0.572827429873       -43.2000000000        3.34198047632       2.395784232179E-002 -2.996404270287E-003
  0.290119212075       -1.14565485975       -43.2000000000        3.33752315636       5.139127043817E-003 -4.332275353345E-003
  0.435178818113       -1.71848228962       -43.2000000000        3.33680667084      -1.203528712964E-002 -5.894730043144E-003
  0.580238424151       -2.29130971949       -43.2000000000        3.30616252950       0.104430173096      -6.334949865748E-004
  0.725298030189       -2.86413714937       -43.2000000000        3.82222097601       0.192980054570       2.195730199460E-003
  0.870357636226       -3.43696457924       -43.2000000000        3.59990396772       0.342529132271      -5.683329999976E-003
   1.01541724226       -4.00979200911       -43.2000000000        3.56895034304       0.636395989525      -5.615805511658E-003
   1.16047684830       -4.58261943899       -43.2000000000        3.20633677364        1.20357608284      -7.178391731083E-003
   1.30553645434       -5.15544686886       -43.2000000000        2.44638455477        1.82016620346      -9.152852035254E-003
   1.45059606038       -5.72827429873       -43.2000000000        1.26206334121        1.97733907610      -1.300211188521E-002
   1.59565566642       -6.30110172861       -43.2000000000       0.105843128725        1.48644543504      -3.466467602071E-002
   0.00000000000        0.00000000000       -43.2000000000        3.34628070168       3.381970495166E-002 -2.632904827264E-004
  0.323196638891      -0.494689282610       -43.2000000000        3.34204884847       2.749993552530E-002 -2.804489329745E-003
  0.646393277781      -0.989378565219       -43.2000000000        3.33676469418       9.000578937085E-003 -3.980777038509E-003
  0.969589916672       -1.48406784783       -43.2000000000        3.33427013389       5.437331067276E-004 -5.056314871520E-003
   1.29278655556       -1.97875713044       -43.2000000000        3.34806256039      -1.380858835166E-002 -2.184510423801E-003
   1.61598319445       -2.47344641305       -43.2000000000        3.76596155821      -1.522810749429E-003 -7.420404438421E-003
   1.93917983334       -2.96813569566       -43.2000000000        3.93036991037       4.349326162100E-003 -6.430816887047E-003
   2.26237647223       -3.46282497827       -43.2000000000        4.46842351637       8.605693228659E-002 -3.123259488700E-003
   2.58557311112       -3.95751426088       -43.2000000000        5.30015938774      -0.153952398691       7.284967618662E-003
   2.90876975001       -4.45220354349       -43.2000000000        6.67632942985       -1.09060190440       2.672835388341E-003
   3.23196638891       -4.94689282610       -43.2000000000        6.27979994369       -5.15804195538       1.488263080695E-003
   3.55516302780       -5.44158210871       -43.2000000000        1.93855394099       -4.77671164365       8.852722842520E-003
   0.00000000000        0.00000000000       -43.2000000000        3.34628070168       3.381970495166E-002 -2.632904827264E-004
  0.466310301007      -0.362943875680       -43.2000000000        3.34257265068       3.169138968713E-002 -2.333277656228E-003
  0.932620602014      -0.725887751361       -43.2000000000        3.33801063553       1.996439488876E-002 -3.343310854386E-003
   1.39893090302       -1.08883162704       -43.2000000000        3.33891468423       6.560127795798E-003 -2.861267876496E-003
   1.86524120403       -1.45177550272       -43.2000000000        3.35413992581      -1.887549170531E-002  5.513018186969E-004
   2.33155150503       -1.81471937840       -43.2000000000        3.69695210920      -9.341113141354E-002 -6.839692518197E-003
   2.79786180604       -2.17766325408       -43.2000000000        3.78299595044      -0.473760091590       8.910547063085E-004
   3.26417210705       -2.54060712976       -43.2000000000        3.62775933635      -0.622038156715       4.250767621705E-003
   3.73048240806       -2.90355100544       -43.2000000000        3.51672461464      -0.890862606915       1.854220836951E-002
   4.19679270906       -3.26649488112       -43.2000000000        3.48415268417       -1.23229948708       6.665202338188E-003
   4.66310301007       -3.62943875680       -43.2000000000        3.32534578827       -1.76942221377       3.688990622667E-002
   5.12941331108       -3.99238263248       -43.2000000000        2.73593226797       -1.79370001268       3.958014566048E-002
   0.00000000000        0.00000000000       -43.2000000000        3.34628070168       3.381970495166E-002 -2.632904827264E-004
  0.558892006459      -0.191867868166       -43.2000000000        3.34343395141       3.539044249808E-002 -1.557907865140E-003
   1.11778401292      -0.383735736333       -43.2000000000        3.34031780297       3.393310604018E-002 -2.518143933208E-003
   1.67667601938      -0.575603604499       -43.2000000000        3.34588142161       2.172559835428E-002 -4.704981218821E-004
   2.23556802584      -0.767471472666       -43.2000000000        3.34646201296       4.641371850153E-003 -7.977242774106E-004
   2.79446003230      -0.959339340832       -43.2000000000        3.45181785953      -0.105891327300      -5.324123244087E-003
   3.35335203876       -1.15120720900       -43.2000000000        3.33838909077      -0.267233052056      -2.352553584520E-003
   3.91224404522       -1.34307507716       -43.2000000000        3.14217601743      -0.314849269135      -2.586969819701E-003
   4.47113605168       -1.53494294533       -43.2000000000        3.04290899510      -0.357676086597       1.168192653546E-003
   5.03002805814       -1.72681081350       -43.2000000000        2.81159312777      -0.355087133062       2.273870523201E-002
   5.58892006459       -1.91867868166       -43.2000000000        2.59196201013      -0.369919335833       3.683756455761E-002
   6.14781207105       -2.11054654983       -43.2000000000        2.33188747316      -0.369217295042       3.261825125240E-002
   0.00000000000        0.00000000000       -43.2000000000        3.34628070168       3.381970495166E-002 -2.632904827264E-004
  0.590909090909        0.00000000000       -43.2000000000        3.34460374169       3.891928152337E-002 -6.422461926096E-004
   1.18181818182      -1.172487511250E-015  -43.2000000000        3.34292678171       4.401885809507E-002 -1.021201902493E-003
   1.77272727273        0.00000000000       -43.2000000000        3.35415608820       4.301147843458E-002  1.539137502537E-003
   2.36363636364        0.00000000000       -43.2000000000        3.34844768163       3.248884600750E-002  1.201956456425E-004
   2.95454545455        0.00000000000       -43.2000000000        3.39788781758      -1.334717501923E-002 -1.473195111668E-003
   3.54545454545        0.00000000000       -43.2000000000        3.24902296396       1.888496094621E-002 -8.103684344808E-004
   4.13636363636        0.00000000000       -43.2000000000        3.09041338790       4.764367768274E-002 -4.255229100209E-003
   4.72727272727        0.00000000000       -43.2000000000        2.94415306957       3.787071035786E-002 -3.991410290651E-003
   5.31818181818        0.00000000000       -43.2000000000        2.79789275124       2.809774303299E-002 -3.727591481093E-003
   5.90909090909        0.00000000000       -43.2000000000        2.65163243291       1.832477570811E-002 -3.463772671535E-003
   6.50000000000        0.00000000000       -43.2000000000        2.50537211458       8.551808383236E-003 -3.199953861977E-003
