 12 20 1 1
 1 X [LENGU]
 2 Y [LENGU]
 3 Z [LENGU]
 4 Hx [FIELU]
 5 Hy [FIELU]
 6 Hz [FIELU]
 0
   0.00000000000        0.00000000000       -70.0000000000       0.101301893002       3.196226709597E-003  9.163107027153E-004
  0.590909090909        0.00000000000       -70.0000000000       7.567759205003E-002 -1.984707589239E-002 -3.431191369500E-003
   1.18181818182        0.00000000000       -70.0000000000       6.537269827359E-002 -3.013627501387E-002 -5.279145205874E-003
   1.77272727273        0.00000000000       -70.0000000000       8.212423224471E-002 -2.810152636552E-002 -4.596383550731E-003
   2.36363636364        0.00000000000       -70.0000000000       0.106493801245      -1.927785381919E-002 -3.246752369568E-003
   2.95454545455        0.00000000000       -70.0000000000       7.987449628852E-002 -7.405574784059E-003 -3.500031080056E-003
   3.54545454545        0.00000000000       -70.0000000000       7.980486052609E-002 -6.364210109709E-003 -3.444185408059E-003
   4.13636363636        0.00000000000       -70.0000000000       7.864850885757E-002 -5.434727356084E-003 -3.273890552549E-003
   4.72727272727        0.00000000000       -70.0000000000       7.749215718905E-002 -4.505244602460E-003 -3.103595697040E-003
   5.31818181818        0.00000000000       -70.0000000000       7.583680732963E-002 -3.940267222163E-003 -2.946960636286E-003
   5.90909090909        0.00000000000       -70.0000000000       7.356502061485E-002 -4.782173194600E-003 -2.740288532976E-003
   6.50000000000        0.00000000000       -70.0000000000       7.112430769378E-002 -2.735487479320E-003 -1.846734909742E-003
   0.00000000000        0.00000000000       -70.0000000000       0.101301893002       3.196226709597E-003  9.163107027153E-004
  0.558892006459       0.191867868166       -70.0000000000       7.473951473308E-002 -1.886100203505E-002 -2.882624836940E-003
   1.11778401292       0.383735736333       -70.0000000000       5.201313090534E-002 -3.828088480024E-002 -6.145685862141E-003
   1.67667601938       0.575603604499       -70.0000000000       5.385360595617E-002 -3.735555968996E-002 -5.836033365490E-003
   2.23556802584       0.767471472666       -70.0000000000       6.850673784132E-002 -3.303259366964E-002 -5.329246995811E-003
   2.79446003230       0.959339340832       -70.0000000000       8.469179499364E-002 -3.728824183975E-003 -2.896290508544E-003
   3.35335203876        1.15120720900       -70.0000000000       8.298774993359E-002 -1.773924806689E-003 -2.651724758268E-003
   3.91224404522        1.34307507716       -70.0000000000       8.108163537109E-002 -7.602847618980E-004 -2.432742022546E-003
   4.47113605168        1.53494294533       -70.0000000000       7.935296439012E-002  4.082929502218E-004 -2.209699909865E-003
   5.03002805814        1.72681081350       -70.0000000000       7.762429340915E-002  1.576870662342E-003 -1.986657797184E-003
   5.58892006459        1.91867868166       -70.0000000000       7.324323020634E-002  1.015817121001E-003 -2.027649056434E-003
   6.14781207105        2.11054654983       -70.0000000000       6.722024824936E-002 -1.928682089604E-003 -1.465455931690E-003
   0.00000000000        0.00000000000       -70.0000000000       0.101301893002       3.196226709597E-003  9.163107027153E-004
  0.466310301007       0.362943875680       -70.0000000000       7.697441157529E-002 -1.518231091695E-002 -1.877169325044E-003
  0.932620602014       0.725887751361       -70.0000000000       7.057416865993E-002 -1.925374489381E-002 -2.085510889789E-003
   1.39893090302        1.08883162704       -70.0000000000       7.477354497400E-002 -1.532797435944E-002 -1.189193435985E-003
   1.86524120403        1.45177550272       -70.0000000000       6.103396105762E-002 -2.800726829707E-002 -4.044693597503E-003
   2.33155150503        1.81471937840       -70.0000000000       8.656234966316E-002 -8.253694230150E-005 -2.318994037656E-003
   2.79786180604        2.17766325408       -70.0000000000       8.585967113775E-002  3.258467066798E-003 -1.881103558987E-003
   3.26417210705        2.54060712976       -70.0000000000       8.554543191131E-002  7.412023173580E-003 -1.455958847547E-003
   3.73048240806        2.90355100544       -70.0000000000       8.569148432204E-002  1.228329966316E-002 -1.048321310333E-003
   4.19679270906        3.26649488112       -70.0000000000       8.552546055185E-002  1.712654465939E-002 -6.253260552329E-004
   4.66310301007        3.62943875680       -70.0000000000       8.116084085273E-002  2.289631640018E-002 -2.716390745391E-004
   5.12941331108        3.99238263248       -70.0000000000       7.589718077213E-002  2.326388239225E-002 -6.868359329512E-004
   0.00000000000        0.00000000000       -70.0000000000       0.101301893002       3.196226709597E-003  9.163107027153E-004
  0.323196638891       0.494689282610       -70.0000000000       8.214009682582E-002 -9.209645801511E-003 -5.237815397750E-004
  0.646393277781       0.989378565219       -70.0000000000       8.646736327808E-002 -4.589280101961E-003  1.353203521411E-003
  0.969589916672        1.48406784783       -70.0000000000       8.726596193222E-002 -3.703181771937E-003  1.610191676230E-003
   1.29278655556        1.97875713044       -70.0000000000       8.251178085621E-002 -4.592973319015E-003  7.831558397208E-004
   1.61598319445        2.47344641305       -70.0000000000       8.779301570459E-002 -1.853397769252E-003 -1.617970610191E-003
   1.93917983334        2.96813569566       -70.0000000000       9.070959867785E-002 -2.890115821340E-004 -1.338058859433E-003
   2.26237647223        3.46282497827       -70.0000000000       9.875414213798E-002 -3.137993882122E-003 -1.118858098833E-003
   2.58557311112        3.95751426088       -70.0000000000       0.112856805147       4.426779435545E-004 -8.893815537241E-004
   2.90876975001        4.45220354349       -70.0000000000       0.129851687993       1.499046211609E-002 -6.117116573295E-004
   3.23196638891        4.94689282610       -70.0000000000       0.129471921951       8.733980193702E-002 -3.109051570882E-004
   3.55516302780        5.44158210871       -70.0000000000       5.908352136364E-002  7.468742068505E-002  1.120070873003E-005
   0.00000000000        0.00000000000       -70.0000000000       0.101301893002       3.196226709597E-003  9.163107027153E-004
  0.145059606038       0.572827429873       -70.0000000000       8.860040766737E-002 -2.695292063703E-003  8.656342583466E-004
  0.290119212075        1.14565485975       -70.0000000000       9.358000813314E-002 -6.927728900789E-004  2.859888903103E-003
  0.435178818113        1.71848228962       -70.0000000000       9.348904481891E-002  7.183227363897E-004  3.018517645089E-003
  0.580238424151        2.29130971949       -70.0000000000       8.869188165097E-002 -2.954171006879E-005  2.190650169632E-003
  0.725298030189        2.86413714937       -70.0000000000       8.834528428488E-002  9.055426969487E-003  3.759006729609E-004
  0.870357636226        3.43696457924       -70.0000000000       8.413584046297E-002 -9.987081652820E-003 -6.709236023196E-004
   1.01541724226        4.00979200911       -70.0000000000       8.423925484546E-002 -1.241615119445E-002 -5.224723200946E-004
   1.16047684830        4.58261943899       -70.0000000000       7.587910618420E-002 -2.435315730727E-002 -3.371106666613E-004
   1.30553645434        5.15544686886       -70.0000000000       6.663517830774E-002 -3.177655651910E-002 -4.811799200147E-004
   1.45059606038        5.72827429873       -70.0000000000       4.524926333656E-002 -3.392266180638E-002 -3.550545981870E-004
   1.59565566642        6.30110172861       -70.0000000000       2.932238452903E-002 -2.423216271542E-002 -1.362214762356E-004
   0.00000000000        0.00000000000       -70.0000000000       0.101301893002       3.196226709597E-003  9.163107027153E-004
 -4.879688596092E-002  0.588890836777       -70.0000000000       9.063622292991E-002 -1.497929927467E-003  1.369999894264E-003
 -9.759377192185E-002   1.17778167355       -70.0000000000       9.402663955324E-002 -4.442857338510E-005  2.989185368485E-003
 -0.146390657883        1.76667251033       -70.0000000000       9.358812218170E-002  1.487225291777E-003  3.098356649365E-003
 -0.195187543844        2.35556334711       -70.0000000000       9.324108562230E-002  2.333430010049E-003  3.140272856207E-003
 -0.243984429805        2.94445418388       -70.0000000000       8.895519247543E-002 -1.393960882885E-005  6.643966113227E-004
 -0.292781315766        3.53334502066       -70.0000000000       8.566131246602E-002 -3.391773937148E-003  8.925585204475E-004
 -0.341578201726        4.12223585744       -70.0000000000       7.731389187850E-002  4.139396695112E-004  7.156285629788E-004
 -0.390375087687        4.71112669421       -70.0000000000       7.117041272399E-002  4.965932143169E-003  6.052307758113E-004
 -0.439171973648        5.30001753099       -70.0000000000       6.034564227576E-002  7.557617552395E-003  4.198526129054E-004
 -0.487968859609        5.88890836777       -70.0000000000       4.757125284917E-002  8.566375070290E-003  3.518380968118E-004
 -0.536765745570        6.47779920454       -70.0000000000       4.108607723891E-002  9.358912511339E-003  3.477612442305E-004
   0.00000000000        0.00000000000       -70.0000000000       0.101301893002       3.196226709597E-003  9.163107027153E-004
 -0.237365478204       0.541138783933       -70.0000000000       9.382782903962E-002  2.081169177395E-004  1.825201266563E-003
 -0.474730956408        1.08227756787       -70.0000000000       9.422279791667E-002  6.147726632943E-004  3.056026239054E-003
 -0.712096434612        1.62341635180       -70.0000000000       9.373487681999E-002  1.546733545821E-003  3.114987459020E-003
 -0.949461912816        2.16455513573       -70.0000000000       9.340977697433E-002  2.002797713332E-003  3.137552584353E-003
  -1.18682739102        2.70569391966       -70.0000000000       9.254462699143E-002  4.735802781324E-003  1.961832592469E-003
  -1.42419286922        3.24683270360       -70.0000000000       9.232632844384E-002  6.099986350028E-003  1.597109158604E-003
  -1.66155834743        3.78797148753       -70.0000000000       9.829963704593E-002  1.012912143935E-002  1.341628101787E-003
  -1.89892382563        4.32911027146       -70.0000000000       0.104935981948       2.339052268422E-002  1.248390905430E-003
  -2.13628930384        4.87024905539       -70.0000000000       0.111263812907       5.600852390230E-002  1.137515989040E-003
  -2.37365478204        5.41138783933       -70.0000000000       4.915326695811E-002  5.529530513605E-002  1.064669920293E-003
  -2.61102026024        5.95252662326       -70.0000000000      -2.532573204147E-002  1.954035090962E-002  8.709030848156E-004
   0.00000000000        0.00000000000       -70.0000000000       0.101301893002       3.196226709597E-003  9.163107027153E-004
 -0.400211837779       0.434745947216       -70.0000000000       9.782936595166E-002  2.237971824195E-003  2.181910243380E-003
 -0.800423675558       0.869491894432       -70.0000000000       9.431040995206E-002  1.281142856818E-003  3.134755931566E-003
  -1.20063551334        1.30423784165       -70.0000000000       9.409409562007E-002  1.595635511505E-003  3.140650561865E-003
  -1.60084735112        1.73898378886       -70.0000000000       9.682168237744E-002  5.720083972439E-003  3.883871811993E-003
  -2.00105918889        2.17372973608       -70.0000000000       7.527117547797E-002  4.671081936034E-002  6.582231290699E-003
  -2.40127102667        2.60847568330       -70.0000000000       9.277025467100E-002  5.521117331747E-003  3.371483039774E-003
  -2.80148286445        3.04322163051       -70.0000000000       9.586143547419E-002 -6.950797872011E-003  2.867797994157E-003
  -3.20169470223        3.47796757773       -70.0000000000       9.725848469519E-002 -1.453420578608E-002  2.403406773159E-003
  -3.60190654001        3.91271352494       -70.0000000000       9.865553391619E-002 -2.211761370015E-002  1.939015552161E-003
  -4.00211837779        4.34745947216       -70.0000000000       9.154940736228E-002 -3.493476727931E-002  1.952828643202E-003
  -4.40233021557        4.78220541938       -70.0000000000       8.081367613452E-002 -3.682616872116E-002  7.828974900119E-004
   0.00000000000        0.00000000000       -70.0000000000       0.101301893002       3.196226709597E-003  9.163107027153E-004
 -0.519689034804       0.281241641340       -70.0000000000       0.102207205051       4.371668516340E-003  2.401471872165E-003
  -1.03937806961       0.562483282680       -70.0000000000       9.922377066190E-002  6.205625729551E-003  4.061828157159E-003
  -1.55906710441       0.843724924020       -70.0000000000       9.971190384426E-002  7.729963440211E-003  4.352916131534E-003
  -2.07875613922        1.12496656536       -70.0000000000       0.103017536732       1.194316949498E-002  5.177348230904E-003
  -2.59844517402        1.40620820670       -70.0000000000       8.093044120111E-002  1.217168607165E-002  5.304208966183E-003
  -3.11813420882        1.68744984804       -70.0000000000       8.073039543547E-002  4.355544553707E-003  3.680811891825E-003
  -3.63782324363        1.96869148938       -70.0000000000       7.933586329654E-002  2.502114020721E-004  3.589324358119E-003
  -4.15751227843        2.24993313072       -70.0000000000       7.695561336476E-002 -4.227756262324E-004  2.319017358255E-003
  -4.67720131323        2.53117477206       -70.0000000000       7.500879519663E-002 -5.692252216371E-003  1.850829995884E-003
  -5.19689034804        2.81241641340       -70.0000000000       6.832143670623E-002 -8.771886235057E-003  1.504563011280E-003
  -5.71657938284        3.09365805474       -70.0000000000       6.261628027683E-002 -1.372974028805E-002  2.125069153502E-003
   0.00000000000        0.00000000000       -70.0000000000       0.101301893002       3.196226709597E-003  9.163107027153E-004
 -0.582849861102       9.726043971134E-002  -70.0000000000       0.106486939543       6.377987849866E-003  2.460093243590E-003
  -1.16569972220       0.194520879423       -70.0000000000       0.105989311731       1.052204588207E-002  4.259890622562E-003
  -1.74854958330       0.291781319134       -70.0000000000       0.105608163956       1.324612611057E-002  5.571610330126E-003
  -2.33139944441       0.389041758845       -70.0000000000       0.108630853414       1.579408302034E-002  6.166091531956E-003
  -2.91424930551       0.486302198557       -70.0000000000       6.897667264020E-002  4.312811549089E-003  5.561913173861E-003
  -3.49709916661       0.583562638268       -70.0000000000       7.451500718751E-002  5.943076260191E-003  3.979670001833E-003
  -4.07994902771       0.680823077979       -70.0000000000       7.149736124026E-002  2.709297424434E-003  3.873089402350E-003
  -4.66279888881       0.778083517691       -70.0000000000       7.010885993817E-002  1.004845962335E-004  3.435862857687E-003
  -5.24564874991       0.875343957402       -70.0000000000       6.769268189168E-002 -1.841503624756E-003  2.720321942405E-003
  -5.82849861102       0.972604397113       -70.0000000000       6.517236628995E-002 -2.261308783047E-003  2.108121646666E-003
  -6.41134847212        1.06986483682       -70.0000000000       6.295878206420E-002 -2.892051980484E-003  1.249412107295E-003
   0.00000000000        0.00000000000       -70.0000000000       0.101301893002       3.196226709597E-003  9.163107027153E-004
 -0.582849861102      -9.726043971134E-002  -70.0000000000       0.109948130656       8.082977004059E-003  2.362984964400E-003
  -1.16569972220      -0.194520879423       -70.0000000000       0.112867493946       1.393950896426E-002  4.067665355194E-003
  -1.74854958330      -0.291781319134       -70.0000000000       0.110826332129       1.601382111166E-002  6.092251516863E-003
  -2.33139944441      -0.389041758845       -70.0000000000       0.114879676904       1.868522684798E-002  7.047174162797E-003
  -2.91424930551      -0.486302198557       -70.0000000000       6.197970426579E-002 -1.179473451993E-003  5.206891651170E-003
  -3.49709916661      -0.583562638268       -70.0000000000       7.194802549422E-002  4.638484163921E-003  3.816679875572E-003
  -4.07994902771      -0.680823077979       -70.0000000000       6.549283844448E-002 -1.366802646755E-003  4.007557228065E-003
  -4.66279888881      -0.778083517691       -70.0000000000       6.614955440468E-002 -2.337355710060E-004  3.407000325759E-003
  -5.24564874991      -0.875343957402       -70.0000000000       6.618326569449E-002 -1.419112407518E-004  2.719505707086E-003
  -5.82849861102      -0.972604397113       -70.0000000000       6.617925166099E-002 -1.207172663816E-003  2.038023667742E-003
  -6.41134847212       -1.06986483682       -70.0000000000       6.184864232812E-002 -3.180844777490E-003  7.474949154977E-004
   0.00000000000        0.00000000000       -70.0000000000       0.101301893002       3.196226709597E-003  9.163107027153E-004
 -0.519689034804      -0.281241641340       -70.0000000000       0.112957880589       9.176194809018E-003  2.087233843458E-003
  -1.03937806961      -0.562483282680       -70.0000000000       0.118897032824       1.592304356343E-002  3.519908124952E-003
  -1.55906710441      -0.843724924020       -70.0000000000       0.119553854972       1.857391388931E-002  5.408828738125E-003
  -2.07875613922       -1.12496656536       -70.0000000000       0.123161632968       2.025906497300E-002  7.946113201962E-003
  -2.59844517402       -1.40620820670       -70.0000000000       7.364580571299E-002 -1.519481991005E-002  3.657467248308E-003
  -3.11813420882       -1.68744984804       -70.0000000000       6.899268668915E-002 -3.888077534503E-003  4.243423298253E-003
  -3.63782324363       -1.96869148938       -70.0000000000       6.742091519651E-002  8.009466953033E-004  3.949600419183E-003
  -4.15751227843       -2.24993313072       -70.0000000000       6.886663830803E-002  2.578221968921E-003  3.173730014738E-003
  -4.67720131323       -2.53117477206       -70.0000000000       6.699798441670E-002  3.921274284143E-003  2.724312950308E-003
  -5.19689034804       -2.81241641340       -70.0000000000       6.056634519886E-002  6.555723940928E-003  2.589563136151E-003
  -5.71657938284       -3.09365805474       -70.0000000000       5.613751084818E-002  7.013791809859E-003  2.350136744023E-003
   0.00000000000        0.00000000000       -70.0000000000       0.101301893002       3.196226709597E-003  9.163107027153E-004
 -0.400211837779      -0.434745947216       -70.0000000000       0.114447860275       9.664853291966E-003  1.696158173414E-003
 -0.800423675558      -0.869491894432       -70.0000000000       0.124048915405       1.673377081564E-002  2.635710397851E-003
  -1.20063551334       -1.30423784165       -70.0000000000       0.128121502725       2.013123919683E-002  4.231220557454E-003
  -1.60084735112       -1.73898378886       -70.0000000000       0.137295003721       3.410777215803E-002  1.076838726304E-002
  -2.00105918889       -2.17372973608       -70.0000000000       2.140645862457E-002 -9.751851074695E-002  5.710085403852E-003
  -2.40127102667       -2.60847568330       -70.0000000000       7.726981858181E-002 -1.728566026837E-002  4.798002580844E-003
  -2.80148286445       -3.04322163051       -70.0000000000       8.057264542725E-002 -6.368047524136E-003  4.024190254580E-003
  -3.20169470223       -3.47796757773       -70.0000000000       8.386930572627E-002  8.540736962159E-004  3.215985413048E-003
  -3.60190654001       -3.91271352494       -70.0000000000       8.677231561099E-002  1.139695129604E-002  3.207302743857E-003
  -4.00211837779       -4.34745947216       -70.0000000000       8.067642283579E-002  2.435178479307E-002  2.986560203638E-003
  -4.40233021557       -4.78220541938       -70.0000000000       7.016060741104E-002  2.625102646815E-002  2.137330957393E-003
   0.00000000000        0.00000000000       -70.0000000000       0.101301893002       3.196226709597E-003  9.163107027153E-004
 -0.237365478204      -0.541138783933       -70.0000000000       0.114513270425       9.452535713631E-003  1.220573929339E-003
 -0.474730956408       -1.08227756787       -70.0000000000       0.127140474136       1.580776795580E-002  1.551155246573E-003
 -0.712096434612       -1.62341635180       -70.0000000000       0.135350435426       2.117496327157E-002  2.127501406123E-003
 -0.949461912816       -2.16455513573       -70.0000000000       0.157637199196       5.874279827865E-002  1.375637756030E-002
  -1.18682739102       -2.70569391966       -70.0000000000       0.104091861766      -2.044193310491E-002  6.188588612013E-004
  -1.42419286922       -3.24683270360       -70.0000000000       9.315430676289E-002 -3.139168029127E-002  5.288124178155E-003
  -1.66155834743       -3.78797148753       -70.0000000000       9.261687409150E-002 -4.068292484950E-002  7.569781670081E-003
  -1.89892382563       -4.32911027146       -70.0000000000       0.102004393664      -4.411637194239E-002  3.913330762275E-003
  -2.13628930384       -4.87024905539       -70.0000000000       0.108237462501      -7.881836706027E-002  2.953012707015E-003
  -2.37365478204       -5.41138783933       -70.0000000000       2.248014317483E-002 -7.770117097585E-002  1.944259461544E-003
  -2.61102026024       -5.95252662326       -70.0000000000      -2.839934360190E-002 -3.242701289128E-002  1.242682745644E-003
   0.00000000000        0.00000000000       -70.0000000000       0.101301893002       3.196226709597E-003  9.163107027153E-004
 -4.879688596092E-002 -0.588890836777       -70.0000000000       0.113147022836       8.562249978073E-003  7.120180435298E-004
 -9.759377192185E-002  -1.17778167355       -70.0000000000       0.123885814941       1.279246372048E-002  3.378827449593E-004
 -0.146390657883       -1.76667251033       -70.0000000000       0.136350752361       1.762304743694E-002  1.296304943016E-004
 -0.195187543844       -2.35556334711       -70.0000000000       0.179898487884       8.615533731801E-002  1.859707657844E-002
 -0.243984429805       -2.94445418388       -70.0000000000       0.109807628610      -1.296931221596E-002 -3.192469125018E-003
 -0.292781315766       -3.53334502066       -70.0000000000       0.104473689101      -1.748489586538E-002 -1.432104984823E-005
 -0.341578201726       -4.12223585744       -70.0000000000       9.619437531180E-002 -1.641636525165E-002  9.732138608869E-005
 -0.390375087687       -4.71112669421       -70.0000000000       8.605958765710E-002 -1.369634545064E-002  5.749188497806E-004
 -0.439171973648       -5.30001753099       -70.0000000000       6.992143540886E-002 -1.312579588700E-002  8.217414844634E-004
 -0.487968859609       -5.88890836777       -70.0000000000       5.753669308866E-002 -1.461191271391E-002  7.119241923980E-004
 -0.536765745570       -6.47779920454       -70.0000000000       4.622475033039E-002 -1.649106158962E-002  4.777994100332E-004
   0.00000000000        0.00000000000       -70.0000000000       0.101301893002       3.196226709597E-003  9.163107027153E-004
  0.145059606038      -0.572827429873       -70.0000000000       0.104447623028       8.797694727688E-004 -7.031135296519E-004
  0.290119212075       -1.14565485975       -70.0000000000       0.109261325557      -4.472824614845E-004 -2.030548989237E-003
  0.435178818113       -1.71848228962       -70.0000000000       0.136767590821       1.330057182469E-003 -1.822638018029E-003
  0.580238424151       -2.29130971949       -70.0000000000       0.146057289839      -3.857616205700E-002 -5.973084218909E-003
  0.725298030189       -2.86413714937       -70.0000000000       0.129033477728       8.348856121926E-002 -2.175869672444E-003
  0.870357636226       -3.43696457924       -70.0000000000       0.100694339405       1.612258100905E-002 -5.545144487227E-003
   1.01541724226       -4.00979200911       -70.0000000000       9.254151158188E-002  2.355919249790E-002 -4.182265231061E-003
   1.16047684830       -4.58261943899       -70.0000000000       8.457890397662E-002  3.107339866345E-002 -2.963500944550E-003
   1.30553645434       -5.15544686886       -70.0000000000       7.251284126600E-002  3.755076835732E-002 -2.135200293721E-003
   1.45059606038       -5.72827429873       -70.0000000000       4.929772802613E-002  3.465571040299E-002 -1.917543543965E-003
   1.59565566642       -6.30110172861       -70.0000000000       2.893024620249E-002  2.586314532200E-002 -1.465060094056E-003
   0.00000000000        0.00000000000       -70.0000000000       0.101301893002       3.196226709597E-003  9.163107027153E-004
  0.323196638891      -0.494689282610       -70.0000000000       9.489607399658E-002 -7.076567010749E-003 -2.021243004699E-003
  0.646393277781      -0.989378565219       -70.0000000000       0.108762379602      -4.229640959706E-003 -2.278368661200E-003
  0.969589916672       -1.48406784783       -70.0000000000       0.131797823881      -1.303084645228E-002 -3.370633654826E-003
   1.29278655556       -1.97875713044       -70.0000000000       0.131123403944      -4.954137321929E-002 -8.632906749838E-003
   1.61598319445       -2.47344641305       -70.0000000000       8.393499761618E-002  7.230716375800E-003 -4.762164216304E-003
   1.93917983334       -2.96813569566       -70.0000000000       8.182601200397E-002  8.761579901622E-003 -5.839203741763E-003
   2.26237647223       -3.46282497827       -70.0000000000       9.164089162149E-002  8.993235848061E-003 -4.388504732946E-003
   2.58557311112       -3.95751426088       -70.0000000000       0.107411025138       6.183134741402E-003 -4.147315691339E-003
   2.90876975001       -4.45220354349       -70.0000000000       0.128688989391      -8.055467254519E-003 -3.658090979899E-003
   3.23196638891       -4.94689282610       -70.0000000000       0.128210209228      -8.095980143644E-002 -2.649832666940E-003
   3.55516302780       -5.44158210871       -70.0000000000       5.485102577885E-002 -6.490492630110E-002 -1.896935759066E-003
   0.00000000000        0.00000000000       -70.0000000000       0.101301893002       3.196226709597E-003  9.163107027153E-004
  0.466310301007      -0.362943875680       -70.0000000000       8.633322316713E-002 -1.361731262274E-002 -2.975827587649E-003
  0.932620602014      -0.725887751361       -70.0000000000       0.101158111027      -1.088134997758E-002 -2.929950417972E-003
   1.39893090302       -1.08883162704       -70.0000000000       0.124117679579      -1.761758001987E-002 -3.584656751159E-003
   1.86524120403       -1.45177550272       -70.0000000000       0.128015453858      -5.014273179103E-002 -7.980328344050E-003
   2.33155150503       -1.81471937840       -70.0000000000       7.379937698373E-002 -5.274907774544E-005 -3.418120470847E-003
   2.79786180604       -2.17766325408       -70.0000000000       8.145563909631E-002 -9.191841316319E-003 -4.198030613840E-003
   3.26417210705       -2.54060712976       -70.0000000000       8.257704018894E-002 -1.447963755024E-002 -4.295479949410E-003
   3.73048240806       -2.90355100544       -70.0000000000       8.131811299720E-002 -1.681401047411E-002 -3.902130017937E-003
   4.19679270906       -3.26649488112       -70.0000000000       7.868503376292E-002 -2.000412340291E-002 -3.522166136957E-003
   4.66310301007       -3.62943875680       -70.0000000000       7.550733795500E-002 -2.437555062357E-002 -3.516523924577E-003
   5.12941331108       -3.99238263248       -70.0000000000       7.065438009337E-002 -2.425908034329E-002 -2.969066813558E-003
   0.00000000000        0.00000000000       -70.0000000000       0.101301893002       3.196226709597E-003  9.163107027153E-004
  0.558892006459      -0.191867868166       -70.0000000000       7.968698829309E-002 -1.803367608601E-002 -3.463423227033E-003
   1.11778401292      -0.383735736333       -70.0000000000       8.595418560503E-002 -1.986871585822E-002 -3.977100584577E-003
   1.67667601938      -0.575603604499       -70.0000000000       0.113417145232      -1.358564556524E-002 -2.675517526025E-003
   2.23556802584      -0.767471472666       -70.0000000000       0.120748255635      -3.495691141786E-002 -5.567153575354E-003
   2.79446003230      -0.959339340832       -70.0000000000       7.523435461548E-002 -7.847044202568E-003 -4.141750725916E-003
   3.35335203876       -1.15120720900       -70.0000000000       7.531098032236E-002 -1.169507808051E-002 -4.475038011925E-003
   3.91224404522       -1.34307507716       -70.0000000000       7.454027762365E-002 -1.074811401595E-002 -4.428861699314E-003
   4.47113605168       -1.53494294533       -70.0000000000       7.319702192243E-002 -9.888635773672E-003 -4.361651821711E-003
   5.03002805814       -1.72681081350       -70.0000000000       7.252383473784E-002 -9.400670563142E-003 -4.342630250680E-003
   5.58892006459       -1.91867868166       -70.0000000000       7.058996843788E-002 -9.066790208346E-003 -4.211288554392E-003
   6.14781207105       -2.11054654983       -70.0000000000       6.370700537505E-002 -4.759478674242E-003 -3.333439941992E-003
   0.00000000000        0.00000000000       -70.0000000000       0.101301893002       3.196226709597E-003  9.163107027153E-004
  0.590909090909        0.00000000000       -70.0000000000       7.567759205003E-002 -1.984707589239E-002 -3.431191369500E-003
   1.18181818182      -1.172487511250E-015  -70.0000000000       6.537269827359E-002 -3.013627501387E-002 -5.279145205874E-003
   1.77272727273        0.00000000000       -70.0000000000       8.212423224471E-002 -2.810152636552E-002 -4.596383550731E-003
   2.36363636364        0.00000000000       -70.0000000000       0.106493801245      -1.927785381919E-002 -3.246752369568E-003
   2.95454545455        0.00000000000       -70.0000000000       7.987449628852E-002 -7.405574784059E-003 -3.500031080056E-003
   3.54545454545        0.00000000000       -70.0000000000       7.980486052609E-002 -6.364210109709E-003 -3.444185408059E-003
   4.13636363636        0.00000000000       -70.0000000000       7.864850885757E-002 -5.434727356084E-003 -3.273890552549E-003
   4.72727272727        0.00000000000       -70.0000000000       7.749215718905E-002 -4.505244602460E-003 -3.103595697040E-003
   5.31818181818        0.00000000000       -70.0000000000       7.583680732963E-002 -3.940267222163E-003 -2.946960636286E-003
   5.90909090909        0.00000000000       -70.0000000000       7.356502061485E-002 -4.782173194600E-003 -2.740288532976E-003
   6.50000000000        0.00000000000       -70.0000000000       7.112430769378E-002 -2.735487479320E-003 -1.846734909742E-003
