 12 20 1 1
 1 X [LENGU]
 2 Y [LENGU]
 3 Z [LENGU]
 4 Hx [FIELU]
 5 Hy [FIELU]
 6 Hz [FIELU]
 0
   0.00000000000        0.00000000000        2.16000000000        1.74933055387      -8.184050014678E-003 -1.353731689929E-003
  0.590909090909        0.00000000000        2.16000000000        1.75748854753      -5.798986930673E-003  5.865537687078E-004
   1.18181818182        0.00000000000        2.16000000000        1.76205619634      -3.204332381789E-003  1.859776482617E-003
   1.77272727273        0.00000000000        2.16000000000        1.74687551478       2.777267667389E-004 -1.307768319968E-004
   2.36363636364        0.00000000000        2.16000000000        1.75061148084      -2.804541402854E-003 -8.114756710422E-004
   2.95454545455        0.00000000000        2.16000000000        1.71073768003       7.056427896206E-003  1.134651593795E-002
   3.54545454545        0.00000000000        2.16000000000        1.63286636616       8.239734968304E-003  2.383819893484E-002
   4.13636363636        0.00000000000        2.16000000000        1.55305057472       2.659520822978E-003  3.268237828868E-002
   4.72727272727        0.00000000000        2.16000000000        1.46829221243       1.325297005691E-002  5.344147241775E-002
   5.31818181818        0.00000000000        2.16000000000        1.37750664320       3.380959911417E-002  8.950950911335E-002
   5.90909090909        0.00000000000        2.16000000000        1.27422306919      -1.021010430235E-002  0.122901963566     
   6.50000000000        0.00000000000        2.16000000000        1.07836290645       2.396655128053E-004  9.382085814515E-002
   0.00000000000        0.00000000000        2.16000000000        1.74933055387      -8.184050014678E-003 -1.353731689929E-003
  0.558892006459       0.191867868166        2.16000000000        1.76369201512      -4.518203935656E-003  1.270385362554E-003
   1.11778401292       0.383735736333        2.16000000000        1.76904382962      -3.585074994615E-004  2.242938554046E-003
   1.67667601938       0.575603604499        2.16000000000        1.74999110109       4.303823012547E-003 -5.197948163065E-004
   2.23556802584       0.767471472666        2.16000000000        1.73904607151       9.799741266535E-003 -2.830158319467E-003
   2.79446003230       0.959339340832        2.16000000000        1.72323163734       3.739718872651E-002  9.769549477615E-004
   3.35335203876        1.15120720900        2.16000000000        1.67649304779       0.110285819205       7.178755229145E-003
   3.91224404522        1.34307507716        2.16000000000        1.62783710843       0.129805624602       1.905065233318E-002
   4.47113605168        1.53494294533        2.16000000000        1.50916215477       0.177032062018       2.934750831530E-002
   5.03002805814        1.72681081350        2.16000000000        1.40551859127       0.212430074855       4.664246803583E-002
   5.58892006459        1.91867868166        2.16000000000        1.27693531144       0.222632626137       7.062796624089E-002
   6.14781207105        2.11054654983        2.16000000000        1.09163113157       0.212187099054       8.082255298092E-002
   0.00000000000        0.00000000000        2.16000000000        1.74933055387      -8.184050014678E-003 -1.353731689929E-003
  0.466310301007       0.362943875680        2.16000000000        1.76833919554      -3.634672244764E-003  1.669853156393E-003
  0.932620602014       0.725887751361        2.16000000000        1.77612714940       1.567676757575E-003  2.610137312622E-003
   1.39893090302        1.08883162704        2.16000000000        1.75882430231       6.677002379296E-003 -2.574472284168E-005
   1.86524120403        1.45177550272        2.16000000000        1.74072047175       1.789843586069E-002 -2.991234162312E-003
   2.33155150503        1.81471937840        2.16000000000        1.89797641377       2.866509042197E-002  1.082548257580E-003
   2.79786180604        2.17766325408        2.16000000000        1.88771799746       5.643238825131E-002  7.789041962400E-003
   3.26417210705        2.54060712976        2.16000000000        1.88759619824       0.193659762916       1.100757307209E-002
   3.73048240806        2.90355100544        2.16000000000        1.79431954401       0.397755003079       1.278020991058E-002
   4.19679270906        3.26649488112        2.16000000000        1.70827329246       0.574031571497       5.675437823834E-002
   4.66310301007        3.62943875680        2.16000000000        1.56536680529       0.745771478355       7.142721868699E-002
   5.12941331108        3.99238263248        2.16000000000        1.22188251798       0.770959733890       0.202319167072     
   0.00000000000        0.00000000000        2.16000000000        1.74933055387      -8.184050014678E-003 -1.353731689929E-003
  0.323196638891       0.494689282610        2.16000000000        1.77092649468      -3.244136226112E-003  1.741668616380E-003
  0.646393277781       0.989378565219        2.16000000000        1.78116224064       2.358945023514E-003  2.726418534099E-003
  0.969589916672        1.48406784783        2.16000000000        1.77175197551       1.097878556170E-002  1.083417829186E-003
   1.29278655556        1.97875713044        2.16000000000        1.75747368290       1.538173261104E-002 -1.065490143980E-003
   1.61598319445        2.47344641305        2.16000000000        1.97035594723      -2.213799676071E-002 -1.753817675021E-004
   1.93917983334        2.96813569566        2.16000000000        2.06385374230      -6.225229182782E-002  6.351397162326E-003
   2.26237647223        3.46282497827        2.16000000000        2.19415559899      -5.644963912933E-002  1.234387269358E-002
   2.58557311112        3.95751426088        2.16000000000        2.53039649795      -6.800598995992E-003  2.460967342182E-002
   2.90876975001        4.45220354349        2.16000000000        3.26164202064       0.519970264614       4.154138851935E-002
   3.23196638891        4.94689282610        2.16000000000        3.09792191736        3.05897779885       6.380050448929E-002
   3.55516302780        5.44158210871        2.16000000000       0.751077546452        2.43443018089       8.238033701511E-002
   0.00000000000        0.00000000000        2.16000000000        1.74933055387      -8.184050014678E-003 -1.353731689929E-003
  0.145059606038       0.572827429873        2.16000000000        1.77117353854      -3.388916517111E-003  1.478049423094E-003
  0.290119212075        1.14565485975        2.16000000000        1.77745346874       4.036063080696E-003  1.826412322720E-003
  0.435178818113        1.71848228962        2.16000000000        1.77839139436       1.142193395226E-002  1.514048411144E-003
  0.580238424151        2.29130971949        2.16000000000        1.78307388419       1.032351347429E-002  1.972152798140E-003
  0.725298030189        2.86413714937        2.16000000000        1.98016324981      -5.015724930944E-002  1.779593709765E-003
  0.870357636226        3.43696457924        2.16000000000        1.92412157990      -0.180169290466       9.322210153958E-003
   1.01541724226        4.00979200911        2.16000000000        1.86028174539      -0.165934904276       1.272660353430E-002
   1.16047684830        4.58261943899        2.16000000000        1.78305927036      -0.629108951627       1.566916252450E-002
   1.30553645434        5.15544686886        2.16000000000        1.22889453657      -0.936343292963       2.026938850850E-002
   1.45059606038        5.72827429873        2.16000000000       0.556636345514       -1.00060270136       2.759293930463E-002
   1.59565566642        6.30110172861        2.16000000000       0.123215227159      -0.715436711193       3.574955803483E-002
   0.00000000000        0.00000000000        2.16000000000        1.74933055387      -8.184050014678E-003 -1.353731689929E-003
 -4.879688596092E-002  0.588890836777        2.16000000000        1.76905355608      -4.053323926734E-003  9.075628066009E-004
 -9.759377192185E-002   1.17778167355        2.16000000000        1.77284445110       3.898428194361E-003  1.045338858270E-003
 -0.146390657883        1.76667251033        2.16000000000        1.78030757937       4.375962853568E-003  1.550066755477E-003
 -0.195187543844        2.35556334711        2.16000000000        1.78855486214       9.589711410185E-003  3.010936748881E-003
 -0.243984429805        2.94445418388        2.16000000000        1.95218635818       1.082737227958E-002  2.492526031571E-003
 -0.292781315766        3.53334502066        2.16000000000        1.72016213765       3.982025337590E-003  5.157013529320E-003
 -0.341578201726        4.12223585744        2.16000000000        1.57168367478       3.633638875365E-002  5.048307860713E-003
 -0.390375087687        4.71112669421        2.16000000000        1.37711038620       0.207611582773       5.024827441036E-003
 -0.439171973648        5.30001753099        2.16000000000        1.06641750416       0.292527207740       2.838661629697E-003
 -0.487968859609        5.88890836777        2.16000000000       0.660001072067       0.323343596607       1.950297647289E-003
 -0.536765745570        6.47779920454        2.16000000000       0.455410712547       0.155911283828       5.258171462331E-003
   0.00000000000        0.00000000000        2.16000000000        1.74933055387      -8.184050014678E-003 -1.353731689929E-003
 -0.237365478204       0.541138783933        2.16000000000        1.76429730409      -4.949512134594E-003  1.676893589945E-004
 -0.474730956408        1.08227756787        2.16000000000        1.77443534974      -3.101825275949E-004  1.410199845138E-003
 -0.712096434612        1.62341635180        2.16000000000        1.77742578968       1.722075080864E-003  1.339246226158E-003
 -0.949461912816        2.16455513573        2.16000000000        1.77579389711       2.911762571864E-002  2.394562038361E-003
  -1.18682739102        2.70569391966        2.16000000000        1.94333995878       4.809366535439E-002  8.195706435482E-003
  -1.42419286922        3.24683270360        2.16000000000        2.00014423583       0.138302551533       6.640752537878E-003
  -1.66155834743        3.78797148753        2.16000000000        2.12947643230       0.297181097353      -1.602058456895E-003
  -1.89892382563        4.32911027146        2.16000000000        2.36931212696       0.163005529026      -2.592153459996E-003
  -2.13628930384        4.87024905539        2.16000000000        2.69817580691        1.80231618424      -1.108926458643E-002
  -2.37365478204        5.41138783933        2.16000000000       0.881310163043        3.13116580101      -1.827504148496E-002
  -2.61102026024        5.95252662326        2.16000000000       -1.91331955667       0.483593996919      -2.295034394265E-002
   0.00000000000        0.00000000000        2.16000000000        1.74933055387      -8.184050014678E-003 -1.353731689929E-003
 -0.400211837779       0.434745947216        2.16000000000        1.75798342169      -6.224005683249E-003 -7.467957443138E-004
 -0.800423675558       0.869491894432        2.16000000000        1.76505113163      -3.578252682123E-003  1.004969028998E-004
  -1.20063551334        1.30423784165        2.16000000000        1.77211884156      -9.324996809964E-004  9.477895501134E-004
  -1.60084735112        1.73898378886        2.16000000000        1.77456206447       1.194874312190E-002  1.646045017636E-003
  -2.00105918889        2.17372973608        2.16000000000        1.89374686346       5.347267605049E-002  2.836014699332E-003
  -2.40127102667        2.60847568330        2.16000000000        1.97245287161      -0.111441449854       3.002244062202E-003
  -2.80148286445        3.04322163051        2.16000000000        2.13298356888      -0.255128406813      -1.812267851892E-002
  -3.20169470223        3.47796757773        2.16000000000        2.22070590145      -0.575494869954      -2.055142408827E-002
  -3.60190654001        3.91271352494        2.16000000000        2.10327369257      -0.753226175552      -2.261485384287E-002
  -4.00211837779        4.34745947216        2.16000000000        1.84670532532       -1.14183416132      -7.948937742665E-002
  -4.40233021557        4.78220541938        2.16000000000        1.41545268051       -1.21503590472      -0.100097882026     
   0.00000000000        0.00000000000        2.16000000000        1.74933055387      -8.184050014678E-003 -1.353731689929E-003
 -0.519689034804       0.281241641340        2.16000000000        1.75090364326      -7.785207622664E-003 -1.753098153048E-003
  -1.03937806961       0.562483282680        2.16000000000        1.75134875478      -6.418210425583E-003 -1.857871030771E-003
  -1.55906710441       0.843724924020        2.16000000000        1.75597017607      -6.465913973673E-003 -1.233845914491E-003
  -2.07875613922        1.12496656536        2.16000000000        1.75307392733      -6.653162620561E-003 -1.936495746799E-003
  -2.59844517402        1.40620820670        2.16000000000        1.84310901571      -3.507274255035E-002  6.821274158782E-003
  -3.11813420882        1.68744984804        2.16000000000        1.81208044913      -0.173391460880       4.352017175340E-003
  -3.63782324363        1.96869148938        2.16000000000        1.73031616390      -0.223301122798       6.044505898015E-003
  -4.15751227843        2.24993313072        2.16000000000        1.62345114143      -0.276277771208       2.593432221936E-003
  -4.67720131323        2.53117477206        2.16000000000        1.54080487297      -0.327163684465      -3.154018276629E-003
  -5.19689034804        2.81241641340        2.16000000000        1.37226226485      -0.390794276100      -2.647229854193E-002
  -5.71657938284        3.09365805474        2.16000000000        1.12595373576      -0.467160561313      -5.689097693997E-002
   0.00000000000        0.00000000000        2.16000000000        1.74933055387      -8.184050014678E-003 -1.353731689929E-003
 -0.582849861102       9.726043971134E-002   2.16000000000        1.74598178083      -8.131583444554E-003 -2.486323322987E-003
  -1.16569972220       0.194520879423        2.16000000000        1.74890436755      -1.006597332785E-002 -1.977211625925E-003
  -1.74854958330       0.291781319134        2.16000000000        1.75512909764      -6.813858130246E-003 -1.410989753910E-003
  -2.33139944441       0.389041758845        2.16000000000        1.74397257868      -2.951634904652E-003 -2.691890404878E-003
  -2.91424930551       0.486302198557        2.16000000000        1.74798589548      -2.627127826938E-002  3.636940741826E-003
  -3.49709916661       0.583562638268        2.16000000000        1.70629806098      -3.265000936441E-002  1.569997096882E-002
  -4.07994902771       0.680823077979        2.16000000000        1.65338845565      -3.339342164619E-002  5.416741786811E-002
  -4.66279888881       0.778083517691        2.16000000000        1.59843234365      -3.380995300156E-002  8.832946281903E-002
  -5.24564874991       0.875343957402        2.16000000000        1.51154542556      -5.359642475383E-002  0.106966364350     
  -5.82849861102       0.972604397113        2.16000000000        1.35078745613      -7.964427676582E-003  0.124729666765     
  -6.41134847212        1.06986483682        2.16000000000        1.21956471708       7.795365129794E-002  0.255925742877     
   0.00000000000        0.00000000000        2.16000000000        1.74933055387      -8.184050014678E-003 -1.353731689929E-003
 -0.582849861102      -9.726043971134E-002   2.16000000000        1.74225723498      -8.148567230506E-003 -3.044248643169E-003
  -1.16569972220      -0.194520879423        2.16000000000        1.75434806578      -1.952203557850E-002 -4.793710331983E-004
  -1.74854958330      -0.291781319134        2.16000000000        1.75738383466      -1.102354428122E-002 -1.029940685915E-003
  -2.33139944441      -0.389041758845        2.16000000000        1.74797972303      -1.069788994449E-003 -2.224675907712E-003
  -2.91424930551      -0.486302198557        2.16000000000        1.75209958850       2.149144765985E-002  5.417472383768E-003
  -3.49709916661      -0.583562638268        2.16000000000        1.71191762993       2.291137659177E-002  8.258708671337E-003
  -4.07994902771      -0.680823077979        2.16000000000        1.66768000376       2.903343211425E-002  2.865255793881E-002
  -4.66279888881      -0.778083517691        2.16000000000        1.59046645770       4.569275761431E-002  6.548868410690E-002
  -5.24564874991      -0.875343957402        2.16000000000        1.48213305342       6.855938545964E-002  9.306973322028E-002
  -5.82849861102      -0.972604397113        2.16000000000        1.45218035767       1.514618503935E-002  0.129226445585     
  -6.41134847212       -1.06986483682        2.16000000000        1.57426626445      -5.234884866306E-003  0.374484192946     
   0.00000000000        0.00000000000        2.16000000000        1.74933055387      -8.184050014678E-003 -1.353731689929E-003
 -0.519689034804      -0.281241641340        2.16000000000        1.73924746973      -8.138291182883E-003 -3.408891101111E-003
  -1.03937806961      -0.562483282680        2.16000000000        1.75409699864      -2.426640019082E-002 -1.606580213397E-004
  -1.55906710441      -0.843724924020        2.16000000000        1.76269574303      -1.745510185373E-002  3.800579899766E-004
  -2.07875613922       -1.12496656536        2.16000000000        1.76496764546       3.627286655920E-003 -1.932361449196E-005
  -2.59844517402       -1.40620820670        2.16000000000        1.83142372082       3.959711222208E-002  1.589664461958E-003
  -3.11813420882       -1.68744984804        2.16000000000        1.79493175577       0.127314617856       4.256389948229E-003
  -3.63782324363       -1.96869148938        2.16000000000        1.73543872214       0.199657619115       5.789526551222E-003
  -4.15751227843       -2.24993313072        2.16000000000        1.64747179296       0.252967938025       5.919350461667E-003
  -4.67720131323       -2.53117477206        2.16000000000        1.54826732845       0.319448240645       1.237488987725E-003
  -5.19689034804       -2.81241641340        2.16000000000        1.36210600119       0.381411066680      -6.807823567409E-003
  -5.71657938284       -3.09365805474        2.16000000000        1.14033407876       0.424980103273      -2.749755343227E-002
   0.00000000000        0.00000000000        2.16000000000        1.74933055387      -8.184050014678E-003 -1.353731689929E-003
 -0.400211837779      -0.434745947216        2.16000000000        1.73850405726      -7.250128565604E-003 -3.292377671095E-003
 -0.800423675558      -0.869491894432        2.16000000000        1.75086007218      -7.966951137269E-003 -1.442100714098E-003
  -1.20063551334       -1.30423784165        2.16000000000        1.77409565768      -2.023879947952E-002  3.064032036451E-003
  -1.60084735112       -1.73898378886        2.16000000000        1.77908793893       7.728027001020E-004  2.100964593116E-003
  -2.00105918889       -2.17372973608        2.16000000000        1.85847739210      -7.299350899127E-002  4.220046250900E-003
  -2.40127102667       -2.60847568330        2.16000000000        1.96317029310       5.633223983980E-002 -5.486452495235E-004
  -2.80148286445       -3.04322163051        2.16000000000        2.03794087586       0.198195662503      -6.924849878114E-003
  -3.20169470223       -3.47796757773        2.16000000000        2.24204366288       0.481325060837      -1.797092494469E-002
  -3.60190654001       -3.91271352494        2.16000000000        2.19613967721       0.732069622395      -4.080548556546E-002
  -4.00211837779       -4.34745947216        2.16000000000        1.87147090627        1.12992096874      -9.795757169458E-002
  -4.40233021557       -4.78220541938        2.16000000000        1.44891893232        1.33711412820      -0.159699825430     
   0.00000000000        0.00000000000        2.16000000000        1.74933055387      -8.184050014678E-003 -1.353731689929E-003
 -0.237365478204      -0.541138783933        2.16000000000        1.74227554026      -5.168012446061E-003 -2.542862653107E-003
 -0.474730956408       -1.08227756787        2.16000000000        1.75148241499       4.333517488085E-003 -1.680574315995E-003
 -0.712096434612       -1.62341635180        2.16000000000        1.76807917231      -3.575681319783E-003  1.375658051225E-003
 -0.949461912816       -2.16455513573        2.16000000000        1.78716222621      -1.032350209941E-002  4.752078832384E-003
  -1.18682739102       -2.70569391966        2.16000000000        1.92569271874      -6.845717352291E-002  3.276944593867E-003
  -1.42419286922       -3.24683270360        2.16000000000        1.97392260441      -0.207113652266       1.614694854511E-003
  -1.66155834743       -3.78797148753        2.16000000000        2.05187599666      -0.325988953303      -1.104209237211E-003
  -1.89892382563       -4.32911027146        2.16000000000        2.24816830223      -0.736987229245      -9.640900178388E-003
  -2.13628930384       -4.87024905539        2.16000000000        2.63655186716       -1.77093819809      -2.200644595429E-002
  -2.37365478204       -5.41138783933        2.16000000000       5.946521309467E-002  -2.17643618804      -3.179842773682E-002
  -2.61102026024       -5.95252662326        2.16000000000       -1.99160593727      -0.587987383638      -3.592717993871E-002
   0.00000000000        0.00000000000        2.16000000000        1.74933055387      -8.184050014678E-003 -1.353731689929E-003
 -4.879688596092E-002 -0.588890836777        2.16000000000        1.74504931552      -4.115534526310E-003 -1.886789956227E-003
 -9.759377192185E-002  -1.17778167355        2.16000000000        1.75485927454       1.234594092499E-003 -1.034243947823E-003
 -0.146390657883       -1.76667251033        2.16000000000        1.76128739388       6.048764327934E-003 -2.225830785201E-004
 -0.195187543844       -2.35556334711        2.16000000000        1.77360998155      -1.376041473241E-002  2.842712049097E-003
 -0.243984429805       -2.94445418388        2.16000000000        1.91727316271      -3.133626901027E-002  4.833570745370E-003
 -0.292781315766       -3.53334502066        2.16000000000        1.73933380641       8.549663526875E-003  5.931918591824E-003
 -0.341578201726       -4.12223585744        2.16000000000        1.63281268674      -8.785901050006E-002  4.806374366444E-003
 -0.390375087687       -4.71112669421        2.16000000000        1.50174876743      -0.186629535560       5.506664184302E-003
 -0.439171973648       -5.30001753099        2.16000000000        1.05867151074      -0.320711104599       1.514437994148E-003
 -0.487968859609       -5.88890836777        2.16000000000       0.686566724620      -0.316697505508      -6.114573345694E-003
 -0.536765745570       -6.47779920454        2.16000000000       0.317255453438      -0.200064188805      -1.148352659768E-002
   0.00000000000        0.00000000000        2.16000000000        1.74933055387      -8.184050014678E-003 -1.353731689929E-003
  0.145059606038      -0.572827429873        2.16000000000        1.74652480146      -4.206747119833E-003 -1.395255237179E-003
  0.290119212075       -1.14565485975        2.16000000000        1.75653904851      -1.995321713067E-003 -4.410884474818E-004
  0.435178818113       -1.71848228962        2.16000000000        1.76349649680      -1.262946866712E-003  3.452299409633E-004
  0.580238424151       -2.29130971949        2.16000000000        1.75577616123      -3.739198943287E-003 -1.339469888041E-003
  0.725298030189       -2.86413714937        2.16000000000        1.97612639896       7.618114478953E-002  5.590691764018E-003
  0.870357636226       -3.43696457924        2.16000000000        1.87616885709       0.168403203759       1.030574671823E-002
   1.01541724226       -4.00979200911        2.16000000000        1.81959608171       0.309455295684       1.140960754061E-002
   1.16047684830       -4.58261943899        2.16000000000        1.62456637338       0.546688048637       1.424965527636E-002
   1.30553645434       -5.15544686886        2.16000000000        1.22581463647       0.963286721665       2.314651692553E-002
   1.45059606038       -5.72827429873        2.16000000000       0.545825385178        1.00144321888       2.706756115521E-002
   1.59565566642       -6.30110172861        2.16000000000       0.101978191795       0.726670511782       2.238240077157E-002
   0.00000000000        0.00000000000        2.16000000000        1.74933055387      -8.184050014678E-003 -1.353731689929E-003
  0.323196638891      -0.494689282610        2.16000000000        1.74654210627      -5.431765926813E-003 -1.121523909719E-003
  0.646393277781      -0.989378565219        2.16000000000        1.75693950841      -3.568292695503E-003  2.185912892209E-004
  0.969589916672       -1.48406784783        2.16000000000        1.76330390009      -9.923670075402E-003  5.124395015228E-004
   1.29278655556       -1.97875713044        2.16000000000        1.76268214055      -1.286741005219E-002 -5.722758518395E-004
   1.61598319445       -2.47344641305        2.16000000000        1.94941552631       1.498180750210E-002  1.129629388400E-002
   1.93917983334       -2.96813569566        2.16000000000        2.10311722261      -1.289239022732E-002  1.121455039041E-002
   2.26237647223       -3.46282497827        2.16000000000        2.20293381834       2.158742008912E-002  1.747930877384E-002
   2.58557311112       -3.95751426088        2.16000000000        2.61835406096      -6.040246226096E-002  3.263633040566E-002
   2.90876975001       -4.45220354349        2.16000000000        3.29492757267      -0.562504071671       4.881041060327E-002
   3.23196638891       -4.94689282610        2.16000000000        3.17404513249       -2.78851998991       6.294122544065E-002
   3.55516302780       -5.44158210871        2.16000000000       0.711677912396       -2.53094426402       6.526611893941E-002
   0.00000000000        0.00000000000        2.16000000000        1.74933055387      -8.184050014678E-003 -1.353731689929E-003
  0.466310301007      -0.362943875680        2.16000000000        1.74571972039      -7.414994304725E-003 -1.016833996154E-003
  0.932620602014      -0.725887751361        2.16000000000        1.75601725819      -3.313863041704E-003  8.733087268271E-004
   1.39893090302       -1.08883162704        2.16000000000        1.76165913594      -1.161830015351E-002  1.223563562643E-003
   1.86524120403       -1.45177550272        2.16000000000        1.75246308260      -2.051865883769E-002  6.109739085551E-005
   2.33155150503       -1.81471937840        2.16000000000        1.87742174786      -2.599290451464E-002  1.555374739802E-002
   2.79786180604       -2.17766325408        2.16000000000        1.85148513536      -0.103406723644       1.789629613693E-002
   3.26417210705       -2.54060712976        2.16000000000        1.91248193940      -0.317079255267       2.838739011729E-002
   3.73048240806       -2.90355100544        2.16000000000        1.88529651266      -0.464257391381       4.263391441976E-002
   4.19679270906       -3.26649488112        2.16000000000        1.77892918094      -0.557992993037       6.371330710030E-002
   4.66310301007       -3.62943875680        2.16000000000        1.54705941949      -0.722680822565       8.813333244933E-002
   5.12941331108       -3.99238263248        2.16000000000        1.29966552259      -0.801108094225       0.123622183990     
   0.00000000000        0.00000000000        2.16000000000        1.74933055387      -8.184050014678E-003 -1.353731689929E-003
  0.558892006459      -0.191867868166        2.16000000000        1.75040103475      -7.338228518908E-003 -3.075378612131E-004
   1.11778401292      -0.383735736333        2.16000000000        1.75545541137      -7.392940013122E-003  9.976406804614E-004
   1.67667601938      -0.575603604499        2.16000000000        1.75764946090      -8.336912071731E-003  1.340744364485E-003
   2.23556802584      -0.767471472666        2.16000000000        1.71770179394      -1.253690884920E-002 -1.174181923468E-003
   2.79446003230      -0.959339340832        2.16000000000        1.74497977194      -3.006479174352E-002  1.246757411443E-002
   3.35335203876       -1.15120720900        2.16000000000        1.67037129705      -7.780782238353E-002  1.799579503898E-002
   3.91224404522       -1.34307507716        2.16000000000        1.58834183943      -0.116788106510       2.481886061887E-002
   4.47113605168       -1.53494294533        2.16000000000        1.49211557934      -0.179904117619       3.819949017441E-002
   5.03002805814       -1.72681081350        2.16000000000        1.39094392679      -0.204310749525       5.785574800756E-002
   5.58892006459       -1.91867868166        2.16000000000        1.26995819075      -0.226108903271       7.486721271150E-002
   6.14781207105       -2.11054654983        2.16000000000        1.11639548548      -0.241776053904       8.552281180829E-002
   0.00000000000        0.00000000000        2.16000000000        1.74933055387      -8.184050014678E-003 -1.353731689929E-003
  0.590909090909        0.00000000000        2.16000000000        1.75748854753      -5.798986930673E-003  5.865537687078E-004
   1.18181818182      -1.172487511250E-015   2.16000000000        1.76205619634      -3.204332381789E-003  1.859776482617E-003
   1.77272727273        0.00000000000        2.16000000000        1.74687551478       2.777267667389E-004 -1.307768319968E-004
   2.36363636364        0.00000000000        2.16000000000        1.75061148084      -2.804541402854E-003 -8.114756710422E-004
   2.95454545455        0.00000000000        2.16000000000        1.71073768003       7.056427896206E-003  1.134651593795E-002
   3.54545454545        0.00000000000        2.16000000000        1.63286636616       8.239734968304E-003  2.383819893484E-002
   4.13636363636        0.00000000000        2.16000000000        1.55305057472       2.659520822978E-003  3.268237828868E-002
   4.72727272727        0.00000000000        2.16000000000        1.46829221243       1.325297005691E-002  5.344147241775E-002
   5.31818181818        0.00000000000        2.16000000000        1.37750664320       3.380959911417E-002  8.950950911335E-002
   5.90909090909        0.00000000000        2.16000000000        1.27422306919      -1.021010430235E-002  0.122901963566     
   6.50000000000        0.00000000000        2.16000000000        1.07836290645       2.396655128053E-004  9.382085814515E-002
