 12 20 1 1
 1 X [LENGU]
 2 Y [LENGU]
 3 Z [LENGU]
 4 Hx [FIELU]
 5 Hy [FIELU]
 6 Hz [FIELU]
 0
   0.00000000000        0.00000000000        70.0000000000       0.145200064640      -2.739009331317E-002 -1.964709027364E-003
  0.590909090909        0.00000000000        70.0000000000       0.162861339615      -1.866455418261E-002  1.059206970561E-003
   1.18181818182        0.00000000000        70.0000000000       0.177252809633      -9.736735632669E-003  3.695320684454E-003
   1.77272727273        0.00000000000        70.0000000000       0.184922331582      -2.721378638824E-003  5.723927473214E-003
   2.36363636364        0.00000000000        70.0000000000       0.190300534377       3.183084094661E-003  7.082969834895E-003
   2.95454545455        0.00000000000        70.0000000000       0.119768450684       5.999410874444E-003  1.975505668730E-003
   3.54545454545        0.00000000000        70.0000000000       0.116909029497       4.790167016329E-003  1.784660730880E-003
   4.13636363636        0.00000000000        70.0000000000       0.113814713615       3.138835116998E-003  1.579350538469E-003
   4.72727272727        0.00000000000        70.0000000000       0.110848336243       1.163646535846E-003  1.355691414606E-003
   5.31818181818        0.00000000000        70.0000000000       0.106856220310      -6.930360068179E-005  1.038218855926E-003
   5.90909090909        0.00000000000        70.0000000000       0.103455532219      -7.132013138951E-004  6.355754779902E-004
   6.50000000000        0.00000000000        70.0000000000       0.100054844129      -1.357099027108E-003  2.329321000541E-004
   0.00000000000        0.00000000000        70.0000000000       0.145200064640      -2.739009331317E-002 -1.964709027364E-003
  0.558892006459       0.191867868166        70.0000000000       0.165822338407      -1.730944205995E-002  1.306684002592E-003
   1.11778401292       0.383735736333        70.0000000000       0.179121521191      -8.013783844199E-003  3.925350196948E-003
   1.67667601938       0.575603604499        70.0000000000       0.187940924605       4.557344073991E-004  6.279795242543E-003
   2.23556802584       0.767471472666        70.0000000000       0.197708206851       1.858667067825E-002  9.097960658965E-003
   2.79446003230       0.959339340832        70.0000000000       0.116600835174      -1.657129836061E-003  2.092165691498E-003
   3.35335203876        1.15120720900        70.0000000000       0.113353646987       3.133748903670E-003  2.231075021582E-003
   3.91224404522        1.34307507716        70.0000000000       0.112998291297       4.809833712036E-003  2.138986736441E-003
   4.47113605168        1.53494294533        70.0000000000       0.112424253991       6.647660933318E-003  1.955176164301E-003
   5.03002805814        1.72681081350        70.0000000000       0.105057599387       8.623501005508E-003  9.129933339558E-004
   5.58892006459        1.91867868166        70.0000000000       9.893150661306E-002  5.733787247154E-003  7.868429701984E-004
   6.14781207105        2.11054654983        70.0000000000       9.229877031283E-002  5.261094273285E-003  1.212425770937E-003
   0.00000000000        0.00000000000        70.0000000000       0.145200064640      -2.739009331317E-002 -1.964709027364E-003
  0.466310301007       0.362943875680        70.0000000000       0.166798300443      -1.709412950438E-002  1.234840734003E-003
  0.932620602014       0.725887751361        70.0000000000       0.179088044989      -8.066749329847E-003  3.651897027362E-003
   1.39893090302        1.08883162704        70.0000000000       0.189095566633       8.150663195764E-003  6.755105986836E-003
   1.86524120403        1.45177550272        70.0000000000       0.199214162137       2.761762218833E-002  1.054549471596E-002
   2.33155150503        1.81471937840        70.0000000000       0.135922772582      -1.720395440121E-002  1.627975191613E-003
   2.79786180604        2.17766325408        70.0000000000       0.132767462107      -1.130908848381E-002  1.890958830791E-003
   3.26417210705        2.54060712976        70.0000000000       0.129885251515      -4.567317900614E-003  2.213714991266E-003
   3.73048240806        2.90355100544        70.0000000000       0.124193323435       1.211455450601E-002  1.887915189453E-003
   4.19679270906        3.26649488112        70.0000000000       0.121199849675       2.677360541716E-002  5.217875100048E-004
   4.66310301007        3.62943875680        70.0000000000       0.117573119395       4.126991299831E-002 -6.985689983699E-004
   5.12941331108        3.99238263248        70.0000000000       0.100966599819       4.054335930033E-002 -1.071730812142E-003
   0.00000000000        0.00000000000        70.0000000000       0.145200064640      -2.739009331317E-002 -1.964709027364E-003
  0.323196638891       0.494689282610        70.0000000000       0.165683465095      -1.804194897222E-002  8.514624977097E-004
  0.646393277781       0.989378565219        70.0000000000       0.177156008693      -9.889892457397E-003  2.904594069683E-003
  0.969589916672        1.48406784783        70.0000000000       0.186699983299       8.658160663762E-003  6.003434909684E-003
   1.29278655556        1.97875713044        70.0000000000       0.193843113657       2.071531686611E-002  9.883754012130E-003
   1.61598319445        2.47344641305        70.0000000000       0.156640076427      -1.899892488434E-002  1.358351472870E-003
   1.93917983334        2.96813569566        70.0000000000       0.157919755815      -2.120647291982E-002  2.027134364859E-003
   2.26237647223        3.46282497827        70.0000000000       0.163753622663      -2.186809166596E-002  1.041505980523E-003
   2.58557311112        3.95751426088        70.0000000000       0.183429984346      -9.848041801803E-003  9.523708949606E-005
   2.90876975001        4.45220354349        70.0000000000       0.213195532477       1.929448471274E-002  2.609481041647E-004
   3.23196638891        4.94689282610        70.0000000000       0.199375843225       0.153076991894       4.330075209214E-005
   3.55516302780        5.44158210871        70.0000000000       8.204033233708E-002  0.123681390157      -2.576624750576E-004
   0.00000000000        0.00000000000        70.0000000000       0.145200064640      -2.739009331317E-002 -1.964709027364E-003
  0.145059606038       0.572827429873        70.0000000000       0.162598642071      -2.005018951719E-002  1.980942743397E-004
  0.290119212075        1.14565485975        70.0000000000       0.173534778415      -1.328564738000E-002  1.764423194976E-003
  0.435178818113        1.71848228962        70.0000000000       0.181013773229       1.923231586100E-003  4.106237235675E-003
  0.580238424151        2.29130971949        70.0000000000       0.189076894925      -1.110587317507E-002  4.330871672073E-003
  0.725298030189        2.86413714937        70.0000000000       0.195649001442      -1.411001863121E-002 -6.568888435920E-004
  0.870357636226        3.43696457924        70.0000000000       0.171119743051      -2.448324351524E-003 -1.259269074768E-003
   1.01541724226        4.00979200911        70.0000000000       0.150921742715      -1.370165517448E-002 -2.084412773764E-003
   1.16047684830        4.58261943899        70.0000000000       0.131719000965      -2.880365508921E-002 -9.026870050543E-005
   1.30553645434        5.15544686886        70.0000000000       0.106432451199      -4.936159686526E-002 -1.044531383025E-003
   1.45059606038        5.72827429873        70.0000000000       6.574227362376E-002 -4.966030836264E-002 -2.439803553653E-003
   1.59565566642        6.30110172861        70.0000000000       2.997293238251E-002 -3.488885163336E-002 -1.383277279247E-003
   0.00000000000        0.00000000000        70.0000000000       0.145200064640      -2.739009331317E-002 -1.964709027364E-003
 -4.879688596092E-002  0.588890836777        70.0000000000       0.157878119811      -2.290122711518E-002 -6.544613510520E-004
 -9.759377192185E-002   1.17778167355        70.0000000000       0.168251875574      -1.797491007606E-002  3.310899073095E-004
 -0.146390657883        1.76667251033        70.0000000000       0.172653125514      -1.132428996847E-002  1.269103770844E-003
 -0.195187543844        2.35556334711        70.0000000000       0.180072020869      -3.289725646124E-002 -6.572984336934E-004
 -0.243984429805        2.94445418388        70.0000000000       0.160721706764       2.177926211200E-002 -3.701504397409E-003
 -0.292781315766        3.53334502066        70.0000000000       0.160271523173       2.359802146565E-002 -2.664248150255E-003
 -0.341578201726        4.12223585744        70.0000000000       0.140283052231       2.581937023913E-002 -2.594919540534E-003
 -0.390375087687        4.71112669421        70.0000000000       0.120798457158       3.176662125512E-002 -1.942857212370E-003
 -0.439171973648        5.30001753099        70.0000000000       9.567119976557E-002  3.180307952767E-002 -9.283614885674E-004
 -0.487968859609        5.88890836777        70.0000000000       7.121808006860E-002  3.298676196205E-002 -1.766121155796E-004
 -0.536765745570        6.47779920454        70.0000000000       5.392481977276E-002  3.070412272548E-002 -6.989181891768E-004
   0.00000000000        0.00000000000        70.0000000000       0.145200064640      -2.739009331317E-002 -1.964709027364E-003
 -0.237365478204       0.541138783933        70.0000000000       0.150520604496      -2.599890914967E-002 -1.826988836095E-003
 -0.474730956408        1.08227756787        70.0000000000       0.155841144353      -2.460772498616E-002 -1.689268644827E-003
 -0.712096434612        1.62341635180        70.0000000000       0.161091592350      -2.320323450354E-002 -1.561425024244E-003
 -0.949461912816        2.16455513573        70.0000000000       0.165696112415      -2.692296294662E-002 -2.055175774236E-003
  -1.18682739102        2.70569391966        70.0000000000       0.140525125931       3.234267778603E-002 -3.561242593994E-003
  -1.42419286922        3.24683270360        70.0000000000       0.140963555509       4.136430655407E-002 -3.524947986106E-003
  -1.66155834743        3.78797148753        70.0000000000       0.139071977530       5.082307784014E-002 -2.668972014693E-003
  -1.89892382563        4.32911027146        70.0000000000       0.147290442852       6.908626518811E-002 -1.650682664250E-003
  -2.13628930384        4.87024905539        70.0000000000       0.175847133558       0.125137512590      -1.788731718139E-003
  -2.37365478204        5.41138783933        70.0000000000       6.015902823983E-002  0.180781196344      -1.397873965023E-003
  -2.61102026024        5.95252662326        70.0000000000      -7.236106406558E-002  4.708233108072E-002 -9.712910293664E-004
   0.00000000000        0.00000000000        70.0000000000       0.145200064640      -2.739009331317E-002 -1.964709027364E-003
 -0.400211837779       0.434745947216        70.0000000000       0.141775301385      -2.909334373881E-002 -3.128749270897E-003
 -0.800423675558       0.869491894432        70.0000000000       0.138350538131      -3.079659416444E-002 -4.292789514430E-003
  -1.20063551334        1.30423784165        70.0000000000       0.134925774876      -3.249984459008E-002 -5.456829757963E-003
  -1.60084735112        1.73898378886        70.0000000000       0.143986392158      -2.954044600926E-002 -4.289624652204E-003
  -2.00105918889        2.17372973608        70.0000000000       7.754610001524E-002  6.113318808806E-002 -5.916351594292E-003
  -2.40127102667        2.60847568330        70.0000000000       0.117101550283       2.136225453393E-002 -3.598920860212E-003
  -2.80148286445        3.04322163051        70.0000000000       0.119438622078       1.389920307979E-002 -4.130798773030E-003
  -3.20169470223        3.47796757773        70.0000000000       0.125978609008       4.062228024120E-003 -5.845477478855E-003
  -3.60190654001        3.91271352494        70.0000000000       0.128770901288      -2.577403151781E-002 -3.663264435663E-003
  -4.00211837779        4.34745947216        70.0000000000       0.125253418388      -5.302844431266E-002 -2.095602817119E-003
  -4.40233021557        4.78220541938        70.0000000000       0.103617863664      -5.342399164602E-002 -1.626075363196E-003
   0.00000000000        0.00000000000        70.0000000000       0.145200064640      -2.739009331317E-002 -1.964709027364E-003
 -0.519689034804       0.281241641340        70.0000000000       0.135705950163      -3.004660144228E-002 -3.903531277854E-003
  -1.03937806961       0.562483282680        70.0000000000       0.129065581165      -3.028051949558E-002 -5.346053232966E-003
  -1.55906710441       0.843724924020        70.0000000000       0.123518275303      -3.117208791365E-002 -6.555773214472E-003
  -2.07875613922        1.12496656536        70.0000000000       0.123084824701      -3.586346566659E-002 -6.957557030040E-003
  -2.59844517402        1.40620820670        70.0000000000       0.102472653899       9.266947832735E-003 -2.256960866871E-003
  -3.11813420882        1.68744984804        70.0000000000       9.949652811842E-002  3.242298718743E-003 -2.764778732031E-003
  -3.63782324363        1.96869148938        70.0000000000       9.652040233758E-002 -2.782350395249E-003 -3.272596597191E-003
  -4.15751227843        2.24993313072        70.0000000000       9.354427655674E-002 -8.806999509240E-003 -3.780414462351E-003
  -4.67720131323        2.53117477206        70.0000000000       9.223442733385E-002 -1.136225642231E-002 -3.845245313654E-003
  -5.19689034804        2.81241641340        70.0000000000       8.836028375444E-002 -1.758649934997E-002 -1.997846493297E-003
  -5.71657938284        3.09365805474        70.0000000000       8.114623243554E-002 -2.245720042397E-002 -1.650777292396E-003
   0.00000000000        0.00000000000        70.0000000000       0.145200064640      -2.739009331317E-002 -1.964709027364E-003
 -0.582849861102       9.726043971134E-002   70.0000000000       0.133923767957      -2.794593320622E-002 -3.901548687795E-003
  -1.16569972220       0.194520879423        70.0000000000       0.126461425515      -2.468633869898E-002 -5.274061175553E-003
  -1.74854958330       0.291781319134        70.0000000000       0.122372993176      -2.435870712177E-002 -5.865520629170E-003
  -2.33139944441       0.389041758845        70.0000000000       0.119747719874      -3.093718996958E-002 -6.597979983177E-003
  -2.91424930551       0.486302198557        70.0000000000       9.428186250213E-002 -9.154957102442E-003 -2.277421287102E-003
  -3.49709916661       0.583562638268        70.0000000000       9.361775172402E-002 -9.399080838840E-003 -2.697057342241E-003
  -4.07994902771       0.680823077979        70.0000000000       9.295364094591E-002 -9.643204575239E-003 -3.116693397379E-003
  -4.66279888881       0.778083517691        70.0000000000       9.155021698197E-002 -8.609449767252E-003 -3.334824474580E-003
  -5.24564874991       0.875343957402        70.0000000000       8.913365156302E-002 -6.397212832199E-003 -2.849174986750E-003
  -5.82849861102       0.972604397113        70.0000000000       8.645207012994E-002 -5.426358786642E-003 -2.213874843379E-003
  -6.41134847212        1.06986483682        70.0000000000       8.300334859750E-002 -4.437407222607E-003 -1.570414793984E-003
   0.00000000000        0.00000000000        70.0000000000       0.145200064640      -2.739009331317E-002 -1.964709027364E-003
 -0.582849861102      -9.726043971134E-002   70.0000000000       0.133214717745      -2.581485990346E-002 -3.732096352147E-003
  -1.16569972220      -0.194520879423        70.0000000000       0.131676178948      -1.206610841539E-002 -4.377750941837E-003
  -1.74854958330      -0.291781319134        70.0000000000       0.129233427956      -1.332319171527E-002 -4.503881203311E-003
  -2.33139944441      -0.389041758845        70.0000000000       0.122493297540      -2.245732898392E-002 -5.656014609903E-003
  -2.91424930551      -0.486302198557        70.0000000000       0.100719685375      -1.345409147693E-002 -2.419372141323E-003
  -3.49709916661      -0.583562638268        70.0000000000       9.874307291020E-002 -9.664289254952E-003 -2.537089131299E-003
  -4.07994902771      -0.680823077979        70.0000000000       9.796883838574E-002 -7.764230043374E-003 -2.834180557262E-003
  -4.66279888881      -0.778083517691        70.0000000000       9.620950636638E-002 -5.412245607541E-003 -2.462381676969E-003
  -5.24564874991      -0.875343957402        70.0000000000       9.427048318646E-002 -3.841258581231E-003 -2.018820613835E-003
  -5.82849861102      -0.972604397113        70.0000000000       9.133649804319E-002 -2.722001137472E-003 -1.653629758659E-003
  -6.41134847212       -1.06986483682        70.0000000000       8.502733085869E-002 -2.083147651581E-003 -1.841717938999E-003
   0.00000000000        0.00000000000        70.0000000000       0.145200064640      -2.739009331317E-002 -1.964709027364E-003
 -0.519689034804      -0.281241641340        70.0000000000       0.135984865958      -2.050561929331E-002 -3.248520619980E-003
  -1.03937806961      -0.562483282680        70.0000000000       0.134663327893      -8.017485467451E-003 -3.726941278247E-003
  -1.55906710441      -0.843724924020        70.0000000000       0.132750850027      -9.393661081841E-003 -3.776150863398E-003
  -2.07875613922       -1.12496656536        70.0000000000       0.130544430942      -9.883266803428E-003 -4.075012353704E-003
  -2.59844517402       -1.40620820670        70.0000000000       0.113306287412      -1.673488596491E-002 -2.727645317934E-003
  -3.11813420882       -1.68744984804        70.0000000000       0.112008519227      -1.240891044290E-002 -2.736514066860E-003
  -3.63782324363       -1.96869148938        70.0000000000       0.108683068566      -6.107539784000E-003 -2.347733304715E-003
  -4.15751227843       -2.24993313072        70.0000000000       0.105397077171       3.843431235830E-004 -1.945111559828E-003
  -4.67720131323       -2.53117477206        70.0000000000       0.101337720530       8.491458738810E-003 -1.419584288962E-003
  -5.19689034804       -2.81241641340        70.0000000000       9.364148816287E-002  1.433207954410E-002 -1.754652326978E-003
  -5.71657938284       -3.09365805474        70.0000000000       8.037295917946E-002  2.016706055690E-002 -2.123122111637E-003
   0.00000000000        0.00000000000        70.0000000000       0.145200064640      -2.739009331317E-002 -1.964709027364E-003
 -0.400211837779      -0.434745947216        70.0000000000       0.138622643993      -1.739691889505E-002 -2.737822206450E-003
 -0.800423675558      -0.869491894432        70.0000000000       0.136101361178      -7.596167318855E-003 -3.504687692055E-003
  -1.20063551334       -1.30423784165        70.0000000000       0.134231202293      -9.447763565705E-003 -3.391866010522E-003
  -1.60084735112       -1.73898378886        70.0000000000       0.132421433281      -7.983876154221E-003 -3.464012602598E-003
  -2.00105918889       -2.17372973608        70.0000000000       0.117791592682      -3.528464569887E-002 -4.684685298813E-003
  -2.40127102667       -2.60847568330        70.0000000000       0.132302157428      -1.334938484014E-002 -2.402249905440E-003
  -2.80148286445       -3.04322163051        70.0000000000       0.135866387708      -4.579904507384E-003 -1.948780636668E-003
  -3.20169470223       -3.47796757773        70.0000000000       0.139468782225       3.127847596643E-003 -1.422269925888E-003
  -3.60190654001       -3.91271352494        70.0000000000       0.140573849594       2.893568761042E-002 -6.025083274280E-004
  -4.00211837779       -4.34745947216        70.0000000000       0.129815488167       5.260747498227E-002  1.270809388917E-003
  -4.40233021557       -4.78220541938        70.0000000000       0.115222533709       5.798563126743E-002 -7.373022280893E-004
   0.00000000000        0.00000000000        70.0000000000       0.145200064640      -2.739009331317E-002 -1.964709027364E-003
 -0.237365478204      -0.541138783933        70.0000000000       0.140842207670      -1.682563463330E-002 -2.255343208966E-003
 -0.474730956408       -1.08227756787        70.0000000000       0.129080458077      -3.519165762456E-002 -3.845134031572E-003
 -0.712096434612       -1.62341635180        70.0000000000       0.132209035655      -2.218659287207E-002 -3.272228398943E-003
 -0.949461912816       -2.16455513573        70.0000000000       0.119570546640      -5.423468408758E-002 -4.221087780859E-003
  -1.18682739102       -2.70569391966        70.0000000000       0.131273752976      -2.285873749895E-002 -3.415769784678E-003
  -1.42419286922       -3.24683270360        70.0000000000       0.136559516912      -2.421967863387E-002 -2.920568854723E-003
  -1.66155834743       -3.78797148753        70.0000000000       0.140308342366      -3.512349027976E-002 -1.579508096913E-003
  -1.89892382563       -4.32911027146        70.0000000000       0.150885432316      -4.702620068727E-002 -4.463643245032E-004
  -2.13628930384       -4.87024905539        70.0000000000       0.171972902652      -0.112610248848      -1.506852783686E-003
  -2.37365478204       -5.41138783933        70.0000000000       3.619575130481E-002 -0.253018868259      -1.067120971039E-003
  -2.61102026024       -5.95252662326        70.0000000000      -6.583100975303E-002 -4.110217626225E-002 -9.351043750579E-004
   0.00000000000        0.00000000000        70.0000000000       0.145200064640      -2.739009331317E-002 -1.964709027364E-003
 -4.879688596092E-002 -0.588890836777        70.0000000000       0.142403032827      -1.885367402221E-002 -1.853367713337E-003
 -9.759377192185E-002  -1.17778167355        70.0000000000       0.115765568558      -8.322305621772E-002 -4.628109460636E-003
 -0.146390657883       -1.76667251033        70.0000000000       0.113207959684      -8.794356633457E-002 -4.322948567238E-003
 -0.195187543844       -2.35556334711        70.0000000000       0.104758774361      -0.103391087435      -4.548872909903E-003
 -0.243984429805       -2.94445418388        70.0000000000       0.137045927136      -1.868445116759E-002 -3.043850368976E-003
 -0.292781315766       -3.53334502066        70.0000000000       0.135678829008      -1.565737628486E-002 -2.615838921213E-003
 -0.341578201726       -4.12223585744        70.0000000000       0.125550382793      -2.129023255268E-002 -1.933080700238E-003
 -0.390375087687       -4.71112669421        70.0000000000       0.107878162914      -2.162092896976E-002 -1.355917826603E-003
 -0.439171973648       -5.30001753099        70.0000000000       8.685639305002E-002 -2.705665020759E-002 -8.187523556641E-004
 -0.487968859609       -5.88890836777        70.0000000000       6.576601714117E-002 -3.033108307090E-002 -7.548546515689E-004
 -0.536765745570       -6.47779920454        70.0000000000       4.815511207308E-002 -2.424920000752E-002 -2.723548187633E-004
   0.00000000000        0.00000000000        70.0000000000       0.145200064640      -2.739009331317E-002 -1.964709027364E-003
  0.145059606038      -0.572827429873        70.0000000000       0.143135979837      -2.326126752571E-002 -1.575456001809E-003
  0.290119212075       -1.14565485975        70.0000000000       0.109236632590      -0.107594077324      -4.827551830484E-003
  0.435178818113       -1.71848228962        70.0000000000       0.102552034478      -0.110689821874      -4.661544266560E-003
  0.580238424151       -2.29130971949        70.0000000000       0.120194139112      -7.676584323438E-002 -2.922047469175E-003
  0.725298030189       -2.86413714937        70.0000000000       0.156197712134      -2.893434765331E-002 -8.078428942909E-004
  0.870357636226       -3.43696457924        70.0000000000       0.144055905310      -1.294428562931E-003 -1.409758477231E-003
   1.01541724226       -4.00979200911        70.0000000000       0.141373434458       7.516005689013E-003 -2.562298239266E-003
   1.16047684830       -4.58261943899        70.0000000000       0.128024887979       1.462014971473E-002 -2.074327269987E-003
   1.30553645434       -5.15544686886        70.0000000000       9.857923292717E-002  3.985875833851E-002 -1.518369760859E-003
   1.45059606038       -5.72827429873        70.0000000000       6.197782643251E-002  4.401817112394E-002 -7.830021703784E-004
   1.59565566642       -6.30110172861        70.0000000000       3.113729705962E-002  3.202638443830E-002 -7.816895265424E-004
   0.00000000000        0.00000000000        70.0000000000       0.145200064640      -2.739009331317E-002 -1.964709027364E-003
  0.323196638891      -0.494689282610        70.0000000000       0.145046622186      -2.654635840703E-002 -1.304010392000E-003
  0.646393277781      -0.989378565219        70.0000000000       0.140104471863      -4.051226647557E-002 -1.658281942980E-003
  0.969589916672       -1.48406784783        70.0000000000       0.129523520049      -5.787082323950E-002 -1.661376363851E-003
   1.29278655556       -1.97875713044        70.0000000000       0.145246341772      -2.300237444105E-002  5.060484299807E-004
   1.61598319445       -2.47344641305        70.0000000000       0.150955742746      -1.354793284535E-003  1.063117606688E-003
   1.93917983334       -2.96813569566        70.0000000000       0.154330886541      -9.926477576953E-003  1.344969197880E-004
   2.26237647223       -3.46282497827        70.0000000000       0.157059754522      -1.212934338835E-002 -6.703332598854E-004
   2.58557311112       -3.95751426088        70.0000000000       0.178882687769      -5.863619820703E-003 -1.587064505530E-003
   2.90876975001       -4.45220354349        70.0000000000       0.216667833181      -3.517765140554E-002 -7.037010449802E-004
   3.23196638891       -4.94689282610        70.0000000000       0.212199197248      -0.143066153537      -2.792822153713E-004
   3.55516302780       -5.44158210871        70.0000000000       9.198302494247E-002 -0.136085933470       4.186578387374E-005
   0.00000000000        0.00000000000        70.0000000000       0.145200064640      -2.739009331317E-002 -1.964709027364E-003
  0.466310301007      -0.362943875680        70.0000000000       0.152448050697      -2.409918565652E-002 -2.547389242024E-004
  0.932620602014      -0.725887751361        70.0000000000       0.157063670936      -2.061279458328E-002  1.010058689755E-003
   1.39893090302       -1.08883162704        70.0000000000       0.157951918161      -1.868346511109E-002  1.404344368702E-003
   1.86524120403       -1.45177550272        70.0000000000       0.165898176347      -1.144128752943E-002  3.612343339925E-003
   2.33155150503       -1.81471937840        70.0000000000       0.147986983954       6.294976639814E-003  2.643175290546E-003
   2.79786180604       -2.17766325408        70.0000000000       0.146421658887      -7.222944482323E-004  1.731831261971E-003
   3.26417210705       -2.54060712976        70.0000000000       0.142708696550      -7.987747011861E-003  1.074382757011E-003
   3.73048240806       -2.90355100544        70.0000000000       0.137889704860      -1.790426933644E-002  7.874457077594E-004
   4.19679270906       -3.26649488112        70.0000000000       0.131939124813      -3.530174708321E-002  5.983283973438E-004
   4.66310301007       -3.62943875680        70.0000000000       0.123604707046      -4.758144646242E-002  9.078224506446E-004
   5.12941331108       -3.99238263248        70.0000000000       0.106410890912      -4.952461379465E-002  8.989986799574E-004
   0.00000000000        0.00000000000        70.0000000000       0.145200064640      -2.739009331317E-002 -1.964709027364E-003
  0.558892006459      -0.191867868166        70.0000000000       0.158236174233      -2.101261844715E-002  5.192276143330E-004
   1.11778401292      -0.383735736333        70.0000000000       0.168967984420      -1.419769273999E-002  2.678467838079E-003
   1.67667601938      -0.575603604499        70.0000000000       0.177464032089      -9.031767604229E-003  4.016667334083E-003
   2.23556802584      -0.767471472666        70.0000000000       0.179631963275      -3.309363868183E-003  5.652277201918E-003
   2.79446003230      -0.959339340832        70.0000000000       0.129724666312       8.293643707135E-003  1.919251659737E-003
   3.35335203876       -1.15120720900        70.0000000000       0.125582441593       4.823843770641E-003  1.693055451739E-003
   3.91224404522       -1.34307507716        70.0000000000       0.127862733896      -2.243005326422E-003  1.147613892717E-003
   4.47113605168       -1.53494294533        70.0000000000       0.121950381117      -1.134996498527E-002  8.495358413766E-004
   5.03002805814       -1.72681081350        70.0000000000       0.111178696279      -9.826509911811E-003  1.080636973136E-003
   5.58892006459       -1.91867868166        70.0000000000       0.104237065819      -9.035613152926E-003  8.269338791067E-004
   6.14781207105       -2.11054654983        70.0000000000       9.549363129735E-002 -8.640536449768E-003  8.658992281073E-005
   0.00000000000        0.00000000000        70.0000000000       0.145200064640      -2.739009331317E-002 -1.964709027364E-003
  0.590909090909        0.00000000000        70.0000000000       0.162861339615      -1.866455418261E-002  1.059206970561E-003
   1.18181818182      -1.172487511250E-015   70.0000000000       0.177252809633      -9.736735632669E-003  3.695320684454E-003
   1.77272727273        0.00000000000        70.0000000000       0.184922331582      -2.721378638824E-003  5.723927473214E-003
   2.36363636364        0.00000000000        70.0000000000       0.190300534377       3.183084094661E-003  7.082969834895E-003
   2.95454545455        0.00000000000        70.0000000000       0.119768450684       5.999410874444E-003  1.975505668730E-003
   3.54545454545        0.00000000000        70.0000000000       0.116909029497       4.790167016329E-003  1.784660730880E-003
   4.13636363636        0.00000000000        70.0000000000       0.113814713615       3.138835116998E-003  1.579350538469E-003
   4.72727272727        0.00000000000        70.0000000000       0.110848336243       1.163646535846E-003  1.355691414606E-003
   5.31818181818        0.00000000000        70.0000000000       0.106856220310      -6.930360068179E-005  1.038218855926E-003
   5.90909090909        0.00000000000        70.0000000000       0.103455532219      -7.132013138951E-004  6.355754779902E-004
   6.50000000000        0.00000000000        70.0000000000       0.100054844129      -1.357099027108E-003  2.329321000541E-004
