 12 20 1 1
 1 X [LENGU]
 2 Y [LENGU]
 3 Z [LENGU]
 4 Hx [FIELU]
 5 Hy [FIELU]
 6 Hz [FIELU]
 0
   0.00000000000        0.00000000000       -2.16000000000        2.41735956041      -8.251873928583E-003 -3.256397296543E-003
  0.590909090909        0.00000000000       -2.16000000000        2.42768972357      -7.295759570228E-003 -1.208852219735E-003
   1.18181818182        0.00000000000       -2.16000000000        2.43780831989      -3.950099890221E-003  1.104393374456E-003
   1.77272727273        0.00000000000       -2.16000000000        2.42474697556      -6.889319391141E-005 -1.867074477242E-004
   2.36363636364        0.00000000000       -2.16000000000        2.41806080982       5.777114656544E-004 -2.032433836986E-003
   2.95454545455        0.00000000000       -2.16000000000        2.31969175578       1.199322298742E-003 -9.302402596173E-003
   3.54545454545        0.00000000000       -2.16000000000        2.22014779758      -3.364989724758E-002 -2.502821849446E-002
   4.13636363636        0.00000000000       -2.16000000000        2.11579297101      -2.631681094256E-002 -3.826689756703E-002
   4.72727272727        0.00000000000       -2.16000000000        2.00877711328      -2.602494447573E-003 -4.871524021453E-002
   5.31818181818        0.00000000000       -2.16000000000        1.87941361609       6.463447030436E-003 -6.089856411572E-002
   5.90909090909        0.00000000000       -2.16000000000        1.74361999835      -9.872227283566E-003 -0.104270825959     
   6.50000000000        0.00000000000       -2.16000000000        1.60819406153       1.387761029045E-002 -0.126584433714     
   0.00000000000        0.00000000000       -2.16000000000        2.41735956041      -8.251873928583E-003 -3.256397296543E-003
  0.558892006459       0.191867868166       -2.16000000000        2.43626686565      -5.521151380601E-003 -2.197299378272E-004
   1.11778401292       0.383735736333       -2.16000000000        2.44831135200       2.667116244325E-005  1.879684499019E-003
   1.67667601938       0.575603604499       -2.16000000000        2.43021616622       5.848497872158E-003 -4.472698154591E-004
   2.23556802584       0.767471472666       -2.16000000000        2.40491109015       1.813761699776E-002 -4.440182840916E-003
   2.79446003230       0.959339340832       -2.16000000000        2.37110595569       4.981727478981E-002 -3.154367630599E-003
   3.35335203876        1.15120720900       -2.16000000000        2.26247293764       0.157277675144      -1.644726205190E-002
   3.91224404522        1.34307507716       -2.16000000000        2.16889270964       0.221452408424      -2.941474331679E-002
   4.47113605168        1.53494294533       -2.16000000000        2.06922947108       0.271408475705      -3.924447193180E-002
   5.03002805814        1.72681081350       -2.16000000000        1.92539708802       0.312843907107      -5.119877367987E-002
   5.58892006459        1.91867868166       -2.16000000000        1.75805267156       0.339427183023      -6.941836093026E-002
   6.14781207105        2.11054654983       -2.16000000000        1.52302324677       0.303753013897      -8.476417370148E-002
   0.00000000000        0.00000000000       -2.16000000000        2.41735956041      -8.251873928583E-003 -3.256397296543E-003
  0.466310301007       0.362943875680       -2.16000000000        2.44213964662      -4.074561567098E-003  4.303741723174E-004
  0.932620602014       0.725887751361       -2.16000000000        2.45291278179       4.158375255499E-003  1.832148918631E-003
   1.39893090302        1.08883162704       -2.16000000000        2.43987753849       1.452255511260E-002 -8.208651708548E-005
   1.86524120403        1.45177550272       -2.16000000000        2.41252328464       2.704708374649E-002 -4.118415014505E-003
   2.33155150503        1.81471937840       -2.16000000000        2.61902794304       4.094636224311E-002 -2.081956596527E-003
   2.79786180604        2.17766325408       -2.16000000000        2.62967382443       0.227063728722      -2.029466728321E-003
   3.26417210705        2.54060712976       -2.16000000000        2.66644452475       0.554532391222      -7.331966851668E-003
   3.73048240806        2.90355100544       -2.16000000000        2.54489934021       0.652832605647      -1.994759370391E-002
   4.19679270906        3.26649488112       -2.16000000000        2.37869834764       0.775056770524      -4.835652648104E-002
   4.66310301007        3.62943875680       -2.16000000000        2.13866213609       0.997807101796      -9.147910848435E-002
   5.12941331108        3.99238263248       -2.16000000000        1.82789694615        1.14268643779      -0.169596297393     
   0.00000000000        0.00000000000       -2.16000000000        2.41735956041      -8.251873928583E-003 -3.256397296543E-003
  0.323196638891       0.494689282610       -2.16000000000        2.44462083311      -3.092364601520E-003  6.750420535319E-004
  0.646393277781       0.989378565219       -2.16000000000        2.44237016781       1.074059888620E-002 -1.815032626842E-004
  0.969589916672        1.48406784783       -2.16000000000        2.44721775723       2.028873395170E-002  9.034683864752E-005
   1.29278655556        1.97875713044       -2.16000000000        2.44138111610       1.849265397329E-002 -8.482795270407E-004
   1.61598319445        2.47344641305       -2.16000000000        2.72333368730      -3.149219677913E-002 -2.052581739263E-003
   1.93917983334        2.96813569566       -2.16000000000        2.83936375033      -0.168351044255       6.516959693113E-003
   2.26237647223        3.46282497827       -2.16000000000        3.07772151946      -0.149630910405       8.218211319577E-003
   2.58557311112        3.95751426088       -2.16000000000        3.66977828725       3.171309222900E-002 -2.450892820812E-003
   2.90876975001        4.45220354349       -2.16000000000        4.54349357120       0.794009372196      -3.016659822189E-002
   3.23196638891        4.94689282610       -2.16000000000        4.26096655385        3.62001013638      -5.664000170995E-002
   3.55516302780        5.44158210871       -2.16000000000        1.03508772193        3.42821585280      -7.097720345579E-002
   0.00000000000        0.00000000000       -2.16000000000        2.41735956041      -8.251873928583E-003 -3.256397296543E-003
  0.145059606038       0.572827429873       -2.16000000000        2.44384170324      -2.841494250001E-003  4.560258380047E-004
  0.290119212075        1.14565485975       -2.16000000000        2.44040943594       1.145102570567E-002 -6.874633107377E-004
  0.435178818113        1.71848228962       -2.16000000000        2.45562338688       1.012783354888E-002  7.839279592118E-004
  0.580238424151        2.29130971949       -2.16000000000        2.46847701208       1.494040214710E-002  2.657493287003E-003
  0.725298030189        2.86413714937       -2.16000000000        2.73004662483      -8.099051474726E-002  2.163682101574E-003
  0.870357636226        3.43696457924       -2.16000000000        2.64445252233      -0.282693010883       1.285961958914E-002
   1.01541724226        4.00979200911       -2.16000000000        2.53624744792      -0.408638267588       5.534814201811E-003
   1.16047684830        4.58261943899       -2.16000000000        2.30055432721       -1.04809614020       9.400849588544E-003
   1.30553645434        5.15544686886       -2.16000000000        1.67807520000       -1.30778339921      -1.079743267481E-004
   1.45059606038        5.72827429873       -2.16000000000       0.771624039795       -1.38398645453       2.062716882527E-003
   1.59565566642        6.30110172861       -2.16000000000       0.108984865584      -0.906808483663       1.473374706137E-002
   0.00000000000        0.00000000000       -2.16000000000        2.41735956041      -8.251873928583E-003 -3.256397296543E-003
 -4.879688596092E-002  0.588890836777       -2.16000000000        2.43988668784      -3.349136207782E-003 -2.029406689252E-004
 -9.759377192185E-002   1.17778167355       -2.16000000000        2.44098132015       8.546333085224E-003 -6.573434251215E-004
 -0.146390657883        1.76667251033       -2.16000000000        2.45686791845       5.102470921948E-003  9.656675259539E-004
 -0.195187543844        2.35556334711       -2.16000000000        2.46493087730       1.467261337086E-002  2.866873416222E-003
 -0.243984429805        2.94445418388       -2.16000000000        2.70436607248       9.663387225417E-003  3.942410119088E-003
 -0.292781315766        3.53334502066       -2.16000000000        2.25307783971       2.559723818743E-002  8.035297399042E-003
 -0.341578201726        4.12223585744       -2.16000000000        2.19048966490       0.265386078570       4.578895807162E-003
 -0.390375087687        4.71112669421       -2.16000000000        1.83348984861       0.306326222633       1.673803470426E-002
 -0.439171973648        5.30001753099       -2.16000000000        1.49621495378       0.387423826343       1.737027980686E-002
 -0.487968859609        5.88890836777       -2.16000000000       0.969526906776       0.362111864490       1.179491459254E-002
 -0.536765745570        6.47779920454       -2.16000000000       0.501395367859       0.386309570500       5.100780858532E-003
   0.00000000000        0.00000000000       -2.16000000000        2.41735956041      -8.251873928583E-003 -3.256397296543E-003
 -0.237365478204       0.541138783933       -2.16000000000        2.43318437418      -4.560279591862E-003 -1.230448221313E-003
 -0.474730956408        1.08227756787       -2.16000000000        2.44322992009       2.637175277099E-003 -2.245502524276E-004
 -0.712096434612        1.62341635180       -2.16000000000        2.45093607517       4.228655510916E-003  5.424713766296E-004
 -0.949461912816        2.16455513573       -2.16000000000        2.43302029953       9.350557214373E-002  1.982826462137E-003
  -1.18682739102        2.70569391966       -2.16000000000        2.69032709015       5.988374070338E-002  1.207790069127E-002
  -1.42419286922        3.24683270360       -2.16000000000        2.72022936152       0.147119486391       8.230753445682E-003
  -1.66155834743        3.78797148753       -2.16000000000        2.90636750471       0.379403546903       4.152105765678E-003
  -1.89892382563        4.32911027146       -2.16000000000        3.28735439363       0.791682161599       2.308052740127E-002
  -2.13628930384        4.87024905539       -2.16000000000        3.70168137614        2.65438939457       4.787278410281E-002
  -2.37365478204        5.41138783933       -2.16000000000       0.306965301440        2.82841096185       5.751409152678E-002
  -2.61102026024        5.95252662326       -2.16000000000       -2.65126273210       0.724862592541       5.737328210352E-002
   0.00000000000        0.00000000000       -2.16000000000        2.41735956041      -8.251873928583E-003 -3.256397296543E-003
 -0.400211837779       0.434745947216       -2.16000000000        2.42465115667      -6.236741810930E-003 -2.491770579937E-003
 -0.800423675558       0.869491894432       -2.16000000000        2.43438758071      -2.846289518771E-003 -1.426453182115E-003
  -1.20063551334        1.30423784165       -2.16000000000        2.44215200128       5.040851561335E-003 -4.179259305026E-004
  -1.60084735112        1.73898378886       -2.16000000000        2.44857826525       1.704080247014E-002  1.024261614804E-003
  -2.00105918889        2.17372973608       -2.16000000000        2.62528496759       6.888773345131E-002  2.782987639461E-003
  -2.40127102667        2.60847568330       -2.16000000000        2.76089505216      -0.118344030228       1.255927379494E-003
  -2.80148286445        3.04322163051       -2.16000000000        2.81433039355      -0.299995266322       1.436315171862E-002
  -3.20169470223        3.47796757773       -2.16000000000        2.99167927399      -0.635095921319       4.641716715361E-002
  -3.60190654001        3.91271352494       -2.16000000000        2.97061806796       -1.02795619512       8.132782143827E-002
  -4.00211837779        4.34745947216       -2.16000000000        2.46285584842       -1.48318018300       0.171958514782     
  -4.40233021557        4.78220541938       -2.16000000000        1.82714829921       -1.70873226646       0.238122595304     
   0.00000000000        0.00000000000       -2.16000000000        2.41735956041      -8.251873928583E-003 -3.256397296543E-003
 -0.519689034804       0.281241641340       -2.16000000000        2.41943589470      -5.820585557683E-003 -3.330693069589E-003
  -1.03937806961       0.562483282680       -2.16000000000        2.42900348158      -8.814820967389E-003 -1.879264505301E-003
  -1.55906710441       0.843724924020       -2.16000000000        2.42613382425      -3.732776983036E-004 -2.546074594959E-003
  -2.07875613922        1.12496656536       -2.16000000000        2.42750935467      -9.382247500515E-003 -2.730243839173E-003
  -2.59844517402        1.40620820670       -2.16000000000        2.53604714061      -7.256215152383E-002  1.380899766043E-002
  -3.11813420882        1.68744984804       -2.16000000000        2.47181455318      -0.227946988045       1.277085136313E-002
  -3.63782324363        1.96869148938       -2.16000000000        2.39608974236      -0.321357496324       1.181176091643E-002
  -4.15751227843        2.24993313072       -2.16000000000        2.24475623052      -0.381315362568       1.818730239045E-002
  -4.67720131323        2.53117477206       -2.16000000000        2.11161500764      -0.464836524943       3.719443382858E-002
  -5.19689034804        2.81241641340       -2.16000000000        1.86004075581      -0.522544498931       7.678279594362E-002
  -5.71657938284        3.09365805474       -2.16000000000        1.58829608431      -0.594090497578       9.523358450373E-002
   0.00000000000        0.00000000000       -2.16000000000        2.41735956041      -8.251873928583E-003 -3.256397296543E-003
 -0.582849861102       9.726043971134E-002  -2.16000000000        2.41399562969      -5.667897124749E-003 -4.161564459414E-003
  -1.16569972220       0.194520879423       -2.16000000000        2.43662812219      -1.763226952047E-002 -1.819594608096E-004
  -1.74854958330       0.291781319134       -2.16000000000        2.42435465964      -3.374380936486E-004 -2.679799094796E-003
  -2.33139944441       0.389041758845       -2.16000000000        2.41461004708      -3.934047179941E-003 -3.780852091213E-003
  -2.91424930551       0.486302198557       -2.16000000000        2.41890792513      -3.389342733414E-002  9.484361335487E-003
  -3.49709916661       0.583562638268       -2.16000000000        2.32997786036      -4.432127955011E-002  1.225118939862E-002
  -4.07994902771       0.680823077979       -2.16000000000        2.23552572879      -6.577035703397E-002  8.854652724352E-003
  -4.66279888881       0.778083517691       -2.16000000000        2.12782586203      -8.142382584463E-002 -1.396822690112E-002
  -5.24564874991       0.875343957402       -2.16000000000        2.01294714379      -7.791126471408E-002 -5.191616105565E-002
  -5.82849861102       0.972604397113       -2.16000000000        1.87960743537      -7.566219482007E-002 -5.372504084097E-002
  -6.41134847212        1.06986483682       -2.16000000000        2.02450979690       2.261052254925E-002 -0.285554230773     
   0.00000000000        0.00000000000       -2.16000000000        2.41735956041      -8.251873928583E-003 -3.256397296543E-003
 -0.582849861102      -9.726043971134E-002  -2.16000000000        2.41478366360      -1.004204189537E-002 -3.700088893258E-003
  -1.16569972220      -0.194520879423       -2.16000000000        2.43787536601      -2.226886709392E-002  3.030473431278E-004
  -1.74854958330      -0.291781319134       -2.16000000000        2.42789957164      -5.083386164631E-003 -2.103874949788E-003
  -2.33139944441      -0.389041758845       -2.16000000000        2.41096449973       2.876625687715E-003 -3.881700412785E-003
  -2.91424930551      -0.486302198557       -2.16000000000        2.43005969519       3.545738797998E-002  9.369543681959E-003
  -3.49709916661      -0.583562638268       -2.16000000000        2.38845815308       0.117659885791       1.114345120053E-002
  -4.07994902771      -0.680823077979       -2.16000000000        2.26123246798       0.107653627589       1.587318364026E-002
  -4.66279888881      -0.778083517691       -2.16000000000        2.16083768343       9.299941872654E-002 -1.175570744749E-002
  -5.24564874991      -0.875343957402       -2.16000000000        2.04461715105       9.043709927174E-002 -2.538709172436E-002
  -5.82849861102      -0.972604397113       -2.16000000000        1.87067750193       5.197533331583E-002 -6.166126353785E-002
  -6.41134847212       -1.06986483682       -2.16000000000        1.72563906158      -6.340205565263E-002 -0.253599611704     
   0.00000000000        0.00000000000       -2.16000000000        2.41735956041      -8.251873928583E-003 -3.256397296543E-003
 -0.519689034804      -0.281241641340       -2.16000000000        2.41459216499      -1.331060445738E-002 -3.446882756375E-003
  -1.03937806961      -0.562483282680       -2.16000000000        2.43990360811      -3.205756098646E-002  1.444708568010E-003
  -1.55906710441      -0.843724924020       -2.16000000000        2.43575914942      -1.478735563189E-002 -8.622674802388E-004
  -2.07875613922       -1.12496656536       -2.16000000000        2.43125962724       5.436697587564E-003 -1.494895874810E-003
  -2.59844517402       -1.40620820670       -2.16000000000        2.54245574975       6.406718426900E-002  6.070451911232E-003
  -3.11813420882       -1.68744984804       -2.16000000000        2.48548117626       0.190373011629       8.450030722235E-003
  -3.63782324363       -1.96869148938       -2.16000000000        2.40942370317       0.318719049537       1.785996879231E-002
  -4.15751227843       -2.24993313072       -2.16000000000        2.30067776456       0.439755021983       3.720254679461E-002
  -4.67720131323       -2.53117477206       -2.16000000000        2.16699075195       0.469344355681       3.828247895539E-002
  -5.19689034804       -2.81241641340       -2.16000000000        1.84392331110       0.550356778898       5.645132305817E-002
  -5.71657938284       -3.09365805474       -2.16000000000        1.52633629051       0.569748073694       6.334281142722E-002
   0.00000000000        0.00000000000       -2.16000000000        2.41735956041      -8.251873928583E-003 -3.256397296543E-003
 -0.400211837779      -0.434745947216       -2.16000000000        2.41050377758      -1.299146676971E-002 -4.027781862064E-003
 -0.800423675558      -0.869491894432       -2.16000000000        2.44237598839      -4.577972673291E-002  3.088465400866E-003
  -1.20063551334       -1.30423784165       -2.16000000000        2.44558709673      -2.771679277787E-002  1.931257154880E-003
  -1.60084735112       -1.73898378886       -2.16000000000        2.45378141221       7.713270476093E-004  1.646913586175E-003
  -2.00105918889       -2.17372973608       -2.16000000000        2.59735512183      -6.093600661182E-002  4.278802802326E-003
  -2.40127102667       -2.60847568330       -2.16000000000        2.57909907781       0.157348396019       9.057860323908E-003
  -2.80148286445       -3.04322163051       -2.16000000000        2.57947593563       0.358574854653       4.058056070276E-002
  -3.20169470223       -3.47796757773       -2.16000000000        2.77329763334       0.683947627093       6.521377176958E-002
  -3.60190654001       -3.91271352494       -2.16000000000        2.97218120282        1.07211338797       8.308328543464E-002
  -4.00211837779       -4.34745947216       -2.16000000000        2.58158026286        1.53622020294       0.155088926630     
  -4.40233021557       -4.78220541938       -2.16000000000        1.93284065876        1.58427648561       0.190658601359     
   0.00000000000        0.00000000000       -2.16000000000        2.41735956041      -8.251873928583E-003 -3.256397296543E-003
 -0.237365478204      -0.541138783933       -2.16000000000        2.40296154157      -9.119212352760E-003 -5.379836778644E-003
 -0.474730956408       -1.08227756787       -2.16000000000        2.42824856246      -3.241910065080E-002  2.274677086373E-004
 -0.712096434612       -1.62341635180       -2.16000000000        2.45661712843      -3.763593224302E-002  5.329616778641E-003
 -0.949461912816       -2.16455513573       -2.16000000000        2.46719434925      -1.489094814345E-002  5.183796016431E-003
  -1.18682739102       -2.70569391966       -2.16000000000        2.64449686487      -6.738445157016E-002  1.142487447060E-002
  -1.42419286922       -3.24683270360       -2.16000000000        2.87711301517      -5.576083238249E-002  2.785666463114E-002
  -1.66155834743       -3.78797148753       -2.16000000000        3.16048557450      -0.507281420217       3.376638018546E-002
  -1.89892382563       -4.32911027146       -2.16000000000        3.18891810160      -0.955208090728       4.141565259073E-002
  -2.13628930384       -4.87024905539       -2.16000000000        3.22236987432       -2.82255586587       6.074338554938E-002
  -2.37365478204       -5.41138783933       -2.16000000000        2.12981107050       -2.97896228148       6.406425062524E-002
  -2.61102026024       -5.95252662326       -2.16000000000       -2.61074539968      -0.711638953922       7.003702250760E-002
   0.00000000000        0.00000000000       -2.16000000000        2.41735956041      -8.251873928583E-003 -3.256397296543E-003
 -4.879688596092E-002 -0.588890836777       -2.16000000000        2.40149923087      -8.426334499642E-003 -5.581273066918E-003
 -9.759377192185E-002  -1.17778167355       -2.16000000000        2.41099646267      -1.843619574634E-004 -4.234992800648E-003
 -0.146390657883       -1.76667251033       -2.16000000000        2.43700307887      -7.497252867828E-003  6.546057050832E-004
 -0.195187543844       -2.35556334711       -2.16000000000        2.46476044434      -3.443067440916E-002  6.737729464143E-003
 -0.243984429805       -2.94445418388       -2.16000000000        2.63717340017      -4.353943916022E-002  1.062160844983E-002
 -0.292781315766       -3.53334502066       -2.16000000000        2.41413365359       3.154982844641E-002  1.116342718690E-002
 -0.341578201726       -4.12223585744       -2.16000000000        2.13832247965      -0.126112080369       1.294374872619E-002
 -0.390375087687       -4.71112669421       -2.16000000000        1.86046577222      -0.294414218245       1.461894682386E-002
 -0.439171973648       -5.30001753099       -2.16000000000        1.47932414585      -0.393344325684       1.620841001488E-002
 -0.487968859609       -5.88890836777       -2.16000000000       0.962303604341      -0.408177334710       3.488813469109E-002
 -0.536765745570       -6.47779920454       -2.16000000000       0.625949214390      -0.310254305090       4.515490628528E-002
   0.00000000000        0.00000000000       -2.16000000000        2.41735956041      -8.251873928583E-003 -3.256397296543E-003
  0.145059606038      -0.572827429873       -2.16000000000        2.40399109655      -8.674757327099E-003 -4.975683939204E-003
  0.290119212075       -1.14565485975       -2.16000000000        2.41302271634       2.016590569808E-003 -3.490831514933E-003
  0.435178818113       -1.71848228962       -2.16000000000        2.42405314137       3.777901530225E-003 -2.225511522226E-003
  0.580238424151       -2.29130971949       -2.16000000000        2.42760597857      -1.139661117856E-002 -8.422662925315E-004
  0.725298030189       -2.86413714937       -2.16000000000        2.71812016280       0.154171878963       7.157050592263E-003
  0.870357636226       -3.43696457924       -2.16000000000        2.60592237298       0.282724852304       5.542915386823E-003
   1.01541724226       -4.00979200911       -2.16000000000        2.45134081995       0.563997612729       3.299481358524E-003
   1.16047684830       -4.58261943899       -2.16000000000        2.25822709487       0.872475996598       8.576466277363E-004
   1.30553645434       -5.15544686886       -2.16000000000        1.70794026250        1.25763385554       3.418785265852E-003
   1.45059606038       -5.72827429873       -2.16000000000       0.774081235275        1.38445200258      -3.946067426806E-003
   1.59565566642       -6.30110172861       -2.16000000000       5.557339916427E-002  0.911996023515      -1.442703007342E-003
   0.00000000000        0.00000000000       -2.16000000000        2.41735956041      -8.251873928583E-003 -3.256397296543E-003
  0.323196638891      -0.494689282610       -2.16000000000        2.40796786464      -8.686191849882E-003 -4.143475293217E-003
  0.646393277781      -0.989378565219       -2.16000000000        2.41304226682      -1.310297745713E-003 -2.833000938779E-003
  0.969589916672       -1.48406784783       -2.16000000000        2.42356603075      -8.219922745577E-003 -2.210325047086E-003
   1.29278655556       -1.97875713044       -2.16000000000        2.42315889369      -1.014779884519E-002 -2.822512189033E-003
   1.61598319445       -2.47344641305       -2.16000000000        2.68523481718       4.846141688367E-002 -2.206501541456E-003
   1.93917983334       -2.96813569566       -2.16000000000        2.93855582893       9.412719003046E-002 -8.891601226469E-003
   2.26237647223       -3.46282497827       -2.16000000000        3.22914680537       9.698321683230E-002 -1.615299778421E-002
   2.58557311112       -3.95751426088       -2.16000000000        3.58546464620      -5.173118426615E-002 -2.719681512334E-002
   2.90876975001       -4.45220354349       -2.16000000000        4.55504617105      -0.789347028238      -4.540274922484E-002
   3.23196638891       -4.94689282610       -2.16000000000        4.36623356212       -3.73777441715      -5.744007636382E-002
   3.55516302780       -5.44158210871       -2.16000000000        1.19524158951       -3.49763302199      -7.644602455923E-002
   0.00000000000        0.00000000000       -2.16000000000        2.41735956041      -8.251873928583E-003 -3.256397296543E-003
  0.466310301007      -0.362943875680       -2.16000000000        2.41292255514      -8.860678528200E-003 -3.259442913017E-003
  0.932620602014      -0.725887751361       -2.16000000000        2.40904796186      -7.449305030585E-003 -2.828900235525E-003
   1.39893090302       -1.08883162704       -2.16000000000        2.42147012121      -7.829552690376E-003 -1.050681589468E-003
   1.86524120403       -1.45177550272       -2.16000000000        2.40676954571      -1.722759965862E-002 -2.334425847652E-003
   2.33155150503       -1.81471937840       -2.16000000000        2.56680827221      -1.479393794575E-002 -9.660477010795E-003
   2.79786180604       -2.17766325408       -2.16000000000        2.54446611915      -0.157329820424      -2.319977637461E-002
   3.26417210705       -2.54060712976       -2.16000000000        2.54213087981      -0.323158973205      -3.538151390783E-002
   3.73048240806       -2.90355100544       -2.16000000000        2.54597444839      -0.514372669986      -4.471962401819E-002
   4.19679270906       -3.26649488112       -2.16000000000        2.40699806280      -0.804608714105      -8.520602158339E-002
   4.66310301007       -3.62943875680       -2.16000000000        2.16764037674       -1.05528003406      -0.149061163198     
   5.12941331108       -3.99238263248       -2.16000000000        1.84260916796       -1.07790534357      -0.218804914392     
   0.00000000000        0.00000000000       -2.16000000000        2.41735956041      -8.251873928583E-003 -3.256397296543E-003
  0.558892006459      -0.191867868166       -2.16000000000        2.41831825048      -9.179309023016E-003 -2.419385424175E-003
   1.11778401292      -0.383735736333       -2.16000000000        2.41964434102      -8.167776371630E-003 -1.173526415273E-003
   1.67667601938      -0.575603604499       -2.16000000000        2.42098259702      -7.149416640238E-003  7.382536375689E-005
   2.23556802584      -0.767471472666       -2.16000000000        2.38977925551      -1.252721810447E-002 -1.811069575985E-003
   2.79446003230      -0.959339340832       -2.16000000000        2.37167196359      -3.264035914017E-002 -1.018394209340E-002
   3.35335203876       -1.15120720900       -2.16000000000        2.28146059074      -0.136972902522      -2.512550092033E-002
   3.91224404522       -1.34307507716       -2.16000000000        2.19844670202      -0.201736054463      -4.025913365989E-002
   4.47113605168       -1.53494294533       -2.16000000000        2.11024223667      -0.265962199784      -4.918457119897E-002
   5.03002805814       -1.72681081350       -2.16000000000        1.95105302829      -0.320461736443      -6.586251739378E-002
   5.58892006459       -1.91867868166       -2.16000000000        1.77012295871      -0.359399762913      -8.071178760714E-002
   6.14781207105       -2.11054654983       -2.16000000000        1.57473500558      -0.377335089960      -6.950150083518E-002
   0.00000000000        0.00000000000       -2.16000000000        2.41735956041      -8.251873928583E-003 -3.256397296543E-003
  0.590909090909        0.00000000000       -2.16000000000        2.42768972357      -7.295759570228E-003 -1.208852219735E-003
   1.18181818182      -1.172487511250E-015  -2.16000000000        2.43780831989      -3.950099890221E-003  1.104393374456E-003
   1.77272727273        0.00000000000       -2.16000000000        2.42474697556      -6.889319391141E-005 -1.867074477242E-004
   2.36363636364        0.00000000000       -2.16000000000        2.41806080982       5.777114656544E-004 -2.032433836986E-003
   2.95454545455        0.00000000000       -2.16000000000        2.31969175578       1.199322298742E-003 -9.302402596173E-003
   3.54545454545        0.00000000000       -2.16000000000        2.22014779758      -3.364989724758E-002 -2.502821849446E-002
   4.13636363636        0.00000000000       -2.16000000000        2.11579297101      -2.631681094256E-002 -3.826689756703E-002
   4.72727272727        0.00000000000       -2.16000000000        2.00877711328      -2.602494447573E-003 -4.871524021453E-002
   5.31818181818        0.00000000000       -2.16000000000        1.87941361609       6.463447030436E-003 -6.089856411572E-002
   5.90909090909        0.00000000000       -2.16000000000        1.74361999835      -9.872227283566E-003 -0.104270825959     
   6.50000000000        0.00000000000       -2.16000000000        1.60819406153       1.387761029045E-002 -0.126584433714     
