 12 20 1 1
 1 X [LENGU]
 2 Y [LENGU]
 3 Z [LENGU]
 4 Hx [FIELU]
 5 Hy [FIELU]
 6 Hz [FIELU]
 0
   0.00000000000        0.00000000000       -97.2000000000        3.30848838198      -0.155343682595      -1.804209606069E-002
  0.590909090909        0.00000000000       -97.2000000000        3.31070758958      -0.145151382212      -1.820523763132E-002
   1.18181818182        0.00000000000       -97.2000000000        3.31382647819      -0.139827674268      -1.834057644681E-002
   1.77272727273        0.00000000000       -97.2000000000        3.31287873001      -0.133180863245      -1.657166121078E-002
   2.36363636364        0.00000000000       -97.2000000000        3.31351984536      -0.113247115136      -1.143791996405E-002
   2.95454545455        0.00000000000       -97.2000000000        2.80008471236      -4.600367261002E-002 -0.124394935080     
   3.54545454545        0.00000000000       -97.2000000000        2.67051567153       2.523586301536E-003 -8.624071668570E-002
   4.13636363636        0.00000000000       -97.2000000000        2.56222773845      -5.526850546102E-004 -5.061980153894E-002
   4.72727272727        0.00000000000       -97.2000000000        2.47013629597      -1.587430510249E-002 -1.794855922989E-002
   5.31818181818        0.00000000000       -97.2000000000        2.28756227672      -3.567744687102E-002 -7.729956021255E-003
   5.90909090909        0.00000000000       -97.2000000000        2.17617278761      -2.348237516468E-002 -2.597397172314E-003
   6.50000000000        0.00000000000       -97.2000000000        2.06478329851      -1.128730345834E-002  2.535161676626E-003
   0.00000000000        0.00000000000       -97.2000000000        3.30848838198      -0.155343682595      -1.804209606069E-002
  0.558892006459       0.191867868166       -97.2000000000        3.31415837059      -0.174361174579      -2.150866960829E-002
   1.11778401292       0.383735736333       -97.2000000000        3.31961418527      -0.188543057220      -2.508827755480E-002
   1.67667601938       0.575603604499       -97.2000000000        3.30462319522      -0.161136342007      -2.217233425348E-002
   2.23556802584       0.767471472666       -97.2000000000        3.30013976019      -0.118800103768      -1.536125622497E-002
   2.79446003230       0.959339340832       -97.2000000000        2.94690294662      -7.773066676715E-002 -0.126332158670     
   3.35335203876        1.15120720900       -97.2000000000        2.81472289909       7.794221670097E-002 -9.743900070289E-002
   3.91224404522        1.34307507716       -97.2000000000        2.69932769742       0.163482496164      -5.991345860950E-002
   4.47113605168        1.53494294533       -97.2000000000        2.64238127671       0.263952906527      -2.746090102907E-002
   5.03002805814        1.72681081350       -97.2000000000        2.38667594255       0.330648348634      -2.030163252723E-002
   5.58892006459        1.91867868166       -97.2000000000        2.16619352880       0.357982637530      -2.614534087259E-002
   6.14781207105        2.11054654983       -97.2000000000        1.97852553601       0.393617993403      -2.162769752309E-002
   0.00000000000        0.00000000000       -97.2000000000        3.30848838198      -0.155343682595      -1.804209606069E-002
  0.466310301007       0.362943875680       -97.2000000000        3.32195097706      -0.206443809044      -2.597561958198E-002
  0.932620602014       0.725887751361       -97.2000000000        3.32028470369      -0.221368945437      -2.898346687677E-002
   1.39893090302        1.08883162704       -97.2000000000        3.31276321575      -0.208176161262      -2.780436675286E-002
   1.86524120403        1.45177550272       -97.2000000000        3.30435457332      -0.139535603135      -1.863160604521E-002
   2.33155150503        1.81471937840       -97.2000000000        3.33941345911      -0.165695239820      -0.116643282501     
   2.79786180604        2.17766325408       -97.2000000000        3.45424713026      -6.477744667147E-003 -4.774188331761E-002
   3.26417210705        2.54060712976       -97.2000000000        3.20982744401       0.495095239193      -2.800675942905E-002
   3.73048240806        2.90355100544       -97.2000000000        3.37764847339       0.714663493832      -9.252267832936E-003
   4.19679270906        3.26649488112       -97.2000000000        3.18158337155       0.927019938564      -2.701233190868E-003
   4.66310301007        3.62943875680       -97.2000000000        2.82334789203        1.48973063285       5.346126186525E-002
   5.12941331108        3.99238263248       -97.2000000000        2.39197229085        1.67326849740       3.406038523847E-002
   0.00000000000        0.00000000000       -97.2000000000        3.30848838198      -0.155343682595      -1.804209606069E-002
  0.323196638891       0.494689282610       -97.2000000000        3.33446455167      -0.204697306977      -2.467480519193E-002
  0.646393277781       0.989378565219       -97.2000000000        3.30810578746      -0.198392977594      -2.301585506944E-002
  0.969589916672        1.48406784783       -97.2000000000        3.29062913516      -0.176688669971      -1.926534961726E-002
   1.29278655556        1.97875713044       -97.2000000000        3.31792581134      -0.170979947544      -2.158933360483E-002
   1.61598319445        2.47344641305       -97.2000000000        3.51966948640      -0.220771767590      -9.613044337393E-002
   1.93917983334        2.96813569566       -97.2000000000        3.84836643937      -0.367704003748      -6.835119982459E-002
   2.26237647223        3.46282497827       -97.2000000000        3.96387013624      -0.416350676693      -1.873373707916E-002
   2.58557311112        3.95751426088       -97.2000000000        4.91096369201      -0.216833812480      -1.412293922922E-002
   2.90876975001        4.45220354349       -97.2000000000        5.97252915606       0.911826843025      -7.719838281659E-004
   3.23196638891        4.94689282610       -97.2000000000        5.69543121572        4.96040366363       1.596687337301E-002
   3.55516302780        5.44158210871       -97.2000000000        1.62439931598        4.19383111978       3.778847633029E-002
   0.00000000000        0.00000000000       -97.2000000000        3.30848838198      -0.155343682595      -1.804209606069E-002
  0.145059606038       0.572827429873       -97.2000000000        3.33985052134      -0.179134042118      -1.936732688014E-002
  0.290119212075        1.14565485975       -97.2000000000        3.30651979366      -0.157230803883      -1.400118591999E-002
  0.435178818113        1.71848228962       -97.2000000000        3.27318906598      -0.135327565647      -8.635044959832E-003
  0.580238424151        2.29130971949       -97.2000000000        3.30032832980      -0.142130002260      -1.334919023077E-002
  0.725298030189        2.86413714937       -97.2000000000        3.53711431331      -0.398680583075       6.998140122603E-003
  0.870357636226        3.43696457924       -97.2000000000        3.62645913582      -0.190239679089      -2.185492692387E-002
   1.01541724226        4.00979200911       -97.2000000000        3.19339232702      -0.594769192897      -8.142700608376E-004
   1.16047684830        4.58261943899       -97.2000000000        2.98583057321       -1.13325566279       7.310724473473E-004
   1.30553645434        5.15544686886       -97.2000000000        2.23058908605       -1.68421933835      -8.142915885468E-004
   1.45059606038        5.72827429873       -97.2000000000        1.05173120383       -1.83879739115       1.318761996476E-002
   1.59565566642        6.30110172861       -97.2000000000       0.117001010011       -1.24428028502       2.084087780807E-002
   0.00000000000        0.00000000000       -97.2000000000        3.30848838198      -0.155343682595      -1.804209606069E-002
 -4.879688596092E-002  0.588890836777       -97.2000000000        3.33234211511      -0.163247656833      -1.401214004113E-002
 -9.759377192185E-002   1.17778167355       -97.2000000000        3.29150298121      -0.125458033313      -3.290812241959E-003
 -0.146390657883        1.76667251033       -97.2000000000        3.25347602127      -9.215234499445E-002  5.393421455990E-003
 -0.195187543844        2.35556334711       -97.2000000000        3.28215003680      -9.577567769462E-002  3.073627490661E-003
 -0.243984429805        2.94445418388       -97.2000000000        3.55607673559       8.085832453131E-002  2.935241015263E-002
 -0.292781315766        3.53334502066       -97.2000000000        3.27115082717       0.241299095813       4.700845128289E-003
 -0.341578201726        4.12223585744       -97.2000000000        2.93339736730       0.114015055038       1.312268537616E-002
 -0.390375087687        4.71112669421       -97.2000000000        2.75091673976       0.401823024177       1.481998411598E-002
 -0.439171973648        5.30001753099       -97.2000000000        1.95898216782       0.508191195600       1.050346659301E-002
 -0.487968859609        5.88890836777       -97.2000000000        1.24863458201       0.584871770075      -6.629287143741E-003
 -0.536765745570        6.47779920454       -97.2000000000       0.874252438815       0.611707116402      -3.468219446681E-003
   0.00000000000        0.00000000000       -97.2000000000        3.30848838198      -0.155343682595      -1.804209606069E-002
 -0.237365478204       0.541138783933       -97.2000000000        3.32925926273      -0.151456363623      -9.818775427696E-003
 -0.474730956408        1.08227756787       -97.2000000000        3.28758362232      -0.105375499590       3.469554029322E-003
 -0.712096434612        1.62341635180       -97.2000000000        3.26529078910      -0.103232782296       3.031593824988E-003
 -0.949461912816        2.16455513573       -97.2000000000        3.27367694705      -0.132450319896      -2.146289349349E-003
  -1.18682739102        2.70569391966       -97.2000000000        3.53388737876       0.220303274143       7.732614546307E-002
  -1.42419286922        3.24683270360       -97.2000000000        3.79019028354       0.288705392393       1.825715960970E-002
  -1.66155834743        3.78797148753       -97.2000000000        3.79269477353       0.307795145478       2.480942172227E-002
  -1.89892382563        4.32911027146       -97.2000000000        4.12135432347        1.27083832712       1.749088336725E-002
  -2.13628930384        4.87024905539       -97.2000000000        4.87857623276        3.33006391973       1.037500109014E-002
  -2.37365478204        5.41138783933       -97.2000000000        1.15543604743        8.16619343389       1.117128838223E-002
  -2.61102026024        5.95252662326       -97.2000000000       -3.18017205338        1.01980736748       1.122273845119E-002
   0.00000000000        0.00000000000       -97.2000000000        3.30848838198      -0.155343682595      -1.804209606069E-002
 -0.400211837779       0.434745947216       -97.2000000000        3.33055565343      -0.155472507666      -1.215753651816E-002
 -0.800423675558       0.869491894432       -97.2000000000        3.29794124892      -0.103451750116       3.552830410677E-003
  -1.20063551334        1.30423784165       -97.2000000000        3.28170271020      -0.107382813639       2.012735970226E-003
  -1.60084735112        1.73898378886       -97.2000000000        3.27879520681      -0.142074082317      -6.126396810366E-003
  -2.00105918889        2.17372973608       -97.2000000000        3.29570690745       0.492911603901       3.260666527896E-002
  -2.40127102667        2.60847568330       -97.2000000000        3.60637963742       0.165875022753       5.890657482950E-002
  -2.80148286445        3.04322163051       -97.2000000000        3.63885680167       3.519169719192E-002  2.994382322326E-002
  -3.20169470223        3.47796757773       -97.2000000000        3.85099012544      -0.383353235017       1.981524895975E-002
  -3.60190654001        3.91271352494       -97.2000000000        3.91162685782       -1.41616054618       2.182051374915E-002
  -4.00211837779        4.34745947216       -97.2000000000        3.60633542274       -2.11597382678      -4.691716144431E-003
  -4.40233021557        4.78220541938       -97.2000000000        2.85726879674       -2.29392005737       2.725584340103E-003
   0.00000000000        0.00000000000       -97.2000000000        3.30848838198      -0.155343682595      -1.804209606069E-002
 -0.519689034804       0.281241641340       -97.2000000000        3.32236127629      -0.176223370684      -1.798856106874E-002
  -1.03937806961       0.562483282680       -97.2000000000        3.30950055758      -0.111562435987       7.592055477354E-004
  -1.55906710441       0.843724924020       -97.2000000000        3.29485363069      -0.109669373223      -1.253436962584E-003
  -2.07875613922        1.12496656536       -97.2000000000        3.28397387400      -0.137765156202      -1.028973459820E-002
  -2.59844517402        1.40620820670       -97.2000000000        3.08113050804       6.109835117790E-002  0.106578790467     
  -3.11813420882        1.68744984804       -97.2000000000        2.96727886666      -5.421163348228E-002  6.206675216384E-002
  -3.63782324363        1.96869148938       -97.2000000000        2.87027801931      -0.252828595202       3.982214145066E-002
  -4.15751227843        2.24993313072       -97.2000000000        2.79241971736      -0.477750509105       3.235261891992E-002
  -4.67720131323        2.53117477206       -97.2000000000        2.64214509903      -0.593944096631       3.360628933303E-002
  -5.19689034804        2.81241641340       -97.2000000000        2.36925351201      -0.831718961231       3.369263303332E-002
  -5.71657938284        3.09365805474       -97.2000000000        2.07968137801      -0.928860741424       2.385611158277E-002
   0.00000000000        0.00000000000       -97.2000000000        3.30848838198      -0.155343682595      -1.804209606069E-002
 -0.582849861102       9.726043971134E-002  -97.2000000000        3.30600635552      -0.177830167175      -1.890703539853E-002
  -1.16569972220       0.194520879423       -97.2000000000        3.32011045455      -0.138239845885      -9.047630079211E-003
  -1.74854958330       0.291781319134       -97.2000000000        3.30716963900      -0.117079693356      -6.692384848619E-003
  -2.33139944441       0.389041758845       -97.2000000000        3.28993766106      -7.966341737862E-002 -4.715969474136E-003
  -2.91424930551       0.486302198557       -97.2000000000        2.83896522581      -7.270877612621E-003  0.112457697335     
  -3.49709916661       0.583562638268       -97.2000000000        2.72803578819      -0.141735035295       5.406454260997E-002
  -4.07994902771       0.680823077979       -97.2000000000        2.59920540822      -0.200309674690       3.248339377639E-002
  -4.66279888881       0.778083517691       -97.2000000000        2.46824548080      -0.210732463793       2.217630920610E-002
  -5.24564874991       0.875343957402       -97.2000000000        2.35829724251      -0.199030779908       1.910964718451E-002
  -5.82849861102       0.972604397113       -97.2000000000        2.22437095391      -0.210016680144       1.676518230946E-002
  -6.41134847212        1.06986483682       -97.2000000000        2.06630575355      -0.218490846623       1.102801403352E-002
   0.00000000000        0.00000000000       -97.2000000000        3.30848838198      -0.155343682595      -1.804209606069E-002
 -0.582849861102      -9.726043971134E-002  -97.2000000000        3.30659252745      -0.152963779395      -1.685532365834E-002
  -1.16569972220      -0.194520879423       -97.2000000000        3.30828424411      -0.136021679222      -1.318835042313E-002
  -1.74854958330      -0.291781319134       -97.2000000000        3.31524052403      -7.722508028639E-002 -3.422002551191E-003
  -2.33139944441      -0.389041758845       -97.2000000000        3.31309449693      -1.761184315770E-002  1.232224453730E-003
  -2.91424930551      -0.486302198557       -97.2000000000        2.82711912404      -3.045850881677E-002  9.875854107730E-002
  -3.49709916661      -0.583562638268       -97.2000000000        2.80629824544      -2.024063888704E-002  3.196689599692E-002
  -4.07994902771      -0.680823077979       -97.2000000000        2.62209096640       2.743887494497E-002  8.193144717944E-003
  -4.66279888881      -0.778083517691       -97.2000000000        2.49661356717       6.856101681018E-002 -2.191589993676E-003
  -5.24564874991      -0.875343957402       -97.2000000000        2.37934561639       0.114206787788      -1.073067091280E-002
  -5.82849861102      -0.972604397113       -97.2000000000        2.26076554809       0.127897926865      -1.716316965315E-002
  -6.41134847212       -1.06986483682       -97.2000000000        2.08158537900       0.177804793310      -1.163235147116E-002
   0.00000000000        0.00000000000       -97.2000000000        3.30848838198      -0.155343682595      -1.804209606069E-002
 -0.519689034804      -0.281241641340       -97.2000000000        3.30738414464      -0.128355291054      -1.493221712261E-002
  -1.03937806961      -0.562483282680       -97.2000000000        3.30660396304      -0.103120515907      -1.181232392110E-002
  -1.55906710441      -0.843724924020       -97.2000000000        3.33346076441      -4.991631923016E-002 -5.480895130974E-003
  -2.07875613922       -1.12496656536       -97.2000000000        3.36995523955       2.831639648163E-002  1.482082806351E-003
  -2.59844517402       -1.40620820670       -97.2000000000        3.06165266920      -0.107812550407       8.549306713078E-002
  -3.11813420882       -1.68744984804       -97.2000000000        3.03891606698       0.117477666666       4.225550741335E-002
  -3.63782324363       -1.96869148938       -97.2000000000        2.82634384205       0.276995144180       4.029829361208E-003
  -4.15751227843       -2.24993313072       -97.2000000000        2.68774284319       0.390707379701      -2.773015606618E-002
  -4.67720131323       -2.53117477206       -97.2000000000        2.56859909748       0.508599410666      -5.737623404818E-002
  -5.19689034804       -2.81241641340       -97.2000000000        2.42924379336       0.690295395705      -9.281747654277E-002
  -5.71657938284       -3.09365805474       -97.2000000000        2.18618296258        1.00142978638      -0.102609204739     
   0.00000000000        0.00000000000       -97.2000000000        3.30848838198      -0.155343682595      -1.804209606069E-002
 -0.400211837779      -0.434745947216       -97.2000000000        3.30938605389      -0.112573324322      -1.331241056629E-002
 -0.800423675558      -0.869491894432       -97.2000000000        3.31516359964      -0.102188104342      -1.118319132036E-002
  -1.20063551334       -1.30423784165       -97.2000000000        3.36036431044      -4.249743429994E-002 -1.029092041489E-002
  -1.60084735112       -1.73898378886       -97.2000000000        3.39863115274       2.802982802535E-002 -1.239093267694E-003
  -2.00105918889       -2.17372973608       -97.2000000000        3.13761461611      -0.436389151431       2.892803733289E-002
  -2.40127102667       -2.60847568330       -97.2000000000        3.45039536826      -0.136367022656       3.124808654501E-002
  -2.80148286445       -3.04322163051       -97.2000000000        3.14517458519      -0.140257442428      -1.646042282875E-003
  -3.20169470223       -3.47796757773       -97.2000000000        3.73743520623       0.684345849930      -6.498406159431E-002
  -3.60190654001       -3.91271352494       -97.2000000000        3.72882442467        1.07214197943      -0.138553490463     
  -4.00211837779       -4.34745947216       -97.2000000000        3.23825568784        1.77940725899      -0.285017644782     
  -4.40233021557       -4.78220541938       -97.2000000000        2.48409136142        2.15632252280      -0.451700185907     
   0.00000000000        0.00000000000       -97.2000000000        3.30848838198      -0.155343682595      -1.804209606069E-002
 -0.237365478204      -0.541138783933       -97.2000000000        3.31296046314      -0.110462127712      -1.215353787582E-002
 -0.474730956408       -1.08227756787       -97.2000000000        3.32247563962      -0.103666341673      -1.107755562089E-002
 -0.712096434612       -1.62341635180       -97.2000000000        3.33571950282      -9.354813648531E-002 -1.061976209142E-002
 -0.949461912816       -2.16455513573       -97.2000000000        3.39841309877      -1.023036480735E-002 -9.453974457480E-003
  -1.18682739102       -2.70569391966       -97.2000000000        3.56200027933      -0.270046943361       3.237005829754E-002
  -1.42419286922       -3.24683270360       -97.2000000000        3.64372677425      -0.559264769109       2.598387393031E-002
  -1.66155834743       -3.78797148753       -97.2000000000        3.69547488752      -0.846812318561      -9.907705437465E-003
  -1.89892382563       -4.32911027146       -97.2000000000        4.16258628900       -1.46603242764      -2.905459092271E-002
  -2.13628930384       -4.87024905539       -97.2000000000        4.60238052953       -3.30647434351      -6.958060288233E-002
  -2.37365478204       -5.41138783933       -97.2000000000       0.483286999122       -8.64761456428      -0.105167626093     
  -2.61102026024       -5.95252662326       -97.2000000000       -3.36683233256      -0.983791720069      -0.129954071020     
   0.00000000000        0.00000000000       -97.2000000000        3.30848838198      -0.155343682595      -1.804209606069E-002
 -4.879688596092E-002 -0.588890836777       -97.2000000000        3.31554339150      -0.110471680613      -1.164844532707E-002
 -9.759377192185E-002  -1.17778167355       -97.2000000000        3.32771475464      -0.106244048407      -1.106022663726E-002
 -0.146390657883       -1.76667251033       -97.2000000000        3.33989881669      -0.102459934664      -1.064411373095E-002
 -0.195187543844       -2.35556334711       -97.2000000000        3.35208287874      -9.867582092113E-002 -1.022800082463E-002
 -0.243984429805       -2.94445418388       -97.2000000000        3.62672925178      -9.237327374368E-002 -2.299902214970E-003
 -0.292781315766       -3.53334502066       -97.2000000000        3.31194527131      -0.177088021126       2.093223528729E-002
 -0.341578201726       -4.12223585744       -97.2000000000        3.14641505867      -0.265464120483       7.043892941653E-003
 -0.390375087687       -4.71112669421       -97.2000000000        2.59381842766      -0.433979433595      -1.151451047201E-002
 -0.439171973648       -5.30001753099       -97.2000000000        1.87344468882      -0.524820785763      -1.780330730607E-002
 -0.487968859609       -5.88890836777       -97.2000000000        1.05042149062      -0.414893740477      -2.713306673151E-002
 -0.536765745570       -6.47779920454       -97.2000000000       0.561969815459      -0.199757459907      -2.163550227236E-002
   0.00000000000        0.00000000000       -97.2000000000        3.30848838198      -0.155343682595      -1.804209606069E-002
  0.145059606038      -0.572827429873       -97.2000000000        3.31685493859      -0.112600947819      -1.185186753502E-002
  0.290119212075       -1.14565485975       -97.2000000000        3.33031320531      -0.109641890022      -1.113308223375E-002
  0.435178818113       -1.71848228962       -97.2000000000        3.34379649270      -0.107556697087      -1.075339712568E-002
  0.580238424151       -2.29130971949       -97.2000000000        3.37507102714      -0.121284631310      -1.130434072409E-002
  0.725298030189       -2.86413714937       -97.2000000000        3.69441892882       0.430463433178      -1.844546239282E-002
  0.870357636226       -3.43696457924       -97.2000000000        3.52672330359       0.284330054869       1.658342782038E-003
   1.01541724226       -4.00979200911       -97.2000000000        3.18332985151       0.723034368023       2.856091477353E-003
   1.16047684830       -4.58261943899       -97.2000000000        2.83634612019        1.25099038074      -9.246681644760E-003
   1.30553645434       -5.15544686886       -97.2000000000        2.19622042257        1.72025158613      -5.675332980336E-003
   1.45059606038       -5.72827429873       -97.2000000000        1.00422933240        1.88253254668       1.432052642224E-002
   1.59565566642       -6.30110172861       -97.2000000000       8.404024328360E-002   1.32629597342       1.871044686477E-002
   0.00000000000        0.00000000000       -97.2000000000        3.30848838198      -0.155343682595      -1.804209606069E-002
  0.323196638891      -0.494689282610       -97.2000000000        3.31675297794      -0.116619190189      -1.274176054701E-002
  0.646393277781      -0.989378565219       -97.2000000000        3.32998940918      -0.113491657656      -1.128822737600E-002
  0.969589916672       -1.48406784783       -97.2000000000        3.34624403726      -0.116348316665      -1.113013578310E-002
   1.29278655556       -1.97875713044       -97.2000000000        3.39471382499      -0.148187842970      -1.264913560751E-002
   1.61598319445       -2.47344641305       -97.2000000000        3.49508173036       0.224547796258      -8.161693268516E-002
   1.93917983334       -2.96813569566       -97.2000000000        3.65536476253       0.200824502937      -2.448090265810E-002
   2.26237647223       -3.46282497827       -97.2000000000        3.88224338957       0.116869524113      -2.724328200718E-002
   2.58557311112       -3.95751426088       -97.2000000000        4.53136879983       1.427454015804E-002 -2.733717782616E-002
   2.90876975001       -4.45220354349       -97.2000000000        5.91351550920      -0.904138406246      -3.608626291887E-003
   3.23196638891       -4.94689282610       -97.2000000000        5.60054818151       -4.65039462427       1.058536148256E-002
   3.55516302780       -5.44158210871       -97.2000000000        1.52955729609       -4.43537163512       5.422751509454E-002
   0.00000000000        0.00000000000       -97.2000000000        3.30848838198      -0.155343682595      -1.804209606069E-002
  0.466310301007      -0.362943875680       -97.2000000000        3.31524855857      -0.122090968814      -1.422169064709E-002
  0.932620602014      -0.725887751361       -97.2000000000        3.32677845457      -0.117376169251      -1.150884968053E-002
   1.39893090302       -1.08883162704       -97.2000000000        3.34436553837      -0.125196880429      -1.160532066971E-002
   1.86524120403       -1.45177550272       -97.2000000000        3.41455231491      -0.185483541370      -1.423415853660E-002
   2.33155150503       -1.81471937840       -97.2000000000        3.20933036138       0.160126755476      -0.123379951897     
   2.79786180604       -2.17766325408       -97.2000000000        3.14639319085       2.561470783418E-002 -8.096241254820E-002
   3.26417210705       -2.54060712976       -97.2000000000        3.14652522726      -0.115205477026      -3.284419739475E-002
   3.73048240806       -2.90355100544       -97.2000000000        3.09335395728      -0.576354160126      -1.398018675388E-003
   4.19679270906       -3.26649488112       -97.2000000000        3.00226717329      -0.941521584801       2.878365053655E-002
   4.66310301007       -3.62943875680       -97.2000000000        2.85206632299       -1.40720982851       1.214329614935E-002
   5.12941331108       -3.99238263248       -97.2000000000        2.36576896140       -1.43418578892      -2.079436266381E-002
   0.00000000000        0.00000000000       -97.2000000000        3.30848838198      -0.155343682595      -1.804209606069E-002
  0.558892006459      -0.191867868166       -97.2000000000        3.31250470766      -0.128423331575      -1.613128444542E-002
   1.11778401292      -0.383735736333       -97.2000000000        3.32119836545      -0.126814199995      -1.407592969053E-002
   1.67667601938      -0.575603604499       -97.2000000000        3.32989202324      -0.125205068415      -1.202057493564E-002
   2.23556802584      -0.767471472666       -97.2000000000        3.36297054764      -0.149337832778      -1.252986459719E-002
   2.79446003230      -0.959339340832       -97.2000000000        2.85425489753       2.253334902887E-002 -0.135705183986     
   3.35335203876       -1.15120720900       -97.2000000000        2.71670823312      -0.140453041999      -0.101261613956     
   3.91224404522       -1.34307507716       -97.2000000000        2.63621821747      -0.257178007645      -5.757224352882E-002
   4.47113605168       -1.53494294533       -97.2000000000        2.56612846110      -0.308931033336      -2.361783780839E-002
   5.03002805814       -1.72681081350       -97.2000000000        2.36680586032      -0.366810417927      -1.726913876273E-002
   5.58892006459       -1.91867868166       -97.2000000000        2.14840375884      -0.353824081683      -1.820231480639E-002
   6.14781207105       -2.11054654983       -97.2000000000        1.92864019134      -0.358213336459      -1.715369914248E-002
   0.00000000000        0.00000000000       -97.2000000000        3.30848838198      -0.155343682595      -1.804209606069E-002
  0.590909090909        0.00000000000       -97.2000000000        3.31070758958      -0.145151382212      -1.820523763132E-002
   1.18181818182      -1.172487511250E-015  -97.2000000000        3.31382647819      -0.139827674268      -1.834057644681E-002
   1.77272727273        0.00000000000       -97.2000000000        3.31287873001      -0.133180863245      -1.657166121078E-002
   2.36363636364        0.00000000000       -97.2000000000        3.31351984536      -0.113247115136      -1.143791996405E-002
   2.95454545455        0.00000000000       -97.2000000000        2.80008471236      -4.600367261002E-002 -0.124394935080     
   3.54545454545        0.00000000000       -97.2000000000        2.67051567153       2.523586301536E-003 -8.624071668570E-002
   4.13636363636        0.00000000000       -97.2000000000        2.56222773845      -5.526850546102E-004 -5.061980153894E-002
   4.72727272727        0.00000000000       -97.2000000000        2.47013629597      -1.587430510249E-002 -1.794855922989E-002
   5.31818181818        0.00000000000       -97.2000000000        2.28756227672      -3.567744687102E-002 -7.729956021255E-003
   5.90909090909        0.00000000000       -97.2000000000        2.17617278761      -2.348237516468E-002 -2.597397172314E-003
   6.50000000000        0.00000000000       -97.2000000000        2.06478329851      -1.128730345834E-002  2.535161676626E-003
