 12 20 1 1
 1 X [LENGU]
 2 Y [LENGU]
 3 Z [LENGU]
 4 Hx [FIELU]
 5 Hy [FIELU]
 6 Hz [FIELU]
 0
   0.00000000000        0.00000000000        2.16000000000        3.03196610887      -1.392658403179E-002 -4.273104353738E-003
  0.590909090909        0.00000000000        2.16000000000        3.04627970722      -9.847319862523E-003 -1.184098554127E-003
   1.18181818182        0.00000000000        2.16000000000        3.05455564647      -5.360367250276E-003  8.292635088065E-004
   1.77272727273        0.00000000000        2.16000000000        3.02837503032       7.008740005312E-004 -2.530771987526E-003
   2.36363636364        0.00000000000        2.16000000000        3.03494925877      -4.476583270241E-003 -3.152444670744E-003
   2.95454545455        0.00000000000        2.16000000000        2.97250918373       1.306378731559E-002  1.521876773492E-002
   3.54545454545        0.00000000000        2.16000000000        2.83613995350       1.475177564590E-002  3.712332436276E-002
   4.13636363636        0.00000000000        2.16000000000        2.69671662571       4.773141949682E-003  5.251588517606E-002
   4.72727272727        0.00000000000        2.16000000000        2.54895997721       2.298754839272E-002  8.827790542574E-002
   5.31818181818        0.00000000000        2.16000000000        2.39096896158       5.875950383571E-002  0.150362069412     
   5.90909090909        0.00000000000        2.16000000000        2.21112983092      -1.735142304907E-002  0.208083181791     
   6.50000000000        0.00000000000        2.16000000000        1.87091646746       6.544355672748E-004  0.157387246914     
   0.00000000000        0.00000000000        2.16000000000        3.03196610887      -1.392658403179E-002 -4.273104353738E-003
  0.558892006459       0.191867868166        2.16000000000        3.05704829197      -7.616752180647E-003  8.684824627696E-005
   1.11778401292       0.383735736333        2.16000000000        3.06694402647      -3.456879155881E-004  1.778245694000E-003
   1.67667601938       0.575603604499        2.16000000000        3.03410410846       7.809377867102E-003 -2.755300796671E-003
   2.23556802584       0.767471472666        2.16000000000        3.01510964179       1.736660942825E-002 -6.382107992691E-003
   2.79446003230       0.959339340832        2.16000000000        2.99635548045       6.620511419688E-002 -3.605481866187E-003
   3.35335203876        1.15120720900        2.16000000000        2.91395446440       0.193023551587       7.663315109388E-003
   3.91224404522        1.34307507716        2.16000000000        2.82649356011       0.226802380905       2.943188289006E-002
   4.47113605168        1.53494294533        2.16000000000        2.62126649903       0.308968279797       4.636446805188E-002
   5.03002805814        1.72681081350        2.16000000000        2.44037401055       0.370571497468       7.636568612110E-002
   5.58892006459        1.91867868166        2.16000000000        2.21626463370       0.388432945723       0.117925754769     
   6.14781207105        2.11054654983        2.16000000000        1.89445348896       0.370275331467       0.135663355019     
   0.00000000000        0.00000000000        2.16000000000        3.03196610887      -1.392658403179E-002 -4.273104353738E-003
  0.466310301007       0.362943875680        2.16000000000        3.06509883300      -6.069952686971E-003  8.853265308345E-004
  0.932620602014       0.725887751361        2.16000000000        3.07936015717       3.056850009359E-003  2.684074267364E-003
   1.39893090302        1.08883162704        2.16000000000        3.04970575776       1.203258110349E-002 -1.545618440131E-003
   1.86524120403        1.45177550272        2.16000000000        3.01834209337       3.138492594941E-002 -6.629137552726E-003
   2.33155150503        1.81471937840        2.16000000000        3.30110285975       5.435979441649E-002 -1.787609551092E-003
   2.79786180604        2.17766325408        2.16000000000        3.27870614365       9.788410748970E-002  9.714707755241E-003
   3.26417210705        2.54060712976        2.16000000000        3.27740115955       0.338227784767       1.589627085361E-002
   3.73048240806        2.90355100544        2.16000000000        3.11771057116       0.692432440095       1.812749937966E-002
   4.19679270906        3.26649488112        2.16000000000        2.96685965716       0.999351725039       9.384444149617E-002
   4.66310301007        3.62943875680        2.16000000000        2.71769832671        1.29773588891       0.119563879202     
   5.12941331108        3.99238263248        2.16000000000        2.12256366355        1.34299868350       0.345374267419     
   0.00000000000        0.00000000000        2.16000000000        3.03196610887      -1.392658403179E-002 -4.273104353738E-003
  0.323196638891       0.494689282610        2.16000000000        3.06955892926      -5.374541107702E-003  1.124808787746E-003
  0.646393277781       0.989378565219        2.16000000000        3.08804801823       4.467467081872E-003  3.119282164758E-003
  0.969589916672        1.48406784783        2.16000000000        3.07213839959       1.942944907595E-002  4.115721004090E-004
   1.29278655556        1.97875713044        2.16000000000        3.04778606183       2.690020280601E-002 -3.242622695842E-003
   1.61598319445        2.47344641305        2.16000000000        3.42782809663      -3.229954610042E-002 -2.616476262457E-003
   1.93917983334        2.96813569566        2.16000000000        3.58544568407      -0.107837554484       8.120492476845E-003
   2.26237647223        3.46282497827        2.16000000000        3.81149067466      -0.100380873451       1.817160899027E-002
   2.58557311112        3.95751426088        2.16000000000        4.39874929764      -1.427859236266E-002  3.909055711029E-002
   2.90876975001        4.45220354349        2.16000000000        5.67375866796       0.902301324872       6.779843695486E-002
   3.23196638891        4.94689282610        2.16000000000        5.38932163833        5.32797607293       0.106264714768     
   3.55516302780        5.44158210871        2.16000000000        1.29955275598        4.24000588367       0.138472431875     
   0.00000000000        0.00000000000        2.16000000000        3.03196610887      -1.392658403179E-002 -4.273104353738E-003
  0.145059606038       0.572827429873        2.16000000000        3.06994526012      -5.605876077877E-003  7.793433985263E-004
  0.290119212075        1.14565485975        2.16000000000        3.08128576089       7.304892806987E-003  1.577896277064E-003
  0.435178818113        1.71848228962        2.16000000000        3.08340249709       2.003318373397E-002  1.104845800960E-003
  0.580238424151        2.29130971949        2.16000000000        3.09222318601       1.787680561163E-002  2.018290267031E-003
  0.725298030189        2.86413714937        2.16000000000        3.43719222936      -8.388704610670E-002  1.794862021325E-003
  0.870357636226        3.43696457924        2.16000000000        3.34050823523      -0.316045268292       1.322733462767E-002
   1.01541724226        4.00979200911        2.16000000000        3.22933267014      -0.293196784877       1.874687264307E-002
   1.16047684830        4.58261943899        2.16000000000        3.09686012098       -1.10362117220       2.318512129942E-002
   1.30553645434        5.15544686886        2.16000000000        2.13205431559       -1.63868586085       3.097704582510E-002
   1.45059606038        5.72827429873        2.16000000000       0.961328035206       -1.75037793167       4.339218049743E-002
   1.59565566642        6.30110172861        2.16000000000       0.206462693123       -1.25291701179       5.739837037861E-002
   0.00000000000        0.00000000000        2.16000000000        3.03196610887      -1.392658403179E-002 -4.273104353738E-003
 -4.879688596092E-002  0.588890836777        2.16000000000        3.06621596063      -6.738888863945E-003 -1.136331014560E-004
 -9.759377192185E-002   1.17778167355        2.16000000000        3.07301204550       6.924605525681E-003  1.229112483871E-004
 -0.146390657883        1.76667251033        2.16000000000        3.08632626279       7.535140244478E-003  1.104796447225E-003
 -0.195187543844        2.35556334711        2.16000000000        3.10120769949       1.642979674640E-002  3.744324203261E-003
 -0.243984429805        2.94445418388        2.16000000000        3.38996516177       2.067905276325E-002  1.913226372641E-003
 -0.292781315766        3.53334502066        2.16000000000        2.98456395365       3.603389994454E-003  5.784789988388E-003
 -0.341578201726        4.12223585744        2.16000000000        2.72809481400       5.515797009340E-002  6.281272487567E-003
 -0.390375087687        4.71112669421        2.16000000000        2.38971853506       0.351509199707       4.399196624950E-003
 -0.439171973648        5.30001753099        2.16000000000        1.84924976885       0.499469607924       3.230658733088E-004
 -0.487968859609        5.88890836777        2.16000000000        1.14206472413       0.553236315639      -1.589882069847E-003
 -0.536765745570        6.47779920454        2.16000000000       0.786189086810       0.261927773253       4.554360261758E-003
   0.00000000000        0.00000000000        2.16000000000        3.03196610887      -1.392658403179E-002 -4.273104353738E-003
 -0.237365478204       0.541138783933        2.16000000000        3.05798633547      -8.348917725327E-003 -1.428018849604E-003
 -0.474730956408        1.08227756787        2.16000000000        3.07586799995      -5.544369125870E-004  6.185202891311E-004
 -0.712096434612        1.62341635180        2.16000000000        3.08137249331       2.707232222577E-003  4.994007684783E-004
 -0.949461912816        2.16455513573        2.16000000000        3.07834636179       5.008406945007E-002  2.561245003906E-003
  -1.18682739102        2.70569391966        2.16000000000        3.37113180379       8.286043326504E-002  1.229297855184E-002
  -1.42419286922        3.24683270360        2.16000000000        3.47224203788       0.235965738684       9.002397162350E-003
  -1.66155834743        3.78797148753        2.16000000000        3.70128139907       0.514361439550      -6.653632467113E-003
  -1.89892382563        4.32911027146        2.16000000000        4.11466000827       0.274791166452      -8.710019600264E-003
  -2.13628930384        4.87024905539        2.16000000000        4.69297703556        3.12620156942      -2.441319095715E-002
  -2.37365478204        5.41138783933        2.16000000000        1.52795611366        5.44184685715      -3.682548047167E-002
  -2.61102026024        5.95252662326        2.16000000000       -3.34131453475       0.828661588059      -4.461301585963E-002
   0.00000000000        0.00000000000        2.16000000000        3.03196610887      -1.392658403179E-002 -4.273104353738E-003
 -0.400211837779       0.434745947216        2.16000000000        3.04703858548      -1.060224426548E-002 -3.054490865873E-003
 -0.800423675558       0.869491894432        2.16000000000        3.05960511363      -6.318878848211E-003 -1.742688515296E-003
  -1.20063551334        1.30423784165        2.16000000000        3.07217164177      -2.035513430945E-003 -4.308861647182E-004
  -1.60084735112        1.73898378886        2.16000000000        3.07633425117       1.999920550336E-002  1.057752664536E-003
  -2.00105918889        2.17372973608        2.16000000000        3.28297942667       9.252475769589E-002  2.543114748287E-003
  -2.40127102667        2.60847568330        2.16000000000        3.42178924932      -0.200263030957      -1.672082103904E-003
  -2.80148286445        3.04322163051        2.16000000000        3.70143783287      -0.461976108142      -4.358758855686E-002
  -3.20169470223        3.47796757773        2.16000000000        3.85083527691       -1.02642386712      -4.752074582846E-002
  -3.60190654001        3.91271352494        2.16000000000        3.64904432665       -1.34029202731      -4.969909038738E-002
  -4.00211837779        4.34745947216        2.16000000000        3.21270258330       -2.02396911135      -0.150300650659     
  -4.40233021557        4.78220541938        2.16000000000        2.47079288637       -2.15459402369      -0.186134376591     
   0.00000000000        0.00000000000        2.16000000000        3.03196610887      -1.392658403179E-002 -4.273104353738E-003
 -0.519689034804       0.281241641340        2.16000000000        3.03472905718      -1.331973991185E-002 -4.823117021538E-003
  -1.03937806961       0.562483282680        2.16000000000        3.03581795713      -1.130914618938E-002 -5.175789168232E-003
  -1.55906710441       0.843724924020        2.16000000000        3.04410498192      -1.168625582181E-002 -4.256823017256E-003
  -2.07875613922        1.12496656536        2.16000000000        3.03889458151      -1.232496966498E-002 -5.161402400775E-003
  -2.59844517402        1.40620820670        2.16000000000        3.19126555901      -6.744297430020E-002 -3.616488895165E-003
  -3.11813420882        1.68744984804        2.16000000000        3.12498844393      -0.320258795019      -9.496794273754E-003
  -3.63782324363        1.96869148938        2.16000000000        2.97527061150      -0.425090890470      -1.149116012837E-002
  -4.15751227843        2.24993313072        2.16000000000        2.78866546884      -0.528926494895      -2.693263082858E-002
  -4.67720131323        2.53117477206        2.16000000000        2.64976471545      -0.627263445411      -4.654640272402E-002
  -5.19689034804        2.81241641340        2.16000000000        2.37729197136      -0.749280807961      -8.930557748661E-002
  -5.71657938284        3.09365805474        2.16000000000        1.97827240862      -0.884979938478      -0.143582048814     
   0.00000000000        0.00000000000        2.16000000000        3.03196610887      -1.392658403179E-002 -4.273104353738E-003
 -0.582849861102       9.726043971134E-002   2.16000000000        3.02631591560      -1.410907136856E-002 -6.050935342305E-003
  -1.16569972220       0.194520879423        2.16000000000        3.03180354305      -1.796758362680E-002 -5.276873671710E-003
  -1.74854958330       0.291781319134        2.16000000000        3.04232880079      -1.205370334874E-002 -4.397375125657E-003
  -2.33139944441       0.389041758845        2.16000000000        3.02248946178      -5.264834923446E-003 -6.484537374130E-003
  -2.91424930551       0.486302198557        2.16000000000        3.01724199400      -5.009534875611E-002 -9.737777611663E-003
  -3.49709916661       0.583562638268        2.16000000000        2.87938555823      -7.060216449032E-002  3.342799978630E-003
  -4.07994902771       0.680823077979        2.16000000000        2.76852259198      -8.183941218886E-002  2.964070480676E-002
  -4.66279888881       0.778083517691        2.16000000000        2.65651429185      -0.100772224956       5.237218802122E-002
  -5.24564874991       0.875343957402        2.16000000000        2.51137127729      -0.138962318814       5.656042621930E-002
  -5.82849861102       0.972604397113        2.16000000000        2.27242232449      -8.983207309313E-002  5.687914569289E-002
  -6.41134847212        1.06986483682        2.16000000000        2.06227697025       7.606908226991E-004  0.165267424197     
   0.00000000000        0.00000000000        2.16000000000        3.03196610887      -1.392658403179E-002 -4.273104353738E-003
 -0.582849861102      -9.726043971134E-002   2.16000000000        3.01999239619      -1.433795833485E-002 -6.945236425380E-003
  -1.16569972220      -0.194520879423        2.16000000000        3.04110991718      -3.424726555789E-002 -2.583073913137E-003
  -1.74854958330      -0.291781319134        2.16000000000        3.04610214615      -1.920962608862E-002 -3.570836410256E-003
  -2.33139944441      -0.389041758845        2.16000000000        3.02911465559      -1.612670400440E-003 -5.582946968504E-003
  -2.91424930551      -0.486302198557        2.16000000000        3.02515634618       4.342556454720E-002 -8.322118053390E-003
  -3.49709916661      -0.583562638268        2.16000000000        2.90158920384       6.298599278207E-002 -4.850846847560E-003
  -4.07994902771      -0.680823077979        2.16000000000        2.78707025882       8.205745745663E-002  9.990176028742E-003
  -4.66279888881      -0.778083517691        2.16000000000        2.64983787451       0.114262148934       3.263779635173E-002
  -5.24564874991      -0.875343957402        2.16000000000        2.48253417458       0.159774820599       4.102643466848E-002
  -5.82849861102      -0.972604397113        2.16000000000        2.37960542372       0.102365198949       4.560218822426E-002
  -6.41134847212       -1.06986483682        2.16000000000        2.40597517169       8.181795496411E-002  0.268911588702     
   0.00000000000        0.00000000000        2.16000000000        3.03196610887      -1.392658403179E-002 -4.273104353738E-003
 -0.519689034804      -0.281241641340        2.16000000000        3.01488663035      -1.447785991399E-002 -7.544547661451E-003
  -1.03937806961      -0.562483282680        2.16000000000        3.04060464146      -4.243922257898E-002 -1.903526310853E-003
  -1.55906710441      -0.843724924020        2.16000000000        3.05524494699      -3.027342313514E-002 -1.015102694077E-003
  -2.07875613922       -1.12496656536        2.16000000000        3.05868534257       6.725766925838E-003 -1.818011801857E-003
  -2.59844517402       -1.40620820670        2.16000000000        3.17085641691       7.698050006172E-002 -1.081214017495E-002
  -3.11813420882       -1.68744984804        2.16000000000        3.09333806130       0.241717706982      -8.886206716409E-003
  -3.63782324363       -1.96869148938        2.16000000000        2.98163335688       0.381236835093      -1.178252460940E-002
  -4.15751227843       -2.24993313072        2.16000000000        2.82760807407       0.489537546547      -2.064849043039E-002
  -4.67720131323       -2.53117477206        2.16000000000        2.65943252070       0.616968956454      -3.658213690313E-002
  -5.19689034804       -2.81241641340        2.16000000000        2.35753763890       0.736752421775      -5.686407389830E-002
  -5.71657938284       -3.09365805474        2.16000000000        1.99461283451       0.817379028305      -8.938672714069E-002
   0.00000000000        0.00000000000        2.16000000000        3.03196610887      -1.392658403179E-002 -4.273104353738E-003
 -0.400211837779      -0.434745947216        2.16000000000        3.01371966279      -1.306343781047E-002 -7.419631742866E-003
 -0.800423675558      -0.869491894432        2.16000000000        3.03504120121      -1.415996714124E-002 -4.130993431224E-003
  -1.20063551334       -1.30423784165        2.16000000000        3.07503847749      -3.503291646100E-002  3.595421392493E-003
  -1.60084735112       -1.73898378886        2.16000000000        3.08393416231       1.866109948305E-003  1.960320635649E-003
  -2.00105918889       -2.17372973608        2.16000000000        3.22565153076      -0.120109378370       4.550793651939E-003
  -2.40127102667       -2.60847568330        2.16000000000        3.39337927653       0.116251878178      -1.096370629755E-002
  -2.80148286445       -3.04322163051        2.16000000000        3.52615013890       0.372023070422      -2.291949138008E-002
  -3.20169470223       -3.47796757773        2.16000000000        3.88675282944       0.869467438808      -4.707451644595E-002
  -3.60190654001       -3.91271352494        2.16000000000        3.81277777235        1.31069365015      -8.891220309872E-002
  -4.00211837779       -4.34745947216        2.16000000000        3.25575995683        2.00616529818      -0.185217506924     
  -4.40233021557       -4.78220541938        2.16000000000        2.53097076718        2.36787953264      -0.288931482234     
   0.00000000000        0.00000000000        2.16000000000        3.03196610887      -1.392658403179E-002 -4.273104353738E-003
 -0.237365478204      -0.541138783933        2.16000000000        3.02019716876      -9.316572386842E-003 -6.233121458876E-003
 -0.474730956408       -1.08227756787        2.16000000000        3.03610556553       7.294523789542E-003 -4.676953289642E-003
 -0.712096434612       -1.62341635180        2.16000000000        3.06531019680      -6.116036686389E-003  8.017306361043E-004
 -0.949461912816       -2.16455513573        2.16000000000        3.09886374504      -1.730842553075E-002  6.757557356963E-003
  -1.18682739102       -2.70569391966        2.16000000000        3.34054338185      -0.111684896989      -1.016710033729E-003
  -1.42419286922       -3.24683270360        2.16000000000        3.42422905098      -0.351803424274      -3.945377173369E-003
  -1.66155834743       -3.78797148753        2.16000000000        3.56071833518      -0.556510903472      -8.917147034990E-003
  -1.89892382563       -4.32911027146        2.16000000000        3.90585261405       -1.26952500259      -2.442298352281E-002
  -2.13628930384       -4.87024905539        2.16000000000        4.58494200406       -3.07053486439      -4.566824147749E-002
  -2.37365478204       -5.41138783933        2.16000000000       9.629647922599E-002  -3.77694461569      -6.198817107853E-002
  -2.61102026024       -5.95252662326        2.16000000000       -3.47688009014       -1.00952941191      -6.801380909738E-002
   0.00000000000        0.00000000000        2.16000000000        3.03196610887      -1.392658403179E-002 -4.273104353738E-003
 -4.879688596092E-002 -0.588890836777        2.16000000000        3.02495075309      -7.369776981639E-003 -5.215246142459E-003
 -9.759377192185E-002  -1.17778167355        2.16000000000        3.04204066036       2.006562169571E-003 -3.712881846031E-003
 -0.146390657883       -1.76667251033        2.16000000000        3.05419327908       1.056967154115E-002 -1.911312677955E-003
 -0.195187543844       -2.35556334711        2.16000000000        3.07552075848      -2.373677736659E-002  3.525197291807E-003
 -0.243984429805       -2.94445418388        2.16000000000        3.32960145041      -4.791143494159E-002  3.226646003565E-003
 -0.292781315766       -3.53334502066        2.16000000000        3.01887187715       2.296274312183E-002  5.569711374495E-003
 -0.341578201726       -4.12223585744        2.16000000000        2.83421124959      -0.143562848205       3.408084984078E-003
 -0.390375087687       -4.71112669421        2.16000000000        2.60629435567      -0.314649351200       4.212225028326E-003
 -0.439171973648       -5.30001753099        2.16000000000        1.83530348974      -0.547933110928      -2.531371148517E-003
 -0.487968859609       -5.88890836777        2.16000000000        1.18774625685      -0.541265320080      -1.576068452679E-002
 -0.536765745570       -6.47779920454        2.16000000000       0.545676536935      -0.338975160134      -2.472584579606E-002
   0.00000000000        0.00000000000        2.16000000000        3.03196610887      -1.392658403179E-002 -4.273104353738E-003
  0.145059606038      -0.572827429873        2.16000000000        3.02746529117      -7.434017084658E-003 -4.476308378112E-003
  0.290119212075       -1.14565485975        2.16000000000        3.04497786217      -3.498809703428E-003 -2.862602025785E-003
  0.435178818113       -1.71848228962        2.16000000000        3.05794521032      -2.070910016670E-003 -1.237079340613E-003
  0.580238424151       -2.29130971949        2.16000000000        3.04477059658      -6.735402415326E-003 -3.651354673739E-003
  0.725298030189       -2.86413714937        2.16000000000        3.42948689219       0.132596422515       6.685518349794E-003
  0.870357636226       -3.43696457924        2.16000000000        3.25726932221       0.299697691330       1.350053606303E-002
   1.01541724226       -4.00979200911        2.16000000000        3.15910734915       0.547033221213       1.557517675749E-002
   1.16047684830       -4.58261943899        2.16000000000        2.82013332127       0.961142503062       2.029287652461E-002
   1.30553645434       -5.15544686886        2.16000000000        2.12645147643        1.68666564757       3.545098116859E-002
   1.45059606038       -5.72827429873        2.16000000000       0.942466386920        1.75210409618       4.208180038860E-002
   1.59565566642       -6.30110172861        2.16000000000       0.169426577427        1.27201438800       3.427784151983E-002
   0.00000000000        0.00000000000        2.16000000000        3.03196610887      -1.392658403179E-002 -4.273104353738E-003
  0.323196638891      -0.494689282610        2.16000000000        3.02746829377      -9.502331283948E-003 -4.096383538403E-003
  0.646393277781      -0.989378565219        2.16000000000        3.04558590801      -6.087970741896E-003 -1.922130542112E-003
  0.969589916672       -1.48406784783        2.16000000000        3.05718703592      -1.714932948249E-002 -1.362037046816E-003
   1.29278655556       -1.97875713044        2.16000000000        3.05646864049      -2.240132569314E-002 -2.766132531452E-003
   1.61598319445       -2.47344641305        2.16000000000        3.38568571622       2.844430678020E-002  1.485350082503E-002
   1.93917983334       -2.96813569566        2.16000000000        3.65349981579      -1.966652673988E-002  1.514821800780E-002
   2.26237647223       -3.46282497827        2.16000000000        3.82760043170       4.121875951994E-002  2.628664596376E-002
   2.58557311112       -3.95751426088        2.16000000000        4.55213468702      -0.100808353534       5.249360607068E-002
   2.90876975001       -4.45220354349        2.16000000000        5.73216063702      -0.975709127732       8.027987337838E-002
   3.23196638891       -4.94689282610        2.16000000000        5.52214273221       -4.85583244030       0.104629085303     
   3.55516302780       -5.44158210871        2.16000000000        1.23085741123       -4.40749023273       0.108831186904     
   0.00000000000        0.00000000000        2.16000000000        3.03196610887      -1.392658403179E-002 -4.273104353738E-003
  0.466310301007      -0.362943875680        2.16000000000        3.02601281973      -1.289764187709E-002 -3.982739513523E-003
  0.932620602014      -0.725887751361        2.16000000000        3.04379890669      -5.480345172340E-003 -9.933820731875E-004
   1.39893090302       -1.08883162704        2.16000000000        3.05395618693      -1.992655023623E-002 -4.749176857136E-004
   1.86524120403       -1.45177550272        2.16000000000        3.03831255636      -3.539406027236E-002 -1.994039854209E-003
   2.33155150503       -1.81471937840        2.16000000000        3.26121504735      -4.487227704211E-002  2.238033632815E-002
   2.79786180604       -2.17766325408        2.16000000000        3.21577231311      -0.179353735868       2.733885293309E-002
   3.26417210705       -2.54060712976        2.16000000000        3.32243483810      -0.550960154753       4.529940945695E-002
   3.73048240806       -2.90355100544        2.16000000000        3.27522532569      -0.806820113851       6.951943445702E-002
   4.19679270906       -3.26649488112        2.16000000000        3.08999782460      -0.969842162717       0.105919726279     
   4.66310301007       -3.62943875680        2.16000000000        2.68654305240       -1.25688017278       0.148356959276     
   5.12941331108       -3.99238263248        2.16000000000        2.25675524621       -1.39423138517       0.210065924073     
   0.00000000000        0.00000000000        2.16000000000        3.03196610887      -1.392658403179E-002 -4.273104353738E-003
  0.558892006459      -0.191867868166        2.16000000000        3.03396002198      -1.251993911344E-002 -2.789787063783E-003
   1.11778401292      -0.383735736333        2.16000000000        3.04288812768      -1.262234305244E-002 -8.035654484852E-004
   1.67667601938      -0.575603604499        2.16000000000        3.04698685876      -1.415826752486E-002 -3.041530315417E-004
   2.23556802584      -0.767471472666        2.16000000000        2.97758084532      -2.106799685225E-002 -3.918772054114E-003
   2.79446003230      -0.959339340832        2.16000000000        3.03164831942      -5.250269767496E-002  1.707967130136E-002
   3.35335203876       -1.15120720900        2.16000000000        2.90126140504      -0.135504191760       2.692304223691E-002
   3.91224404522       -1.34307507716        2.16000000000        2.75789444427      -0.203167308203       3.882010415313E-002
   4.47113605168       -1.53494294533        2.16000000000        2.59020062765      -0.312865211801       6.172820834962E-002
   5.03002805814       -1.72681081350        2.16000000000        2.41412771516      -0.355416759739       9.564780776172E-002
   5.58892006459       -1.91867868166        2.16000000000        2.20377545224      -0.393418247449       0.125097681803     
   6.14781207105       -2.11054654983        2.16000000000        1.93701631289      -0.420497080113       0.143845849418     
   0.00000000000        0.00000000000        2.16000000000        3.03196610887      -1.392658403179E-002 -4.273104353738E-003
  0.590909090909        0.00000000000        2.16000000000        3.04627970722      -9.847319862523E-003 -1.184098554127E-003
   1.18181818182      -1.172487511250E-015   2.16000000000        3.05455564647      -5.360367250276E-003  8.292635088065E-004
   1.77272727273        0.00000000000        2.16000000000        3.02837503032       7.008740005312E-004 -2.530771987526E-003
   2.36363636364        0.00000000000        2.16000000000        3.03494925877      -4.476583270241E-003 -3.152444670744E-003
   2.95454545455        0.00000000000        2.16000000000        2.97250918373       1.306378731559E-002  1.521876773492E-002
   3.54545454545        0.00000000000        2.16000000000        2.83613995350       1.475177564590E-002  3.712332436276E-002
   4.13636363636        0.00000000000        2.16000000000        2.69671662571       4.773141949682E-003  5.251588517606E-002
   4.72727272727        0.00000000000        2.16000000000        2.54895997721       2.298754839272E-002  8.827790542574E-002
   5.31818181818        0.00000000000        2.16000000000        2.39096896158       5.875950383571E-002  0.150362069412     
   5.90909090909        0.00000000000        2.16000000000        2.21112983092      -1.735142304907E-002  0.208083181791     
   6.50000000000        0.00000000000        2.16000000000        1.87091646746       6.544355672748E-004  0.157387246914     
