 12 20 1 1
 1 X [LENGU]
 2 Y [LENGU]
 3 Z [LENGU]
 4 Hx [FIELU]
 5 Hy [FIELU]
 6 Hz [FIELU]
 0
   0.00000000000        0.00000000000       -70.0000000000       0.171446092464       3.372700953006E-003  1.088925818263E-003
  0.590909090909        0.00000000000       -70.0000000000       0.146597820354      -1.885203537368E-002 -3.113991871687E-003
   1.18181818182        0.00000000000       -70.0000000000       0.136086046820      -2.695394016527E-002 -4.849907661242E-003
   1.77272727273        0.00000000000       -70.0000000000       0.152226990880      -2.548514567418E-002 -4.255810852731E-003
   2.36363636364        0.00000000000       -70.0000000000       0.176190002508      -1.873926645148E-002 -3.048293843868E-003
   2.95454545455        0.00000000000       -70.0000000000       0.151444403513      -8.228524631605E-003 -3.546052276046E-003
   3.54545454545        0.00000000000       -70.0000000000       0.147867924149      -7.367422645432E-003 -3.539459218382E-003
   4.13636363636        0.00000000000       -70.0000000000       0.143545989196      -6.364978629355E-003 -3.407257664401E-003
   4.72727272727        0.00000000000       -70.0000000000       0.139224054242      -5.362534613278E-003 -3.275056110421E-003
   5.31818181818        0.00000000000       -70.0000000000       0.134482883670      -4.379139763467E-003 -3.153911262345E-003
   5.90909090909        0.00000000000       -70.0000000000       0.129204607539      -5.567913011126E-003 -3.164027651431E-003
   6.50000000000        0.00000000000       -70.0000000000       0.123375185952      -1.837071349398E-003 -2.063530785111E-003
   0.00000000000        0.00000000000       -70.0000000000       0.171446092464       3.372700953006E-003  1.088925818263E-003
  0.558892006459       0.191867868166       -70.0000000000       0.145723593230      -1.789711651349E-002 -2.568680066404E-003
   1.11778401292       0.383735736333       -70.0000000000       0.123673528467      -3.658062041323E-002 -5.711952166631E-003
   1.67667601938       0.575603604499       -70.0000000000       0.125397769801      -3.519250739672E-002 -5.383127136167E-003
   2.23556802584       0.767471472666       -70.0000000000       0.139516396363      -3.108559261986E-002 -4.925312377662E-003
   2.79446003230       0.959339340832       -70.0000000000       0.157518847654      -1.574224610406E-003 -2.885358899910E-003
   3.35335203876        1.15120720900       -70.0000000000       0.152536320592       3.221018141524E-003 -2.629969243977E-003
   3.91224404522        1.34307507716       -70.0000000000       0.147333442404       5.621001297432E-003 -2.486837442000E-003
   4.47113605168        1.53494294533       -70.0000000000       0.142504942468       8.292811454570E-003 -2.335622532518E-003
   5.03002805814        1.72681081350       -70.0000000000       0.137676442532       1.096462161171E-002 -2.184407623036E-003
   5.58892006459        1.91867868166       -70.0000000000       0.128330140406       1.073495320133E-002 -2.459589206201E-003
   6.14781207105        2.11054654983       -70.0000000000       0.116169362167       6.394664555716E-003 -1.958665092796E-003
   0.00000000000        0.00000000000       -70.0000000000       0.171446092464       3.372700953006E-003  1.088925818263E-003
  0.466310301007       0.362943875680       -70.0000000000       0.147926138224      -1.433728787136E-002 -1.582369049210E-003
  0.932620602014       0.725887751361       -70.0000000000       0.141715264127      -1.794813382312E-002 -1.747778491646E-003
   1.39893090302        1.08883162704       -70.0000000000       0.145753697311      -1.368537813168E-002 -8.455969784806E-004
   1.86524120403        1.45177550272       -70.0000000000       0.132436963726      -2.556473492387E-002 -3.596680557490E-003
   2.33155150503        1.81471937840       -70.0000000000       0.164204344722       2.738830320162E-003 -2.325846196541E-003
   2.79786180604        2.17766325408       -70.0000000000       0.161995480508       1.003106740030E-002 -1.945470737369E-003
   3.26417210705        2.54060712976       -70.0000000000       0.160526697837       1.960323153828E-002 -1.362109065314E-003
   3.73048240806        2.90355100544       -70.0000000000       0.159993483107       3.159931550955E-002 -7.646655333779E-004
   4.19679270906        3.26649488112       -70.0000000000       0.158776824216       4.356585686351E-002 -1.485807505596E-004
   4.66310301007        3.62943875680       -70.0000000000       0.150080094995       5.850306410089E-002  5.825882559302E-004
   5.12941331108        3.99238263248       -70.0000000000       0.138203628233       5.987793204856E-002 -7.701305147695E-004
   0.00000000000        0.00000000000       -70.0000000000       0.171446092464       3.372700953006E-003  1.088925818263E-003
  0.323196638891       0.494689282610       -70.0000000000       0.152966775409      -8.558312117098E-003 -2.619409230092E-004
  0.646393277781       0.989378565219       -70.0000000000       0.157039695568      -3.762063197361E-003  1.581845323783E-003
  0.969589916672        1.48406784783       -70.0000000000       0.157768926978      -2.624397309813E-003  1.851071288338E-003
   1.29278655556        1.97875713044       -70.0000000000       0.153392617288      -2.728035663432E-003  1.112608713390E-003
   1.61598319445        2.47344641305       -70.0000000000       0.168132974161      -2.049698284891E-003 -1.710355279506E-003
   1.93917983334        2.96813569566       -70.0000000000       0.174946360391       1.232614883489E-003 -1.423242061986E-003
   2.26237647223        3.46282497827       -70.0000000000       0.193472254799      -5.525486384298E-003 -1.230968593782E-003
   2.58557311112        3.95751426088       -70.0000000000       0.225809745086       3.442472652387E-003 -1.017251331556E-003
   2.90876975001        4.45220354349       -70.0000000000       0.265154293565       3.850275961615E-002 -6.469816182584E-004
   3.23196638891        4.94689282610       -70.0000000000       0.264387525495       0.209201686295      -1.013964362049E-004
   3.55516302780        5.44158210871       -70.0000000000       9.927976979474E-002  0.180291249343       4.971723610706E-004
   0.00000000000        0.00000000000       -70.0000000000       0.171446092464       3.372700953006E-003  1.088925818263E-003
  0.145059606038       0.572827429873       -70.0000000000       0.159241853311      -2.282790195342E-003  1.086371328161E-003
  0.290119212075        1.14565485975       -70.0000000000       0.163680879349      -3.411229295302E-004  2.992574070287E-003
  0.435178818113        1.71848228962       -70.0000000000       0.163633827270       1.374734469388E-003  3.172523638365E-003
  0.580238424151        2.29130971949       -70.0000000000       0.159250879944       1.442356947408E-003  2.432941684012E-003
  0.725298030189        2.86413714937       -70.0000000000       0.167939389505       6.761430678489E-003  3.027287643061E-004
  0.870357636226        3.43696457924       -70.0000000000       0.159320455430      -1.939348455516E-002 -8.309905235152E-004
   1.01541724226        4.00979200911       -70.0000000000       0.159317071737      -2.499487720719E-002 -6.225392059613E-004
   1.16047684830        4.58261943899       -70.0000000000       0.139546307092      -5.294157334598E-002 -3.939559220996E-004
   1.30553645434        5.15544686886       -70.0000000000       0.118300863635      -7.019550184650E-002 -6.654929006222E-004
   1.45059606038        5.72827429873       -70.0000000000       6.852864948671E-002 -7.543697550508E-002 -4.773705782712E-004
   1.59565566642        6.30110172861       -70.0000000000       3.223629149307E-002 -5.272466366609E-002 -1.329082828181E-004
   0.00000000000        0.00000000000       -70.0000000000       0.171446092464       3.372700953006E-003  1.088925818263E-003
 -4.879688596092E-002  0.588890836777       -70.0000000000       0.161140734118      -1.302976503733E-003  1.555733878041E-003
 -9.759377192185E-002   1.17778167355       -70.0000000000       0.164126588441       2.493464379471E-004  3.115542404902E-003
 -0.146390657883        1.76667251033       -70.0000000000       0.163776999382       2.123621318466E-003  3.251398847260E-003
 -0.195187543844        2.35556334711       -70.0000000000       0.163633884797       3.082859191451E-003  3.304382417991E-003
 -0.243984429805        2.94445418388       -70.0000000000       0.166140182218       8.280158842152E-004  5.599428945105E-004
 -0.292781315766        3.53334502066       -70.0000000000       0.157941881047      -7.384088971125E-003  8.414864329896E-004
 -0.341578201726        4.12223585744       -70.0000000000       0.139686106118       1.756584245634E-003  6.681123926560E-004
 -0.390375087687        4.71112669421       -70.0000000000       0.126797884949       1.274483928630E-002  5.998321958313E-004
 -0.439171973648        5.30001753099       -70.0000000000       0.102723394430       1.891376562033E-002  4.493392346241E-004
 -0.487968859609        5.88890836777       -70.0000000000       7.371933612047E-002  2.102550689785E-002  3.878298162582E-004
 -0.536765745570        6.47779920454       -70.0000000000       5.917443289329E-002  2.271110003303E-002  4.029227450816E-004
   0.00000000000        0.00000000000       -70.0000000000       0.171446092464       3.372700953006E-003  1.088925818263E-003
 -0.237365478204       0.541138783933       -70.0000000000       0.164156360405       1.835193909236E-004  1.974510531371E-003
 -0.474730956408        1.08227756787       -70.0000000000       0.164385217280       9.134818101858E-004  3.181425977635E-003
 -0.712096434612        1.62341635180       -70.0000000000       0.163937549619       2.018195792411E-003  3.259506370420E-003
 -0.949461912816        2.16455513573       -70.0000000000       0.163920157749       2.255311430326E-003  3.282108406318E-003
  -1.18682739102        2.70569391966       -70.0000000000       0.172761991214       6.768757653933E-003  1.928248198901E-003
  -1.42419286922        3.24683270360       -70.0000000000       0.172987774426       1.161533279786E-002  1.602433050849E-003
  -1.66155834743        3.78797148753       -70.0000000000       0.187609357640       2.225496453179E-002  1.381362025083E-003
  -1.89892382563        4.32911027146       -70.0000000000       0.204311709123       5.351334239144E-002  1.301716507542E-003
  -2.13628930384        4.87024905539       -70.0000000000       0.220629324527       0.129052437011       1.189644724650E-003
  -2.37365478204        5.41138783933       -70.0000000000       7.625156403529E-002  0.126448811938       1.198588603803E-003
  -2.61102026024        5.95252662326       -70.0000000000      -9.742959644645E-002  4.217310704365E-002  1.029759462503E-003
   0.00000000000        0.00000000000       -70.0000000000       0.171446092464       3.372700953006E-003  1.088925818263E-003
 -0.400211837779       0.434745947216       -70.0000000000       0.167961942273       2.015612593083E-003  2.297320339772E-003
 -0.800423675558       0.869491894432       -70.0000000000       0.164503416907       1.019653197880E-003  3.226107133867E-003
  -1.20063551334        1.30423784165       -70.0000000000       0.164316685024       1.905977180672E-003  3.273144706602E-003
  -1.60084735112        1.73898378886       -70.0000000000       0.167012286680       5.393065063062E-003  3.947714790148E-003
  -2.00105918889        2.17372973608       -70.0000000000       0.152520296158       4.961166378929E-002  6.464410613105E-003
  -2.40127102667        2.60847568330       -70.0000000000       0.175181197511       1.528310917062E-003  3.350179676432E-003
  -2.80148286445        3.04322163051       -70.0000000000       0.183174180150      -2.559300920344E-002  2.978520140444E-003
  -3.20169470223        3.47796757773       -70.0000000000       0.186972983094      -4.091672240737E-002  2.546825929339E-003
  -3.60190654001        3.91271352494       -70.0000000000       0.190771786037      -5.624043561130E-002  2.115131718234E-003
  -4.00211837779        4.34745947216       -70.0000000000       0.175245653188      -8.672293769537E-002  2.659835448977E-003
  -4.40233021557        4.78220541938       -70.0000000000       0.150598340070      -9.124286794084E-002  5.768489749095E-004
   0.00000000000        0.00000000000       -70.0000000000       0.171446092464       3.372700953006E-003  1.088925818263E-003
 -0.519689034804       0.281241641340       -70.0000000000       0.172145085877       3.994767376435E-003  2.489181851596E-003
  -1.03937806961       0.562483282680       -70.0000000000       0.169076745331       5.056472671748E-003  4.041533124243E-003
  -1.55906710441       0.843724924020       -70.0000000000       0.169619984858       7.278411770245E-003  4.365199134306E-003
  -2.07875613922        1.12496656536       -70.0000000000       0.172666113217       1.084618824177E-002  5.110578931012E-003
  -2.59844517402        1.40620820670       -70.0000000000       0.156178830911       1.036132756890E-002  5.399814445264E-003
  -3.11813420882        1.68744984804       -70.0000000000       0.153181046438      -1.658767273807E-003  3.810259626801E-003
  -3.63782324363        1.96869148938       -70.0000000000       0.149349786999      -1.046487086370E-002  3.663427553617E-003
  -4.15751227843        2.24993313072       -70.0000000000       0.143105725513      -1.121719408029E-002  2.345148503152E-003
  -4.67720131323        2.53117477206       -70.0000000000       0.138688940096      -2.233589731227E-002  1.837779904830E-003
  -5.19689034804        2.81241641340       -70.0000000000       0.125177651795      -2.918435557716E-002  1.329964479929E-003
  -5.71657938284        3.09365805474       -70.0000000000       0.111591127010      -3.901179958268E-002  3.241169161682E-003
   0.00000000000        0.00000000000       -70.0000000000       0.171446092464       3.372700953006E-003  1.088925818263E-003
 -0.582849861102       9.726043971134E-002  -70.0000000000       0.176252482698       5.906511610454E-003  2.529303894996E-003
  -1.16569972220       0.194520879423       -70.0000000000       0.175553620172       9.082772111645E-003  4.191940668540E-003
  -1.74854958330       0.291781319134       -70.0000000000       0.175120943106       1.173831545454E-002  5.461932607864E-003
  -2.33139944441       0.389041758845       -70.0000000000       0.178031198907       1.476026273099E-002  6.090444559481E-003
  -2.91424930551       0.486302198557       -70.0000000000       0.140319825904       3.320832983646E-003  5.722474249099E-003
  -3.49709916661       0.583562638268       -70.0000000000       0.143849375878       4.238535851276E-003  4.191502219284E-003
  -4.07994902771       0.680823077979       -70.0000000000       0.137321144803       4.169248585080E-004  4.003324105516E-003
  -4.66279888881       0.778083517691       -70.0000000000       0.132974338349      -3.421043718971E-003  3.522721490987E-003
  -5.24564874991       0.875343957402       -70.0000000000       0.126921240035      -6.032579295850E-003  2.812091217803E-003
  -5.82849861102       0.972604397113       -70.0000000000       0.120181430165      -6.453680075204E-003  2.509327896135E-003
  -6.41134847212        1.06986483682       -70.0000000000       0.113976558452      -7.444820608140E-003  1.788934831128E-003
   0.00000000000        0.00000000000       -70.0000000000       0.171446092464       3.372700953006E-003  1.088925818263E-003
 -0.582849861102      -9.726043971134E-002  -70.0000000000       0.179590382833       7.572694972441E-003  2.423377139275E-003
  -1.16569972220      -0.194520879423       -70.0000000000       0.182186600423       1.242013582958E-002  3.981815891841E-003
  -1.74854958330      -0.291781319134       -70.0000000000       0.180107033030       1.423178026078E-002  5.966392995843E-003
  -2.33139944441      -0.389041758845       -70.0000000000       0.184206548341       1.793140619986E-002  6.997801551803E-003
  -2.91424930551      -0.486302198557       -70.0000000000       0.133353495077      -1.981848683114E-004  5.402019412072E-003
  -3.49709916661      -0.583562638268       -70.0000000000       0.141448999427       7.302911948911E-003  4.122842932348E-003
  -4.07994902771      -0.680823077979       -70.0000000000       0.130906144894       1.092057008076E-003  4.286739550799E-003
  -4.66279888881      -0.778083517691       -70.0000000000       0.128767698965       3.919027893753E-003  3.427280924950E-003
  -5.24564874991      -0.875343957402       -70.0000000000       0.125615743831       4.869047807271E-003  2.751697544271E-003
  -5.82849861102      -0.972604397113       -70.0000000000       0.122829552377       3.654155807344E-003  2.188240049101E-003
  -6.41134847212       -1.06986483682       -70.0000000000       0.113848533952       1.624314371294E-003  7.110321817909E-004
   0.00000000000        0.00000000000       -70.0000000000       0.171446092464       3.372700953006E-003  1.088925818263E-003
 -0.519689034804      -0.281241641340       -70.0000000000       0.182516077130       8.728854578794E-003  2.153852675147E-003
  -1.03937806961      -0.562483282680       -70.0000000000       0.188053367492       1.457476348824E-002  3.452478452012E-003
  -1.55906710441      -0.843724924020       -70.0000000000       0.188633960099       1.713981521210E-002  5.324824906405E-003
  -2.07875613922       -1.12496656536       -70.0000000000       0.192407185905       1.957816222143E-002  7.949310683707E-003
  -2.59844517402       -1.40620820670       -70.0000000000       0.149339995861      -1.346341577116E-002  3.849525726528E-003
  -3.11813420882       -1.68744984804       -70.0000000000       0.139607585066       5.386087804302E-003  4.378656829937E-003
  -3.63782324363       -1.96869148938       -70.0000000000       0.137849996001       1.317708001700E-002  4.039611206072E-003
  -4.15751227843       -2.24993313072       -70.0000000000       0.138357019778       1.737809147293E-002  3.119732246100E-003
  -4.67720131323       -2.53117477206       -70.0000000000       0.132684503389       2.108119487368E-002  2.504261041144E-003
  -5.19689034804       -2.81241641340       -70.0000000000       0.118181183342       2.894223979744E-002  3.059443703460E-003
  -5.71657938284       -3.09365805474       -70.0000000000       0.106753254483       3.202834289480E-002  3.729155411925E-003
   0.00000000000        0.00000000000       -70.0000000000       0.171446092464       3.372700953006E-003  1.088925818263E-003
 -0.400211837779      -0.434745947216       -70.0000000000       0.183993517094       9.333608659333E-003  1.778965377294E-003
 -0.800423675558      -0.869491894432       -70.0000000000       0.193106707041       1.569528334795E-002  2.607652253426E-003
  -1.20063551334       -1.30423784165       -70.0000000000       0.197049292989       1.911060797239E-002  4.201103473550E-003
  -1.60084735112       -1.73898378886       -70.0000000000       0.206469899112       3.318568580342E-002  1.075366894036E-002
  -2.00105918889       -2.17372973608       -70.0000000000       9.836414771043E-002 -9.717613876131E-002  5.418708962819E-003
  -2.40127102667       -2.60847568330       -70.0000000000       0.157693178324      -1.211518297313E-002  4.912298890989E-003
  -2.80148286445       -3.04322163051       -70.0000000000       0.165786597750       7.206864949216E-003  4.056465658555E-003
  -3.20169470223       -3.47796757773       -70.0000000000       0.173084786736       2.291434605903E-002  3.216421101329E-003
  -3.60190654001       -3.91271352494       -70.0000000000       0.178968865409       4.780237610992E-002  2.978330190571E-003
  -4.00211837779       -4.34745947216       -70.0000000000       0.164449077931       7.798192191070E-002  3.560492359985E-003
  -4.40233021557       -4.78220541938       -70.0000000000       0.139182783142       8.132868570984E-002  2.857900640341E-003
   0.00000000000        0.00000000000       -70.0000000000       0.171446092464       3.372700953006E-003  1.088925818263E-003
 -0.237365478204      -0.541138783933       -70.0000000000       0.184111248906       9.292405896878E-003  1.329301586152E-003
 -0.474730956408       -1.08227756787       -70.0000000000       0.196210470413       1.527815409561E-002  1.592525344279E-003
 -0.712096434612       -1.62341635180       -70.0000000000       0.204081031296       2.041292443688E-002  2.126457767647E-003
 -0.949461912816       -2.16455513573       -70.0000000000       0.226499667512       5.736223864061E-002  1.364381317272E-002
  -1.18682739102       -2.70569391966       -70.0000000000       0.183374872315      -2.208754242184E-002  5.719807434460E-004
  -1.42419286922       -3.24683270360       -70.0000000000       0.175478723167      -3.749500648716E-002  5.289003852344E-003
  -1.66155834743       -3.78797148753       -70.0000000000       0.179283472025      -5.218887927283E-002  7.572402440648E-003
  -1.89892382563       -4.32911027146       -70.0000000000       0.199712564614      -7.266392652724E-002  3.908053966804E-003
  -2.13628930384       -4.87024905539       -70.0000000000       0.217654682878      -0.159687331034       2.995231212194E-003
  -2.37365478204       -5.41138783933       -70.0000000000       1.795173647291E-002 -0.160602023280       2.056380056668E-003
  -2.61102026024       -5.95252662326       -70.0000000000      -0.100203120713      -5.689027744791E-002  1.434750793401E-003
   0.00000000000        0.00000000000       -70.0000000000       0.171446092464       3.372700953006E-003  1.088925818263E-003
 -4.879688596092E-002 -0.588890836777       -70.0000000000       0.182856514498       8.609711250068E-003  8.535893507459E-004
 -9.759377192185E-002  -1.17778167355       -70.0000000000       0.193180086939       1.271984920187E-002  4.505682640354E-004
 -0.146390657883       -1.76667251033       -70.0000000000       0.205164176617       1.734338160991E-002  2.007970890261E-004
 -0.195187543844       -2.35556334711       -70.0000000000       0.248021127599       8.489240159976E-002  1.831157532769E-002
 -0.243984429805       -2.94445418388       -70.0000000000       0.189369031136      -1.405734470500E-002 -3.383977782410E-003
 -0.292781315766       -3.53334502066       -70.0000000000       0.181244757896      -2.485907115476E-002 -9.058609170005E-005
 -0.341578201726       -4.12223585744       -70.0000000000       0.165530109629      -2.927906336401E-002  7.686272013100E-005
 -0.390375087687       -4.71112669421       -70.0000000000       0.145273297028      -2.434086190496E-002  5.765506918757E-004
 -0.439171973648       -5.30001753099       -70.0000000000       0.113599488333      -2.557868637878E-002  9.726859579918E-004
 -0.487968859609       -5.88890836777       -70.0000000000       8.916734586744E-002 -2.789163954922E-002  8.260163399537E-004
 -0.536765745570       -6.47779920454       -70.0000000000       6.667884911396E-002 -3.040930555451E-002  5.426140297198E-004
   0.00000000000        0.00000000000       -70.0000000000       0.171446092464       3.372700953006E-003  1.088925818263E-003
  0.145059606038      -0.572827429873       -70.0000000000       0.174422297998       1.197671653993E-003 -5.135342561450E-004
  0.290119212075       -1.14565485975       -70.0000000000       0.178863710361       3.614795484271E-004 -1.827906950186E-003
  0.435178818113       -1.71848228962       -70.0000000000       0.205403849992       1.456438955625E-003 -1.743480503304E-003
  0.580238424151       -2.29130971949       -70.0000000000       0.214620954505      -3.774216286964E-002 -5.883968218981E-003
  0.725298030189       -2.86413714937       -70.0000000000       0.209242808717       8.630967850220E-002 -2.090699920199E-003
  0.870357636226       -3.43696457924       -70.0000000000       0.177672622435       2.412417456617E-002 -5.685347978831E-003
   1.01541724226       -4.00979200911       -70.0000000000       0.164247933385       4.222813425207E-002 -4.348044029917E-003
   1.16047684830       -4.58261943899       -70.0000000000       0.149671485934       5.941209929280E-002 -3.082989702000E-003
   1.30553645434       -5.15544686886       -70.0000000000       0.124362804051       7.529567393959E-002 -2.163652335478E-003
   1.45059606038       -5.72827429873       -70.0000000000       7.421442208054E-002  7.514878767654E-002 -2.027209432114E-003
   1.59565566642       -6.30110172861       -70.0000000000       2.968267876541E-002  5.560647404544E-002 -1.871831702275E-003
   0.00000000000        0.00000000000       -70.0000000000       0.171446092464       3.372700953006E-003  1.088925818263E-003
  0.323196638891      -0.494689282610       -70.0000000000       0.165163308739      -6.499419783690E-003 -1.784496830797E-003
  0.646393277781      -0.989378565219       -70.0000000000       0.178222303022      -2.974918873881E-003 -2.066431491496E-003
  0.969589916672       -1.48406784783       -70.0000000000       0.200437806553      -1.232204403102E-002 -3.260629342518E-003
   1.29278655556       -1.97875713044       -70.0000000000       0.199726102114      -4.814485610224E-002 -8.480190074299E-003
   1.61598319445       -2.47344641305       -70.0000000000       0.164381145453       7.397502026268E-003 -4.968103556285E-003
   1.93917983334       -2.96813569566       -70.0000000000       0.166121036100       9.766015045174E-003 -5.970053782325E-003
   2.26237647223       -3.46282497827       -70.0000000000       0.186449320420       1.140078222742E-002 -4.448824445784E-003
   2.58557311112       -3.95751426088       -70.0000000000       0.220364029109       3.319895900233E-003 -4.148120800557E-003
   2.90876975001       -4.45220354349       -70.0000000000       0.267248326795      -3.106893934785E-002 -3.649817230427E-003
   3.23196638891       -4.94689282610       -70.0000000000       0.265779199519      -0.200678840638      -2.845777395243E-003
   3.55516302780       -5.44158210871       -70.0000000000       9.424348069422E-002 -0.162381014013      -2.367755733096E-003
   0.00000000000        0.00000000000       -70.0000000000       0.171446092464       3.372700953006E-003  1.088925818263E-003
  0.466310301007      -0.362943875680       -70.0000000000       0.156874496784      -1.282671873359E-002 -2.699438614973E-003
  0.932620602014      -0.725887751361       -70.0000000000       0.170774686974      -9.153859953121E-003 -2.679637579641E-003
   1.39893090302       -1.08883162704       -70.0000000000       0.192867602358      -1.637935090856E-002 -3.439831363658E-003
   1.86524120403       -1.45177550272       -70.0000000000       0.196588362257      -4.859905606542E-002 -7.826744981367E-003
   2.33155150503       -1.81471937840       -70.0000000000       0.151946488731      -1.814889127165E-003 -3.586925567687E-003
   2.79786180604       -2.17766325408       -70.0000000000       0.163627133178      -1.881456742255E-002 -4.272901138414E-003
   3.26417210705       -2.54060712976       -70.0000000000       0.164209551306      -3.180148728242E-002 -4.369750053993E-003
   3.73048240806       -2.90355100544       -70.0000000000       0.159401674342      -3.797676498428E-002 -4.166303419959E-003
   4.19679270906       -3.26649488112       -70.0000000000       0.152474980852      -4.679248506139E-002 -4.016837932571E-003
   4.66310301007       -3.62943875680       -70.0000000000       0.145095655579      -6.120637216378E-002 -4.364468392924E-003
   5.12941331108       -3.99238263248       -70.0000000000       0.132505594193      -6.169868027667E-002 -4.146814730491E-003
   0.00000000000        0.00000000000       -70.0000000000       0.171446092464       3.372700953006E-003  1.088925818263E-003
  0.558892006459      -0.191867868166       -70.0000000000       0.150454083522      -1.709856417633E-002 -3.159211469571E-003
   1.11778401292      -0.383735736333       -70.0000000000       0.156003282678      -1.743587789358E-002 -3.649537052408E-003
   1.67667601938      -0.575603604499       -70.0000000000       0.182409641311      -1.187326099079E-002 -2.488698553675E-003
   2.23556802584      -0.767471472666       -70.0000000000       0.189888003513      -3.445402385105E-002 -5.418841262372E-003
   2.79446003230      -0.959339340832       -70.0000000000       0.147860972179      -1.026451640543E-002 -4.276066898767E-003
   3.35335203876       -1.15120720900       -70.0000000000       0.144721671295      -1.731827242982E-002 -4.560489531148E-003
   3.91224404522       -1.34307507716       -70.0000000000       0.140325889114      -1.739294435758E-002 -4.712861593019E-003
   4.47113605168       -1.53494294533       -70.0000000000       0.135581377794      -1.790385005739E-002 -4.714339145314E-003
   5.03002805814       -1.72681081350       -70.0000000000       0.131720442163      -1.914942203850E-002 -4.791139168411E-003
   5.58892006459       -1.91867868166       -70.0000000000       0.126262523790      -2.010309793062E-002 -4.812043008439E-003
   6.14781207105       -2.11054654983       -70.0000000000       0.112285251484      -1.369387726121E-002 -4.191365423279E-003
   0.00000000000        0.00000000000       -70.0000000000       0.171446092464       3.372700953006E-003  1.088925818263E-003
  0.590909090909        0.00000000000       -70.0000000000       0.146597820354      -1.885203537368E-002 -3.113991871687E-003
   1.18181818182      -1.172487511250E-015  -70.0000000000       0.136086046820      -2.695394016527E-002 -4.849907661242E-003
   1.77272727273        0.00000000000       -70.0000000000       0.152226990880      -2.548514567418E-002 -4.255810852731E-003
   2.36363636364        0.00000000000       -70.0000000000       0.176190002508      -1.873926645148E-002 -3.048293843868E-003
   2.95454545455        0.00000000000       -70.0000000000       0.151444403513      -8.228524631605E-003 -3.546052276046E-003
   3.54545454545        0.00000000000       -70.0000000000       0.147867924149      -7.367422645432E-003 -3.539459218382E-003
   4.13636363636        0.00000000000       -70.0000000000       0.143545989196      -6.364978629355E-003 -3.407257664401E-003
   4.72727272727        0.00000000000       -70.0000000000       0.139224054242      -5.362534613278E-003 -3.275056110421E-003
   5.31818181818        0.00000000000       -70.0000000000       0.134482883670      -4.379139763467E-003 -3.153911262345E-003
   5.90909090909        0.00000000000       -70.0000000000       0.129204607539      -5.567913011126E-003 -3.164027651431E-003
   6.50000000000        0.00000000000       -70.0000000000       0.123375185952      -1.837071349398E-003 -2.063530785111E-003
