 12 20 1 1
 1 X [LENGU]
 2 Y [LENGU]
 3 Z [LENGU]
 4 Hx [FIELU]
 5 Hy [FIELU]
 6 Hz [FIELU]
 0
   0.00000000000        0.00000000000       -2.16000000000        3.03349873530      -1.035441216191E-002 -4.744039675428E-003
  0.590909090909        0.00000000000       -2.16000000000        3.04638923218      -9.036718125666E-003 -2.187396699246E-003
   1.18181818182        0.00000000000       -2.16000000000        3.05916342760      -4.853506918115E-003  6.273556045873E-004
   1.77272727273        0.00000000000       -2.16000000000        3.04291140040       3.202971676797E-005 -1.004544232339E-003
   2.36363636364        0.00000000000       -2.16000000000        3.03451734223       8.738169145870E-004 -3.176261165757E-003
   2.95454545455        0.00000000000       -2.16000000000        2.91529799435       1.327551540853E-003 -1.383532195267E-002
   3.54545454545        0.00000000000       -2.16000000000        2.79019486057      -4.234632203205E-002 -3.418708763232E-002
   4.13636363636        0.00000000000       -2.16000000000        2.65892203042      -3.311172907864E-002 -5.137714220320E-002
   4.72727272727        0.00000000000       -2.16000000000        2.52425215807      -3.356539995237E-003 -6.498874362949E-002
   5.31818181818        0.00000000000       -2.16000000000        2.36063320730       8.235585874563E-003 -8.071575814978E-002
   5.90909090909        0.00000000000       -2.16000000000        2.18813958562      -1.261049662636E-002 -0.136574385092     
   6.50000000000        0.00000000000       -2.16000000000        2.01665168800       1.715314122051E-002 -0.165267992839     
   0.00000000000        0.00000000000       -2.16000000000        3.03349873530      -1.035441216191E-002 -4.744039675428E-003
  0.558892006459       0.191867868166       -2.16000000000        3.05715781693      -6.806150443790E-003 -9.164498988423E-004
   1.11778401292       0.383735736333       -2.16000000000        3.07244236998       1.652590946595E-004  1.697998486054E-003
   1.67667601938       0.575603604499       -2.16000000000        3.04987683289       7.500739144814E-003 -1.168100750153E-003
   2.23556802584       0.767471472666       -2.16000000000        3.01809625294       2.289535126876E-002 -6.139865040021E-003
   2.79446003230       0.959339340832       -2.16000000000        2.97961723386       6.347432675226E-002 -5.905613246053E-003
   3.35335203876        1.15120720900       -2.16000000000        2.84349404752       0.198403791324      -2.313035897173E-002
   3.91224404522        1.34307507716       -2.16000000000        2.72544795900       0.278997231302      -3.996479652185E-002
   4.47113605168        1.53494294533       -2.16000000000        2.59993593958       0.341766021564      -5.281388598772E-002
   5.03002805814        1.72681081350       -2.16000000000        2.41851063308       0.393325965871      -6.856032388085E-002
   5.58892006459        1.91867868166       -2.16000000000        2.20750072561       0.426486282574      -9.235564482270E-002
   6.14781207105        2.11054654983       -2.16000000000        1.90996702996       0.381315574700      -0.112719300870     
   0.00000000000        0.00000000000       -2.16000000000        3.03349873530      -1.035441216191E-002 -4.744039675428E-003
  0.466310301007       0.362943875680       -2.16000000000        3.06454791255      -5.006598709725E-003 -9.341158942360E-005
  0.932620602014       0.725887751361       -2.16000000000        3.07823922793       5.358178911521E-003  1.706554502764E-003
   1.39893090302        1.08883162704       -2.16000000000        3.06204439184       1.837361936058E-002 -6.691333946495E-004
   1.86524120403        1.45177550272       -2.16000000000        3.02778074528       3.406547082712E-002 -5.722592996571E-003
   2.33155150503        1.81471937840       -2.16000000000        3.29136642357       5.366184009148E-002 -3.952168235908E-003
   2.79786180604        2.17766325408       -2.16000000000        3.30430972662       0.286121863802      -4.433799353417E-003
   3.26417210705        2.54060712976       -2.16000000000        3.35093643351       0.696935305764      -1.142481418114E-002
   3.73048240806        2.90355100544       -2.16000000000        3.19778710728       0.820752034774      -2.770720283500E-002
   4.19679270906        3.26649488112       -2.16000000000        2.98826586593       0.974875867876      -6.417291881549E-002
   4.66310301007        3.62943875680       -2.16000000000        2.68507557789        1.25348423448      -0.119747251299     
   5.12941331108        3.99238263248       -2.16000000000        2.29342532293        1.43443456180      -0.220018161795     
   0.00000000000        0.00000000000       -2.16000000000        3.03349873530      -1.035441216191E-002 -4.744039675428E-003
  0.323196638891       0.494689282610       -2.16000000000        3.06769698495      -3.809458733977E-003  1.948237937599E-004
  0.646393277781       0.989378565219       -2.16000000000        3.06491128290       1.357827623486E-002 -8.392976807832E-004
  0.969589916672        1.48406784783       -2.16000000000        3.07122200491       2.555952716655E-002 -4.643080505646E-004
   1.29278655556        1.97875713044       -2.16000000000        3.06412524768       2.322385010386E-002 -1.601613804452E-003
   1.61598319445        2.47344641305       -2.16000000000        3.42207146173      -3.661980233453E-002 -3.496646295935E-003
   1.93917983334        2.96813569566       -2.16000000000        3.56704668266      -0.210556433004       7.043541702333E-003
   2.26237647223        3.46282497827       -2.16000000000        3.86741458982      -0.187091966159       8.948201586935E-003
   2.58557311112        3.95751426088       -2.16000000000        4.61200492446       4.074617514656E-002 -5.667805429450E-003
   2.90876975001        4.45220354349       -2.16000000000        5.70960858302       0.998114559975      -4.152826757822E-002
   3.23196638891        4.94689282610       -2.16000000000        5.35377194437        4.55009115997      -7.614894144481E-002
   3.55516302780        5.44158210871       -2.16000000000        1.29701971831        4.30779461544      -9.468993104106E-002
   0.00000000000        0.00000000000       -2.16000000000        3.03349873530      -1.035441216191E-002 -4.744039675428E-003
  0.145059606038       0.572827429873       -2.16000000000        3.06674956335      -3.530367077558E-003 -1.010432590829E-004
  0.290119212075        1.14565485975       -2.16000000000        3.06249500990       1.440048574539E-002 -1.515136132699E-003
  0.435178818113        1.71848228962       -2.16000000000        3.08172456568       1.268847402973E-002  3.989450968419E-004
  0.580238424151        2.29130971949       -2.16000000000        3.09811542634       1.868382552397E-002  2.794244784590E-003
  0.725298030189        2.86413714937       -2.16000000000        3.42812187899      -9.873716214683E-002  2.122436594319E-003
  0.870357636226        3.43696457924       -2.16000000000        3.32008071599      -0.354656328108       1.489400839204E-002
   1.01541724226        4.00979200911       -2.16000000000        3.18486288493      -0.512089098533       4.951726181359E-003
   1.16047684830        4.58261943899       -2.16000000000        2.88920639692       -1.31669116547       8.710756542131E-003
   1.30553645434        5.15544686886       -2.16000000000        2.10614722002       -1.64486428001      -4.568310330106E-003
   1.45059606038        5.72827429873       -2.16000000000       0.967267129540       -1.74106863986      -3.191461375032E-003
   1.59565566642        6.30110172861       -2.16000000000       0.132819499667       -1.14275069192       1.065512948060E-002
   0.00000000000        0.00000000000       -2.16000000000        3.03349873530      -1.035441216191E-002 -4.744039675428E-003
 -4.879688596092E-002  0.588890836777       -2.16000000000        3.06180831557      -4.199567651996E-003 -9.489509619262E-004
 -9.759377192185E-002   1.17778167355       -2.16000000000        3.06326294246       1.068379440307E-002 -1.524813885642E-003
 -0.146390657883        1.76667251033       -2.16000000000        3.08329957749       6.282075618671E-003  5.717542267605E-004
 -0.195187543844        2.35556334711       -2.16000000000        3.09344633916       1.827468836396E-002  3.028086343621E-003
 -0.243984429805        2.94445418388       -2.16000000000        3.39528860194       1.411231777879E-002  3.904358324722E-003
 -0.292781315766        3.53334502066       -2.16000000000        2.82771536677       3.138711488228E-002  8.832087657880E-003
 -0.341578201726        4.12223585744       -2.16000000000        2.74966811162       0.335082785193       3.637739028125E-003
 -0.390375087687        4.71112669421       -2.16000000000        2.30139775463       0.385462523481       1.759518916020E-002
 -0.439171973648        5.30001753099       -2.16000000000        1.87781060498       0.485931367684       1.731516676312E-002
 -0.487968859609        5.88890836777       -2.16000000000        1.21635130613       0.453666432259       8.223704785090E-003
 -0.536765745570        6.47779920454       -2.16000000000       0.629625360396       0.481889737527      -1.589679874929E-003
   0.00000000000        0.00000000000       -2.16000000000        3.03349873530      -1.035441216191E-002 -4.744039675428E-003
 -0.237365478204       0.541138783933       -2.16000000000        3.05340870248      -5.744542191334E-003 -2.257015358523E-003
 -0.474730956408        1.08227756787       -2.16000000000        3.06611889692       3.204751964801E-003 -1.029204844898E-003
 -0.712096434612        1.62341635180       -2.16000000000        3.07585747249       5.119631961913E-003 -4.190496509284E-005
 -0.949461912816        2.16455513573       -2.16000000000        3.05328634154       0.117116565928       1.875185549068E-003
  -1.18682739102        2.70569391966       -2.16000000000        3.37645524396       7.629369828058E-002  1.428411050392E-002
  -1.42419286922        3.24683270360       -2.16000000000        3.41516913958       0.186426188585       9.165836814369E-003
  -1.66155834743        3.78797148753       -2.16000000000        3.64786999193       0.476404082052       3.615630186183E-003
  -1.89892382563        4.32911027146       -2.16000000000        4.12831582306       0.994178367690       2.621609424074E-002
  -2.13628930384        4.87024905539       -2.16000000000        4.65043549850        3.33325005841       5.627065342718E-002
  -2.37365478204        5.41138783933       -2.16000000000       0.383748176827        3.55087954400       6.731164699852E-002
  -2.61102026024        5.95252662326       -2.16000000000       -3.33469391186       0.904704590839       6.610938765965E-002
   0.00000000000        0.00000000000       -2.16000000000        3.03349873530      -1.035441216191E-002 -4.744039675428E-003
 -0.400211837779       0.434745947216       -2.16000000000        3.04270348571      -7.868213345765E-003 -3.853122868014E-003
 -0.800423675558       0.869491894432       -2.16000000000        3.05502748064      -3.714503314217E-003 -2.571685024215E-003
  -1.20063551334        1.30423784165       -2.16000000000        3.06486507374       6.079755363848E-003 -1.344834703372E-003
  -1.60084735112        1.73898378886       -2.16000000000        3.07285444393       2.102958830292E-002  6.242613437816E-004
  -2.00105918889        2.17372973608       -2.16000000000        3.29249712117       8.834914859360E-002  2.737568432996E-003
  -2.40127102667        2.60847568330       -2.16000000000        3.46412543114      -0.151410726234      -6.659304104773E-004
  -2.80148286445        3.04322163051       -2.16000000000        3.52679587119      -0.382478871174       1.675770936154E-002
  -3.20169470223        3.47796757773       -2.16000000000        3.74915963513      -0.806464824546       5.692036182328E-002
  -3.60190654001        3.91271352494       -2.16000000000        3.72711061132       -1.30429333040       0.101717486786     
  -4.00211837779        4.34745947216       -2.16000000000        3.09430052205       -1.87833361054       0.213195815450     
  -4.40233021557        4.78220541938       -2.16000000000        2.30186834702       -2.16222739769       0.294648808826     
   0.00000000000        0.00000000000       -2.16000000000        3.03349873530      -1.035441216191E-002 -4.744039675428E-003
 -0.519689034804       0.281241641340       -2.16000000000        3.03624214601      -7.459336561404E-003 -4.889571518367E-003
  -1.03937806961       0.562483282680       -2.16000000000        3.04832780482      -1.129725460632E-002 -3.127622690948E-003
  -1.55906710441       0.843724924020       -2.16000000000        3.04463073755      -6.498046149520E-004 -3.989641953622E-003
  -2.07875613922        1.12496656536       -2.16000000000        3.04635267642      -1.214054557283E-002 -4.085396004337E-003
  -2.59844517402        1.40620820670       -2.16000000000        3.17888314773      -9.255489404237E-002  1.609734273656E-002
  -3.11813420882        1.68744984804       -2.16000000000        3.09363359499      -0.292355772565       1.643659101086E-002
  -3.63782324363        1.96869148938       -2.16000000000        2.99158248242      -0.416315898641       1.674945721236E-002
  -4.15751227843        2.24993313072       -2.16000000000        2.80499945207      -0.500374375967       3.059945293493E-002
  -4.67720131323        2.53117477206       -2.16000000000        2.63956314796      -0.610056778868       5.757922049690E-002
  -5.19689034804        2.81241641340       -2.16000000000        2.33442957983      -0.688812938977       0.105847802201     
  -5.71657938284        3.09365805474       -2.16000000000        2.00234280926      -0.782138556614       0.125186313207     
   0.00000000000        0.00000000000       -2.16000000000        3.03349873530      -1.035441216191E-002 -4.744039675428E-003
 -0.582849861102       9.726043971134E-002  -2.16000000000        3.02948351519      -7.364186140083E-003 -5.910249535379E-003
  -1.16569972220       0.194520879423       -2.16000000000        3.05783720294      -2.230474815492E-002 -9.704324500996E-004
  -1.74854958330       0.291781319134       -2.16000000000        3.04226934079      -5.120091945718E-004 -4.103534216576E-003
  -2.33139944441       0.389041758845       -2.16000000000        3.02994755668      -5.080410831294E-003 -5.408530977693E-003
  -2.91424930551       0.486302198557       -2.16000000000        3.02871079791      -4.310051699901E-002  1.296952520896E-002
  -3.49709916661       0.583562638268       -2.16000000000        2.89943474152      -5.669522043941E-002  1.663308639515E-002
  -4.07994902771       0.680823077979       -2.16000000000        2.77446755813      -8.855617160859E-002  1.387116834149E-002
  -4.66279888881       0.778083517691       -2.16000000000        2.63298283347      -0.113333799112      -1.677890799501E-003
  -5.24564874991       0.875343957402       -2.16000000000        2.48124433894      -0.115109139891      -3.054186265577E-002
  -5.82849861102       0.972604397113       -2.16000000000        2.31711370874      -0.118207883100      -1.347095822597E-002
  -6.41134847212        1.06986483682       -2.16000000000        2.40573262747      -2.023340402971E-002 -0.233045383810     
   0.00000000000        0.00000000000       -2.16000000000        3.03349873530      -1.035441216191E-002 -4.744039675428E-003
 -0.582849861102      -9.726043971134E-002  -2.16000000000        3.03047262409      -1.286331207194E-002 -5.311473469652E-003
  -1.16569972220      -0.194520879423       -2.16000000000        3.05935926895      -2.808867182941E-002 -3.212907395196E-004
  -1.74854958330      -0.291781319134       -2.16000000000        3.04666590779      -6.411114980892E-003 -3.328609469570E-003
  -2.33139944441      -0.389041758845       -2.16000000000        3.02518758579       3.668831612156E-003 -5.510522925632E-003
  -2.91424930551      -0.486302198557       -2.16000000000        3.04574252134       4.489444250440E-002  1.052167410899E-002
  -3.49709916661      -0.583562638268       -2.16000000000        2.97918872209       0.156708437494       1.446578303719E-002
  -4.07994902771      -0.680823077979       -2.16000000000        2.80268708211       0.152599440152       2.151264999612E-002
  -4.66279888881      -0.778083517691       -2.16000000000        2.66474990769       0.137882396134       2.144506608819E-003
  -5.24564874991      -0.875343957402       -2.16000000000        2.51744837451       0.135131345808       6.058488263500E-004
  -5.82849861102      -0.972604397113       -2.16000000000        2.30958920125       9.570530223693E-002 -2.019918624063E-002
  -6.41134847212       -1.06986483682       -2.16000000000        2.11184109042      -2.019466546422E-002 -0.202639049188     
   0.00000000000        0.00000000000       -2.16000000000        3.03349873530      -1.035441216191E-002 -4.744039675428E-003
 -0.519689034804      -0.281241641340       -2.16000000000        3.03021998623      -1.695929058249E-002 -4.971699668510E-003
  -1.03937806961      -0.562483282680       -2.16000000000        3.06187892602      -4.035921397467E-002  1.152798018789E-003
  -1.55906710441      -0.843724924020       -2.16000000000        3.05656151360      -1.857884879127E-002 -1.721492550748E-003
  -2.07875613922       -1.12496656536       -2.16000000000        3.05068352144       6.952841456740E-003 -2.521166174077E-003
  -2.59844517402       -1.40620820670       -2.16000000000        3.18941169052       8.155142791679E-002  6.991038131280E-003
  -3.11813420882       -1.68744984804       -2.16000000000        3.11309306443       0.244456137909       9.531701125981E-003
  -3.63782324363       -1.96869148938       -2.16000000000        3.01422662083       0.409794249308       2.245130708884E-002
  -4.15751227843       -2.24993313072       -2.16000000000        2.87546282493       0.566161617787       5.034693015233E-002
  -4.67720131323       -2.53117477206       -2.16000000000        2.70296546718       0.609441525935       5.662710107209E-002
  -5.19689034804       -2.81241641340       -2.16000000000        2.30985757308       0.721113414972       8.133324906716E-002
  -5.71657938284       -3.09365805474       -2.16000000000        1.92139937797       0.750532840973       8.783854475587E-002
   0.00000000000        0.00000000000       -2.16000000000        3.03349873530      -1.035441216191E-002 -4.744039675428E-003
 -0.400211837779      -0.434745947216       -2.16000000000        3.02508890068      -1.656754381076E-002 -5.675871708999E-003
 -0.800423675558      -0.869491894432       -2.16000000000        3.06497626606      -5.758865071361E-002  3.253517501339E-003
  -1.20063551334       -1.30423784165       -2.16000000000        3.06891650789      -3.480759700116E-002  1.810233926241E-003
  -1.60084735112       -1.73898378886       -2.16000000000        3.07913578741       1.100019902552E-003  1.431057195252E-003
  -2.00105918889       -2.17372973608       -2.16000000000        3.25968156897      -7.567742916983E-002  4.508135352870E-003
  -2.40127102667       -2.60847568330       -2.16000000000        3.23052017989       0.203820569062       9.173165595981E-003
  -2.80148286445       -3.04322163051       -2.16000000000        3.23226615663       0.458700451866       5.181878039675E-002
  -3.20169470223       -3.47796757773       -2.16000000000        3.47790377687       0.869105365927       8.091596141933E-002
  -3.60190654001       -3.91271352494       -2.16000000000        3.72913689203        1.35875672469       0.102529874357     
  -4.00211837779       -4.34745947216       -2.16000000000        3.24145285099        1.94479453402       0.192297319152     
  -4.40233021557       -4.78220541938       -2.16000000000        2.43524833359        2.01358093403       0.235420125864     
   0.00000000000        0.00000000000       -2.16000000000        3.03349873530      -1.035441216191E-002 -4.744039675428E-003
 -0.237365478204      -0.541138783933       -2.16000000000        3.01563540017      -1.173052359805E-002 -7.347681624178E-003
 -0.474730956408       -1.08227756787       -2.16000000000        3.04727477331      -4.086028661591E-002 -3.002568637248E-004
 -0.712096434612       -1.62341635180       -2.16000000000        3.08279570259      -4.727618356765E-002  6.070501758871E-003
 -0.949461912816       -2.16455513573       -2.16000000000        3.09627831194      -1.855511921171E-002  5.929700773553E-003
  -1.18682739102       -2.70569391966       -2.16000000000        3.31761565110      -8.373757530463E-002  1.254141937935E-002
  -1.42419286922       -3.24683270360       -2.16000000000        3.61006109188      -6.806511326630E-002  3.326134233536E-002
  -1.66155834743       -3.78797148753       -2.16000000000        3.96665731504      -0.635202099519       3.985530637268E-002
  -1.89892382563       -4.32911027146       -2.16000000000        4.00276544434       -1.19793103562       4.888642889512E-002
  -2.13628930384       -4.87024905539       -2.16000000000        4.04698692515       -3.54334243648       7.193938765454E-002
  -2.37365478204       -5.41138783933       -2.16000000000        2.67515346908       -3.73919108487       7.557593553910E-002
  -2.61102026024       -5.95252662326       -2.16000000000       -3.28335638205      -0.888173490771       8.198274595145E-002
   0.00000000000        0.00000000000       -2.16000000000        3.03349873530      -1.035441216191E-002 -4.744039675428E-003
 -4.879688596092E-002 -0.588890836777       -2.16000000000        3.01375410171      -1.080657864819E-002 -7.586511538329E-003
 -9.759377192185E-002  -1.17778167355       -2.16000000000        3.02568345475      -4.540908308867E-004 -5.898730914941E-003
 -0.146390657883       -1.76667251033       -2.16000000000        3.05843971017      -9.489476997228E-003  2.562859903333E-004
 -0.195187543844       -2.35556334711       -2.16000000000        3.09334866678      -4.318379690804E-002  7.913464519866E-003
 -0.243984429805       -2.94445418388       -2.16000000000        3.30965070697      -5.485346746285E-002  1.131243677545E-002
 -0.292781315766       -3.53334502066       -2.16000000000        3.02939209364       3.978356924090E-002  1.136867392889E-002
 -0.341578201726       -4.12223585744       -2.16000000000        2.68342326345      -0.157903917060       1.291511763731E-002
 -0.390375087687       -4.71112669421       -2.16000000000        2.33491734729      -0.368966162746       1.437304683380E-002
 -0.439171973648       -5.30001753099       -2.16000000000        1.85637188013      -0.492226604119       1.565893271183E-002
 -0.487968859609       -5.88890836777       -2.16000000000        1.20677843113      -0.509764631246       3.724674988438E-002
 -0.536765745570       -6.47779920454       -2.16000000000       0.784134028871      -0.384709516561       4.918899643113E-002
   0.00000000000        0.00000000000       -2.16000000000        3.03349873530      -1.035441216191E-002 -4.744039675428E-003
  0.145059606038      -0.572827429873       -2.16000000000        3.01683664754      -1.105342624241E-002 -6.848480372775E-003
  0.290119212075       -1.14565485975       -2.16000000000        3.02820417013       2.362484960866E-003 -5.036621344602E-003
  0.435178818113       -1.71848228962       -2.16000000000        3.04229992137       4.625148735216E-003 -3.382208169483E-003
  0.580238424151       -2.29130971949       -2.16000000000        3.04681415421      -1.446180341487E-002 -1.567106486333E-003
  0.725298030189       -2.86413714937       -2.16000000000        3.41328933426       0.190370042764       7.853337500546E-003
  0.870357636226       -3.43696457924       -2.16000000000        3.27266186109       0.355121429449       4.151392890803E-003
   1.01541724226       -4.00979200911       -2.16000000000        3.07850842440       0.709088830337       8.479622406741E-004
   1.16047684830       -4.58261943899       -2.16000000000        2.83591513343        1.09730634543      -2.682647234561E-003
   1.30553645434       -5.15544686886       -2.16000000000        2.14447637512        1.58251004041      -2.580501102818E-004
   1.45059606038       -5.72827429873       -2.16000000000       0.970715842048        1.74292059268      -1.048256527281E-002
   1.59565566642       -6.30110172861       -2.16000000000       6.802564243805E-002   1.15106212058      -8.876901667443E-003
   0.00000000000        0.00000000000       -2.16000000000        3.03349873530      -1.035441216191E-002 -4.744039675428E-003
  0.323196638891      -0.494689282610       -2.16000000000        3.02178196819      -1.099659736259E-002 -5.840303726621E-003
  0.646393277781      -0.989378565219       -2.16000000000        3.02821017534      -1.774143437715E-003 -4.276771665184E-003
  0.969589916672       -1.48406784783       -2.16000000000        3.04154174697      -1.045327073060E-002 -3.507165875686E-003
   1.29278655556       -1.97875713044       -2.16000000000        3.04120145586      -1.289881068957E-002 -4.148982563951E-003
   1.61598319445       -2.47344641305       -2.16000000000        3.37311081837       5.981696923003E-002 -5.077326629540E-003
   1.93917983334       -2.96813569566       -2.16000000000        3.69178352079       0.117047601332      -1.388027225504E-002
   2.26237647223       -3.46282497827       -2.16000000000        4.05727010312       0.120766721540      -2.354390711717E-002
   2.58557311112       -3.95751426088       -2.16000000000        4.50541911403      -6.592142876881E-002 -3.806608359576E-002
   2.90876975001       -4.45220354349       -2.16000000000        5.72468729815      -0.992523858278      -6.213255220073E-002
   3.23196638891       -4.94689282610       -2.16000000000        5.48727932004       -4.69897404578      -7.832170618834E-002
   3.55516302780       -5.44158210871       -2.16000000000        1.50017046809       -4.39609422995      -0.103541220067     
   0.00000000000        0.00000000000       -2.16000000000        3.03349873530      -1.035441216191E-002 -4.744039675428E-003
  0.466310301007      -0.362943875680       -2.16000000000        3.02793413363      -1.112070560576E-002 -4.759600680718E-003
  0.932620602014      -0.725887751361       -2.16000000000        3.02319245884      -9.470652155451E-003 -4.317289338090E-003
   1.39893090302       -1.08883162704       -2.16000000000        3.03881080668      -9.879891328895E-003 -2.160417465749E-003
   1.86524120403       -1.45177550272       -2.16000000000        3.02050502279      -2.170246022105E-002 -3.675851144035E-003
   2.33155150503       -1.81471937840       -2.16000000000        3.22502143658      -1.979917406396E-002 -1.444688823875E-002
   2.79786180604       -2.17766325408       -2.16000000000        3.19705984774      -0.199140654266      -3.197188988659E-002
   3.26417210705       -2.54060712976       -2.16000000000        3.19431728843      -0.407672874762      -4.777913579786E-002
   3.73048240806       -2.90355100544       -2.16000000000        3.19938958914      -0.647937632423      -5.996610854549E-002
   4.19679270906       -3.26649488112       -2.16000000000        3.02464338486       -1.01236519069      -0.112142736142     
   4.66310301007       -3.62943875680       -2.16000000000        2.72382092286       -1.32666954728      -0.194032307991     
   5.12941331108       -3.99238263248       -2.16000000000        2.31251012758       -1.35147391371      -0.284054382358     
   0.00000000000        0.00000000000       -2.16000000000        3.03349873530      -1.035441216191E-002 -4.744039675428E-003
  0.558892006459      -0.191867868166       -2.16000000000        3.03462646128      -1.141230191803E-002 -3.723482178923E-003
   1.11778401292      -0.383735736333       -2.16000000000        3.03633415708      -1.015831367206E-002 -2.275936264531E-003
   1.67667601938      -0.575603604499       -2.16000000000        3.03805737316      -8.896047539894E-003 -8.264506289907E-004
   2.23556802584      -0.767471472666       -2.16000000000        2.99894222947      -1.553493964935E-002 -2.980706346323E-003
   2.79446003230      -0.959339340832       -2.16000000000        2.98049277801      -4.182924677509E-002 -1.500623713464E-002
   3.35335203876       -1.15120720900       -2.16000000000        2.86722692125      -0.173097896775      -3.429861211854E-002
   3.91224404522       -1.34307507716       -2.16000000000        2.76288011478      -0.254531214498      -5.388355521408E-002
   4.47113605168       -1.53494294533       -2.16000000000        2.65200709110      -0.335275165619      -6.548028101450E-002
   5.03002805814       -1.72681081350       -2.16000000000        2.45103539341      -0.403828040008      -8.735182235019E-002
   5.58892006459       -1.91867868166       -2.16000000000        2.22240531237      -0.453010401078      -0.106891805023     
   6.14781207105       -2.11054654983       -2.16000000000        1.97494193560      -0.475420811643      -9.315147084869E-002
   0.00000000000        0.00000000000       -2.16000000000        3.03349873530      -1.035441216191E-002 -4.744039675428E-003
  0.590909090909        0.00000000000       -2.16000000000        3.04638923218      -9.036718125666E-003 -2.187396699246E-003
   1.18181818182      -1.172487511250E-015  -2.16000000000        3.05916342760      -4.853506918115E-003  6.273556045873E-004
   1.77272727273        0.00000000000       -2.16000000000        3.04291140040       3.202971676797E-005 -1.004544232339E-003
   2.36363636364        0.00000000000       -2.16000000000        3.03451734223       8.738169145870E-004 -3.176261165757E-003
   2.95454545455        0.00000000000       -2.16000000000        2.91529799435       1.327551540853E-003 -1.383532195267E-002
   3.54545454545        0.00000000000       -2.16000000000        2.79019486057      -4.234632203205E-002 -3.418708763232E-002
   4.13636363636        0.00000000000       -2.16000000000        2.65892203042      -3.311172907864E-002 -5.137714220320E-002
   4.72727272727        0.00000000000       -2.16000000000        2.52425215807      -3.356539995237E-003 -6.498874362949E-002
   5.31818181818        0.00000000000       -2.16000000000        2.36063320730       8.235585874563E-003 -8.071575814978E-002
   5.90909090909        0.00000000000       -2.16000000000        2.18813958562      -1.261049662636E-002 -0.136574385092     
   6.50000000000        0.00000000000       -2.16000000000        2.01665168800       1.715314122051E-002 -0.165267992839     
