 12 20 1 1
 1 X [LENGU]
 2 Y [LENGU]
 3 Z [LENGU]
 4 Hx [FIELU]
 5 Hy [FIELU]
 6 Hz [FIELU]
 0
   0.00000000000        0.00000000000       -2.16000000000        3.01102867002      -1.027771559588E-002 -4.689767102153E-003
  0.590909090909        0.00000000000       -2.16000000000        3.02382579110      -8.973208446584E-003 -2.151690750993E-003
   1.18181818182        0.00000000000       -2.16000000000        3.03650313384      -4.820545216435E-003  6.447695234761E-004
   1.77272727273        0.00000000000       -2.16000000000        3.02036747121       2.836240392505E-005 -9.747018545928E-004
   2.36363636364        0.00000000000       -2.16000000000        3.01203568271       8.630332574007E-004 -3.134529748337E-003
   2.95454545455        0.00000000000       -2.16000000000        2.89357665482       1.322851894863E-003 -1.367002648490E-002
   3.54545454545        0.00000000000       -2.16000000000        2.76940561741      -4.202919909063E-002 -3.385309621759E-002
   4.13636363636        0.00000000000       -2.16000000000        2.63911444419      -3.286395882759E-002 -5.089905974148E-002
   4.72727272727        0.00000000000       -2.16000000000        2.50545307503      -3.329084157916E-003 -6.439530942791E-002
   5.31818181818        0.00000000000       -2.16000000000        2.34308334307       8.170934009346E-003 -7.999309463660E-002
   5.90909090909        0.00000000000       -2.16000000000        2.17192807263      -1.251066054658E-002 -0.135396355378     
   6.50000000000        0.00000000000       -2.16000000000        2.00175529311       1.703365798840E-002 -0.163857285208     
   0.00000000000        0.00000000000       -2.16000000000        3.01102867002      -1.027771559588E-002 -4.689767102153E-003
  0.558892006459       0.191867868166       -2.16000000000        3.03451445217      -6.759270332090E-003 -8.910219204772E-004
   1.11778401292       0.383735736333       -2.16000000000        3.04968083978       1.602181068531E-004  1.704642304742E-003
   1.67667601938       0.575603604499       -2.16000000000        3.02727833503       7.440494240637E-003 -1.141794002382E-003
   2.23556802584       0.767471472666       -2.16000000000        2.99573389919       2.272185435599E-002 -6.077861505512E-003
   2.79446003230       0.959339340832       -2.16000000000        2.95742525732       6.297628028849E-002 -5.805272686209E-003
   3.35335203876        1.15120720900       -2.16000000000        2.82230460020       0.196903957365      -2.288665245630E-002
   3.91224404522        1.34307507716       -2.16000000000        2.70515073279       0.276898605177      -3.958008029553E-002
   4.47113605168        1.53494294533       -2.16000000000        2.58058137882       0.339200113738      -5.231906710289E-002
   5.03002805814        1.72681081350       -2.16000000000        2.40052702101       0.390390801650      -6.792722795909E-002
   5.58892006459        1.91867868166       -2.16000000000        2.19110953014       0.423311253759      -9.151922639057E-002
   6.14781207105        2.11054654983       -2.16000000000        1.89585525080       0.378486872277      -0.111699904481     
   0.00000000000        0.00000000000       -2.16000000000        3.01102867002      -1.027771559588E-002 -4.689767102153E-003
  0.466310301007       0.362943875680       -2.16000000000        3.04184920839      -4.972591076203E-003 -7.429102967080E-005
  0.932620602014       0.725887751361       -2.16000000000        3.05543409921       5.314436227887E-003  1.711153383974E-003
   1.39893090302        1.08883162704       -2.16000000000        3.03935449138       1.823318632071E-002 -6.477058549506E-004
   1.86524120403        1.45177550272       -2.16000000000        3.00534282057       3.380953027229E-002 -5.664072349009E-003
   2.33155150503        1.81471937840       -2.16000000000        3.26684683814       5.319817584438E-002 -3.883981788353E-003
   2.79786180604        2.17766325408       -2.16000000000        3.27970619706       0.283968029688      -4.346092912676E-003
   3.26417210705        2.54060712976       -2.16000000000        3.32597344282       0.691741875272      -1.127553670588E-002
   3.73048240806        2.90355100544       -2.16000000000        3.17397667447       0.814628027326      -2.742422699028E-002
   4.19679270906        3.26649488112       -2.16000000000        2.96603526994       0.967588491425      -6.359616476323E-002
   4.66310301007        3.62943875680       -2.16000000000        2.66514812461        1.24415968864      -0.118716451238     
   5.12941331108        3.99238263248       -2.16000000000        2.27644765389        1.42379448458      -0.218179549121     
   0.00000000000        0.00000000000       -2.16000000000        3.01102867002      -1.027771559588E-002 -4.689767102153E-003
  0.323196638891       0.494689282610       -2.16000000000        3.04497391906      -3.783289227114E-003  2.123542300798E-004
  0.646393277781       0.989378565219       -2.16000000000        3.04220772915       1.347480571149E-002 -8.152906966045E-004
  0.969589916672        1.48406784783       -2.16000000000        3.04846509113       2.536732143796E-002 -4.440628618901E-004
   1.29278655556        1.97875713044       -2.16000000000        3.04141428715       2.305132533228E-002 -1.574123446121E-003
   1.61598319445        2.47344641305       -2.16000000000        3.39658914876      -3.643275315814E-002 -3.443998474805E-003
   1.93917983334        2.96813569566       -2.16000000000        3.54050869330      -0.209017142257       7.024362462939E-003
   2.26237647223        3.46282497827       -2.16000000000        3.83861501180      -0.185725870860       8.921625904330E-003
   2.58557311112        3.95751426088       -2.16000000000        4.57764250023       4.041658101582E-002 -5.550435276178E-003
   2.90876975001        4.45220354349       -2.16000000000        5.66708096532       0.990670753949      -4.111392290945E-002
   3.23196638891        4.94689282610       -2.16000000000        5.31391791618        4.51617122267      -7.543753132723E-002
   3.55516302780        5.44158210871       -2.16000000000        1.28746737597        4.27571646018      -9.382524073605E-002
   0.00000000000        0.00000000000       -2.16000000000        3.01102867002      -1.027771559588E-002 -4.689767102153E-003
  0.145059606038       0.572827429873       -2.16000000000        3.04403263183      -3.505225551596E-003 -8.071119900200E-005
  0.290119212075        1.14565485975       -2.16000000000        3.03980806326       1.429294115791E-002 -1.484935858161E-003
  0.435178818113        1.71848228962       -2.16000000000        3.05889117278       1.259511166406E-002  4.130015349142E-004
  0.580238424151        2.29130971949       -2.16000000000        3.07515303058       1.854732616231E-002  2.789273442293E-003
  0.725298030189        2.86413714937       -2.16000000000        3.40266364867      -9.808988104388E-002  2.123949350690E-003
  0.870357636226        3.43696457924       -2.16000000000        3.29544113915      -0.352031950584       1.481987083730E-002
   1.01541724226        4.00979200911       -2.16000000000        3.16120848065      -0.508309191901       4.973051705794E-003
   1.16047684830        4.58261943899       -2.16000000000        2.86773879556       -1.30689576448       8.735995820240E-003
   1.30553645434        5.15544686886       -2.16000000000        2.09053598624       -1.63257115345      -4.405577005520E-003
   1.45059606038        5.72827429873       -2.16000000000       0.960132473834       -1.72804607962      -2.999757548441E-003
   1.59565566642        6.30110172861       -2.16000000000       0.131950692178       -1.13414608312       1.080398605013E-002
   0.00000000000        0.00000000000       -2.16000000000        3.01102867002      -1.027771559588E-002 -4.689767102153E-003
 -4.879688596092E-002  0.588890836777       -2.16000000000        3.03912734979      -4.168532563495E-003 -9.217291302965E-004
 -9.759377192185E-002   1.17778167355       -2.16000000000        3.04056884008       1.060586479695E-002 -1.493164344544E-003
 -0.146390657883        1.76667251033       -2.16000000000        3.06045412450       6.239081748201E-003  5.861339313396E-004
 -0.195187543844        2.35556334711       -2.16000000000        3.07052489056       1.814334613202E-002  3.022222162481E-003
 -0.243984429805        2.94445418388       -2.16000000000        3.37009134434       1.394989201045E-002  3.905786642116E-003
 -0.292781315766        3.53334502066       -2.16000000000        2.80675896154       3.117594434404E-002  8.803062189225E-003
 -0.341578201726        4.12223585744       -2.16000000000        2.72927544982       0.332561869389       3.672101961335E-003
 -0.390375087687        4.71112669421       -2.16000000000        2.28433370435       0.382576291250       1.756401901641E-002
 -0.439171973648        5.30001753099       -2.16000000000        1.86389434496       0.482338666535       1.731731767167E-002
 -0.487968859609        5.88890836777       -2.16000000000        1.20735010380       0.450327316049       8.354170480266E-003
 -0.536765745570        6.47779920454       -2.16000000000       0.624949168901       0.478403896241      -1.345406436597E-003
   0.00000000000        0.00000000000       -2.16000000000        3.01102867002      -1.027771559588E-002 -4.689767102153E-003
 -0.237365478204       0.541138783933       -2.16000000000        3.03078963635      -5.701330655803E-003 -2.219562221210E-003
 -0.474730956408        1.08227756787       -2.16000000000        3.04340263976       3.184076252740E-003 -9.998480042214E-004
 -0.712096434612        1.62341635180       -2.16000000000        3.05306708993       5.087164965558E-003 -2.058210136230E-005
 -0.949461912816        2.16455513573       -2.16000000000        3.03066574417       0.116255500733       1.879125276748E-003
  -1.18682739102        2.70569391966       -2.16000000000        3.35143285418       7.569501552058E-002  1.420372378081E-002
  -1.42419286922        3.24683270360       -2.16000000000        3.38982540031       0.184992397081       9.131779247868E-003
  -1.66155834743        3.78797148753       -2.16000000000        3.62082802709       0.472866429727       3.635212212740E-003
  -1.89892382563        4.32911027146       -2.16000000000        4.09764652471       0.986793264178       2.610181686243E-002
  -2.13628930384        4.87024905539       -2.16000000000        4.61583499562        3.30849208250       5.596456706546E-002
  -2.37365478204        5.41138783933       -2.16000000000       0.380948188013        3.52453123458       6.695459059324E-002
  -2.61102026024        5.95252662326       -2.16000000000       -3.30976911340       0.898145818493       6.579110877209E-002
   0.00000000000        0.00000000000       -2.16000000000        3.01102867002      -1.027771559588E-002 -4.689767102153E-003
 -0.400211837779       0.434745947216       -2.16000000000        3.02016363310      -7.808690804085E-003 -3.803460305245E-003
 -0.800423675558       0.869491894432       -2.16000000000        3.03239324683      -3.682814315321E-003 -2.529908112931E-003
  -1.20063551334        1.30423784165       -2.16000000000        3.04215522079       6.041893523879E-003 -1.311023063095E-003
  -1.60084735112        1.73898378886       -2.16000000000        3.05008759499       2.088413163379E-002  6.388615486645E-004
  -2.00105918889        2.17372973608       -2.16000000000        3.26816465238       8.763914640806E-002  2.739227648120E-003
  -2.40127102667        2.60847568330       -2.16000000000        3.43847922040      -0.150205015379      -5.957637648221E-004
  -2.80148286445        3.04322163051       -2.16000000000        3.50081272576      -0.379470808248       1.667043741217E-002
  -3.20169470223        3.47796757773       -2.16000000000        3.72152634291      -0.800215798937       5.653739477264E-002
  -3.60190654001        3.91271352494       -2.16000000000        3.69952166896       -1.29421551609       0.100974004351     
  -4.00211837779        4.34745947216       -2.16000000000        3.07127188862       -1.86392257404       0.211692155148     
  -4.40233021557        4.78220541938       -2.16000000000        2.28455523371       -2.14568867469       0.292587651617     
   0.00000000000        0.00000000000       -2.16000000000        3.01102867002      -1.027771559588E-002 -4.689767102153E-003
 -0.519689034804       0.281241641340       -2.16000000000        3.01374774369      -7.399553431225E-003 -4.832704115958E-003
  -1.03937806961       0.562483282680       -2.16000000000        3.02574155434      -1.120669615715E-002 -3.082084127670E-003
  -1.55906710441       0.843724924020       -2.16000000000        3.02207464999      -6.396899330430E-004 -3.936986326191E-003
  -2.07875613922        1.12496656536       -2.16000000000        3.02378396773      -1.203993229717E-002 -4.035960287734E-003
  -2.59844517402        1.40620820670       -2.16000000000        3.15543945415      -9.182586938914E-002  1.601394120690E-002
  -3.11813420882        1.68744984804       -2.16000000000        3.07095624760      -0.290006869852       1.630294303724E-002
  -3.63782324363        1.96869148938       -2.16000000000        2.96986515586      -0.412852845295       1.656940311755E-002
  -4.15751227843        2.24993313072       -2.16000000000        2.78456759661      -0.496032394304       3.014679932974E-002
  -4.67720131323        2.53117477206       -2.16000000000        2.62030900842      -0.604760728274       5.683580137255E-002
  -5.19689034804        2.81241641340       -2.16000000000        2.31712864103      -0.682749270503       0.104789642654     
  -5.71657938284        3.09365805474       -2.16000000000        1.98724249298      -0.775280574884       0.124093801825     
   0.00000000000        0.00000000000       -2.16000000000        3.01102867002      -1.027771559588E-002 -4.689767102153E-003
 -0.582849861102       9.726043971134E-002  -2.16000000000        3.00703720046      -7.302309588194E-003 -5.846458483329E-003
  -1.16569972220       0.194520879423       -2.16000000000        3.03518221384      -2.213431454511E-002 -9.416655907427E-004
  -1.74854958330       0.291781319134       -2.16000000000        3.01973448934      -5.056122701197E-004 -4.051599852265E-003
  -2.33139944441       0.389041758845       -2.16000000000        3.00750669535      -5.038571912574E-003 -5.349156534224E-003
  -2.91424930551       0.486302198557       -2.16000000000        3.00647170865      -4.276476364736E-002  1.284245738821E-002
  -3.49709916661       0.583562638268       -2.16000000000        2.87866696831      -5.624398235817E-002  1.647330803743E-002
  -4.07994902771       0.680823077979       -2.16000000000        2.75481263257      -8.772521875621E-002  1.368820298910E-002
  -4.66279888881       0.778083517691       -2.16000000000        2.61455993181      -0.112170097015      -2.126187548722E-003
  -5.24564874991       0.875343957402       -2.16000000000        2.46416558593      -0.113752615570      -3.132150785555E-002
  -5.82849861102       0.972604397113       -2.16000000000        2.30115777026      -0.116656332338      -1.493922656013E-002
  -6.41134847212        1.06986483682       -2.16000000000        2.39182932241      -1.867103121141E-002 -0.234960664147     
   0.00000000000        0.00000000000       -2.16000000000        3.01102867002      -1.027771559588E-002 -4.689767102153E-003
 -0.582849861102      -9.726043971134E-002  -2.16000000000        3.00801897900      -1.276040783065E-002 -5.252688969742E-003
  -1.16569972220      -0.194520879423       -2.16000000000        3.03669426123      -2.787639528068E-002 -2.985082305597E-004
  -1.74854958330      -0.291781319134       -2.16000000000        3.02410000155      -6.362662694208E-003 -3.283930532612E-003
  -2.33139944441      -0.389041758845       -2.16000000000        3.00278736854       3.639972595513E-003 -5.451105460697E-003
  -2.91424930551      -0.486302198557       -2.16000000000        3.02328901975       4.455026273385E-002  1.047969245724E-002
  -3.49709916661      -0.583562638268       -2.16000000000        2.95764514904       0.155284330077       1.434461154924E-002
  -4.07994902771      -0.680823077979       -2.16000000000        2.78294052100       0.150960251435       2.130694735078E-002
  -4.66279888881      -0.778083517691       -2.16000000000        2.64637240085       0.136245515351       1.637469829958E-003
  -5.24564874991      -0.875343957402       -2.16000000000        2.50020425901       0.133501361256      -3.422738285615E-004
  -5.82849861102      -0.972604397113       -2.16000000000        2.29358206103       9.411051652426E-002 -2.171154054007E-002
  -6.41134847212       -1.06986483682       -2.16000000000        2.09775635421      -2.177025067031E-002 -0.204497879603     
   0.00000000000        0.00000000000       -2.16000000000        3.01102867002      -1.027771559588E-002 -4.689767102153E-003
 -0.519689034804      -0.281241641340       -2.16000000000        3.00776857453      -1.682621126512E-002 -4.916071220641E-003
  -1.03937806961      -0.562483282680       -2.16000000000        3.03919600266      -4.005642463618E-002  1.163458706062E-003
  -1.55906710441      -0.843724924020       -2.16000000000        3.03392136158      -1.844054406339E-002 -1.690141565898E-003
  -2.07875613922       -1.12496656536       -2.16000000000        3.02809363131       6.897578967978E-003 -2.483723825717E-003
  -2.59844517402       -1.40620820670       -2.16000000000        3.16581771775       8.091382678160E-002  6.957503759748E-003
  -3.11813420882       -1.68744984804       -2.16000000000        3.09020449511       0.242483748417       9.492266057254E-003
  -3.63782324363       -1.96869148938       -2.16000000000        2.99216979814       0.406472713137       2.228383899988E-002
  -4.15751227843       -2.24993313072       -2.16000000000        2.85450062483       0.561551476539       4.986748344186E-002
  -4.67720131323       -2.53117477206       -2.16000000000        2.68341857767       0.604332094663       5.595795774593E-002
  -5.19689034804       -2.81241641340       -2.16000000000        2.29286504136       0.714885831581       8.042560394849E-002
  -5.71657938284       -3.09365805474       -2.16000000000        1.90699162264       0.743939578897       8.694487502954E-002
   0.00000000000        0.00000000000       -2.16000000000        3.01102867002      -1.027771559588E-002 -4.689767102153E-003
 -0.400211837779      -0.434745947216       -2.16000000000        3.00267552230      -1.643711574536E-002 -5.615745870944E-003
 -0.800423675558      -0.869491894432       -2.16000000000        3.04227055819      -5.715795163229E-002  3.247514551916E-003
  -1.20063551334       -1.30423784165       -2.16000000000        3.04618420203      -3.454896713259E-002  1.814664082077E-003
  -1.60084735112       -1.73898378886       -2.16000000000        3.05632962049       1.088062319817E-003  1.438944493877E-003
  -2.00105918889       -2.17372973608       -2.16000000000        3.23552715828      -7.513969637913E-002  4.499778539029E-003
  -2.40127102667       -2.60847568330       -2.16000000000        3.20676334671       0.202125700116       9.168934525539E-003
  -2.80148286445       -3.04322163051       -2.16000000000        3.20845921541       0.455048679554       5.140885052449E-002
  -3.20169470223       -3.47796757773       -2.16000000000        3.45220713018       0.862352503722       8.034319352472E-002
  -3.60190654001       -3.91271352494       -2.16000000000        3.70153106444        1.34830272095       0.101820513125     
  -4.00211837779       -4.34745947216       -2.16000000000        3.21738759467        1.92989379518       0.190940090078     
  -4.40233021557       -4.78220541938       -2.16000000000        2.41692600434        1.99792445843       0.233787358450     
   0.00000000000        0.00000000000       -2.16000000000        3.01102867002      -1.027771559588E-002 -4.689767102153E-003
 -0.237365478204      -0.541138783933       -2.16000000000        2.99329173356      -1.163528580838E-002 -7.275892315720E-003
 -0.474730956408       -1.08227756787       -2.16000000000        3.02469942616      -4.055242030419E-002 -2.809906479057E-004
 -0.712096434612       -1.62341635180       -2.16000000000        3.05995949397      -4.692457702328E-002  6.043498553949E-003
 -0.949461912816       -2.16455513573       -2.16000000000        3.07333614580      -1.842145615645E-002  5.902515451151E-003
  -1.18682739102       -2.70569391966       -2.16000000000        3.29306753648      -8.314132510437E-002  1.250067272735E-002
  -1.42419286922       -3.24683270360       -2.16000000000        3.58333093342      -6.761662600221E-002  3.306418550965E-002
  -1.66155834743       -3.78797148753       -2.16000000000        3.93725670660      -0.630537092530       3.963317493506E-002
  -1.89892382563       -4.32911027146       -2.16000000000        3.97308489609       -1.18907921381       4.861387567887E-002
  -2.13628930384       -4.87024905539       -2.16000000000        4.01691359952       -3.51705576185       7.153089409277E-002
  -2.37365478204       -5.41138783933       -2.16000000000        2.65526523084       -3.71146594557       7.515585066537E-002
  -2.61102026024       -5.95252662326       -2.16000000000       -3.25882615592      -0.881735509487       8.154612489845E-002
   0.00000000000        0.00000000000       -2.16000000000        3.01102867002      -1.027771559588E-002 -4.689767102153E-003
 -4.879688596092E-002 -0.588890836777       -2.16000000000        2.99142571832      -1.071976843999E-002 -7.513357497491E-003
 -9.759377192185E-002  -1.17778167355       -2.16000000000        3.00326637217      -4.442537817659E-004 -5.838031284361E-003
 -0.146390657883       -1.76667251033       -2.16000000000        3.03577646523      -9.416809934920E-003  2.708348455339E-004
 -0.195187543844       -2.35556334711       -2.16000000000        3.07042459083      -4.286454594401E-002  7.870604632687E-003
 -0.243984429805       -2.94445418388       -2.16000000000        3.28512602338      -5.444110716845E-002  1.128719337041E-002
 -0.292781315766       -3.53334502066       -2.16000000000        3.00695417633       3.948301945959E-002  1.136110265233E-002
 -0.341578201726       -4.12223585744       -2.16000000000        2.66354397830      -0.156744718359       1.291604743330E-002
 -0.390375087687       -4.71112669421       -2.16000000000        2.31761462091      -0.366247486315       1.438187456686E-002
 -0.439171973648       -5.30001753099       -2.16000000000        1.84262144070      -0.488620537553       1.567879871836E-002
 -0.487968859609       -5.88890836777       -2.16000000000        1.19786284367      -0.506059821102       3.716052515105E-002
 -0.536765745570       -6.47779920454       -2.16000000000       0.778365367768      -0.381994112401       4.904163990465E-002
   0.00000000000        0.00000000000       -2.16000000000        3.01102867002      -1.027771559588E-002 -4.689767102153E-003
  0.145059606038      -0.572827429873       -2.16000000000        2.99448671977      -1.096667145305E-002 -6.780157077701E-003
  0.290119212075       -1.14565485975       -2.16000000000        3.00576905076       2.349871581220E-003 -4.980224965582E-003
  0.435178818113       -1.71848228962       -2.16000000000        3.01975302054       4.594249034333E-003 -3.339999263900E-003
  0.580238424151       -2.29130971949       -2.16000000000        3.02423218343      -1.435001738238E-002 -1.540648897113E-003
  0.725298030189       -2.86413714937       -2.16000000000        3.38793718018       0.189049599834       7.827952241700E-003
  0.870357636226       -3.43696457924       -2.16000000000        3.24834653613       0.352480874467       4.202037571126E-003
   1.01541724226       -4.00979200911       -2.16000000000        3.05563627961       0.703797121279       9.372169590731E-004
   1.16047684830       -4.58261943899       -2.16000000000        2.81484749766        1.08910658048      -2.553733151694E-003
   1.30553645434       -5.15544686886       -2.16000000000        2.12855655518        1.57066168240      -1.242590475280E-004
   1.45059606038       -5.72827429873       -2.16000000000       0.963545258743        1.72984720209      -1.024716754643E-002
   1.59565566642       -6.30110172861       -2.16000000000       6.757230750233E-002   1.14234352193      -8.606473347561E-003
   0.00000000000        0.00000000000       -2.16000000000        3.01102867002      -1.027771559588E-002 -4.689767102153E-003
  0.323196638891      -0.494689282610       -2.16000000000        2.99939671258      -1.091232893470E-002 -5.778399273358E-003
  0.646393277781      -0.989378565219       -2.16000000000        3.00577554637      -1.757222960349E-003 -4.224097578268E-003
  0.969589916672       -1.48406784783       -2.16000000000        3.01900471789      -1.037182569535E-002 -3.459849045977E-003
   1.29278655556       -1.97875713044       -2.16000000000        3.01866199631      -1.279849500252E-002 -4.100583271987E-003
   1.61598319445       -2.47344641305       -2.16000000000        3.34802460595       5.940262502437E-002 -4.972701469345E-003
   1.93917983334       -2.96813569566       -2.16000000000        3.66431394418       0.116211443879      -1.369845143657E-002
   2.26237647223       -3.46282497827       -2.16000000000        4.02706908072       0.119899076953      -2.327453190004E-002
   2.58557311112       -3.95751426088       -2.16000000000        4.47186901007      -6.540420957368E-002 -3.766992121430E-002
   2.90876975001       -4.45220354349       -2.16000000000        5.68203119149      -0.985114417065      -6.152284051724E-002
   3.23196638891       -4.94689282610       -2.16000000000        5.44639542761       -4.66391976489      -7.756075533116E-002
   3.55516302780       -5.44158210871       -2.16000000000        1.48904996657       -4.36332791633      -0.102553887427     
   0.00000000000        0.00000000000       -2.16000000000        3.01102867002      -1.027771559588E-002 -4.689767102153E-003
  0.466310301007      -0.362943875680       -2.16000000000        3.00550520027      -1.103827012380E-002 -4.704870126590E-003
  0.932620602014      -0.725887751361       -2.16000000000        3.00079515228      -9.396927502345E-003 -4.262989042687E-003
   1.39893090302       -1.08883162704       -2.16000000000        3.01629692972      -9.805111930751E-003 -2.119927945137E-003
   1.86524120403       -1.45177550272       -2.16000000000        2.99812262176      -2.153926657500E-002 -3.626909796056E-003
   2.33155150503       -1.81471937840       -2.16000000000        3.20101694467      -1.961676900466E-002 -1.427240103765E-002
   2.79786180604       -2.17766325408       -2.16000000000        3.17326026845      -0.197615997187      -3.165207811227E-002
   3.26417210705       -2.54060712976       -2.16000000000        3.17053253702      -0.404590885455      -4.732713613441E-002
   3.73048240806       -2.90355100544       -2.16000000000        3.17556000187      -0.643066789438      -5.941024279994E-002
   4.19679270906       -3.26649488112       -2.16000000000        3.00211824763       -1.00478860771      -0.111160619889     
   4.66310301007       -3.62943875680       -2.16000000000        2.70353729004       -1.31677225200      -0.192392587506     
   5.12941331108       -3.99238263248       -2.16000000000        2.29537286011       -1.34149688803      -0.281675279660     
   0.00000000000        0.00000000000       -2.16000000000        3.01102867002      -1.027771559588E-002 -4.689767102153E-003
  0.558892006459      -0.191867868166       -2.16000000000        3.01215023340      -1.133084733835E-002 -3.675903177971E-003
   1.11778401292      -0.383735736333       -2.16000000000        3.01384401021      -1.008570267727E-002 -2.235715025895E-003
   1.67667601938      -0.575603604499       -2.16000000000        3.01555318497      -8.832333057370E-003 -7.936034505995E-004
   2.23556802584      -0.767471472666       -2.16000000000        2.97672656282      -1.542523313921E-002 -2.938033969620E-003
   2.79446003230      -0.959339340832       -2.16000000000        2.95828953945      -4.149418925966E-002 -1.483041020111E-002
   3.35335203876       -1.15120720900       -2.16000000000        2.84586443576      -0.171780506329      -3.396413553218E-002
   3.91224404522       -1.34307507716       -2.16000000000        2.74229560236      -0.252605889295      -5.338675954540E-002
   4.47113605168       -1.53494294533       -2.16000000000        2.63224926717      -0.332747459688      -6.488607568850E-002
   5.03002805814       -1.72681081350       -2.16000000000        2.43280128000      -0.400787824561      -8.656822379823E-002
   5.58892006459       -1.91867868166       -2.16000000000        2.20591070740      -0.449596588011      -0.105937146405     
   6.14781207105       -2.11054654983       -2.16000000000        1.96034641648      -0.471843773738      -9.228906513814E-002
   0.00000000000        0.00000000000       -2.16000000000        3.01102867002      -1.027771559588E-002 -4.689767102153E-003
  0.590909090909        0.00000000000       -2.16000000000        3.02382579110      -8.973208446584E-003 -2.151690750993E-003
   1.18181818182      -1.172487511250E-015  -2.16000000000        3.03650313384      -4.820545216435E-003  6.447695234760E-004
   1.77272727273        0.00000000000       -2.16000000000        3.02036747121       2.836240392505E-005 -9.747018545928E-004
   2.36363636364        0.00000000000       -2.16000000000        3.01203568271       8.630332574007E-004 -3.134529748337E-003
   2.95454545455        0.00000000000       -2.16000000000        2.89357665482       1.322851894863E-003 -1.367002648490E-002
   3.54545454545        0.00000000000       -2.16000000000        2.76940561741      -4.202919909063E-002 -3.385309621759E-002
   4.13636363636        0.00000000000       -2.16000000000        2.63911444419      -3.286395882759E-002 -5.089905974148E-002
   4.72727272727        0.00000000000       -2.16000000000        2.50545307503      -3.329084157916E-003 -6.439530942791E-002
   5.31818181818        0.00000000000       -2.16000000000        2.34308334307       8.170934009346E-003 -7.999309463660E-002
   5.90909090909        0.00000000000       -2.16000000000        2.17192807263      -1.251066054658E-002 -0.135396355378     
   6.50000000000        0.00000000000       -2.16000000000        2.00175529311       1.703365798840E-002 -0.163857285208     
