 12 20 1 1
 1 X [LENGU]
 2 Y [LENGU]
 3 Z [LENGU]
 4 Hx [FIELU]
 5 Hy [FIELU]
 6 Hz [FIELU]
 0
   0.00000000000        0.00000000000        95.0400000000        3.50035139637      -2.186655385897E-002  2.057677375101E-002
  0.590909090909        0.00000000000        95.0400000000        3.49753399028      -3.265855624143E-002  1.983505924954E-002
   1.18181818182        0.00000000000        95.0400000000        3.49293914861      -3.223395838395E-002  1.993574608887E-002
   1.77272727273        0.00000000000        95.0400000000        3.48518093594      -3.188956674157E-002  1.877313749267E-002
   2.36363636364        0.00000000000        95.0400000000        3.50751877014       8.227464927435E-003  2.057493284381E-002
   2.95454545455        0.00000000000        95.0400000000        3.01277859664      -4.557157916728E-003  4.235780669392E-002
   3.54545454545        0.00000000000        95.0400000000        2.89489247876      -9.809030870732E-002  2.999753973304E-002
   4.13636363636        0.00000000000        95.0400000000        2.75588289908      -8.350299540037E-002  1.626976320156E-002
   4.72727272727        0.00000000000        95.0400000000        2.63033954532      -1.541892212546E-002  8.504817564585E-003
   5.31818181818        0.00000000000        95.0400000000        2.49866330642      -3.401756110740E-003  7.560065931297E-003
   5.90909090909        0.00000000000        95.0400000000        2.37312154573      -1.074200663197E-002  8.712297123771E-003
   6.50000000000        0.00000000000        95.0400000000        2.22695725087      -2.045320001553E-002  5.123258360702E-003
   0.00000000000        0.00000000000        95.0400000000        3.50035139637      -2.186655385897E-002  2.057677375101E-002
  0.558892006459       0.191867868166        95.0400000000        3.49228672626      -4.905132176296E-002  1.556684743944E-002
   1.11778401292       0.383735736333        95.0400000000        3.49913434047      -3.862436715521E-002  1.639556150917E-002
   1.67667601938       0.575603604499        95.0400000000        3.51186902063      -1.269587206636E-002  1.858882718349E-002
   2.23556802584       0.767471472666        95.0400000000        3.53774324329       3.805041225745E-002  2.287116551059E-002
   2.79446003230       0.959339340832        95.0400000000        3.11073331956      -7.934157338329E-002  3.300484295914E-002
   3.35335203876        1.15120720900        95.0400000000        2.98423261033       2.761202346655E-002  2.965721177126E-002
   3.91224404522        1.34307507716        95.0400000000        2.84464022084       0.181844894671       2.343224243043E-002
   4.47113605168        1.53494294533        95.0400000000        2.75160885391       0.300046975138       1.126909926542E-002
   5.03002805814        1.72681081350        95.0400000000        2.59355326753       0.341710140355       1.173881533090E-002
   5.58892006459        1.91867868166        95.0400000000        2.34143667771       0.347961942888       8.239223739571E-003
   6.14781207105        2.11054654983        95.0400000000        2.09291817263       0.377194218680       5.920580989208E-003
   0.00000000000        0.00000000000        95.0400000000        3.50035139637      -2.186655385897E-002  2.057677375101E-002
  0.466310301007       0.362943875680        95.0400000000        3.49821892640      -4.423538636222E-002  1.455376145226E-002
  0.932620602014       0.725887751361        95.0400000000        3.51471756310      -2.136448895225E-002  1.611405279186E-002
   1.39893090302        1.08883162704        95.0400000000        3.53114738417       1.038193192555E-004  1.877083770178E-002
   1.86524120403        1.45177550272        95.0400000000        3.58454644973       6.761070192812E-002  2.449284833533E-002
   2.33155150503        1.81471937840        95.0400000000        3.50107261663      -0.203072297819       3.370414034040E-002
   2.79786180604        2.17766325408        95.0400000000        3.45276381102       2.250214032200E-002  3.427681964173E-002
   3.26417210705        2.54060712976        95.0400000000        3.36302928447       0.296903762704       1.858053597007E-002
   3.73048240806        2.90355100544        95.0400000000        3.34428404254       0.674448482527      -9.527965193804E-003
   4.19679270906        3.26649488112        95.0400000000        3.32259816378        1.07458394057      -3.595622843189E-002
   4.66310301007        3.62943875680        95.0400000000        3.09364334187        1.59386826756      -5.923772341025E-002
   5.12941331108        3.99238263248        95.0400000000        2.61985801760        1.59646108000      -5.157096270576E-002
   0.00000000000        0.00000000000        95.0400000000        3.50035139637      -2.186655385897E-002  2.057677375101E-002
  0.323196638891       0.494689282610        95.0400000000        3.50563866781      -3.568886687181E-002  1.436660036833E-002
  0.646393277781       0.989378565219        95.0400000000        3.51154815078      -2.931103954857E-002  1.500604836253E-002
  0.969589916672        1.48406784783        95.0400000000        3.54264826244       4.451664073942E-003  1.910894669608E-002
   1.29278655556        1.97875713044        95.0400000000        3.60112956847       2.077954447033E-002  2.042801501754E-002
   1.61598319445        2.47344641305        95.0400000000        3.82197619699      -0.291753476797       3.220637067403E-002
   1.93917983334        2.96813569566        95.0400000000        4.07132376851      -0.314880152717       2.372485769081E-002
   2.26237647223        3.46282497827        95.0400000000        4.32725592259      -0.293073734535       6.472129023372E-003
   2.58557311112        3.95751426088        95.0400000000        5.19729522356      -5.171820619502E-002 -7.992248721021E-003
   2.90876975001        4.45220354349        95.0400000000        6.43667267771       0.912695700363      -1.006367864814E-002
   3.23196638891        4.94689282610        95.0400000000        6.04188307516        4.86745877954      -3.738614417271E-003
   3.55516302780        5.44158210871        95.0400000000        1.73939960199        4.70251795072      -7.169216307545E-003
   0.00000000000        0.00000000000        95.0400000000        3.50035139637      -2.186655385897E-002  2.057677375101E-002
  0.145059606038       0.572827429873        95.0400000000        3.50320421160      -4.283006950751E-002  1.340147903495E-002
  0.290119212075        1.14565485975        95.0400000000        3.50759001134      -3.557876165897E-002  1.414196497635E-002
  0.435178818113        1.71848228962        95.0400000000        3.53434059455      -1.286781430806E-002  1.773355322869E-002
  0.580238424151        2.29130971949        95.0400000000        3.57109798715      -5.538170389499E-002  1.717387513468E-002
  0.725298030189        2.86413714937        95.0400000000        4.00491781101      -0.402505834848       2.177916471246E-002
  0.870357636226        3.43696457924        95.0400000000        3.73919581621      -0.420464168261       2.326494580084E-002
   1.01541724226        4.00979200911        95.0400000000        3.61731932083      -0.731749447411       1.183697501809E-002
   1.16047684830        4.58261943899        95.0400000000        3.06558304447       -1.47156260773      -7.627277167743E-004
   1.30553645434        5.15544686886        95.0400000000        2.54490987686       -1.80260065432      -7.445134493354E-003
   1.45059606038        5.72827429873        95.0400000000        1.20407304212       -2.03023610798       8.972832978839E-003
   1.59565566642        6.30110172861        95.0400000000      -2.497969460966E-002  -1.48825159438       1.432803153417E-002
   0.00000000000        0.00000000000        95.0400000000        3.50035139637      -2.186655385897E-002  2.057677375101E-002
 -4.879688596092E-002  0.588890836777        95.0400000000        3.50035714708      -4.936215140945E-002  1.255809192371E-002
 -9.759377192185E-002   1.17778167355        95.0400000000        3.50216418261      -4.685817800325E-002  1.268139170269E-002
 -0.146390657883        1.76667251033        95.0400000000        3.51525693994      -3.899781186902E-002  1.510693151404E-002
 -0.195187543844        2.35556334711        95.0400000000        3.53622501650      -8.039440497139E-002  1.513793066847E-002
 -0.243984429805        2.94445418388        95.0400000000        3.98636160713       5.575145432480E-002  2.217782285100E-002
 -0.292781315766        3.53334502066        95.0400000000        3.63348375528       0.160569635155       1.676514019338E-002
 -0.341578201726        4.12223585744        95.0400000000        3.13925585139       0.214876310728       1.333503745811E-002
 -0.390375087687        4.71112669421        95.0400000000        2.71934301909       0.319898853006       8.245346245888E-003
 -0.439171973648        5.30001753099        95.0400000000        2.09809132150       0.542773675527       5.709341230121E-003
 -0.487968859609        5.88890836777        95.0400000000        1.51551039664       0.638253460499       2.168658461764E-003
 -0.536765745570        6.47779920454        95.0400000000       0.894692639721       0.687662632304      -3.617234870664E-003
   0.00000000000        0.00000000000        95.0400000000        3.50035139637      -2.186655385897E-002  2.057677375101E-002
 -0.237365478204       0.541138783933        95.0400000000        3.49760316566      -5.424377724872E-002  1.194491456894E-002
 -0.474730956408        1.08227756787        95.0400000000        3.49585863735      -6.192698880234E-002  1.078260431889E-002
 -0.712096434612        1.62341635180        95.0400000000        3.49948633386      -5.487632608225E-002  1.197672674696E-002
 -0.949461912816        2.16455513573        95.0400000000        3.50988509602      -6.877851406188E-002  1.203875721852E-002
  -1.18682739102        2.70569391966        95.0400000000        3.90672736974       0.200998625271       1.046937972444E-002
  -1.42419286922        3.24683270360        95.0400000000        4.05229155157       0.391316009694       1.107576395443E-002
  -1.66155834743        3.78797148753        95.0400000000        4.28978306024       0.701325454900       1.157657810235E-002
  -1.89892382563        4.32911027146        95.0400000000        4.68542040542        1.51445948407       1.357578527581E-002
  -2.13628930384        4.87024905539        95.0400000000        5.16232765653        3.59345583204       8.579331019530E-003
  -2.37365478204        5.41138783933        95.0400000000       0.961006099591        5.46516506188       1.064584241968E-002
  -2.61102026024        5.95252662326        95.0400000000       -3.47625031147        1.06815148423       8.406482059082E-003
   0.00000000000        0.00000000000        95.0400000000        3.50035139637      -2.186655385897E-002  2.057677375101E-002
 -0.400211837779       0.434745947216        95.0400000000        3.49524070394      -5.694594711940E-002  1.162839425147E-002
 -0.800423675558       0.869491894432        95.0400000000        3.48935667922      -7.915225458947E-002  8.651365900690E-003
  -1.20063551334        1.30423784165        95.0400000000        3.48545064246      -8.547437325330E-002  7.615081028656E-003
  -1.60084735112        1.73898378886        95.0400000000        3.48374521426      -0.104168334778       5.548484866816E-003
  -2.00105918889        2.17372973608        95.0400000000        3.37278966540       0.534588771846      -9.529331235249E-003
  -2.40127102667        2.60847568330        95.0400000000        3.82733794182      -2.740798685669E-002 -3.908700314636E-003
  -2.80148286445        3.04322163051        95.0400000000        3.87258984159      -0.351187954434       2.192610226387E-002
  -3.20169470223        3.47796757773        95.0400000000        4.08411603262      -0.848428823605       3.674770057683E-002
  -3.60190654001        3.91271352494        95.0400000000        4.16156844654       -1.50783138109       4.905330808684E-002
  -4.00211837779        4.34745947216        95.0400000000        3.91328714460       -2.50696890581       5.661445350117E-002
  -4.40233021557        4.78220541938        95.0400000000        3.36989377413       -2.47459603756       4.016788728461E-002
   0.00000000000        0.00000000000        95.0400000000        3.50035139637      -2.186655385897E-002  2.057677375101E-002
 -0.519689034804       0.281241641340        95.0400000000        3.49352577131      -5.717583898753E-002  1.164283085900E-002
  -1.03937806961       0.562483282680        95.0400000000        3.48419207155      -8.828409660849E-002  7.504948826273E-003
  -1.55906710441       0.843724924020        95.0400000000        3.47349089453      -0.126102726497       2.453191987179E-003
  -2.07875613922        1.12496656536        95.0400000000        3.46743664630      -9.471417364988E-002  4.474433000735E-003
  -2.59844517402        1.40620820670        95.0400000000        3.36605638904       2.586608820717E-003 -2.091367608882E-002
  -3.11813420882        1.68744984804        95.0400000000        3.25895358567      -0.169508979816      -1.636179459062E-002
  -3.63782324363        1.96869148938        95.0400000000        3.13145664919      -0.340366940041      -4.955966105646E-003
  -4.15751227843        2.24993313072        95.0400000000        2.99410237619      -0.527070147115       7.134410575407E-003
  -4.67720131323        2.53117477206        95.0400000000        2.87474145940      -0.731413377578       9.835874809770E-003
  -5.19689034804        2.81241641340        95.0400000000        2.55963420056      -0.941282773378       8.083199935995E-003
  -5.71657938284        3.09365805474        95.0400000000        2.16086606566       -1.26296078809       1.765745094347E-002
   0.00000000000        0.00000000000        95.0400000000        3.50035139637      -2.186655385897E-002  2.057677375101E-002
 -0.582849861102       9.726043971134E-002   95.0400000000        3.49458888158      -4.153232405196E-002  1.623450214603E-002
  -1.16569972220       0.194520879423        95.0400000000        3.48016422160      -9.373477380615E-002  7.546615907522E-003
  -1.74854958330       0.291781319134        95.0400000000        3.46870872250      -0.100779099303       4.456319109453E-003
  -2.33139944441       0.389041758845        95.0400000000        3.46288622786      -9.754419473331E-002  3.160997005060E-003
  -2.91424930551       0.486302198557        95.0400000000        3.14224603878      -7.742219588119E-002 -2.235597825151E-002
  -3.49709916661       0.583562638268        95.0400000000        3.01302134257      -7.487132063292E-002 -1.589737865109E-002
  -4.07994902771       0.680823077979        95.0400000000        2.89111686575      -0.124382288074      -5.331577575699E-003
  -4.66279888881       0.778083517691        95.0400000000        2.76175939845      -0.157496118822       5.973595950704E-003
  -5.24564874991       0.875343957402        95.0400000000        2.63223184523      -0.206480367866       5.597065561689E-003
  -5.82849861102       0.972604397113        95.0400000000        2.49148389682      -0.220560044381       6.596846764978E-003
  -6.41134847212        1.06986483682        95.0400000000        2.28192743987      -0.147270171993       1.758195170974E-002
   0.00000000000        0.00000000000        95.0400000000        3.50035139637      -2.186655385897E-002  2.057677375101E-002
 -0.582849861102      -9.726043971134E-002   95.0400000000        3.49650104696      -2.248634007133E-002  2.225146477663E-002
  -1.16569972220      -0.194520879423        95.0400000000        3.48357995841      -3.396137184883E-002  1.796605122162E-002
  -1.74854958330      -0.291781319134        95.0400000000        3.46808486341      -6.064175509982E-002  9.231149996382E-003
  -2.33139944441      -0.389041758845        95.0400000000        3.47084719353      -7.433950341263E-002  5.244966955711E-003
  -2.91424930551      -0.486302198557        95.0400000000        3.18216460955      -3.196954738249E-002 -1.716724325152E-002
  -3.49709916661      -0.583562638268        95.0400000000        3.04502811012       9.872152411671E-002 -6.706491806960E-003
  -4.07994902771      -0.680823077979        95.0400000000        2.91441815308       0.187240044071       1.473669891463E-003
  -4.66279888881      -0.778083517691        95.0400000000        2.78924388913       0.197402029662       1.083161261506E-002
  -5.24564874991      -0.875343957402        95.0400000000        2.66283909691       0.197204015440       1.245998780589E-002
  -5.82849861102      -0.972604397113        95.0400000000        2.52718637401       0.225501072482       1.511498778188E-002
  -6.41134847212       -1.06986483682        95.0400000000        2.29873256394       0.233787840792       1.546648041976E-002
   0.00000000000        0.00000000000        95.0400000000        3.50035139637      -2.186655385897E-002  2.057677375101E-002
 -0.519689034804      -0.281241641340        95.0400000000        3.49346365130      -3.875061454446E-003  2.464012557170E-002
  -1.03937806961      -0.562483282680        95.0400000000        3.48506886340       7.451064718265E-003  2.432857890826E-002
  -1.55906710441      -0.843724924020        95.0400000000        3.46864554179      -3.783236984441E-002  1.181371818955E-002
  -2.07875613922       -1.12496656536        95.0400000000        3.48259731130      -4.489885599007E-002  8.501133226622E-003
  -2.59844517402       -1.40620820670        95.0400000000        3.46368699574      -2.353654927864E-002 -6.914465074720E-003
  -3.11813420882       -1.68744984804        95.0400000000        3.37857796666       0.230342352474      -3.446473310048E-003
  -3.63782324363       -1.96869148938        95.0400000000        3.27173473159       0.455137917877       2.349152592863E-003
  -4.15751227843       -2.24993313072        95.0400000000        3.18875357898       0.560790291461       1.548561056657E-002
  -4.67720131323       -2.53117477206        95.0400000000        3.00434290423       0.699289738628       2.517677774390E-002
  -5.19689034804       -2.81241641340        95.0400000000        2.60110098397       0.856592532872       2.894755194761E-002
  -5.71657938284       -3.09365805474        95.0400000000        2.26475367859        1.16337955476       6.584532752939E-002
   0.00000000000        0.00000000000        95.0400000000        3.50035139637      -2.186655385897E-002  2.057677375101E-002
 -0.400211837779      -0.434745947216        95.0400000000        3.49215156969       1.829709611583E-002  2.696290367591E-002
 -0.800423675558      -0.869491894432        95.0400000000        3.48205363375       5.999138092443E-003  2.415615470235E-002
  -1.20063551334       -1.30423784165        95.0400000000        3.47615869047       7.657815283867E-003  2.019038329154E-002
  -1.60084735112       -1.73898378886        95.0400000000        3.46612575915      -0.107356610466       8.159022511759E-003
  -2.00105918889       -2.17372973608        95.0400000000        3.56325667825      -0.271690315091       2.767319699434E-002
  -2.40127102667       -2.60847568330        95.0400000000        4.02518015887       3.512913194864E-002  6.548710022329E-003
  -2.80148286445       -3.04322163051        95.0400000000        4.25485536240       0.199226499115       1.509562089337E-002
  -3.20169470223       -3.47796757773        95.0400000000        4.19509075925       0.718273505158       2.208123656505E-002
  -3.60190654001       -3.91271352494        95.0400000000        4.12709019537        1.61328621372      -1.067687008708E-002
  -4.00211837779       -4.34745947216        95.0400000000        3.82231167296        2.49489863527      -2.637734395771E-002
  -4.40233021557       -4.78220541938        95.0400000000        3.13832623241        2.54828403988      -7.843246200701E-003
   0.00000000000        0.00000000000        95.0400000000        3.50035139637      -2.186655385897E-002  2.057677375101E-002
 -0.237365478204      -0.541138783933        95.0400000000        3.49276543739       2.345851043723E-002  2.760535056803E-002
 -0.474730956408       -1.08227756787        95.0400000000        3.48318210993       9.459311724936E-003  2.489548660529E-002
 -0.712096434612       -1.62341635180        95.0400000000        3.47516493261       9.268400720381E-003  2.154736649249E-002
 -0.949461912816       -2.16455513573        95.0400000000        3.45823641037      -0.135552699468       1.989277948753E-002
  -1.18682739102       -2.70569391966        95.0400000000        3.80244847848      -0.170912766363       1.130042932085E-002
  -1.42419286922       -3.24683270360        95.0400000000        3.75795386120      -0.523318532366       1.531810783133E-002
  -1.66155834743       -3.78797148753        95.0400000000        4.00810101173      -0.682571824947       1.908640124137E-002
  -1.89892382563       -4.32911027146        95.0400000000        4.53814951966       -1.35291140441       1.382708530993E-002
  -2.13628930384       -4.87024905539        95.0400000000        5.04469391116       -4.03445638979      -2.699882270293E-003
  -2.37365478204       -5.41138783933        95.0400000000        2.96032526259       -4.53399527189      -9.161196171835E-003
  -2.61102026024       -5.95252662326        95.0400000000       -3.54203581334       -1.02662130987      -1.746462753284E-002
   0.00000000000        0.00000000000        95.0400000000        3.50035139637      -2.186655385897E-002  2.057677375101E-002
 -4.879688596092E-002 -0.588890836777        95.0400000000        3.49420348096       2.687858787225E-002  2.824107635295E-002
 -9.759377192185E-002  -1.17778167355        95.0400000000        3.48861549508       1.759071973516E-002  2.650403332265E-002
 -0.146390657883       -1.76667251033        95.0400000000        3.47533749377       7.079104894234E-003  2.351405975672E-002
 -0.195187543844       -2.35556334711        95.0400000000        3.46678774022      -1.275481075991E-002  2.156265253641E-002
 -0.243984429805       -2.94445418388        95.0400000000        3.87783795275      -4.003366602597E-002  3.499012721071E-002
 -0.292781315766       -3.53334502066        95.0400000000        3.84563108397      -0.375951623507       3.268048473900E-002
 -0.341578201726       -4.12223585744        95.0400000000        3.64981826144      -0.367378635707       2.624652740682E-002
 -0.390375087687       -4.71112669421        95.0400000000        2.93471224073      -0.432432451392       1.445244921607E-002
 -0.439171973648       -5.30001753099        95.0400000000        2.15857511686      -0.589626236077      -4.981002485847E-003
 -0.487968859609       -5.88890836777        95.0400000000        1.42164411490      -0.603263693390      -4.355203096489E-003
 -0.536765745570       -6.47779920454        95.0400000000       0.863655396320      -0.624787300366       7.272069234171E-003
   0.00000000000        0.00000000000        95.0400000000        3.50035139637      -2.186655385897E-002  2.057677375101E-002
  0.145059606038      -0.572827429873        95.0400000000        3.49615173284       3.060452603167E-002  2.906746613829E-002
  0.290119212075       -1.14565485975        95.0400000000        3.49359756378       2.754090810398E-002  2.825508971923E-002
  0.435178818113       -1.71848228962        95.0400000000        3.48519353165       1.798550062292E-002  2.675291324812E-002
  0.580238424151       -2.29130971949        95.0400000000        3.46961336575      -7.503951371762E-003  2.297343390486E-002
  0.725298030189       -2.86413714937        95.0400000000        3.95563172076       0.336242111500       4.553100638514E-002
  0.870357636226       -3.43696457924        95.0400000000        4.09104845859       0.256669868026       2.833151890558E-002
   1.01541724226       -4.00979200911        95.0400000000        3.88510710461       0.436902411369       2.142067305562E-002
   1.16047684830       -4.58261943899        95.0400000000        3.25119096834        1.29819515131       2.888639726912E-002
   1.30553645434       -5.15544686886        95.0400000000        2.46423441952        1.85745354229       3.085623685163E-002
   1.45059606038       -5.72827429873        95.0400000000        1.14083255760        1.96686333852       1.825283649113E-002
   1.59565566642       -6.30110172861        95.0400000000       3.029954120401E-002   1.47507038011       2.396471113005E-002
   0.00000000000        0.00000000000        95.0400000000        3.50035139637      -2.186655385897E-002  2.057677375101E-002
  0.323196638891      -0.494689282610        95.0400000000        3.49839906971       3.423256170203E-002  2.999496776804E-002
  0.646393277781      -0.989378565219        95.0400000000        3.49790626293       3.838196089560E-002  3.000103026960E-002
  0.969589916672       -1.48406784783        95.0400000000        3.49524274202       2.770899459528E-002  2.881080705722E-002
   1.29278655556       -1.97875713044        95.0400000000        3.47580692824      -1.840407838412E-002  2.193552246536E-002
   1.61598319445       -2.47344641305        95.0400000000        3.83801753270       0.295990310647       5.793696352227E-002
   1.93917983334       -2.96813569566        95.0400000000        4.04497084025       0.425885722664       3.789152979942E-002
   2.26237647223       -3.46282497827        95.0400000000        4.32450980202       0.369819213812       2.468679878250E-002
   2.58557311112       -3.95751426088        95.0400000000        5.11517083967       0.101747293539       2.391392386704E-002
   2.90876975001       -4.45220354349        95.0400000000        6.40709762881      -0.983120593690       1.380271850795E-002
   3.23196638891       -4.94689282610        95.0400000000        5.66141417208       -5.40418525404       3.464341490477E-003
   3.55516302780       -5.44158210871        95.0400000000        1.74287587246       -4.88756387222       1.047909406863E-002
   0.00000000000        0.00000000000        95.0400000000        3.50035139637      -2.186655385897E-002  2.057677375101E-002
  0.466310301007      -0.362943875680        95.0400000000        3.50200609575       2.833950847390E-002  2.958048336543E-002
  0.932620602014      -0.725887751361        95.0400000000        3.49726199161       2.612091917912E-002  2.894048850064E-002
   1.39893090302       -1.08883162704        95.0400000000        3.49270594110       9.645956663851E-003  2.633958673811E-002
   1.86524120403       -1.45177550272        95.0400000000        3.48242920593      -2.233423487686E-002  2.091753030092E-002
   2.33155150503       -1.81471937840        95.0400000000        3.55867316174       0.221735779567       5.558711921796E-002
   2.79786180604       -2.17766325408        95.0400000000        3.58808958828       2.341340201957E-002  3.019409032307E-002
   3.26417210705       -2.54060712976        95.0400000000        3.49413603667      -0.223106672814       2.355821527597E-002
   3.73048240806       -2.90355100544        95.0400000000        3.38253867319      -0.509077460783       1.477074866813E-002
   4.19679270906       -3.26649488112        95.0400000000        3.36550057779      -0.972190458609       1.390909550828E-002
   4.66310301007       -3.62943875680        95.0400000000        3.18594891809       -1.62703667075       3.936404421500E-002
   5.12941331108       -3.99238263248        95.0400000000        2.72447008688       -1.71289210399       4.016538221864E-002
   0.00000000000        0.00000000000        95.0400000000        3.50035139637      -2.186655385897E-002  2.057677375101E-002
  0.558892006459      -0.191867868166        95.0400000000        3.50197353071      -3.619793580043E-003  2.523164790333E-002
   1.11778401292      -0.383735736333        95.0400000000        3.49410441132      -6.466670363250E-003  2.491777087819E-002
   1.67667601938      -0.575603604499        95.0400000000        3.48726427805      -1.290473200216E-002  2.260293073335E-002
   2.23556802584      -0.767471472666        95.0400000000        3.48331235262      -2.418760825862E-002  1.881314850674E-002
   2.79446003230      -0.959339340832        95.0400000000        3.12489743765       7.824175570100E-002  5.288211506962E-002
   3.35335203876       -1.15120720900        95.0400000000        2.95687442227      -8.844638562784E-002  4.508833691653E-002
   3.91224404522       -1.34307507716        95.0400000000        2.85145819647      -0.245194747641       2.911594290300E-002
   4.47113605168       -1.53494294533        95.0400000000        2.71714148827      -0.353961184901       2.413798776411E-002
   5.03002805814       -1.72681081350        95.0400000000        2.58371084485      -0.379103261417       2.248101559785E-002
   5.58892006459       -1.91867868166        95.0400000000        2.38190736486      -0.409775829468       2.549922093527E-002
   6.14781207105       -2.11054654983        95.0400000000        2.10586209518      -0.384631932039       2.218915665379E-002
   0.00000000000        0.00000000000        95.0400000000        3.50035139637      -2.186655385897E-002  2.057677375101E-002
  0.590909090909        0.00000000000        95.0400000000        3.49753399028      -3.265855624143E-002  1.983505924954E-002
   1.18181818182      -1.172487511250E-015   95.0400000000        3.49293914861      -3.223395838395E-002  1.993574608887E-002
   1.77272727273        0.00000000000        95.0400000000        3.48518093594      -3.188956674157E-002  1.877313749267E-002
   2.36363636364        0.00000000000        95.0400000000        3.50751877014       8.227464927435E-003  2.057493284381E-002
   2.95454545455        0.00000000000        95.0400000000        3.01277859664      -4.557157916728E-003  4.235780669392E-002
   3.54545454545        0.00000000000        95.0400000000        2.89489247876      -9.809030870732E-002  2.999753973304E-002
   4.13636363636        0.00000000000        95.0400000000        2.75588289908      -8.350299540037E-002  1.626976320156E-002
   4.72727272727        0.00000000000        95.0400000000        2.63033954532      -1.541892212546E-002  8.504817564585E-003
   5.31818181818        0.00000000000        95.0400000000        2.49866330642      -3.401756110740E-003  7.560065931297E-003
   5.90909090909        0.00000000000        95.0400000000        2.37312154573      -1.074200663197E-002  8.712297123771E-003
   6.50000000000        0.00000000000        95.0400000000        2.22695725087      -2.045320001553E-002  5.123258360702E-003
