 12 20 1 1
 1 X [LENGU]
 2 Y [LENGU]
 3 Z [LENGU]
 4 Hx [FIELU]
 5 Hy [FIELU]
 6 Hz [FIELU]
 0
   0.00000000000        0.00000000000        36.7200000000       0.121831560758      -4.282697060367E-003 -3.656266498298E-004
  0.590909090909        0.00000000000        36.7200000000       0.123623468725      -4.041966231235E-003 -1.737403959577E-004
   1.18181818182        0.00000000000        36.7200000000       0.125415376691      -3.801235402104E-003  1.814585791445E-005
   1.77272727273        0.00000000000        36.7200000000       0.124366432478      -2.299369225520E-003  3.062783299717E-004
   2.36363636364        0.00000000000        36.7200000000       0.120636881678       4.779627384752E-004  6.649617217518E-004
   2.95454545455        0.00000000000        36.7200000000       0.129075735200      -1.271738005219E-003  1.424391116413E-003
   3.54545454545        0.00000000000        36.7200000000       0.128817574229      -1.620423871893E-003  9.282618078029E-004
   4.13636363636        0.00000000000        36.7200000000       0.125731656757      -2.241890971905E-003  5.438877146317E-004
   4.72727272727        0.00000000000        36.7200000000       0.119356631828      -1.480703044991E-003  2.578916961884E-004
   5.31818181818        0.00000000000        36.7200000000       0.120178757450      -6.098578982129E-004  1.904869410032E-004
   5.90909090909        0.00000000000        36.7200000000       0.115808789808      -1.832509897456E-003  7.431407786351E-004
   6.50000000000        0.00000000000        36.7200000000       0.110799489931      -1.877585579993E-003  2.141316443257E-004
   0.00000000000        0.00000000000        36.7200000000       0.121831560758      -4.282697060367E-003 -3.656266498298E-004
  0.558892006459       0.191867868166        36.7200000000       0.123543297444      -4.202056002923E-003 -1.324917803784E-004
   1.11778401292       0.383735736333        36.7200000000       0.125255034130      -4.121414945479E-003  1.006430890729E-004
   1.67667601938       0.575603604499        36.7200000000       0.123321810443      -2.008689334784E-003  3.591027767780E-004
   2.23556802584       0.767471472666        36.7200000000       0.123486963929      -1.596281262982E-005  3.715338715860E-004
   2.79446003230       0.959339340832        36.7200000000       0.130506574253       2.144714850593E-003  1.300124782596E-003
   3.35335203876        1.15120720900        36.7200000000       0.131045847317       4.563149949249E-003  6.070324118415E-004
   3.91224404522        1.34307507716        36.7200000000       0.126628900051       6.909001667430E-003  5.566422464798E-004
   4.47113605168        1.53494294533        36.7200000000       0.122701742785       8.955324804254E-003  2.338767482262E-004
   5.03002805814        1.72681081350        36.7200000000       0.116431637962       7.105489129537E-003  8.971328890682E-004
   5.58892006459        1.91867868166        36.7200000000       0.108821048959       6.153100053704E-003 -7.244783330838E-005
   6.14781207105        2.11054654983        36.7200000000       9.605508168999E-002  1.221301693526E-002  3.805224702059E-004
   0.00000000000        0.00000000000        36.7200000000       0.121831560758      -4.282697060367E-003 -3.656266498298E-004
  0.466310301007       0.362943875680        36.7200000000       0.123277632933      -4.370884484460E-003 -1.165069453645E-004
  0.932620602014       0.725887751361        36.7200000000       0.124723705109      -4.459071908552E-003  1.326127591008E-004
   1.39893090302        1.08883162704        36.7200000000       0.123711252799      -1.972844474535E-003  2.140014536128E-004
   1.86524120403        1.45177550272        36.7200000000       0.126706912910       2.762628269682E-004  4.198396704073E-005
   2.33155150503        1.81471937840        36.7200000000       0.137419702102       2.557248784123E-003  1.149530640999E-003
   2.79786180604        2.17766325408        36.7200000000       0.140186351172       8.403878752864E-003  9.348434232720E-004
   3.26417210705        2.54060712976        36.7200000000       0.136532190847       1.892194604170E-002  1.323611993569E-004
   3.73048240806        2.90355100544        36.7200000000       0.146880487764       2.290168496793E-002  3.280415142011E-004
   4.19679270906        3.26649488112        36.7200000000       0.134797839961       2.872900164514E-002 -2.767261301544E-005
   4.66310301007        3.62943875680        36.7200000000       0.125148253272       4.674956024881E-002  4.684815458033E-005
   5.12941331108        3.99238263248        36.7200000000       0.112139682624       4.852854244920E-002  1.181076486921E-004
   0.00000000000        0.00000000000        36.7200000000       0.121831560758      -4.282697060367E-003 -3.656266498298E-004
  0.323196638891       0.494689282610        36.7200000000       0.122859955183      -4.433390840131E-003 -1.380200862375E-004
  0.646393277781       0.989378565219        36.7200000000       0.123907922309      -4.180350382874E-003  4.576914047699E-005
  0.969589916672        1.48406784783        36.7200000000       0.125689235171      -3.136537296187E-003 -9.910702967665E-005
   1.29278655556        1.97875713044        36.7200000000       0.127839290672      -1.702774543442E-003 -4.203787197254E-004
   1.61598319445        2.47344641305        36.7200000000       0.139807002602       1.471285949747E-003  3.521581830424E-004
   1.93917983334        2.96813569566        36.7200000000       0.148652559898       3.652163802386E-003  3.224045524330E-004
   2.26237647223        3.46282497827        36.7200000000       0.150280080829       2.913703189459E-003 -1.380419968446E-004
   2.58557311112        3.95751426088        36.7200000000       0.175074771565       1.299499672130E-002  2.206777680415E-004
   2.90876975001        4.45220354349        36.7200000000       0.220211859831       3.245959900473E-002 -2.196604608724E-004
   3.23196638891        4.94689282610        36.7200000000       0.216395369765       0.150633323412      -3.859492429320E-004
   3.55516302780        5.44158210871        36.7200000000       7.847977977926E-002  0.126288175971       5.599472145643E-004
   0.00000000000        0.00000000000        36.7200000000       0.121831560758      -4.282697060367E-003 -3.656266498298E-004
  0.145059606038       0.572827429873        36.7200000000       0.122342962376      -4.229409501155E-003 -2.113475808065E-004
  0.290119212075        1.14565485975        36.7200000000       0.122693076049      -4.905249903184E-003 -2.718483365195E-004
  0.435178818113        1.71848228962        36.7200000000       0.123320265781      -4.037461111051E-003 -3.716974583770E-004
  0.580238424151        2.29130971949        36.7200000000       0.124188387518      -3.127114873353E-003 -7.086433208071E-004
  0.725298030189        2.86413714937        36.7200000000       0.148289553018       2.528966857303E-002 -2.495410303411E-003
  0.870357636226        3.43696457924        36.7200000000       0.133439147352      -2.396306801918E-003 -8.565858526460E-004
   1.01541724226        4.00979200911        36.7200000000       0.128742014680      -1.136830735793E-002 -1.918116730066E-004
   1.16047684830        4.58261943899        36.7200000000       0.120805142907      -2.601117956226E-002 -1.032606696559E-003
   1.30553645434        5.15544686886        36.7200000000       0.101700053554      -4.576387075539E-002 -2.914894454207E-003
   1.45059606038        5.72827429873        36.7200000000       6.252503241249E-002 -4.905143217550E-002 -7.433157847226E-003
   1.59565566642        6.30110172861        36.7200000000       3.486924591543E-002 -3.720724313077E-002 -1.743145529778E-002
   0.00000000000        0.00000000000        36.7200000000       0.121831560758      -4.282697060367E-003 -3.656266498298E-004
 -4.879688596092E-002  0.588890836777        36.7200000000       0.121768430263      -4.074953565225E-003 -2.966453180438E-004
 -9.759377192185E-002   1.17778167355        36.7200000000       0.121399920757      -5.648249834484E-003 -6.080926480873E-004
 -0.146390657883        1.76667251033        36.7200000000       0.121737711083      -5.318088843143E-003 -7.981437800018E-004
 -0.195187543844        2.35556334711        36.7200000000       0.122632492182      -4.271294075583E-003 -7.800737009717E-004
 -0.243984429805        2.94445418388        36.7200000000       0.131522035673       7.376154267189E-003 -1.735415208003E-003
 -0.292781315766        3.53334502066        36.7200000000       0.119824910772       4.683807429281E-003 -1.396848318339E-003
 -0.341578201726        4.12223585744        36.7200000000       0.117437807568       1.316160767664E-002 -1.123654767350E-003
 -0.390375087687        4.71112669421        36.7200000000       0.113505639678       1.882065734333E-002 -5.785154017018E-004
 -0.439171973648        5.30001753099        36.7200000000       9.069833761111E-002  1.951887181078E-002 -7.348252821773E-005
 -0.487968859609        5.88890836777        36.7200000000       7.177945200741E-002  1.890085652896E-002  2.595583451068E-003
 -0.536765745570        6.47779920454        36.7200000000       5.388081879711E-002  2.034277700523E-002  5.578671195114E-003
   0.00000000000        0.00000000000        36.7200000000       0.121831560758      -4.282697060367E-003 -3.656266498298E-004
 -0.237365478204       0.541138783933        36.7200000000       0.121198618313      -3.986760729629E-003 -3.846699645891E-004
 -0.474730956408        1.08227756787        36.7200000000       0.120132771463      -6.121284434347E-003 -8.752445117381E-004
 -0.712096434612        1.62341635180        36.7200000000       0.120111941123      -6.405527953565E-003 -1.120859457893E-003
 -0.949461912816        2.16455513573        36.7200000000       0.121779742353      -5.906921615242E-003 -9.280706340100E-004
  -1.18682739102        2.70569391966        36.7200000000       0.131072253795       6.220075220080E-003 -1.892412945377E-003
  -1.42419286922        3.24683270360        36.7200000000       0.132164438081       1.024795607341E-002 -1.573455574580E-003
  -1.66155834743        3.78797148753        36.7200000000       0.144244269694       1.923230483182E-002 -1.777075337647E-003
  -1.89892382563        4.32911027146        36.7200000000       0.153752391733       3.950915039509E-002 -1.097860005543E-003
  -2.13628930384        4.87024905539        36.7200000000       0.174144269825       0.104055907277       5.266059734871E-004
  -2.37365478204        5.41138783933        36.7200000000       0.111438603680       0.109449396172       1.870065990675E-003
  -2.61102026024        5.95252662326        36.7200000000      -7.221460533693E-002  3.181616352586E-002  2.928622029545E-003
   0.00000000000        0.00000000000        36.7200000000       0.121831560758      -4.282697060367E-003 -3.656266498298E-004
 -0.400211837779       0.434745947216        36.7200000000       0.120695274492      -3.974388056558E-003 -4.658826841460E-004
 -0.800423675558       0.869491894432        36.7200000000       0.119155327718      -5.913363222707E-003 -1.010026516611E-003
  -1.20063551334        1.30423784165        36.7200000000       0.119068628325      -7.156098041254E-003 -1.188435392481E-003
  -1.60084735112        1.73898378886        36.7200000000       0.121530257593      -6.818207295266E-003 -9.072867367427E-004
  -2.00105918889        2.17372973608        36.7200000000       0.112039210122       1.322679308797E-002 -3.934914320034E-003
  -2.40127102667        2.60847568330        36.7200000000       0.129239669911      -6.730352759015E-003 -1.734314330522E-003
  -2.80148286445        3.04322163051        36.7200000000       0.139123067991      -1.366081133580E-002 -1.501563673793E-003
  -3.20169470223        3.47796757773        36.7200000000       0.145285753510      -1.774297633847E-002 -9.770634318563E-004
  -3.60190654001        3.91271352494        36.7200000000       0.146255633197      -4.503811421771E-002 -4.762060728284E-004
  -4.00211837779        4.34745947216        36.7200000000       0.133190119986      -6.695877876482E-002  5.419340137886E-005
  -4.40233021557        4.78220541938        36.7200000000       0.117034432273      -7.571168348478E-002  1.244472507482E-004
   0.00000000000        0.00000000000        36.7200000000       0.121831560758      -4.282697060367E-003 -3.656266498298E-004
 -0.519689034804       0.281241641340        36.7200000000       0.120312943914      -4.039176317120E-003 -5.314828184052E-004
  -1.03937806961       0.562483282680        36.7200000000       0.119292835124      -4.565169738817E-003 -7.888144364934E-004
  -1.55906710441       0.843724924020        36.7200000000       0.120152979684      -5.189203515427E-003 -7.329683463583E-004
  -2.07875613922        1.12496656536        36.7200000000       0.120998484008      -6.958789413788E-003 -8.437991476974E-004
  -2.59844517402        1.40620820670        36.7200000000       0.123308229665      -5.072671836633E-003 -1.313922882130E-003
  -3.11813420882        1.68744984804        36.7200000000       0.124767703453      -1.027618595322E-002 -1.341090774296E-003
  -3.63782324363        1.96869148938        36.7200000000       0.124449599250      -1.580525427390E-002 -1.200848448527E-003
  -4.15751227843        2.24993313072        36.7200000000       0.117479998737      -1.991386170256E-002 -1.230209388206E-003
  -4.67720131323        2.53117477206        36.7200000000       0.113163361220      -2.446808955672E-002 -1.086423718241E-003
  -5.19689034804        2.81241641340        36.7200000000       0.105138634295      -2.938072021143E-002 -7.008240211974E-004
  -5.71657938284        3.09365805474        36.7200000000       9.456097263693E-002 -3.401342124620E-002 -1.511895103291E-003
   0.00000000000        0.00000000000        36.7200000000       0.121831560758      -4.282697060367E-003 -3.656266498298E-004
 -0.582849861102       9.726043971134E-002   36.7200000000       0.120093058028      -4.174104697989E-003 -5.743615749290E-004
  -1.16569972220       0.194520879423        36.7200000000       0.119529003293      -3.919177773673E-003 -6.511563290088E-004
  -1.74854958330       0.291781319134        36.7200000000       0.120747082226      -4.094035550817E-003 -4.794336048450E-004
  -2.33139944441       0.389041758845        36.7200000000       0.121440667020      -4.920851991510E-003 -4.547921212077E-004
  -2.91424930551       0.486302198557        36.7200000000       0.119645733735      -5.507283908523E-003 -1.097707259385E-003
  -3.49709916661       0.583562638268        36.7200000000       0.118067601627      -6.185982400967E-003 -1.130538742598E-003
  -4.07994902771       0.680823077979        36.7200000000       0.115084511290      -6.974141714221E-003 -1.099392512658E-003
  -4.66279888881       0.778083517691        36.7200000000       0.112248472409      -8.334756823966E-003 -1.024391462970E-003
  -5.24564874991       0.875343957402        36.7200000000       0.108900543055      -8.806318641634E-003 -1.236249067974E-003
  -5.82849861102       0.972604397113        36.7200000000       0.104639060563      -7.675419803892E-003 -1.071584859806E-003
  -6.41134847212        1.06986483682        36.7200000000       9.850796805032E-002 -7.303613695725E-003 -9.691198203270E-004
   0.00000000000        0.00000000000        36.7200000000       0.121831560758      -4.282697060367E-003 -3.656266498298E-004
 -0.582849861102      -9.726043971134E-002   36.7200000000       0.120059444883      -4.364551615470E-003 -5.898723751155E-004
  -1.16569972220      -0.194520879423        36.7200000000       0.119542826847      -3.949763775064E-003 -6.513946851032E-004
  -1.74854958330      -0.291781319134        36.7200000000       0.120474564372      -4.178632428582E-003 -5.202329923287E-004
  -2.33139944441      -0.389041758845        36.7200000000       0.120703885285      -4.446352104109E-003 -4.585447978012E-004
  -2.91424930551      -0.486302198557        36.7200000000       0.120545503622      -2.194961010291E-003 -9.752883544066E-004
  -3.49709916661      -0.583562638268        36.7200000000       0.118850369139       2.408945198449E-003 -1.176555281322E-003
  -4.07994902771      -0.680823077979        36.7200000000       0.115487812859       3.439673804996E-003 -1.079062635712E-003
  -4.66279888881      -0.778083517691        36.7200000000       0.112238495443       8.523282315709E-004 -1.273534930863E-003
  -5.24564874991      -0.875343957402        36.7200000000       0.110418016446       1.571353532879E-004 -1.391830985895E-003
  -5.82849861102      -0.972604397113        36.7200000000       0.105063568738       5.585297114345E-004 -1.132375104670E-003
  -6.41134847212       -1.06986483682        36.7200000000       9.795124773383E-002  1.092416586364E-003 -8.202232631638E-004
   0.00000000000        0.00000000000        36.7200000000       0.121831560758      -4.282697060367E-003 -3.656266498298E-004
 -0.519689034804      -0.281241641340        36.7200000000       0.119988508781      -4.547090926969E-003 -5.818998046381E-004
  -1.03937806961      -0.562483282680        36.7200000000       0.120025025886      -4.369789254081E-003 -5.950814946749E-004
  -1.55906710441      -0.843724924020        36.7200000000       0.119946697657      -4.182546160811E-003 -5.971142865429E-004
  -2.07875613922       -1.12496656536        36.7200000000       0.120431391853      -4.422997415097E-003 -5.071808551146E-004
  -2.59844517402       -1.40620820670        36.7200000000       0.125162405876      -1.862263384232E-003 -8.753362888932E-004
  -3.11813420882       -1.68744984804        36.7200000000       0.127455799278       6.571666902170E-003 -8.301159722213E-004
  -3.63782324363       -1.96869148938        36.7200000000       0.121838657059       1.320667749349E-002 -1.031421832730E-003
  -4.15751227843       -2.24993313072        36.7200000000       0.116790299360       1.549713750169E-002 -9.826361252859E-004
  -4.67720131323       -2.53117477206        36.7200000000       0.113059729640       1.888792218065E-002 -1.197486034024E-003
  -5.19689034804       -2.81241641340        36.7200000000       0.103358628455       2.411806401612E-002 -1.315368730243E-003
  -5.71657938284       -3.09365805474        36.7200000000       8.910406384972E-002  3.123947862756E-002  1.427488763529E-003
   0.00000000000        0.00000000000        36.7200000000       0.121831560758      -4.282697060367E-003 -3.656266498298E-004
 -0.400211837779      -0.434745947216        36.7200000000       0.120011576500      -4.741296180109E-003 -5.465320892142E-004
 -0.800423675558      -0.869491894432        36.7200000000       0.122532448661      -6.230532609720E-003 -4.169249108808E-004
  -1.20063551334       -1.30423784165        36.7200000000       0.121572514863      -5.532613901588E-003 -5.002655768010E-004
  -1.60084735112       -1.73898378886        36.7200000000       0.120732063569      -3.220797906886E-003 -3.138992171446E-004
  -2.00105918889       -2.17372973608        36.7200000000       0.118669544807      -1.956098644561E-002 -1.449479556995E-003
  -2.40127102667       -2.60847568330        36.7200000000       0.133621514920       1.707894696658E-003 -5.906653502709E-004
  -2.80148286445       -3.04322163051        36.7200000000       0.141449049627       5.693972110800E-003 -5.951034490971E-004
  -3.20169470223       -3.47796757773        36.7200000000       0.148184169280       1.575381738549E-002 -6.303633755086E-004
  -3.60190654001       -3.91271352494        36.7200000000       0.148867583110       4.328773865702E-002 -1.558432946978E-004
  -4.00211837779       -4.34745947216        36.7200000000       0.134771213708       6.472339542649E-002  6.577165811284E-004
  -4.40233021557       -4.78220541938        36.7200000000       0.118422010598       6.549791415945E-002 -1.214111101650E-004
   0.00000000000        0.00000000000        36.7200000000       0.121831560758      -4.282697060367E-003 -3.656266498298E-004
 -0.237365478204      -0.541138783933        36.7200000000       0.120325951292      -4.781663997043E-003 -5.025050818565E-004
 -0.474730956408       -1.08227756787        36.7200000000       0.119774052524      -4.648861889771E-003 -3.208164469391E-004
 -0.712096434612       -1.62341635180        36.7200000000       0.123623913338      -5.036918365381E-003 -7.338553561523E-005
 -0.949461912816       -2.16455513573        36.7200000000       0.121673702679      -2.512531154002E-003 -5.437537105818E-005
  -1.18682739102       -2.70569391966        36.7200000000       0.128798015744      -9.543206093380E-003 -4.010262712432E-004
  -1.42419286922       -3.24683270360        36.7200000000       0.128149418807      -1.216273740065E-002 -3.335894781456E-004
  -1.66155834743       -3.78797148753        36.7200000000       0.132538149135      -2.036376150557E-002 -4.394863327253E-004
  -1.89892382563       -4.32911027146        36.7200000000       0.152252471185      -4.224010790392E-002 -3.151625914214E-004
  -2.13628930384       -4.87024905539        36.7200000000       0.172100285812      -0.100261343776       2.321659488838E-004
  -2.37365478204       -5.41138783933        36.7200000000       1.645663800938E-002 -0.256171323515       6.170906494403E-004
  -2.61102026024       -5.95252662326        36.7200000000      -6.840887079759E-002 -3.760969242747E-002  8.109204946715E-004
   0.00000000000        0.00000000000        36.7200000000       0.121831560758      -4.282697060367E-003 -3.656266498298E-004
 -4.879688596092E-002 -0.588890836777        36.7200000000       0.120897565769      -4.663819898437E-003 -4.545897919617E-004
 -9.759377192185E-002  -1.17778167355        36.7200000000       0.120006870541      -3.481374871559E-003 -1.795491922808E-004
 -0.146390657883       -1.76667251033        36.7200000000       0.122012777361      -4.199038958753E-003 -1.615406550080E-005
 -0.195187543844       -2.35556334711        36.7200000000       0.122487707294      -4.722265588365E-003 -1.924445158715E-004
 -0.243984429805       -2.94445418388        36.7200000000       0.130802005053      -8.051633978421E-003 -5.349710685405E-004
 -0.292781315766       -3.53334502066        36.7200000000       0.132671118654      -9.805762132009E-003 -2.315066275888E-004
 -0.341578201726       -4.12223585744        36.7200000000       0.116373872697      -1.085437220032E-002 -2.758692493357E-004
 -0.390375087687       -4.71112669421        36.7200000000       0.103797588413      -1.523428250903E-002 -1.736220528154E-004
 -0.439171973648       -5.30001753099        36.7200000000       8.736160773496E-002 -2.230580348170E-002 -4.221828682215E-004
 -0.487968859609       -5.88890836777        36.7200000000       6.761391793850E-002 -2.199494966860E-002  3.562160114136E-004
 -0.536765745570       -6.47779920454        36.7200000000       4.843847175389E-002 -1.977953826514E-002  1.256724119216E-003
   0.00000000000        0.00000000000        36.7200000000       0.121831560758      -4.282697060367E-003 -3.656266498298E-004
  0.145059606038      -0.572827429873        36.7200000000       0.121664476633      -4.400534120914E-003 -4.079785846721E-004
  0.290119212075       -1.14565485975        36.7200000000       0.121512906701      -3.031760661386E-003 -9.434404866788E-005
  0.435178818113       -1.71848228962        36.7200000000       0.119377984462      -4.518291983514E-003 -3.080702628294E-004
  0.580238424151       -2.29130971949        36.7200000000       0.123396513699      -4.472447786176E-003  2.984692317211E-004
  0.725298030189       -2.86413714937        36.7200000000       0.138239574507      -2.178425472147E-002 -1.766003536028E-003
  0.870357636226       -3.43696457924        36.7200000000       0.135992571430      -2.786553919961E-004 -2.598442212734E-004
   1.01541724226       -4.00979200911        36.7200000000       0.130418131255       7.731447448250E-006  1.600513570591E-004
   1.16047684830       -4.58261943899        36.7200000000       0.120996862165       2.039228866266E-002 -5.533931272925E-004
   1.30553645434       -5.15544686886        36.7200000000       9.814805511292E-002  4.218642714376E-002 -2.614426877881E-003
   1.45059606038       -5.72827429873        36.7200000000       6.213336492534E-002  4.749814722202E-002 -6.331364687437E-003
   1.59565566642       -6.30110172861        36.7200000000       3.501731287663E-002  3.911376883326E-002 -1.712742359552E-002
   0.00000000000        0.00000000000        36.7200000000       0.121831560758      -4.282697060367E-003 -3.656266498298E-004
  0.323196638891      -0.494689282610        36.7200000000       0.122543577192      -4.020337763767E-003 -3.677225075449E-004
  0.646393277781      -0.989378565219        36.7200000000       0.123020733364      -2.964826986921E-003 -8.607514858862E-005
  0.969589916672       -1.48406784783        36.7200000000       0.121766418969      -4.224142187964E-003 -2.617862977613E-004
   1.29278655556       -1.97875713044        36.7200000000       0.118728940312       9.266124285808E-005  9.452093766677E-004
   1.61598319445       -2.47344641305        36.7200000000       0.137509623509      -6.145548003534E-003  1.104453525346E-004
   1.93917983334       -2.96813569566        36.7200000000       0.138181395531      -2.450286077670E-003  2.289069651229E-004
   2.26237647223       -3.46282497827        36.7200000000       0.153938464094      -5.716385444945E-003  2.718690235580E-005
   2.58557311112       -3.95751426088        36.7200000000       0.176446844946      -1.123531960298E-002 -2.036047353027E-004
   2.90876975001       -4.45220354349        36.7200000000       0.213663769722      -3.856143426541E-002 -4.865313944523E-004
   3.23196638891       -4.94689282610        36.7200000000       0.211689645754      -0.158733652927      -7.315910449270E-004
   3.55516302780       -5.44158210871        36.7200000000       8.326296188504E-002 -0.137766477273      -6.945983397400E-004
   0.00000000000        0.00000000000        36.7200000000       0.121831560758      -4.282697060367E-003 -3.656266498298E-004
  0.466310301007      -0.362943875680        36.7200000000       0.123213622914      -3.814568738018E-003 -3.118959220414E-004
  0.932620602014      -0.725887751361        36.7200000000       0.124366954116      -3.287827150376E-003 -1.556385556718E-004
   1.39893090302       -1.08883162704        36.7200000000       0.124713141977      -3.290415945596E-003 -1.181285018460E-004
   1.86524120403       -1.45177550272        36.7200000000       0.120509544214      -1.550494805795E-003  3.101740633867E-004
   2.33155150503       -1.81471937840        36.7200000000       0.136830791406      -7.136790001422E-003  1.019213281045E-003
   2.79786180604       -2.17766325408        36.7200000000       0.136463708997      -8.262450136085E-003  3.052340812281E-004
   3.26417210705       -2.54060712976        36.7200000000       0.141449109630      -1.760083182467E-002  3.559747031868E-004
   3.73048240806       -2.90355100544        36.7200000000       0.138592543357      -2.790327119095E-002  3.994382346439E-004
   4.19679270906       -3.26649488112        36.7200000000       0.132698454929      -3.980682277967E-002  5.874772472646E-004
   4.66310301007       -3.62943875680        36.7200000000       0.126485863416      -5.127626771411E-002 -6.101132246335E-004
   5.12941331108       -3.99238263248        36.7200000000       0.113381032265      -5.403100441654E-002 -5.810168031386E-004
   0.00000000000        0.00000000000        36.7200000000       0.121831560758      -4.282697060367E-003 -3.656266498298E-004
  0.558892006459      -0.191867868166        36.7200000000       0.123509458972      -3.907963380208E-003 -2.357828645659E-004
   1.11778401292      -0.383735736333        36.7200000000       0.125187357187      -3.533229700049E-003 -1.059390793021E-004
   1.67667601938      -0.575603604499        36.7200000000       0.125643889032      -2.462278728225E-003  2.098103063824E-004
   2.23556802584      -0.767471472666        36.7200000000       0.123825304220      -1.575314159840E-003  2.756327941782E-004
   2.79446003230      -0.959339340832        36.7200000000       0.129382370754      -4.531634423131E-003  1.487034686254E-003
   3.35335203876       -1.15120720900        36.7200000000       0.130294885510      -8.062859311535E-003  1.117609889811E-003
   3.91224404522       -1.34307507716        36.7200000000       0.130329620315      -1.115812537224E-002  6.901113217855E-004
   4.47113605168       -1.53494294533        36.7200000000       0.124454930217      -1.451610506719E-002  5.244232927323E-004
   5.03002805814       -1.72681081350        36.7200000000       0.115838798891      -1.417408801230E-002  4.207148247836E-004
   5.58892006459       -1.91867868166        36.7200000000       0.108981244940      -1.252955250656E-002  6.312873740530E-004
   6.14781207105       -2.11054654983        36.7200000000       0.100448222717      -1.096414184861E-002  1.010735583174E-005
   0.00000000000        0.00000000000        36.7200000000       0.121831560758      -4.282697060367E-003 -3.656266498298E-004
  0.590909090909        0.00000000000        36.7200000000       0.123623468725      -4.041966231235E-003 -1.737403959577E-004
   1.18181818182      -1.172487511250E-015   36.7200000000       0.125415376691      -3.801235402104E-003  1.814585791445E-005
   1.77272727273        0.00000000000        36.7200000000       0.124366432478      -2.299369225520E-003  3.062783299717E-004
   2.36363636364        0.00000000000        36.7200000000       0.120636881678       4.779627384752E-004  6.649617217518E-004
   2.95454545455        0.00000000000        36.7200000000       0.129075735200      -1.271738005219E-003  1.424391116413E-003
   3.54545454545        0.00000000000        36.7200000000       0.128817574229      -1.620423871893E-003  9.282618078029E-004
   4.13636363636        0.00000000000        36.7200000000       0.125731656757      -2.241890971905E-003  5.438877146317E-004
   4.72727272727        0.00000000000        36.7200000000       0.119356631828      -1.480703044991E-003  2.578916961884E-004
   5.31818181818        0.00000000000        36.7200000000       0.120178757450      -6.098578982129E-004  1.904869410032E-004
   5.90909090909        0.00000000000        36.7200000000       0.115808789808      -1.832509897456E-003  7.431407786351E-004
   6.50000000000        0.00000000000        36.7200000000       0.110799489931      -1.877585579993E-003  2.141316443257E-004
