 12 20 1 1
 1 X [LENGU]
 2 Y [LENGU]
 3 Z [LENGU]
 4 Hx [FIELU]
 5 Hy [FIELU]
 6 Hz [FIELU]
 0
   0.00000000000        0.00000000000       -70.0000000000       0.265281401001       3.611205416199E-003  1.319403436592E-003
  0.590909090909        0.00000000000       -70.0000000000       0.241466650073      -1.752277618096E-002 -2.690944920155E-003
   1.18181818182        0.00000000000       -70.0000000000       0.230676439448      -2.270104306123E-002 -4.277434489097E-003
   1.77272727273        0.00000000000       -70.0000000000       0.246003218898      -2.198956065229E-002 -3.801944215498E-003
   2.36363636364        0.00000000000       -70.0000000000       0.269426733125      -1.802163335641E-002 -2.784232531625E-003
   2.95454545455        0.00000000000       -70.0000000000       0.247168160252      -9.330179766224E-003 -3.608590257357E-003
   3.54545454545        0.00000000000       -70.0000000000       0.238901534799      -8.710346184506E-003 -3.667805593346E-003
   4.13636363636        0.00000000000       -70.0000000000       0.230345612680      -7.610018955331E-003 -3.586472853495E-003
   4.72727272727        0.00000000000       -70.0000000000       0.221789690561      -6.509691726157E-003 -3.505140113643E-003
   5.31818181818        0.00000000000       -70.0000000000       0.212921088529      -4.966176007233E-003 -3.431391044877E-003
   5.90909090909        0.00000000000       -70.0000000000       0.203621424707      -6.618810109164E-003 -3.731257886955E-003
   6.50000000000        0.00000000000       -70.0000000000       0.193259513042      -6.356796944614E-004 -2.353807839233E-003
   0.00000000000        0.00000000000       -70.0000000000       0.265281401001       3.611205416199E-003  1.319403436592E-003
  0.558892006459       0.191867868166       -70.0000000000       0.240677348449      -1.660968804035E-002 -2.149945899173E-003
   1.11778401292       0.383735736333       -70.0000000000       0.219527745288      -3.431197278582E-002 -5.133649599484E-003
   1.67667601938       0.575603604499       -70.0000000000       0.221096753272      -3.230522301523E-002 -4.779177405529E-003
   2.23556802584       0.767471472666       -70.0000000000       0.234503130600      -2.848664624010E-002 -4.386770410556E-003
   2.79446003230       0.959339340832       -70.0000000000       0.254925297325       1.305476304254E-003 -2.871677237266E-003
   3.35335203876        1.15120720900       -70.0000000000       0.245557482015       9.900050115350E-003 -2.601725693790E-003
   3.91224404522        1.34307507716       -70.0000000000       0.235945087766       1.415478622701E-002 -2.559981554634E-003
   4.47113605168        1.53494294533       -70.0000000000       0.226970508987       1.883766551044E-002 -2.504757464924E-003
   5.03002805814        1.72681081350       -70.0000000000       0.217995930208       2.352054479386E-002 -2.449533375214E-003
   5.58892006459        1.91867868166       -70.0000000000       0.202008669093       2.373460429540E-002 -3.037853582089E-003
   6.14781207105        2.11054654983       -70.0000000000       0.181638615399       1.752807446267E-002 -2.618803139646E-003
   0.00000000000        0.00000000000       -70.0000000000       0.265281401001       3.611205416199E-003  1.319403436592E-003
  0.466310301007       0.362943875680       -70.0000000000       0.242836720247      -1.320850254712E-002 -1.189110986503E-003
  0.932620602014       0.725887751361       -70.0000000000       0.236877601089      -1.620474523933E-002 -1.297243685669E-003
   1.39893090302        1.08883162704       -70.0000000000       0.240701347806      -1.149109371797E-002 -3.871048969918E-004
   1.86524120403        1.45177550272       -70.0000000000       0.227948145657      -2.230233672180E-002 -2.998973451921E-003
   2.33155150503        1.81471937840       -70.0000000000       0.268031812205       6.508643761205E-003 -2.336076710076E-003
   2.79786180604        2.17766325408       -70.0000000000       0.263830129599       1.908611104746E-002 -2.032545850669E-003
   3.26417210705        2.54060712976       -70.0000000000       0.260817095269       3.590637643423E-002 -1.237435701659E-003
   3.73048240806        2.90355100544       -70.0000000000       0.259375118779       5.743293409176E-002 -3.859592242751E-004
   4.19679270906        3.26649488112       -70.0000000000       0.256752972047       7.892793008651E-002  4.885499375033E-004
   4.66310301007        3.62943875680       -70.0000000000       0.242262359784       0.106128069068       1.724732848353E-003
   5.12941331108        3.99238263248       -70.0000000000       0.221540800468       0.108850480110      -7.935313434764E-004
   0.00000000000        0.00000000000       -70.0000000000       0.265281401001       3.611205416199E-003  1.319403436592E-003
  0.323196638891       0.494689282610       -70.0000000000       0.247710764027      -7.687790924318E-003  8.743844617856E-005
  0.646393277781       0.989378565219       -70.0000000000       0.251443954962      -2.656078546444E-003  1.887101041715E-003
  0.969589916672        1.48406784783       -70.0000000000       0.252080617084      -1.181819327180E-003  2.172771853758E-003
   1.29278655556        1.97875713044       -70.0000000000       0.248208514272      -2.346605079974E-004  1.552526797711E-003
   1.61598319445        2.47344641305       -70.0000000000       0.275594099534      -2.316650693190E-003 -1.835028440952E-003
   1.93917983334        2.96813569566       -70.0000000000       0.287619097856       3.263481606005E-003 -1.537915805552E-003
   2.26237647223        3.46282497827       -70.0000000000       0.320163897792      -8.725804487574E-003 -1.377635684649E-003
   2.58557311112        3.95751426088       -70.0000000000       0.376891811215       7.469190021556E-003 -1.200134938386E-003
   2.90876975001        4.45220354349       -70.0000000000       0.446095710383       6.994914474178E-002 -6.930490192839E-004
   3.23196638891        4.94689282610       -70.0000000000       0.444846566377       0.372199286349       1.582029475896E-004
   3.55516302780        5.44158210871       -70.0000000000       0.153044031013       0.321542597113       1.155600948580E-003
   0.00000000000        0.00000000000       -70.0000000000       0.265281401001       3.611205416199E-003  1.319403436592E-003
  0.145059606038       0.572827429873       -70.0000000000       0.253739089361      -1.730672633830E-003  1.381012081971E-003
  0.290119212075        1.14565485975       -70.0000000000       0.257456363272       1.303756205468E-004  3.169940442439E-003
  0.435178818113        1.71848228962       -70.0000000000       0.257468037694       2.254159472709E-003  3.378461620368E-003
  0.580238424151        2.29130971949       -70.0000000000       0.253637877636       3.411783400661E-003  2.756710538521E-003
  0.725298030189        2.86413714937       -70.0000000000       0.274407264922       3.691163050556E-003  2.043175708919E-004
  0.870357636226        3.43696457924       -70.0000000000       0.259888872733      -3.197887582116E-002 -1.045972621940E-003
   1.01541724226        4.00979200911       -70.0000000000       0.259742129248      -4.182331540889E-002 -7.570396297802E-004
   1.16047684830        4.58261943899       -70.0000000000       0.224707506088      -9.118399692423E-002 -4.705732288005E-004
   1.30553645434        5.15544686886       -70.0000000000       0.187408238182      -0.121586902843      -9.126880934661E-004
   1.45059606038        5.72827429873       -70.0000000000       9.966704743599E-002 -0.130968315496      -6.413900228259E-004
   1.59565566642        6.30110172861       -70.0000000000       3.613412778458E-002 -9.083777209973E-002 -1.286788849849E-004
   0.00000000000        0.00000000000       -70.0000000000       0.265281401001       3.611205416199E-003  1.319403436592E-003
 -4.879688596092E-002  0.588890836777       -70.0000000000       0.255455340392      -1.041300228644E-003  1.803706754709E-003
 -9.759377192185E-002   1.17778167355       -70.0000000000       0.257900958291       6.436544098176E-004  3.284489830580E-003
 -0.146390657883        1.76667251033       -70.0000000000       0.257670220692       2.976505008211E-003  3.456080047114E-003
 -0.195187543844        2.35556334711       -70.0000000000       0.257799726554       4.087027367610E-003  3.523875621155E-003
 -0.243984429805        2.94445418388       -70.0000000000       0.269385378438       1.951989280697E-003  4.197354992097E-004
 -0.292781315766        3.53334502066       -70.0000000000       0.254626566747      -1.272488821675E-002  7.728840771871E-004
 -0.341578201726        4.12223585744       -70.0000000000       0.223116929422       3.551799611235E-003  6.043374724976E-004
 -0.390375087687        4.71112669421       -70.0000000000       0.201206219612       2.314901253257E-002  5.924645689314E-004
 -0.439171973648        5.30001753099       -70.0000000000       0.159408522750       3.410260390117E-002  4.886475842849E-004
 -0.487968859609        5.88890836777       -70.0000000000       0.108695508036       3.768949961016E-002  4.358423840262E-004
 -0.536765745570        6.47779920454       -70.0000000000       8.336981859158E-002  4.056972109869E-002  4.765983742907E-004
   0.00000000000        0.00000000000       -70.0000000000       0.265281401001       3.611205416199E-003  1.319403436592E-003
 -0.237365478204       0.541138783933       -70.0000000000       0.258236397557       1.522433542243E-004  2.173919648190E-003
 -0.474730956408        1.08227756787       -70.0000000000       0.258243201411       1.314671891719E-003  3.349127571639E-003
 -0.712096434612        1.62341635180       -70.0000000000       0.257849262025       2.650519438553E-003  3.452799307524E-003
 -0.949461912816        2.16455513573       -70.0000000000       0.258243292051       2.594809337240E-003  3.475454177969E-003
  -1.18682739102        2.70569391966       -70.0000000000       0.280049415326       9.506002260468E-003  1.883352718902E-003
  -1.42419286922        3.24683270360       -70.0000000000       0.280729486592       1.908102247026E-002  1.566115812981E-003
  -1.66155834743        3.78797148753       -70.0000000000       0.307231765828       3.846821965430E-002  1.387037570165E-003
  -1.89892382563        4.32911027146       -70.0000000000       0.337504686807       9.380505105709E-002  1.363760571105E-003
  -2.13628930384        4.87024905539       -70.0000000000       0.366915196551       0.226756666284       1.259416460049E-003
  -2.37365478204        5.41138783933       -70.0000000000       0.112498354322       0.221622750854       1.377747071801E-003
  -2.61102026024        5.95252662326       -70.0000000000      -0.193884469596       7.244651402705E-002  1.244162906796E-003
   0.00000000000        0.00000000000       -70.0000000000       0.265281401001       3.611205416199E-003  1.319403436592E-003
 -0.400211837779       0.434745947216       -70.0000000000       0.261780890160       1.720619147834E-003  2.451532450958E-003
 -0.800423675558       0.869491894432       -70.0000000000       0.258402353974       6.720948277579E-004  3.348314118893E-003
  -1.20063551334        1.30423784165       -70.0000000000       0.258255130733       2.322935867183E-003  3.450373756052E-003
  -1.60084735112        1.73898378886       -70.0000000000       0.260908476690       4.958251457070E-003  4.033273071659E-003
  -2.00105918889        2.17372973608       -70.0000000000       0.255847234497       5.350610053056E-002  6.308089301884E-003
  -2.40127102667        2.60847568330       -70.0000000000       0.285332573692      -3.722114836959E-003  3.326914608801E-003
  -2.80148286445        3.04322163051       -70.0000000000       0.299962813894      -5.052478890440E-002  3.127171864987E-003
  -3.20169470223        3.47796757773       -70.0000000000       0.306973679072      -7.620275242862E-002  2.739093033078E-003
  -3.60190654001        3.91271352494       -70.0000000000       0.313984544250      -0.101880715953       2.351014201168E-003
  -4.00211837779        4.34745947216       -70.0000000000       0.287195856831      -0.155992320904       3.605671192479E-003
  -4.40233021557        4.78220541938       -70.0000000000       0.243940381501      -0.164028280454       3.013172303576E-004
   0.00000000000        0.00000000000       -70.0000000000       0.265281401001       3.611205416199E-003  1.319403436592E-003
 -0.519689034804       0.281241641340       -70.0000000000       0.265704717428       3.493869299089E-003  2.606461508229E-003
  -1.03937806961       0.562483282680       -70.0000000000       0.262521953621       3.522815610987E-003  4.014620046693E-003
  -1.55906710441       0.843724924020       -70.0000000000       0.263138989767       6.677815916325E-003  4.381922103640E-003
  -2.07875613922        1.12496656536       -70.0000000000       0.265838701753       9.382956049249E-003  5.021729832240E-003
  -2.59844517402        1.40620820670       -70.0000000000       0.256828226153       7.945535261300E-003  5.528748365796E-003
  -3.11813420882        1.68744984804       -70.0000000000       0.250088362613      -9.699190082640E-003  3.984081393708E-003
  -3.63782324363        1.96869148938       -70.0000000000       0.242997795689      -2.479330354127E-002  3.763182012676E-003
  -4.15751227843        2.24993313072       -70.0000000000       0.231585475298      -2.565187908244E-002  2.380372982945E-003
  -4.67720131323        2.53117477206       -70.0000000000       0.223864575860      -4.459495495536E-002  1.820519159952E-003
  -5.19689034804        2.81241641340       -70.0000000000       0.201217900518      -5.648495046223E-002  1.091565969781E-003
  -5.71657938284        3.09365805474       -70.0000000000       0.177050173964      -7.282669481572E-002  4.734098202738E-003
   0.00000000000        0.00000000000       -70.0000000000       0.265281401001       3.611205416199E-003  1.319403436592E-003
 -0.582849861102       9.726043971134E-002  -70.0000000000       0.269582671793       5.279834639290E-003  2.621917852674E-003
  -1.16569972220       0.194520879423       -70.0000000000       0.268614331932       7.162228225973E-003  4.101397912529E-003
  -1.74854958330       0.291781319134       -70.0000000000       0.268112415547       9.726383574336E-003  5.315794439292E-003
  -2.33139944441       0.389041758845       -70.0000000000       0.270872779574       1.338260704720E-002  5.989941166102E-003
  -2.91424930551       0.486302198557       -70.0000000000       0.235742598498       1.997061125097E-003  5.938518507702E-003
  -3.49709916661       0.583562638268       -70.0000000000       0.236586248909       1.881546471947E-003  4.409857719771E-003
  -4.07994902771       0.680823077979       -70.0000000000       0.225361721731      -2.647021067790E-003  4.178153624290E-003
  -4.66279888881       0.778083517691       -70.0000000000       0.217057954109      -8.129672784549E-003  3.639386714136E-003
  -5.24564874991       0.875343957402       -70.0000000000       0.206140046899      -1.163757337905E-002  2.935174227340E-003
  -5.82849861102       0.972604397113       -70.0000000000       0.193756669509      -1.206063051413E-002  3.046086403487E-003
  -6.41134847212        1.06986483682       -70.0000000000       0.182213505232      -1.353395985521E-002  2.510485521749E-003
   0.00000000000        0.00000000000       -70.0000000000       0.265281401001       3.611205416199E-003  1.319403436592E-003
 -0.582849861102      -9.726043971134E-002  -70.0000000000       0.272756509991       6.894632972730E-003  2.504219363057E-003
  -1.16569972220      -0.194520879423       -70.0000000000       0.274921021139       1.039348755842E-002  3.867377377329E-003
  -1.74854958330      -0.291781319134       -70.0000000000       0.272789092099       1.185398343097E-002  5.798742903102E-003
  -2.33139944441      -0.389041758845       -70.0000000000       0.276951141122       1.692928008413E-002  6.932656448953E-003
  -2.91424930551      -0.486302198557       -70.0000000000       0.228815593047       1.114657038651E-003  5.664365368727E-003
  -3.49709916661      -0.583562638268       -70.0000000000       0.234413232054       1.086724216709E-002  4.345715807616E-003
  -4.07994902771      -0.680823077979       -70.0000000000       0.218396460646       4.380708222597E-003  4.660803069850E-003
  -4.66279888881      -0.778083517691       -70.0000000000       0.212519740668       9.473428597095E-003  3.454979751535E-003
  -5.24564874991      -0.875343957402       -70.0000000000       0.205107077603       1.157150484998E-002  2.795151886312E-003
  -5.82849861102      -0.972604397113       -70.0000000000       0.198599672942       1.015657404974E-002  2.389374801404E-003
  -6.41134847212       -1.06986483682       -70.0000000000       0.183386248967       8.010140660735E-003  6.622307120848E-004
   0.00000000000        0.00000000000       -70.0000000000       0.265281401001       3.611205416199E-003  1.319403436592E-003
 -0.519689034804      -0.281241641340       -70.0000000000       0.275570525890       8.135357514772E-003  2.243008201832E-003
  -1.03937806961      -0.562483282680       -70.0000000000       0.280571573848       1.277770879748E-002  3.362651704171E-003
  -1.55906710441      -0.843724924020       -70.0000000000       0.281049869048       1.522841974161E-002  5.213136263414E-003
  -2.07875613922       -1.12496656536       -70.0000000000       0.285044935410       1.867435614629E-002  7.954702242101E-003
  -2.59844517402       -1.40620820670       -70.0000000000       0.250583192767      -1.115179889563E-002  4.107349022383E-003
  -3.11813420882       -1.68744984804       -70.0000000000       0.234519251057       1.778807543324E-002  4.560498109218E-003
  -3.63782324363       -1.96869148938       -70.0000000000       0.232049735736       2.972914549909E-002  4.160800631014E-003
  -4.15751227843       -2.24993313072       -70.0000000000       0.231301445375       3.717237582766E-002  3.048125739772E-003
  -4.67720131323       -2.53117477206       -70.0000000000       0.220541353634       4.403216046871E-002  2.210434149132E-003
  -5.19689034804       -2.81241641340       -70.0000000000       0.195240962495       5.888416464749E-002  3.693256214613E-003
  -5.71657938284       -3.09365805474       -70.0000000000       0.174452891555       6.548553449930E-002  5.573746354374E-003
   0.00000000000        0.00000000000       -70.0000000000       0.265281401001       3.611205416199E-003  1.319403436592E-003
 -0.400211837779      -0.434745947216       -70.0000000000       0.277031548719       8.895474838492E-003  1.889702946602E-003
 -0.800423675558      -0.869491894432       -70.0000000000       0.285494457784       1.431309272332E-002  2.570395489958E-003
  -1.20063551334       -1.30423784165       -70.0000000000       0.289263757309       1.775306932215E-002  4.161389681947E-003
  -1.60084735112       -1.73898378886       -70.0000000000       0.299016558831       3.196289904514E-002  1.073577765287E-002
  -2.00105918889       -2.17372973608       -70.0000000000       0.201283801098      -9.674637489996E-002  5.030499220787E-003
  -2.40127102667       -2.60847568330       -70.0000000000       0.265528720241      -5.205446397302E-003  5.066391285249E-003
  -2.80148286445       -3.04322163051       -70.0000000000       0.279764300552       2.535958593552E-002  4.100589838988E-003
  -3.20169470223       -3.47796757773       -70.0000000000       0.292412320190       5.241761814367E-002  3.218380970571E-003
  -3.60190654001       -3.91271352494       -70.0000000000       0.302094221938       9.649388397283E-002  2.651593274683E-003
  -4.00211837779       -4.34745947216       -70.0000000000       0.276498845632       0.149713242546       4.328774123840E-003
  -4.40233021557       -4.78220541938       -70.0000000000       0.231388058310       0.154996463769       3.820647014802E-003
   0.00000000000        0.00000000000       -70.0000000000       0.265281401001       3.611205416199E-003  1.319403436592E-003
 -0.237365478204      -0.541138783933       -70.0000000000       0.277219260721       9.082959576417E-003  1.474596890355E-003
 -0.474730956408       -1.08227756787       -70.0000000000       0.288615409298       1.457668851721E-002  1.647982250032E-003
 -0.712096434612       -1.62341635180       -70.0000000000       0.296033818502       1.940201265259E-002  2.125368836998E-003
 -0.949461912816       -2.16455513573       -70.0000000000       0.318633403677       5.553228482215E-002  1.349588210965E-002
  -1.18682739102       -2.70569391966       -70.0000000000       0.289428146063      -2.429364425220E-002  5.094071996270E-004
  -1.42419286922       -3.24683270360       -70.0000000000       0.285597344918      -4.566566910604E-002  5.291576337050E-003
  -1.66155834743       -3.78797148753       -70.0000000000       0.295208506363      -6.758723199986E-002  7.577872207991E-003
  -1.89892382563       -4.32911027146       -70.0000000000       0.330406183545      -0.110853996992       3.902031333437E-003
  -2.13628930384       -4.87024905539       -70.0000000000       0.363604052817      -0.267763568157       3.044759476937E-003
  -2.37365478204       -5.41138783933       -70.0000000000       1.189441960899E-002 -0.271491653048       2.206877579903E-003
  -2.61102026024       -5.95252662326       -70.0000000000      -0.196205029092      -8.955678740894E-002  1.676851437171E-003
   0.00000000000        0.00000000000       -70.0000000000       0.265281401001       3.611205416199E-003  1.319403436592E-003
 -4.879688596092E-002 -0.588890836777       -70.0000000000       0.276113320387       8.677494848070E-003  1.042673215317E-003
 -9.759377192185E-002  -1.17778167355       -70.0000000000       0.285884299822       1.262872639975E-002  6.011236908144E-004
 -0.146390657883       -1.76667251033       -70.0000000000       0.297228305746       1.697712004972E-002  2.959544369971E-004
 -0.195187543844       -2.35556334711       -70.0000000000       0.339170275477       8.322610277280E-002  1.793340538433E-002
 -0.243984429805       -2.94445418388       -70.0000000000       0.295796948466      -1.551438038677E-002 -3.641041308948E-003
 -0.292781315766       -3.53334502066       -70.0000000000       0.283939581899      -3.472400226961E-002 -1.926021942635E-004
 -0.341578201726       -4.12223585744       -70.0000000000       0.258278255807      -4.648385340646E-002  4.956568930470E-005
 -0.390375087687       -4.71112669421       -70.0000000000       0.224481261977      -3.857857439219E-002  5.789456371230E-004
 -0.439171973648       -5.30001753099       -70.0000000000       0.172025667981      -4.223485129005E-002  1.174846197110E-003
 -0.487968859609       -5.88890836777       -70.0000000000       0.131478165059      -4.565408590483E-002  9.788720065157E-004
 -0.536765745570       -6.47779920454       -70.0000000000       9.403926614644E-002 -4.902629354698E-002  6.295090056146E-004
   0.00000000000        0.00000000000       -70.0000000000       0.265281401001       3.611205416199E-003  1.319403436592E-003
  0.145059606038      -0.572827429873       -70.0000000000       0.268032263815       1.625787922920E-003 -2.605083848117E-004
  0.290119212075       -1.14565485975       -70.0000000000       0.271977496933       1.446851536532E-003 -1.557495800903E-003
  0.435178818113       -1.71848228962       -70.0000000000       0.297230476435       1.629379481078E-003 -1.638208927778E-003
  0.580238424151       -2.29130971949       -70.0000000000       0.306352228421      -3.663076569006E-002 -5.766344398447E-003
  0.725298030189       -2.86413714937       -70.0000000000       0.316545705177       9.010235190386E-002 -1.977448904310E-003
  0.870357636226       -3.43696457924       -70.0000000000       0.280643457263       3.483229884054E-002 -5.874328271393E-003
   1.01541724226       -4.00979200911       -70.0000000000       0.260165418536       6.720444885102E-002 -4.570841931575E-003
   1.16047684830       -4.58261943899       -70.0000000000       0.236740986141       9.732235709381E-002 -3.243522335228E-003
   1.30553645434       -5.15544686886       -70.0000000000       0.193718251106       0.125787147533      -2.202194926221E-003
   1.45059606038       -5.72827429873       -70.0000000000       0.107543448831       0.129314562766      -2.174304618040E-003
   1.59565566642       -6.30110172861       -70.0000000000       3.079734688667E-002  9.539306744566E-002 -2.454518492325E-003
   0.00000000000        0.00000000000       -70.0000000000       0.265281401001       3.611205416199E-003  1.319403436592E-003
  0.323196638891      -0.494689282610       -70.0000000000       0.259162827221      -5.726058526963E-003 -1.468648286566E-003
  0.646393277781      -0.989378565219       -70.0000000000       0.271145061439      -1.294259502140E-003 -1.783760263335E-003
  0.969589916672       -1.48406784783       -70.0000000000       0.292267812478      -1.137369210441E-002 -3.114607243884E-003
   1.29278655556       -1.97875713044       -70.0000000000       0.291505692036      -4.628426729228E-002 -8.278229640204E-003
   1.61598319445       -2.47344641305       -70.0000000000       0.271984183844       7.627447594101E-003 -5.244964199628E-003
   1.93917983334       -2.96813569566       -70.0000000000       0.278870664860       1.111701864177E-002 -6.146611312184E-003
   2.26237647223       -3.46282497827       -70.0000000000       0.313203304853       1.462802866518E-002 -4.510674927855E-003
   2.58557311112       -3.95751426088       -70.0000000000       0.371411795679      -5.071157013939E-004 -4.150184013583E-003
   2.90876975001       -4.45220354349       -70.0000000000       0.452580073602      -6.191874403885E-002 -3.639647938673E-003
   3.23196638891       -4.94689282610       -70.0000000000       0.449769275006      -0.360808125076      -3.058756959517E-003
   3.55516302780       -5.44158210871       -70.0000000000       0.146931334144      -0.292772107892      -2.979962940467E-003
   0.00000000000        0.00000000000       -70.0000000000       0.265281401001       3.611205416199E-003  1.319403436592E-003
  0.466310301007      -0.362943875680       -70.0000000000       0.251238875592      -1.176921775893E-002 -2.330781464378E-003
  0.932620602014      -0.725887751361       -70.0000000000       0.263905182050      -6.842592565713E-003 -2.345879388666E-003
   1.39893090302       -1.08883162704       -70.0000000000       0.284842665989      -1.472440023013E-002 -3.247440029139E-003
   1.86524120403       -1.45177550272       -70.0000000000       0.288326867750      -4.654259747344E-002 -7.623674572273E-003
   2.33155150503       -1.81471937840       -70.0000000000       0.256469339963      -4.166197162904E-003 -3.813771968737E-003
   2.79786180604       -2.17766325408       -70.0000000000       0.273532580927      -3.168189451556E-002 -4.374240190558E-003
   3.26417210705       -2.54060712976       -70.0000000000       0.273393756888      -5.496758647336E-002 -4.470225187044E-003
   3.73048240806       -2.90355100544       -70.0000000000       0.263839326976      -6.627999035521E-002 -4.520659480249E-003
   4.19679270906       -3.26649488112       -70.0000000000       0.251170118802      -8.262005442700E-002 -4.679370694220E-003
   4.66310301007       -3.62943875680       -70.0000000000       0.238171124600      -0.110466727133      -5.499394992203E-003
   5.12941331108       -3.99238263248       -70.0000000000       0.215232308621      -0.111773641347      -5.705647347257E-003
   0.00000000000        0.00000000000       -70.0000000000       0.265281401001       3.611205416199E-003  1.319403436592E-003
  0.558892006459      -0.191867868166       -70.0000000000       0.245119092041      -1.584881970091E-002 -2.753482411059E-003
   1.11778401292      -0.383735736333       -70.0000000000       0.249709195849      -1.418326120972E-002 -3.212746825920E-003
   1.67667601938      -0.575603604499       -70.0000000000       0.274706776282      -9.583734247927E-003 -2.240067596961E-003
   2.23556802584      -0.767471472666       -70.0000000000       0.282383141403      -3.378712062907E-002 -5.222330987154E-003
   2.79446003230      -0.959339340832       -70.0000000000       0.244997876527      -1.349656428374E-002 -4.456864979357E-003
   3.35335203876       -1.15120720900       -70.0000000000       0.237556957771      -2.483904590930E-002 -4.675937871364E-003
   3.91224404522       -1.34307507716       -70.0000000000       0.228312727376      -2.628013238460E-002 -5.093717590392E-003
   4.47113605168       -1.53494294533       -70.0000000000       0.219019045458      -2.862404853550E-002 -5.187012670387E-003
   5.03002805814       -1.72681081350       -70.0000000000       0.210894640611      -3.218813006397E-002 -5.391899497832E-003
   5.58892006459       -1.91867868166       -70.0000000000       0.200723346237      -3.486389835172E-002 -5.616311016880E-003
   6.14781207105       -2.11054654983       -70.0000000000       0.177257755017      -2.564422928246E-002 -5.339338604533E-003
   0.00000000000        0.00000000000       -70.0000000000       0.265281401001       3.611205416199E-003  1.319403436592E-003
  0.590909090909        0.00000000000       -70.0000000000       0.241466650073      -1.752277618096E-002 -2.690944920155E-003
   1.18181818182      -1.172487511250E-015  -70.0000000000       0.230676439448      -2.270104306123E-002 -4.277434489097E-003
   1.77272727273        0.00000000000       -70.0000000000       0.246003218898      -2.198956065229E-002 -3.801944215498E-003
   2.36363636364        0.00000000000       -70.0000000000       0.269426733125      -1.802163335641E-002 -2.784232531625E-003
   2.95454545455        0.00000000000       -70.0000000000       0.247168160252      -9.330179766224E-003 -3.608590257357E-003
   3.54545454545        0.00000000000       -70.0000000000       0.238901534799      -8.710346184506E-003 -3.667805593346E-003
   4.13636363636        0.00000000000       -70.0000000000       0.230345612680      -7.610018955331E-003 -3.586472853495E-003
   4.72727272727        0.00000000000       -70.0000000000       0.221789690561      -6.509691726157E-003 -3.505140113643E-003
   5.31818181818        0.00000000000       -70.0000000000       0.212921088529      -4.966176007233E-003 -3.431391044877E-003
   5.90909090909        0.00000000000       -70.0000000000       0.203621424707      -6.618810109164E-003 -3.731257886955E-003
   6.50000000000        0.00000000000       -70.0000000000       0.193259513042      -6.356796944614E-004 -2.353807839233E-003
