 12 20 1 1
 1 X [LENGU]
 2 Y [LENGU]
 3 Z [LENGU]
 4 Hx [FIELU]
 5 Hy [FIELU]
 6 Hz [FIELU]
 0
   0.00000000000        0.00000000000        70.0000000000       0.333984132207      -3.017621067155E-002 -2.222419253149E-003
  0.590909090909        0.00000000000        70.0000000000       0.350499160614      -2.162727807254E-002  6.838074398922E-004
   1.18181818182        0.00000000000        70.0000000000       0.364364495551      -1.206835953522E-002  3.295150356187E-003
   1.77272727273        0.00000000000        70.0000000000       0.372399310392      -4.488390391238E-003  5.390666970916E-003
   2.36363636364        0.00000000000        70.0000000000       0.378393822376       2.064118711125E-003  6.866018387863E-003
   2.95454545455        0.00000000000        70.0000000000       0.316270708068       5.364342583316E-003  2.563172124540E-003
   3.54545454545        0.00000000000        70.0000000000       0.305793805604       4.463038269302E-003  2.333296469414E-003
   4.13636363636        0.00000000000        70.0000000000       0.295096743712       2.976580082043E-003  2.067489865145E-003
   4.72727272727        0.00000000000        70.0000000000       0.285047929595       1.054684178052E-003  1.777541934725E-003
   5.31818181818        0.00000000000        70.0000000000       0.271753344411      -4.898266713385E-004  1.588085718016E-003
   5.90909090909        0.00000000000        70.0000000000       0.259260453323      -1.102499658038E-003  1.136750449053E-003
   6.50000000000        0.00000000000        70.0000000000       0.246767562234      -1.715172644738E-003  6.854151800896E-004
   0.00000000000        0.00000000000        70.0000000000       0.333984132207      -3.017621067155E-002 -2.222419253149E-003
  0.558892006459       0.191867868166        70.0000000000       0.353433512559      -2.004242613793E-002  9.449751528705E-004
   1.11778401292       0.383735736333        70.0000000000       0.366686223608      -9.920536352168E-003  3.607477642273E-003
   1.67667601938       0.575603604499        70.0000000000       0.376005446709      -6.878661309260E-004  6.062987135198E-003
   2.23556802584       0.767471472666        70.0000000000       0.385849748273       1.717580979039E-002  8.832721607564E-003
   2.79446003230       0.959339340832        70.0000000000       0.317317462674       2.806534878641E-003  2.537277791019E-003
   3.35335203876        1.15120720900        70.0000000000       0.308663602057       1.688222203744E-002  2.814665296876E-003
   3.91224404522        1.34307507716        70.0000000000       0.303594646517       2.473782497932E-002  2.791076628563E-003
   4.47113605168        1.53494294533        70.0000000000       0.297811313865       3.293483837556E-002  2.628212842452E-003
   5.03002805814        1.72681081350        70.0000000000       0.271778293339       3.783024691283E-002  1.540760230578E-003
   5.58892006459        1.91867868166        70.0000000000       0.250139388515       3.388879200248E-002  1.999900136321E-003
   6.14781207105        2.11054654983        70.0000000000       0.229560651704       3.489552281270E-002  4.025555711606E-003
   0.00000000000        0.00000000000        70.0000000000       0.333984132207      -3.017621067155E-002 -2.222419253149E-003
  0.466310301007       0.362943875680        70.0000000000       0.354455799638      -1.969155246250E-002  8.894408256117E-004
  0.932620602014       0.725887751361        70.0000000000       0.366993400812      -9.719331569308E-003  3.393541779230E-003
   1.39893090302        1.08883162704        70.0000000000       0.377145312346       6.697702741626E-003  6.513392153787E-003
   1.86524120403        1.45177550272        70.0000000000       0.387090141428       2.588732148194E-002  1.023293323193E-002
   2.33155150503        1.81471937840        70.0000000000       0.351139772842      -1.253022465396E-002  2.008893381012E-003
   2.79786180604        2.17766325408        70.0000000000       0.344696656203       5.980926534550E-003  2.453135753064E-003
   3.26417210705        2.54060712976        70.0000000000       0.340352487843       2.319287513625E-002  2.838985991128E-003
   3.73048240806        2.90355100544        70.0000000000       0.332564587391       6.484640231045E-002  2.489428658307E-003
   4.19679270906        3.26649488112        70.0000000000       0.324861777222       0.105694161146      -6.752926032758E-004
   4.66310301007        3.62943875680        70.0000000000       0.309816025847       0.147146590516      -3.125540317092E-003
   5.12941331108        3.99238263248        70.0000000000       0.259374484432       0.143458413353      -3.141212046458E-003
   0.00000000000        0.00000000000        70.0000000000       0.333984132207      -3.017621067155E-002 -2.222419253149E-003
  0.323196638891       0.494689282610        70.0000000000       0.353455241184      -2.061267965335E-002  5.232224641781E-004
  0.646393277781       0.989378565219        70.0000000000       0.365252739746      -1.148654884688E-002  2.676526037377E-003
  0.969589916672        1.48406784783        70.0000000000       0.374817531315       7.001076018604E-003  5.759533776329E-003
   1.29278655556        1.97875713044        70.0000000000       0.381936438017       1.887194236469E-002  9.560521706288E-003
   1.61598319445        2.47344641305        70.0000000000       0.379175001003      -2.141622791137E-002  1.544718839367E-003
   1.93917983334        2.96813569566        70.0000000000       0.392986005434      -2.605413263179E-002  2.095954413408E-003
   2.26237647223        3.46282497827        70.0000000000       0.422154732537      -2.628388653456E-002  9.476244571051E-004
   2.58557311112        3.95751426088        70.0000000000       0.493975497555      -1.129250960713E-003 -8.204707454642E-005
   2.90876975001        4.45220354349        70.0000000000       0.592298205905       7.883755693948E-002  7.985242775672E-004
   3.23196638891        4.94689282610        70.0000000000       0.553842562744       0.491239792267       2.863975262957E-004
   3.55516302780        5.44158210871        70.0000000000       0.191796828664       0.396990893679      -2.236832657549E-004
   0.00000000000        0.00000000000        70.0000000000       0.333984132207      -3.017621067155E-002 -2.222419253149E-003
  0.145059606038       0.572827429873        70.0000000000       0.350540263230      -2.270598928660E-002 -1.139944895056E-004
  0.290119212075        1.14565485975        70.0000000000       0.361652868045      -1.503068277166E-002  1.534130197989E-003
  0.435178818113        1.71848228962        70.0000000000       0.369274354809       1.893784981269E-004  3.883104255338E-003
  0.580238424151        2.29130971949        70.0000000000       0.377293614931      -1.323590962157E-002  4.061221384940E-003
  0.725298030189        2.86413714937        70.0000000000       0.416498306062      -2.344354474567E-002 -6.438704402704E-004
  0.870357636226        3.43696457924        70.0000000000       0.399704193434      -1.902235476234E-002 -1.351262231718E-003
   1.01541724226        4.00979200911        70.0000000000       0.356901715629      -5.288224370726E-002 -2.454631940224E-003
   1.16047684830        4.58261943899        70.0000000000       0.320308158722      -0.101220762684      -1.647141720225E-004
   1.30553645434        5.15544686886        70.0000000000       0.253985164648      -0.160257786115      -1.831060809118E-003
   1.45059606038        5.72827429873        70.0000000000       0.135089621648      -0.163716638623      -4.199626214294E-003
   1.59565566642        6.30110172861        70.0000000000       3.029079139910E-002 -0.116940250269      -2.332426785897E-003
   0.00000000000        0.00000000000        70.0000000000       0.333984132207      -3.017621067155E-002 -2.222419253149E-003
 -4.879688596092E-002  0.588890836777        70.0000000000       0.346026748868      -2.574463878243E-002 -9.531576910680E-004
 -9.759377192185E-002   1.17778167355        70.0000000000       0.356264572921      -2.005966574356E-002  7.124469739476E-005
 -0.146390657883        1.76667251033        70.0000000000       0.361116472014      -1.299923669909E-002  1.087443845220E-003
 -0.195187543844        2.35556334711        70.0000000000       0.368455454430      -3.509304458674E-002 -8.591451748235E-004
 -0.243984429805        2.94445418388        70.0000000000       0.384248490754       2.489199403976E-002 -3.995339544235E-003
 -0.292781315766        3.53334502066        70.0000000000       0.392445005972       3.538390533989E-002 -2.672444530110E-003
 -0.341578201726        4.12223585744        70.0000000000       0.345227775357       3.830511931228E-002 -2.621653075499E-003
 -0.390375087687        4.71112669421        70.0000000000       0.294029351967       5.553128428038E-002 -1.883803316754E-003
 -0.439171973648        5.30001753099        70.0000000000       0.222040848788       6.132607289687E-002 -8.152586339334E-004
 -0.487968859609        5.88890836777        70.0000000000       0.154319017174       7.090771054265E-002  2.156229416885E-004
 -0.536765745570        6.47779920454        70.0000000000       0.104377395756       6.497264050538E-002 -2.836877325590E-004
   0.00000000000        0.00000000000        70.0000000000       0.333984132207      -3.017621067155E-002 -2.222419253149E-003
 -0.237365478204       0.541138783933        70.0000000000       0.339218911653      -2.857645114618E-002 -2.064087538260E-003
 -0.474730956408        1.08227756787        70.0000000000       0.344453691098      -2.697669162081E-002 -1.905755823370E-003
 -0.712096434612        1.62341635180        70.0000000000       0.349633572612      -2.533880631281E-002 -1.754872200922E-003
 -0.949461912816        2.16455513573        70.0000000000       0.354392259916      -2.875106262089E-002 -2.201260827533E-003
  -1.18682739102        2.70569391966        70.0000000000       0.363839297473       3.778590350883E-002 -3.947780707361E-003
  -1.42419286922        3.24683270360        70.0000000000       0.373452745133       6.041903273326E-002 -3.661771393803E-003
  -1.66155834743        3.78797148753        70.0000000000       0.382319209846       8.550226809630E-002 -2.614157683524E-003
  -1.89892382563        4.32911027146        70.0000000000       0.416019665133       0.145768689798      -1.518243865455E-003
  -2.13628930384        4.87024905539        70.0000000000       0.500429845731       0.335135227341      -1.634489599590E-003
  -2.37365478204        5.41138783933        70.0000000000       0.141821792634       0.518219232649      -1.186166688009E-003
  -2.61102026024        5.95252662326        70.0000000000      -0.271349035259       0.107456854017      -6.804840754554E-004
   0.00000000000        0.00000000000        70.0000000000       0.333984132207      -3.017621067155E-002 -2.222419253149E-003
 -0.400211837779       0.434745947216        70.0000000000       0.331208430643      -3.114036450197E-002 -3.278377345472E-003
 -0.800423675558       0.869491894432        70.0000000000       0.328432729079      -3.210451833240E-002 -4.334335437795E-003
  -1.20063551334        1.30423784165        70.0000000000       0.325657027516      -3.306867216282E-002 -5.390293530118E-003
  -1.60084735112        1.73898378886        70.0000000000       0.334413258140      -3.012198189082E-002 -4.243100038510E-003
  -2.00105918889        2.17372973608        70.0000000000       0.289131760263       7.135083162109E-002 -5.712549690567E-003
  -2.40127102667        2.60847568330        70.0000000000       0.346367823722       9.537902982939E-003 -4.198456917918E-003
  -2.80148286445        3.04322163051        70.0000000000       0.352848605011      -1.239341628262E-002 -4.627846650523E-003
  -3.20169470223        3.47796757773        70.0000000000       0.375383047533      -4.359719848453E-002 -6.657821454520E-003
  -3.60190654001        3.91271352494        70.0000000000       0.383193405240      -0.122956141023      -3.529693158485E-003
  -4.00211837779        4.34745947216        70.0000000000       0.362222063335      -0.202792600158      -1.305949010166E-003
  -4.40233021557        4.78220541938        70.0000000000       0.293262375000      -0.203954786219      -9.859433769531E-004
   0.00000000000        0.00000000000        70.0000000000       0.333984132207      -3.017621067155E-002 -2.222419253149E-003
 -0.519689034804       0.281241641340        70.0000000000       0.325897013563      -3.148317479313E-002 -3.962992502652E-003
  -1.03937806961       0.562483282680        70.0000000000       0.320779344008      -3.016941982973E-002 -5.189425288222E-003
  -1.55906710441       0.843724924020        70.0000000000       0.316409189646      -2.986975303748E-002 -6.231283018401E-003
  -2.07875613922        1.12496656536        70.0000000000       0.315800128557      -3.479599891660E-002 -6.652402242296E-003
  -2.59844517402        1.40620820670        70.0000000000       0.310908517752       3.997404930362E-003 -2.809072322686E-003
  -3.11813420882        1.68744984804        70.0000000000       0.301179343173      -1.355750339119E-002 -3.035203557113E-003
  -3.63782324363        1.96869148938        70.0000000000       0.291450168594      -3.111241171275E-002 -3.261334791540E-003
  -4.15751227843        2.24993313072        70.0000000000       0.281720994016      -4.866732003430E-002 -3.487466025967E-003
  -4.67720131323        2.53117477206        70.0000000000       0.273209117149      -5.955927308737E-002 -3.436100771715E-003
  -5.19689034804        2.81241641340        70.0000000000       0.249353216739      -7.812334080970E-002 -1.287625224292E-003
  -5.71657938284        3.09365805474        70.0000000000       0.222145489483      -9.535484684932E-002 -1.612453468822E-003
   0.00000000000        0.00000000000        70.0000000000       0.333984132207      -3.017621067155E-002 -2.222419253149E-003
 -0.582849861102       9.726043971134E-002   70.0000000000       0.324852403124      -2.869208448773E-002 -3.871956965075E-003
  -1.16569972220       0.194520879423        70.0000000000       0.319629469017      -2.343347196991E-002 -4.939691363778E-003
  -1.74854958330       0.291781319134        70.0000000000       0.316584458092      -2.224091422104E-002 -5.394458661685E-003
  -2.33139944441       0.389041758845        70.0000000000       0.314627497025      -2.796200187293E-002 -6.042770468270E-003
  -2.91424930551       0.486302198557        70.0000000000       0.292055158805      -1.262829083830E-002 -2.804587347373E-003
  -3.49709916661       0.583562638268        70.0000000000       0.283380615708      -1.633979713000E-002 -3.128154587765E-003
  -4.07994902771       0.680823077979        70.0000000000       0.274706072611      -2.005130342170E-002 -3.451721828156E-003
  -4.66279888881       0.778083517691        70.0000000000       0.265275423952      -2.092636308736E-002 -3.668528724206E-003
  -5.24564874991       0.875343957402        70.0000000000       0.253286585805      -1.845377069169E-002 -3.268002722341E-003
  -5.82849861102       0.972604397113        70.0000000000       0.240318585300      -1.755736978721E-002 -2.684451598305E-003
  -6.41134847212        1.06986483682        70.0000000000       0.224941576008      -1.640935433084E-002 -2.159059637311E-003
   0.00000000000        0.00000000000        70.0000000000       0.333984132207      -3.017621067155E-002 -2.222419253149E-003
 -0.582849861102      -9.726043971134E-002   70.0000000000       0.324632503752      -2.615306300807E-002 -3.646579381627E-003
  -1.16569972220      -0.194520879423        70.0000000000       0.325497183676      -1.169628764979E-002 -3.960971562375E-003
  -1.74854958330      -0.291781319134        70.0000000000       0.323917641281      -1.223886658640E-002 -3.988083075704E-003
  -2.33139944441      -0.389041758845        70.0000000000       0.318290225414      -1.934980956600E-002 -4.976190413432E-003
  -2.91424930551      -0.486302198557        70.0000000000       0.299016160466      -9.860434554964E-003 -2.593254623901E-003
  -3.49709916661      -0.583562638268        70.0000000000       0.289596618213      -3.018418962446E-003 -2.702423634168E-003
  -4.07994902771      -0.680823077979        70.0000000000       0.281217385927       1.944943153966E-004 -3.011508605295E-003
  -4.66279888881      -0.778083517691        70.0000000000       0.271241780262       4.778083496369E-003 -2.708941079439E-003
  -5.24564874991      -0.875343957402        70.0000000000       0.260856699957       8.253926509115E-003 -2.315533865786E-003
  -5.82849861102      -0.972604397113        70.0000000000       0.247927358861       1.116502623075E-002 -2.120474704318E-003
  -6.41134847212       -1.06986483682        70.0000000000       0.226694653477       1.215558480935E-002 -2.723872396111E-003
   0.00000000000        0.00000000000        70.0000000000       0.333984132207      -3.017621067155E-002 -2.222419253149E-003
 -0.519689034804      -0.281241641340        70.0000000000       0.327539766600      -2.134249769901E-002 -3.147149511983E-003
  -1.03937806961      -0.562483282680        70.0000000000       0.328767313495      -8.352952212253E-003 -3.318783878813E-003
  -1.55906710441      -0.843724924020        70.0000000000       0.328029552080      -9.067321119598E-003 -3.257932374447E-003
  -2.07875613922       -1.12496656536        70.0000000000       0.326432944280      -8.182934608158E-003 -3.393640038113E-003
  -2.59844517402       -1.40620820670        70.0000000000       0.320762156091      -1.098878593655E-002 -2.742946541174E-003
  -3.11813420882       -1.68744984804        70.0000000000       0.313198942105      -8.108001382146E-004 -2.716067939504E-003
  -3.63782324363       -1.96869148938        70.0000000000       0.302610042076       1.612327452272E-002 -2.182642743866E-003
  -4.15751227843       -2.24993313072        70.0000000000       0.292572139799       3.370665288965E-002 -1.638593054809E-003
  -4.67720131323       -2.53117477206        70.0000000000       0.280583455773       5.620672848441E-002 -1.174765329421E-003
  -5.19689034804       -2.81241641340        70.0000000000       0.253603748144       7.387102741052E-002 -2.720693153595E-003
  -5.71657938284       -3.09365805474        70.0000000000       0.211318736063       9.164215881935E-002 -4.612804366002E-003
   0.00000000000        0.00000000000        70.0000000000       0.333984132207      -3.017621067155E-002 -2.222419253149E-003
 -0.400211837779      -0.434745947216        70.0000000000       0.330019712368      -1.876057464422E-002 -2.661130724556E-003
 -0.800423675558      -0.869491894432        70.0000000000       0.330628646860      -8.152721730413E-003 -3.101957022975E-003
  -1.20063551334       -1.30423784165        70.0000000000       0.329893120599      -9.908139780749E-003 -2.927186903364E-003
  -1.60084735112       -1.73898378886        70.0000000000       0.328475064653      -7.612881223867E-003 -2.943551859054E-003
  -2.00105918889       -2.17372973608        70.0000000000       0.331185956509      -3.672813298889E-002 -4.595700716207E-003
  -2.40127102667       -2.60847568330        70.0000000000       0.366771965072       2.971947145974E-003 -2.281160824257E-003
  -2.80148286445       -3.04322163051        70.0000000000       0.380623494374       2.897434444866E-002 -1.845680439035E-003
  -3.20169470223       -3.47796757773        70.0000000000       0.394361073221       5.147278469561E-002 -1.309938508253E-003
  -3.60190654001       -3.91271352494        70.0000000000       0.395203755128       0.125529228888       5.185928677710E-004
  -4.00211837779       -4.34745947216        70.0000000000       0.361119937102       0.195652487988       6.083059526316E-003
  -4.40233021557       -4.78220541938        70.0000000000       0.315828922806       0.211219298558      -1.673538607112E-004
   0.00000000000        0.00000000000        70.0000000000       0.333984132207      -3.017621067155E-002 -2.222419253149E-003
 -0.237365478204      -0.541138783933        70.0000000000       0.331803600454      -1.868708526937E-002 -2.241190696322E-003
 -0.474730956408       -1.08227756787        70.0000000000       0.322611178064      -3.975974649133E-002 -3.532573521254E-003
 -0.712096434612       -1.62341635180        70.0000000000       0.327372174738      -2.527101804155E-002 -2.918406829198E-003
 -0.949461912816       -2.16455513573        70.0000000000       0.314292226469      -6.294891751428E-002 -4.304007745131E-003
  -1.18682739102       -2.70569391966        70.0000000000       0.352112370543      -2.810784380476E-002 -3.257182314782E-003
  -1.42419286922       -3.24683270360        70.0000000000       0.365993840206      -3.462366303975E-002 -2.990795449216E-003
  -1.66155834743       -3.78797148753        70.0000000000       0.379262317665      -7.173507708811E-002 -1.624686127943E-003
  -1.89892382563       -4.32911027146        70.0000000000       0.412170483704      -0.109856970924      -3.777512702212E-004
  -2.13628930384       -4.87024905539        70.0000000000       0.480858401549      -0.320290754444      -1.384198039435E-003
  -2.37365478204       -5.41138783933        70.0000000000       6.030063347779E-002 -0.759046821968      -1.171892493670E-003
  -2.61102026024       -5.95252662326        70.0000000000      -0.256808982497      -0.100549147556      -1.157263267911E-003
   0.00000000000        0.00000000000        70.0000000000       0.333984132207      -3.017621067155E-002 -2.222419253149E-003
 -4.879688596092E-002 -0.588890836777        70.0000000000       0.332698118902      -2.112999328852E-002 -1.932836445381E-003
 -9.759377192185E-002  -1.17778167355        70.0000000000       0.307155750141      -9.457364372501E-002 -4.472555973678E-003
 -0.146390657883       -1.76667251033        70.0000000000       0.305270186465      -0.100274701132      -4.175664337660E-003
 -0.195187543844       -2.35556334711        70.0000000000       0.297727171421      -0.122502883708      -5.561478078276E-003
 -0.243984429805       -2.94445418388        70.0000000000       0.358446459683      -2.075238061373E-002 -2.905636254741E-003
 -0.292781315766       -3.53334502066        70.0000000000       0.357268063952      -1.157767374600E-002 -2.634720724017E-003
 -0.341578201726       -4.12223585744        70.0000000000       0.327539060624      -3.372060644914E-002 -1.965680946532E-003
 -0.390375087687       -4.71112669421        70.0000000000       0.276767982604      -3.985143550987E-002 -1.449454452433E-003
 -0.439171973648       -5.30001753099        70.0000000000       0.212261144773      -5.800056695691E-002 -1.346667952270E-004
 -0.487968859609       -5.88890836777        70.0000000000       0.147527758485      -6.937909050514E-002 -7.600037081563E-005
 -0.536765745570       -6.47779920454        70.0000000000       9.400522192364E-002 -5.121380191706E-002  9.121030861182E-004
   0.00000000000        0.00000000000        70.0000000000       0.333984132207      -3.017621067155E-002 -2.222419253149E-003
  0.145059606038      -0.572827429873        70.0000000000       0.332606332760      -2.582457171217E-002 -1.769482939432E-003
  0.290119212075       -1.14565485975        70.0000000000       0.298748216720      -0.122336792873      -4.788448704375E-003
  0.435178818113       -1.71848228962        70.0000000000       0.290937307250      -0.125661402198      -4.475139495287E-003
  0.580238424151       -2.29130971949        70.0000000000       0.309624827952      -8.817572309121E-002 -3.239715474318E-003
  0.725298030189       -2.86413714937        70.0000000000       0.383160521091      -2.192742128064E-002 -9.291711202813E-004
  0.870357636226       -3.43696457924        70.0000000000       0.368404803390       2.675309357596E-002 -1.009137949888E-003
   1.01541724226       -4.00979200911        70.0000000000       0.365644824361       5.761578163174E-002 -2.486068396849E-003
   1.16047684830       -4.58261943899        70.0000000000       0.327144485101       7.592612134842E-002 -2.083311961218E-003
   1.30553645434       -5.15544686886        70.0000000000       0.242443741557       0.147793462923      -1.621508759144E-003
   1.45059606038       -5.72827429873        70.0000000000       0.130344873561       0.158013474838      -6.681494403304E-005
   1.59565566642       -6.30110172861        70.0000000000       3.653475308576E-002  0.117134688967      -3.552891795449E-004
   0.00000000000        0.00000000000        70.0000000000       0.333984132207      -3.017621067155E-002 -2.222419253149E-003
  0.323196638891      -0.494689282610        70.0000000000       0.333577886446      -2.975679708375E-002 -1.621908788270E-003
  0.646393277781      -0.989378565219        70.0000000000       0.329428961879      -4.643606425186E-002 -1.857412478724E-003
  0.969589916672       -1.48406784783        70.0000000000       0.317722305086      -6.618339792131E-002 -1.837358238081E-003
   1.29278655556       -1.97875713044        70.0000000000       0.331762889498      -2.676014773537E-002  2.312940299786E-004
   1.61598319445       -2.47344641305        70.0000000000       0.376507278597      -6.849101000475E-004  1.822371722535E-003
   1.93917983334       -2.96813569566        70.0000000000       0.391742553751      -2.258313596074E-002  6.755326810834E-004
   2.26237647223       -3.46282497827        70.0000000000       0.403854322119      -2.680314476708E-002 -3.644467640598E-004
   2.58557311112       -3.95751426088        70.0000000000       0.473651645237      -7.943047678248E-003 -1.246220086557E-003
   2.90876975001       -4.45220354349        70.0000000000       0.598109328818      -0.102584029969       3.652960726068E-004
   3.23196638891       -4.94689282610        70.0000000000       0.587291871402      -0.438658478352       1.385683954249E-003
   3.55516302780       -5.44158210871        70.0000000000       0.214707366431      -0.417934825734       2.186293943732E-003
   0.00000000000        0.00000000000        70.0000000000       0.333984132207      -3.017621067155E-002 -2.222419253149E-003
  0.466310301007      -0.362943875680        70.0000000000       0.340338935935      -2.769683388455E-002 -6.441751447364E-004
  0.932620602014      -0.725887751361        70.0000000000       0.344632347190      -2.421418010778E-002  5.735363632034E-004
   1.39893090302       -1.08883162704        70.0000000000       0.345610061891      -2.218849247679E-002  9.943412496668E-004
   1.86524120403       -1.45177550272        70.0000000000       0.351867607481      -1.410101772582E-002  3.329069291217E-003
   2.33155150503       -1.81471937840        70.0000000000       0.365807855812       2.369966108910E-003  3.389226576064E-003
   2.79786180604       -2.17766325408        70.0000000000       0.368765876564      -1.686494553990E-002  2.432074936347E-003
   3.26417210705       -2.54060712976        70.0000000000       0.362914088750      -3.672881375767E-002  1.905292371827E-003
   3.73048240806       -2.90355100544        70.0000000000       0.350199586125      -6.310905404739E-002  1.873573768318E-003
   4.19679270906       -3.26649488112        70.0000000000       0.337525740015      -0.114326351669       2.446207415541E-003
   4.66310301007       -3.62943875680        70.0000000000       0.313619815134      -0.149268917336       3.518055606706E-003
   5.12941331108       -3.99238263248        70.0000000000       0.262758417608      -0.154608722271       3.823355203035E-003
   0.00000000000        0.00000000000        70.0000000000       0.333984132207      -3.017621067155E-002 -2.222419253149E-003
  0.558892006459      -0.191867868166        70.0000000000       0.345970726367      -2.427436496771E-002  1.342392608125E-004
   1.11778401292      -0.383735736333        70.0000000000       0.356152527919      -1.711911811413E-002  2.246038601156E-003
   1.67667601938      -0.575603604499        70.0000000000       0.364585609267      -1.166845973345E-002  3.569527087924E-003
   2.23556802584      -0.767471472666        70.0000000000       0.366649722264      -5.265588113533E-003  5.325286254198E-003
   2.79446003230      -0.959339340832        70.0000000000       0.330272638507       2.174122984489E-003  2.542421809334E-003
   3.35335203876       -1.15120720900        70.0000000000       0.320267822768      -5.558069547504E-003  2.610485051779E-003
   3.91224404522       -1.34307507716        70.0000000000       0.327723147558      -1.604321591108E-002  1.789919956447E-003
   4.47113605168       -1.53494294533        70.0000000000       0.312239867417      -3.867619297530E-002  1.669269554208E-003
   5.03002805814       -1.72681081350        70.0000000000       0.279373774938      -3.822474884914E-002  1.576181346244E-003
   5.58892006459       -1.91867868166        70.0000000000       0.257564425971      -3.669603206775E-002  2.195189908642E-003
   6.14781207105       -2.11054654983        70.0000000000       0.231385185246      -3.622457072181E-002  9.454182600168E-004
   0.00000000000        0.00000000000        70.0000000000       0.333984132207      -3.017621067155E-002 -2.222419253149E-003
  0.590909090909        0.00000000000        70.0000000000       0.350499160614      -2.162727807254E-002  6.838074398922E-004
   1.18181818182      -1.172487511250E-015   70.0000000000       0.364364495551      -1.206835953522E-002  3.295150356187E-003
   1.77272727273        0.00000000000        70.0000000000       0.372399310392      -4.488390391238E-003  5.390666970916E-003
   2.36363636364        0.00000000000        70.0000000000       0.378393822376       2.064118711125E-003  6.866018387863E-003
   2.95454545455        0.00000000000        70.0000000000       0.316270708068       5.364342583316E-003  2.563172124540E-003
   3.54545454545        0.00000000000        70.0000000000       0.305793805604       4.463038269302E-003  2.333296469414E-003
   4.13636363636        0.00000000000        70.0000000000       0.295096743712       2.976580082043E-003  2.067489865145E-003
   4.72727272727        0.00000000000        70.0000000000       0.285047929595       1.054684178052E-003  1.777541934725E-003
   5.31818181818        0.00000000000        70.0000000000       0.271753344411      -4.898266713385E-004  1.588085718016E-003
   5.90909090909        0.00000000000        70.0000000000       0.259260453323      -1.102499658038E-003  1.136750449053E-003
   6.50000000000        0.00000000000        70.0000000000       0.246767562234      -1.715172644738E-003  6.854151800896E-004
