 12 20 1 1
 1 X [LENGU]
 2 Y [LENGU]
 3 Z [LENGU]
 4 Hx [FIELU]
 5 Hy [FIELU]
 6 Hz [FIELU]
 0
   0.00000000000        0.00000000000        95.0400000000        3.13407351950      -2.616573915397E-002  2.115802007706E-002
  0.590909090909        0.00000000000        95.0400000000        3.13162293949      -3.229979499301E-002  2.133402201067E-002
   1.18181818182        0.00000000000        95.0400000000        3.12749869578      -2.647407133381E-002  2.227197354477E-002
   1.77272727273        0.00000000000        95.0400000000        3.12127958199      -1.958250788085E-002  2.205678512210E-002
   2.36363636364        0.00000000000        95.0400000000        3.14501661565       1.310541814512E-002  2.294576526671E-002
   2.95454545455        0.00000000000        95.0400000000        2.61850459336      -5.750603980127E-004  4.455905831378E-002
   3.54545454545        0.00000000000        95.0400000000        2.51480668155      -8.798349116088E-002  3.246609492890E-002
   4.13636363636        0.00000000000        95.0400000000        2.39538259709      -7.788228399677E-002  1.906918195311E-002
   4.72727272727        0.00000000000        95.0400000000        2.28546915597      -1.522693646863E-002  1.023861458461E-002
   5.31818181818        0.00000000000        95.0400000000        2.17051469179      -3.728210186877E-003  8.840811452610E-003
   5.90909090909        0.00000000000        95.0400000000        2.06173546541      -9.479167715351E-003  9.580013827290E-003
   6.50000000000        0.00000000000        95.0400000000        1.93544184005      -1.779758007446E-002  6.207028175845E-003
   0.00000000000        0.00000000000        95.0400000000        3.13407351950      -2.616573915397E-002  2.115802007706E-002
  0.558892006459       0.191867868166        95.0400000000        3.12700734016      -4.633497464089E-002  1.740663603493E-002
   1.11778401292       0.383735736333        95.0400000000        3.13385773726      -3.517195795577E-002  1.849866494629E-002
   1.67667601938       0.575603604499        95.0400000000        3.14728907888      -1.121724101484E-002  2.055304889719E-002
   2.23556802584       0.767471472666        95.0400000000        3.17468347309       3.672795776120E-002  2.453748072090E-002
   2.79446003230       0.959339340832        95.0400000000        2.70642774525      -8.774550801514E-002  3.556064506264E-002
   3.35335203876        1.15120720900        95.0400000000        2.59587986143       7.836179984871E-003  3.212230493481E-002
   3.91224404522        1.34307507716        95.0400000000        2.47254257058       0.146152012381       2.583832784034E-002
   4.47113605168        1.53494294533        95.0400000000        2.39257488399       0.251874596823       1.300889831287E-002
   5.03002805814        1.72681081350        95.0400000000        2.25642788470       0.287827031597       1.219235234896E-002
   5.58892006459        1.91867868166        95.0400000000        2.03811620999       0.295363651372       8.708642291178E-003
   6.14781207105        2.11054654983        95.0400000000        1.82247813006       0.324411792484       6.400327688677E-003
   0.00000000000        0.00000000000        95.0400000000        3.13407351950      -2.616573915397E-002  2.115802007706E-002
  0.466310301007       0.362943875680        95.0400000000        3.13339436216      -4.438848418034E-002  1.600765725317E-002
  0.932620602014       0.725887751361        95.0400000000        3.15020283918      -2.563156317227E-002  1.719220054675E-002
   1.39893090302        1.08883162704        95.0400000000        3.16638916995      -5.396735160443E-003  1.984026319955E-002
   1.86524120403        1.45177550272        95.0400000000        3.21904207058       5.559878176928E-002  2.489184011562E-002
   2.33155150503        1.81471937840        95.0400000000        3.06878136837      -0.216496882045       3.616082306406E-002
   2.79786180604        2.17766325408        95.0400000000        3.02710317261      -1.695266761563E-002  3.629117281096E-002
   3.26417210705        2.54060712976        95.0400000000        2.94885045665       0.226622588580       2.108821575406E-002
   3.73048240806        2.90355100544        95.0400000000        2.92998442091       0.563992625488      -5.747766358713E-003
   4.19679270906        3.26649488112        95.0400000000        2.90731443434       0.920540175504      -3.118999442057E-002
   4.66310301007        3.62943875680        95.0400000000        2.70891406760        1.38262007559      -5.183821712766E-002
   5.12941331108        3.99238263248        95.0400000000        2.29189253705        1.38722040394      -4.457428393485E-002
   0.00000000000        0.00000000000        95.0400000000        3.13407351950      -2.616573915397E-002  2.115802007706E-002
  0.323196638891       0.494689282610        95.0400000000        3.14117680004      -3.972043463817E-002  1.527966230730E-002
  0.646393277781       0.989378565219        95.0400000000        3.14737447494      -3.472554576425E-002  1.594634690090E-002
  0.969589916672        1.48406784783        95.0400000000        3.17785743374      -4.076852033199E-003  1.973918198399E-002
   1.29278655556        1.97875713044        95.0400000000        3.23504336687       9.264467498983E-003  2.061878110154E-002
   1.61598319445        2.47344641305        95.0400000000        3.37847495181      -0.295078216505       3.369815071190E-002
   1.93917983334        2.96813569566        95.0400000000        3.59596241396      -0.320435796002       2.558907343596E-002
   2.26237647223        3.46282497827        95.0400000000        3.81113122457      -0.293269480549       8.431687304233E-003
   2.58557311112        3.95751426088        95.0400000000        4.57067754252      -7.614382628322E-002 -5.782454547035E-003
   2.90876975001        4.45220354349        95.0400000000        5.66003992085       0.780876422024      -8.413543777245E-003
   3.23196638891        4.94689282610        95.0400000000        5.31200734155        4.26530547249      -2.770966857484E-003
   3.55516302780        5.44158210871        95.0400000000        1.52503284792        4.12220010200      -5.928151780086E-003
   0.00000000000        0.00000000000        95.0400000000        3.13407351950      -2.616573915397E-002  2.115802007706E-002
  0.145059606038       0.572827429873        95.0400000000        3.13895352339      -4.749152041927E-002  1.422729175248E-002
  0.290119212075        1.14565485975        95.0400000000        3.14362238864      -4.171393473984E-002  1.494137542367E-002
  0.435178818113        1.71848228962        95.0400000000        3.17005692565      -2.143279182417E-002  1.824612742212E-002
  0.580238424151        2.29130971949        95.0400000000        3.20682801420      -6.266253465791E-002  1.746819112889E-002
  0.725298030189        2.86413714937        95.0400000000        3.58010402464      -0.386958468253       2.372705389486E-002
  0.870357636226        3.43696457924        95.0400000000        3.32351350647      -0.390548495842       2.360160464371E-002
   1.01541724226        4.00979200911        95.0400000000        3.20785111499      -0.661802972641       1.205395949205E-002
   1.16047684830        4.58261943899        95.0400000000        2.71587422592       -1.30975457060      -4.015630341000E-004
   1.30553645434        5.15544686886        95.0400000000        2.25111388313       -1.59930929653      -7.304621537808E-003
   1.45059606038        5.72827429873        95.0400000000        1.06833436384       -1.79809946869       8.288950121592E-003
   1.59565566642        6.30110172861        95.0400000000      -1.698781174738E-002  -1.31955552603       1.288368975284E-002
   0.00000000000        0.00000000000        95.0400000000        3.13407351950      -2.616573915397E-002  2.115802007706E-002
 -4.879688596092E-002  0.588890836777        95.0400000000        3.13624261550      -5.434752932771E-002  1.331199624041E-002
 -9.759377192185E-002   1.17778167355        95.0400000000        3.13842528344      -5.355697349979E-002  1.333994039029E-002
 -0.146390657883        1.76667251033        95.0400000000        3.15163710955      -4.647641699338E-002  1.563594525279E-002
 -0.195187543844        2.35556334711        95.0400000000        3.17308989712      -8.672090355406E-002  1.545822492053E-002
 -0.243984429805        2.94445418388        95.0400000000        3.54479795478       4.906913825048E-002  2.167358909352E-002
 -0.292781315766        3.53334502066        95.0400000000        3.22824298861       0.140227055717       1.622132212082E-002
 -0.341578201726        4.12223585744        95.0400000000        2.78832145323       0.189230537364       1.300057820299E-002
 -0.390375087687        4.71112669421        95.0400000000        2.41299859883       0.282257772337       8.126815341970E-003
 -0.439171973648        5.30001753099        95.0400000000        1.86119205296       0.476874345657       5.753993152567E-003
 -0.487968859609        5.88890836777        95.0400000000        1.34456357284       0.561118201843       2.515565988323E-003
 -0.536765745570        6.47779920454        95.0400000000       0.795300487670       0.604774064305      -2.966514311002E-003
   0.00000000000        0.00000000000        95.0400000000        3.13407351950      -2.616573915397E-002  2.115802007706E-002
 -0.237365478204       0.541138783933        95.0400000000        3.13353714806      -5.927670694611E-002  1.264042571010E-002
 -0.474730956408        1.08227756787        95.0400000000        3.13234634634      -6.897128503077E-002  1.131558213546E-002
 -0.712096434612        1.62341635180        95.0400000000        3.13613003682      -6.303152302225E-002  1.235859804038E-002
 -0.949461912816        2.16455513573        95.0400000000        3.14742948990      -7.452013267597E-002  1.252795537664E-002
  -1.18682739102        2.70569391966        95.0400000000        3.46157683598       0.193008793976       9.488217900909E-003
  -1.42419286922        3.24683270360        95.0400000000        3.58695919396       0.361830885728       8.885399465105E-003
  -1.66155834743        3.78797148753        95.0400000000        3.79099359897       0.630551555071       9.935637197980E-003
  -1.89892382563        4.32911027146        95.0400000000        4.13235278469        1.34535304156       1.188533731360E-002
  -2.13628930384        4.87024905539        95.0400000000        4.54729480780        3.17189259605       7.306889398996E-003
  -2.37365478204        5.41138783933        95.0400000000       0.849110363554        4.81720004102       9.012694491229E-003
  -2.61102026024        5.95252662326        95.0400000000       -3.05594690953       0.946660730248       7.135910440305E-003
   0.00000000000        0.00000000000        95.0400000000        3.13407351950      -2.616573915397E-002  2.115802007706E-002
 -0.400211837779       0.434745947216        95.0400000000        3.13113030044      -6.174490039545E-002  1.228535524898E-002
 -0.800423675558       0.869491894432        95.0400000000        3.12604432449      -8.628648950071E-002  9.087671287237E-003
  -1.20063551334        1.30423784165        95.0400000000        3.12279214153      -9.159566168112E-002  8.085261270170E-003
  -1.60084735112        1.73898378886        95.0400000000        3.12239103315      -0.105816591132       6.358324881351E-003
  -2.00105918889        2.17372973608        95.0400000000        2.95622109338       0.522352594277      -1.165145616600E-002
  -2.40127102667        2.60847568330        95.0400000000        3.36865863482       1.639925797448E-003 -6.154024143784E-003
  -2.80148286445        3.04322163051        95.0400000000        3.40747479327      -0.285915597610       1.740611636253E-002
  -3.20169470223        3.47796757773        95.0400000000        3.58979531047      -0.728088359025       3.142691269987E-002
  -3.60190654001        3.91271352494        95.0400000000        3.65546976546       -1.31173980676       4.264226444406E-002
  -4.00211837779        4.34745947216        95.0400000000        3.43981352217       -2.19460346651       4.910947474752E-002
  -4.40233021557        4.78220541938        95.0400000000        2.96125352676       -2.16699042237       3.464701227939E-002
   0.00000000000        0.00000000000        95.0400000000        3.13407351950      -2.616573915397E-002  2.115802007706E-002
 -0.519689034804       0.281241641340        95.0400000000        3.12928289193      -6.148464261753E-002  1.228526225102E-002
  -1.03937806961       0.562483282680        95.0400000000        3.12108292678      -9.211433383184E-002  8.137872204557E-003
  -1.55906710441       0.843724924020        95.0400000000        3.11189269914      -0.127496908598       3.265237160819E-003
  -2.07875613922        1.12496656536        95.0400000000        3.10574854594      -9.671731858831E-002  5.268002435901E-003
  -2.59844517402        1.40620820670        95.0400000000        2.95068026432       1.571090742404E-002 -2.217938807720E-002
  -3.11813420882        1.68744984804        95.0400000000        2.85578932012      -0.135167794314      -1.828248463351E-002
  -3.63782324363        1.96869148938        95.0400000000        2.74359508211      -0.286253457859      -7.584358628341E-003
  -4.15751227843        2.24993313072        95.0400000000        2.62253184373      -0.452090714668       4.148383943187E-003
  -4.67720131323        2.53117477206        95.0400000000        2.51620876719      -0.632736509302       7.318731788786E-003
  -5.19689034804        2.81241641340        95.0400000000        2.24318479308      -0.819826677600       6.366710471890E-003
  -5.71657938284        3.09365805474        95.0400000000        1.89496979769       -1.10288599969       1.494705590988E-002
   0.00000000000        0.00000000000        95.0400000000        3.13407351950      -2.616573915397E-002  2.115802007706E-002
 -0.582849861102       9.726043971134E-002   95.0400000000        3.12923091744      -4.556522735511E-002  1.662411085126E-002
  -1.16569972220       0.194520879423        95.0400000000        3.11715778437      -9.224042868689E-002  8.515348895954E-003
  -1.74854958330       0.291781319134        95.0400000000        3.10648908727      -9.982482101876E-002  5.458975543595E-003
  -2.33139944441       0.389041758845        95.0400000000        3.09983360126      -9.991515567351E-002  3.840966832354E-003
  -2.91424930551       0.486302198557        95.0400000000        2.74764379529      -7.007523350660E-002 -2.422130749978E-002
  -3.49709916661       0.583562638268        95.0400000000        2.63299012125      -6.510137251994E-002 -1.822995933918E-002
  -4.07994902771       0.680823077979        95.0400000000        2.52669592758      -0.109158123005      -8.311939611571E-003
  -4.66279888881       0.778083517691        95.0400000000        2.41481843935      -0.137814213645       2.757067787693E-003
  -5.24564874991       0.875343957402        95.0400000000        2.30120281968      -0.180833872823       3.354666743309E-003
  -5.82849861102       0.972604397113        95.0400000000        2.17891723501      -0.192746502481       4.514853466131E-003
  -6.41134847212        1.06986483682        95.0400000000        1.99737686894      -0.128935461133       1.471925611059E-002
   0.00000000000        0.00000000000        95.0400000000        3.13407351950      -2.616573915397E-002  2.115802007706E-002
 -0.582849861102      -9.726043971134E-002   95.0400000000        3.12984874541      -2.504874475208E-002  2.242541528317E-002
  -1.16569972220      -0.194520879423        95.0400000000        3.11798291523      -3.465152021453E-002  1.841936710207E-002
  -1.74854958330      -0.291781319134        95.0400000000        3.10369093352      -5.964427979974E-002  1.006534638481E-002
  -2.33139944441      -0.389041758845        95.0400000000        3.10443959254      -7.662302802031E-002  5.766079700079E-003
  -2.91424930551      -0.486302198557        95.0400000000        2.78793934080      -4.067291266139E-002 -1.899201462016E-002
  -3.49709916661      -0.583562638268        95.0400000000        2.66637637363       7.889850877298E-002 -9.324648199338E-003
  -4.07994902771      -0.680823077979        95.0400000000        2.55039459545       0.160151960097      -1.817907620655E-003
  -4.66279888881      -0.778083517691        95.0400000000        2.44187809564       0.169071699904       7.510340766074E-003
  -5.24564874991      -0.875343957402        95.0400000000        2.33142991087       0.168434991648       9.776674726011E-003
  -5.82849861102      -0.972604397113        95.0400000000        2.21383376384       0.193186845251       1.242276648932E-002
  -6.41134847212       -1.06986483682        95.0400000000        2.01490398825       0.202676930741       1.303890844641E-002
   0.00000000000        0.00000000000        95.0400000000        3.13407351950      -2.616573915397E-002  2.115802007706E-002
 -0.519689034804      -0.281241641340        95.0400000000        3.12688154797      -5.635019208936E-003  2.490572932094E-002
  -1.03937806961      -0.562483282680        95.0400000000        3.11809476589       4.989906096837E-003  2.450028150890E-002
  -1.55906710441      -0.843724924020        95.0400000000        3.10054586536      -3.736996921330E-002  1.220783390718E-002
  -2.07875613922       -1.12496656536        95.0400000000        3.11318914272      -4.695116845335E-002  8.843424633422E-003
  -2.59844517402       -1.40620820670        95.0400000000        3.04725528379      -3.852883094574E-002 -8.699635823379E-003
  -3.11813420882       -1.68744984804        95.0400000000        2.96898953009       0.187249992555      -5.515254835810E-003
  -3.63782324363       -1.96869148938        95.0400000000        2.87259168565       0.387229718805      -1.579090356432E-004
  -4.15751227843       -2.24993313072        95.0400000000        2.79896079793       0.482606354635       1.204539324923E-002
  -4.67720131323       -2.53117477206        95.0400000000        2.63814203939       0.605338497477       2.155733950023E-002
  -5.19689034804       -2.81241641340        95.0400000000        2.28498276425       0.745085714864       2.517563289728E-002
  -5.71657938284       -3.09365805474        95.0400000000        1.98983904952        1.01664302296       5.771576741481E-002
   0.00000000000        0.00000000000        95.0400000000        3.13407351950      -2.616573915397E-002  2.115802007706E-002
 -0.400211837779      -0.434745947216        95.0400000000        3.12549932562       1.603562125622E-002  2.725911469917E-002
 -0.800423675558      -0.869491894432        95.0400000000        3.11559127477       3.799557782981E-003  2.441047557120E-002
  -1.20063551334       -1.30423784165        95.0400000000        3.10424515239       6.219492793442E-003  1.997036772704E-002
  -1.60084735112       -1.73898378886        95.0400000000        3.09697233761      -0.101561665727       8.521304939737E-003
  -2.00105918889       -2.17372973608        95.0400000000        3.15131866723      -0.267259746739       2.300723674386E-002
  -2.40127102667       -2.60847568330        95.0400000000        3.54808841126       1.307075291487E-002  5.034547215051E-003
  -2.80148286445       -3.04322163051        95.0400000000        3.74616430456       0.161512857406       1.305876619656E-002
  -3.20169470223       -3.47796757773        95.0400000000        3.69216547882       0.619801119429       1.927227229207E-002
  -3.60190654001       -3.91271352494        95.0400000000        3.63153341258        1.40994598203      -9.837208181784E-003
  -4.00211837779       -4.34745947216        95.0400000000        3.36366440609        2.18783589637      -2.358836514911E-002
  -4.40233021557       -4.78220541938        95.0400000000        2.76141064513        2.23548883515      -7.198972729610E-003
   0.00000000000        0.00000000000        95.0400000000        3.13407351950      -2.616573915397E-002  2.115802007706E-002
 -0.237365478204      -0.541138783933        95.0400000000        3.12621677558       2.110073455983E-002  2.791038014317E-002
 -0.474730956408       -1.08227756787        95.0400000000        3.11693772933       7.159128398227E-003  2.517725677179E-002
 -0.712096434612       -1.62341635180        95.0400000000        3.10492453964       7.839199960151E-003  2.150728486378E-002
 -0.949461912816       -2.16455513573        95.0400000000        3.08816216903      -0.125179340285       1.974581978894E-002
  -1.18682739102       -2.70569391966        95.0400000000        3.36751098655      -0.156787152339       1.030301861612E-002
  -1.42419286922       -3.24683270360        95.0400000000        3.32330873001      -0.466629711963       1.444717992982E-002
  -1.66155834743       -3.78797148753        95.0400000000        3.53889156067      -0.606413760565       1.833382470597E-002
  -1.89892382563       -4.32911027146        95.0400000000        4.00200755050       -1.19686902176       1.350066765741E-002
  -2.13628930384       -4.87024905539        95.0400000000        4.44580499256       -3.55424641575      -2.073979720573E-003
  -2.37365478204       -5.41138783933        95.0400000000        2.60984947265       -3.99277821813      -7.851568277353E-003
  -2.61102026024       -5.95252662326        95.0400000000       -3.11183028746      -0.905673161875      -1.519676690976E-002
   0.00000000000        0.00000000000        95.0400000000        3.13407351950      -2.616573915397E-002  2.115802007706E-002
 -4.879688596092E-002 -0.588890836777        95.0400000000        3.12776791386       2.450741103807E-002  2.856650665678E-002
 -9.759377192185E-002  -1.17778167355        95.0400000000        3.12223058286       1.478516690866E-002  2.674623593376E-002
 -0.146390657883       -1.76667251033        95.0400000000        3.10869142260       5.563021343159E-003  2.383962029528E-002
 -0.195187543844       -2.35556334711        95.0400000000        3.09956478305      -1.255128938390E-002  2.194220795499E-002
 -0.243984429805       -2.94445418388        95.0400000000        3.43912204613      -2.702445166225E-002  3.408081230725E-002
 -0.292781315766       -3.53334502066        95.0400000000        3.40567729068      -0.322451017447       3.212436038749E-002
 -0.341578201726       -4.12223585744        95.0400000000        3.22719559923      -0.317553625098       2.578678282749E-002
 -0.390375087687       -4.71112669421        95.0400000000        2.59491769644      -0.376155601812       1.443881019565E-002
 -0.439171973648       -5.30001753099        95.0400000000        1.90944565702      -0.514973919721      -4.002426386570E-003
 -0.487968859609       -5.88890836777        95.0400000000        1.25936657275      -0.526595370699      -3.494749963435E-003
 -0.536765745570       -6.47779920454        95.0400000000       0.766592265679      -0.545592856663       6.907774141085E-003
   0.00000000000        0.00000000000        95.0400000000        3.13407351950      -2.616573915397E-002  2.115802007706E-002
  0.145059606038      -0.572827429873        95.0400000000        3.12980314897       2.825347313357E-002  2.942791194171E-002
  0.290119212075       -1.14565485975        95.0400000000        3.12733344464       2.466626540837E-002  2.852543718259E-002
  0.435178818113       -1.71848228962        95.0400000000        3.11966680448       1.551180419061E-002  2.713110379832E-002
  0.580238424151       -2.29130971949        95.0400000000        3.10552666863      -6.850907410278E-003  2.392151844348E-002
  0.725298030189       -2.86413714937        95.0400000000        3.51364606869       0.328691912317       4.569289971389E-002
  0.870357636226       -3.43696457924        95.0400000000        3.61856814334       0.243319063564       2.855303749845E-002
   1.01541724226       -4.00979200911        95.0400000000        3.43072427962       0.400456848408       2.178377991616E-002
   1.16047684830       -4.58261943899        95.0400000000        2.87064491178        1.15742996264       2.851764100167E-002
   1.30553645434       -5.15544686886        95.0400000000        2.17680427091        1.64711506165       3.008857123023E-002
   1.45059606038       -5.72827429873        95.0400000000        1.00920674406        1.74096964499       1.772677631167E-002
   1.59565566642       -6.30110172861        95.0400000000       3.078804989530E-002   1.30766454687       2.206078838489E-002
   0.00000000000        0.00000000000        95.0400000000        3.13407351950      -2.616573915397E-002  2.115802007706E-002
  0.323196638891      -0.494689282610        95.0400000000        3.13210193159       3.193297689212E-002  3.040124936925E-002
  0.646393277781      -0.989378565219        95.0400000000        3.13196506122       3.582202878396E-002  3.035423687730E-002
  0.969589916672       -1.48406784783        95.0400000000        3.12957280562       2.575455611880E-002  2.937382841565E-002
   1.29278655556       -1.97875713044        95.0400000000        3.11248310028      -1.417073921970E-002  2.381052497543E-002
   1.61598319445       -2.47344641305        95.0400000000        3.39070623059       0.291140426824       5.750354098367E-002
   1.93917983334       -2.96813569566        95.0400000000        3.56651861824       0.404289131027       3.854093885967E-002
   2.26237647223       -3.46282497827        95.0400000000        3.80683282427       0.353643532247       2.600821970862E-002
   2.58557311112       -3.95751426088        95.0400000000        4.49950917184       0.114846773872       2.510895853918E-002
   2.90876975001       -4.45220354349        95.0400000000        5.63555160839      -0.844392853073       1.531231649341E-002
   3.23196638891       -4.94689282610        95.0400000000        4.97852600630       -4.73890473960       4.868034268588E-003
   3.55516302780       -5.44158210871        95.0400000000        1.52897748279       -4.28645060387       1.014851722077E-002
   0.00000000000        0.00000000000        95.0400000000        3.13407351950      -2.616573915397E-002  2.115802007706E-002
  0.466310301007      -0.362943875680        95.0400000000        3.13544183487       2.537488193956E-002  3.002975586920E-002
  0.932620602014      -0.725887751361        95.0400000000        3.13194722789       2.630026841321E-002  2.992114114504E-002
   1.39893090302       -1.08883162704        95.0400000000        3.12843178973       1.274004981101E-002  2.796263142662E-002
   1.86524120403       -1.45177550272        95.0400000000        3.11874854752      -1.403915457315E-002  2.349929835620E-002
   2.33155150503       -1.81471937840        95.0400000000        3.12548958704       0.229487825462       5.629801801799E-002
   2.79786180604       -2.17766325408        95.0400000000        3.14480659935       5.067225468658E-002  3.248866121430E-002
   3.26417210705       -2.54060712976        95.0400000000        3.06145375759      -0.167547286950       2.575043317069E-002
   3.73048240806       -2.90355100544        95.0400000000        2.96443377667      -0.421248175017       1.670522229297E-002
   4.19679270906       -3.26649488112        95.0400000000        2.94814596408      -0.832759740693       1.504457975213E-002
   4.66310301007       -3.62943875680        95.0400000000        2.79207382050       -1.41409877716       3.658875560068E-002
   5.12941331108       -3.99238263248        95.0400000000        2.38559279909       -1.49079808718       3.673954505373E-002
   0.00000000000        0.00000000000        95.0400000000        3.13407351950      -2.616573915397E-002  2.115802007706E-002
  0.558892006459      -0.191867868166        95.0400000000        3.13536065244      -5.640167731473E-003  2.618358143744E-002
   1.11778401292      -0.383735736333        95.0400000000        3.12944575683      -2.564088586290E-003  2.683619598431E-002
   1.67667601938      -0.575603604499        95.0400000000        3.12360061041      -3.998817513597E-003  2.527268186395E-002
   2.23556802584      -0.767471472666        95.0400000000        3.12026442851      -1.185378719674E-002  2.206792797996E-002
   2.79446003230      -0.959339340832        95.0400000000        2.72510980302       9.061200339499E-002  5.423315190958E-002
   3.35335203876       -1.15120720900        95.0400000000        2.57412330149      -5.923809243827E-002  4.654911303163E-002
   3.91224404522       -1.34307507716        95.0400000000        2.48275785557      -0.200998932679       3.097451798541E-002
   4.47113605168       -1.53494294533        95.0400000000        2.36529850492      -0.299997309773       2.504908580053E-002
   5.03002805814       -1.72681081350        95.0400000000        2.24883177167      -0.321447600853       2.227270987419E-002
   5.58892006459       -1.91867868166        95.0400000000        2.07422606587      -0.349817691072       2.433912829830E-002
   6.14781207105       -2.11054654983        95.0400000000        1.83409598889      -0.332418873734       2.081234447338E-002
   0.00000000000        0.00000000000        95.0400000000        3.13407351950      -2.616573915397E-002  2.115802007706E-002
  0.590909090909        0.00000000000        95.0400000000        3.13162293949      -3.229979499301E-002  2.133402201067E-002
   1.18181818182      -1.172487511250E-015   95.0400000000        3.12749869578      -2.647407133381E-002  2.227197354477E-002
   1.77272727273        0.00000000000        95.0400000000        3.12127958199      -1.958250788085E-002  2.205678512210E-002
   2.36363636364        0.00000000000        95.0400000000        3.14501661565       1.310541814512E-002  2.294576526671E-002
   2.95454545455        0.00000000000        95.0400000000        2.61850459336      -5.750603980127E-004  4.455905831378E-002
   3.54545454545        0.00000000000        95.0400000000        2.51480668155      -8.798349116088E-002  3.246609492890E-002
   4.13636363636        0.00000000000        95.0400000000        2.39538259709      -7.788228399677E-002  1.906918195311E-002
   4.72727272727        0.00000000000        95.0400000000        2.28546915597      -1.522693646863E-002  1.023861458461E-002
   5.31818181818        0.00000000000        95.0400000000        2.17051469179      -3.728210186877E-003  8.840811452610E-003
   5.90909090909        0.00000000000        95.0400000000        2.06173546541      -9.479167715351E-003  9.580013827290E-003
   6.50000000000        0.00000000000        95.0400000000        1.93544184005      -1.779758007446E-002  6.207028175845E-003
