 12 20 1 1
 1 X [LENGU]
 2 Y [LENGU]
 3 Z [LENGU]
 4 Hx [FIELU]
 5 Hy [FIELU]
 6 Hz [FIELU]
 0
   0.00000000000        0.00000000000        70.0000000000        2.91587733226      -6.845355898514E-002 -5.789280969037E-003
  0.590909090909        0.00000000000        70.0000000000        2.91685378392      -6.226130116334E-002 -4.468923736720E-003
   1.18181818182        0.00000000000        70.0000000000        2.92362833518      -4.402076694332E-002 -2.176824110996E-003
   1.77272727273        0.00000000000        70.0000000000        2.93672304799      -2.866147001699E-002  8.504514035366E-004
   2.36363636364        0.00000000000        70.0000000000        2.95119223430      -1.318511442111E-002  3.929914633412E-003
   2.95454545455        0.00000000000        70.0000000000        3.00313938376      -3.246608437478E-003  1.062171239462E-002
   3.54545454545        0.00000000000        70.0000000000        2.88849804739       4.612902136633E-005  9.855589260093E-003
   4.13636363636        0.00000000000        70.0000000000        2.77383571718       7.941544245191E-004  8.760091697707E-003
   4.72727272727        0.00000000000        70.0000000000        2.66693549954      -4.217899007685E-004  7.561158077828E-003
   5.31818181818        0.00000000000        70.0000000000        2.52643979616      -6.247312949610E-003  9.116544320053E-003
   5.90909090909        0.00000000000        70.0000000000        2.38962839446      -6.446601601537E-003  7.994059419517E-003
   6.50000000000        0.00000000000        70.0000000000        2.25281699276      -6.645890253463E-003  6.871574518980E-003
   0.00000000000        0.00000000000        70.0000000000        2.91587733226      -6.845355898514E-002 -5.789280969037E-003
  0.558892006459       0.191867868166        70.0000000000        2.91944362639      -5.752595326309E-002 -4.018781480724E-003
   1.11778401292       0.383735736333        70.0000000000        2.93215931500      -3.604096661451E-002 -7.365932382932E-004
   1.67667601938       0.575603604499        70.0000000000        2.94838426234      -1.630022108025E-002  3.120362502364E-003
   2.23556802584       0.767471472666        70.0000000000        2.95938738535      -1.904641316100E-003  5.254975433689E-003
   2.79446003230       0.959339340832        70.0000000000        3.06175832296       6.380690040123E-002  8.648213282867E-003
   3.35335203876        1.15120720900        70.0000000000        2.97916085333       0.204851766942       1.082075736811E-002
   3.91224404522        1.34307507716        70.0000000000        2.90965463413       0.297194133387       1.173251638012E-002
   4.47113605168        1.53494294533        70.0000000000        2.83265582024       0.392335812193       1.185394607817E-002
   5.03002805814        1.72681081350        70.0000000000        2.55138753141       0.437165966910       1.013581417188E-002
   5.58892006459        1.91867868166        70.0000000000        2.31762955799       0.418830414143       1.859304430119E-002
   6.14781207105        2.11054654983        70.0000000000        2.10635310625       0.440060835194       4.249403565575E-002
   0.00000000000        0.00000000000        70.0000000000        2.91587733226      -6.845355898514E-002 -5.789280969037E-003
  0.466310301007       0.362943875680        70.0000000000        2.92110519850      -5.531888319603E-002 -3.851866042724E-003
  0.932620602014       0.725887751361        70.0000000000        2.93712400678      -3.235710415186E-002 -1.382832096584E-004
   1.39893090302        1.08883162704        70.0000000000        2.94934006592      -1.305446518311E-002  3.236505313286E-003
   1.86524120403        1.45177550272        70.0000000000        2.95701183025       2.547569856160E-003  6.022165036998E-003
   2.33155150503        1.81471937840        70.0000000000        3.29401857675       5.116942280485E-002  7.239476431212E-003
   2.79786180604        2.17766325408        70.0000000000        3.24259879808       0.242201461002       1.016543179581E-002
   3.26417210705        2.54060712976        70.0000000000        3.21823750655       0.402608934372       1.141742302464E-002
   3.73048240806        2.90355100544        70.0000000000        3.18173437752       0.784371797340       1.082560545442E-002
   4.19679270906        3.26649488112        70.0000000000        3.10962851465        1.18478345509      -1.702802364099E-002
   4.66310301007        3.62943875680        70.0000000000        2.93846027736        1.59487480884      -3.630427183605E-002
   5.12941331108        3.99238263248        70.0000000000        2.42534127122        1.55070029474      -3.143710868138E-002
   0.00000000000        0.00000000000        70.0000000000        2.91587733226      -6.845355898514E-002 -5.789280969037E-003
  0.323196638891       0.494689282610        70.0000000000        2.92165844312      -5.587926125015E-002 -3.986265300387E-003
  0.646393277781       0.989378565219        70.0000000000        2.93798440912      -3.336838321422E-002 -4.467302004307E-004
  0.969589916672        1.48406784783        70.0000000000        2.94792357688      -1.552224662425E-002  2.447993613671E-003
   1.29278655556        1.97875713044        70.0000000000        2.95480304361      -6.022827654140E-003  5.202069289874E-003
   1.61598319445        2.47344641305        70.0000000000        3.42234812594      -5.466549495790E-002  4.113238080481E-003
   1.93917983334        2.96813569566        70.0000000000        3.60758069321      -9.335099788263E-002  3.035945233508E-003
   2.26237647223        3.46282497827        70.0000000000        3.95770274073      -9.844969163512E-002 -2.794268805383E-004
   2.58557311112        3.95751426088        70.0000000000        4.74039909900       0.110973339384      -2.044466984998E-003
   2.90876975001        4.45220354349        70.0000000000        5.77511747301       0.890644586382       8.017583048647E-003
   3.23196638891        4.94689282610        70.0000000000        5.40102041573        5.11525479167       3.635732702874E-003
   3.55516302780        5.44158210871        70.0000000000        1.69258986630        4.13479990785       3.220925397340E-004
   0.00000000000        0.00000000000        70.0000000000        2.91587733226      -6.845355898514E-002 -5.789280969037E-003
  0.145059606038       0.572827429873        70.0000000000        2.92104340763      -5.914636176812E-002 -4.407415008726E-003
  0.290119212075        1.14565485975        70.0000000000        2.93464728409      -3.896521602357E-002 -1.628509193112E-003
  0.435178818113        1.71848228962        70.0000000000        2.94428829380      -2.343614299297E-002  8.402748811914E-004
  0.580238424151        2.29130971949        70.0000000000        2.95181461662      -4.231477356492E-002  3.911278290755E-004
  0.725298030189        2.86413714937        70.0000000000        3.43710236163      -0.151309443109      -4.579264711363E-004
  0.870357636226        3.43696457924        70.0000000000        3.52575681975      -0.245607595501      -2.609834120135E-003
   1.01541724226        4.00979200911        70.0000000000        3.17046991690      -0.588592293291      -7.537701544889E-003
   1.16047684830        4.58261943899        70.0000000000        2.89422743087       -1.08936743730      -1.167624666730E-003
   1.30553645434        5.15544686886        70.0000000000        2.27172668359       -1.67659920884      -1.257871267154E-002
   1.45059606038        5.72827429873        70.0000000000        1.08294443213       -1.72325989322      -2.826636881414E-002
   1.59565566642        6.30110172861        70.0000000000       3.467052322661E-002  -1.23883378302      -1.463836631106E-002
   0.00000000000        0.00000000000        70.0000000000        2.91587733226      -6.845355898514E-002 -5.789280969037E-003
 -4.879688596092E-002  0.588890836777        70.0000000000        2.91932674067      -6.476614371453E-002 -5.069677062031E-003
 -9.759377192185E-002   1.17778167355        70.0000000000        2.92777595962      -4.867531602897E-002 -3.506947692473E-003
 -0.146390657883        1.76667251033        70.0000000000        2.93882815601      -3.593856082095E-002 -1.412429613163E-003
 -0.195187543844        2.35556334711        70.0000000000        2.94516992507      -6.528050878589E-002 -3.644861233902E-003
 -0.243984429805        2.94445418388        70.0000000000        3.44109586670       6.769325010699E-002 -8.044303346238E-003
 -0.292781315766        3.53334502066        70.0000000000        3.56745161170       0.196754163146      -2.802057287173E-003
 -0.341578201726        4.12223585744        70.0000000000        3.14784346441       0.209266715537      -3.002655299027E-003
 -0.390375087687        4.71112669421        70.0000000000        2.66294549960       0.380730478703      -1.085029305174E-003
 -0.439171973648        5.30001753099        70.0000000000        1.95013844868       0.465245095693       7.317761688742E-004
 -0.487968859609        5.88890836777        70.0000000000        1.29071387916       0.589629297577       5.585073378712E-003
 -0.536765745570        6.47779920454        70.0000000000       0.794319722527       0.533741894147       5.392747331498E-003
   0.00000000000        0.00000000000        70.0000000000        2.91587733226      -6.845355898514E-002 -5.789280969037E-003
 -0.237365478204       0.541138783933        70.0000000000        2.91997698223      -6.398643666613E-002 -5.347750140266E-003
 -0.474730956408        1.08227756787        70.0000000000        2.92407663221      -5.951931434712E-002 -4.906219311495E-003
 -0.712096434612        1.62341635180        70.0000000000        2.92832836573      -5.467490674659E-002 -4.439042409139E-003
 -0.949461912816        2.16455513573        70.0000000000        2.93523154808      -5.390361943368E-002 -4.240803982741E-003
  -1.18682739102        2.70569391966        70.0000000000        3.41757202452       0.112585267853      -9.264166385244E-003
  -1.42419286922        3.24683270360        70.0000000000        3.55259228378       0.321371111551      -5.561716002581E-003
  -1.66155834743        3.78797148753        70.0000000000        3.70847755613       0.560124607990      -1.882572559204E-003
  -1.89892382563        4.32911027146        70.0000000000        4.08976258106        1.19357916492      -6.137167792023E-005
  -2.13628930384        4.87024905539        70.0000000000        4.93873888896        3.20565656296       6.395939473067E-004
  -2.37365478204        5.41138783933        70.0000000000        1.25841067144        5.13261670057       1.700619797512E-003
  -2.61102026024        5.95252662326        70.0000000000       -2.99201361551       0.933172758788       3.286250885181E-003
   0.00000000000        0.00000000000        70.0000000000        2.91587733226      -6.845355898514E-002 -5.789280969037E-003
 -0.400211837779       0.434745947216        70.0000000000        2.92194313804      -5.932421107012E-002 -5.376849027967E-003
 -0.800423675558       0.869491894432        70.0000000000        2.92800894383      -5.019486315509E-002 -4.964417086897E-003
  -1.20063551334        1.30423784165        70.0000000000        2.93407474961      -4.106551524006E-002 -4.551985145827E-003
  -1.60084735112        1.73898378886        70.0000000000        2.93871967630      -3.826871184314E-002 -3.669643500077E-003
  -2.00105918889        2.17372973608        70.0000000000        3.18186594697       0.211779787232      -2.992985266381E-003
  -2.40127102667        2.60847568330        70.0000000000        3.48115366163      -0.151768206794      -1.242812843445E-002
  -2.80148286445        3.04322163051        70.0000000000        3.54429291429      -0.371563402969      -1.145906842934E-002
  -3.20169470223        3.47796757773        70.0000000000        3.78551008061      -0.694947761177      -1.782012461054E-002
  -3.60190654001        3.91271352494        70.0000000000        3.86193341540       -1.45157653681      -1.734331583643E-003
  -4.00211837779        4.34745947216        70.0000000000        3.60234512680       -2.25045698218       9.476034888154E-003
  -4.40233021557        4.78220541938        70.0000000000        2.88560298122       -2.26210362902       7.850102388723E-003
   0.00000000000        0.00000000000        70.0000000000        2.91587733226      -6.845355898514E-002 -5.789280969037E-003
 -0.519689034804       0.281241641340        70.0000000000        2.92695071879      -5.132794130032E-002 -4.834704142560E-003
  -1.03937806961       0.562483282680        70.0000000000        2.94260375261      -2.884931895371E-002 -3.117497863282E-003
  -1.55906710441       0.843724924020        70.0000000000        2.95427983876      -1.226701028745E-002 -1.873848605923E-003
  -2.07875613922        1.12496656536        70.0000000000        2.95122842404      -2.045514022738E-002 -2.565002957977E-003
  -2.59844517402        1.40620820670        70.0000000000        3.16075074424      -6.783158146328E-002 -1.038405874761E-002
  -3.11813420882        1.68744984804        70.0000000000        3.05868015740      -0.243075359406      -6.763769283206E-003
  -3.63782324363        1.96869148938        70.0000000000        2.95660957057      -0.418319137349      -3.143479818800E-003
  -4.15751227843        2.24993313072        70.0000000000        2.85453898373      -0.593562915291       4.768096456058E-004
  -4.67720131323        2.53117477206        70.0000000000        2.74757369589      -0.718455157835       2.120301472270E-003
  -5.19689034804        2.81241641340        70.0000000000        2.45058943634      -0.905796815749       8.352014862133E-003
  -5.71657938284        3.09365805474        70.0000000000        2.15008095385       -1.09204124023      -1.876555988276E-003
   0.00000000000        0.00000000000        70.0000000000        2.91587733226      -6.845355898514E-002 -5.789280969037E-003
 -0.582849861102       9.726043971134E-002   70.0000000000        2.93598725171      -3.907557263129E-002 -3.525251451278E-003
  -1.16569972220       0.194520879423        70.0000000000        2.96133633585      -6.449712737321E-003 -4.355705646781E-004
  -1.74854958330       0.291781319134        70.0000000000        2.97250887576       6.568893376786E-003  9.731311584528E-004
  -2.33139944441       0.389041758845        70.0000000000        2.97964734121       1.250949623054E-002  1.468067768513E-003
  -2.91424930551       0.486302198557        70.0000000000        2.99598693425      -6.013322252563E-002 -1.004197734439E-002
  -3.49709916661       0.583562638268        70.0000000000        2.87779915164      -0.111268057590      -9.054532162662E-003
  -4.07994902771       0.680823077979        70.0000000000        2.75961136902      -0.162402892654      -8.067086980937E-003
  -4.66279888881       0.778083517691        70.0000000000        2.64043249532      -0.189371471720      -8.266057116133E-003
  -5.24564874991       0.875343957402        70.0000000000        2.49757400290      -0.183330172017      -9.020874568294E-003
  -5.82849861102       0.972604397113        70.0000000000        2.34398081969      -0.183468206160      -9.136101464236E-003
  -6.41134847212        1.06986483682        70.0000000000        2.16553543903      -0.180164053812      -1.021480767048E-002
   0.00000000000        0.00000000000        70.0000000000        2.91587733226      -6.845355898514E-002 -5.789280969037E-003
 -0.582849861102      -9.726043971134E-002   70.0000000000        2.94245846967      -3.093854080281E-002 -2.533255426800E-003
  -1.16569972220      -0.194520879423        70.0000000000        2.97617205108      -6.688336255795E-003  1.676666339584E-003
  -1.74854958330      -0.291781319134        70.0000000000        2.98635283114       2.521049400931E-003  3.001061595532E-003
  -2.33139944441      -0.389041758845        70.0000000000        2.99588205598       2.300145970444E-002  4.246808604093E-003
  -2.91424930551      -0.486302198557        70.0000000000        3.01013282027       3.914706409850E-002 -5.003743488922E-003
  -3.49709916661      -0.583562638268        70.0000000000        2.89895411604       8.774600053755E-002 -4.997534991699E-003
  -4.07994902771      -0.680823077979        70.0000000000        2.78660644455       0.108910477671      -5.473380093675E-003
  -4.66279888881      -0.778083517691        70.0000000000        2.66428773176       0.144028766859      -6.110506439646E-003
  -5.24564874991      -0.875343957402        70.0000000000        2.53841955165       0.173560643867      -6.395879637131E-003
  -5.82849861102      -0.972604397113        70.0000000000        2.38883178072       0.200977992414      -8.520179217287E-003
  -6.41134847212       -1.06986483682        70.0000000000        2.16356827719       0.206795893252      -1.479944033586E-002
   0.00000000000        0.00000000000        70.0000000000        2.91587733226      -6.845355898514E-002 -5.789280969037E-003
 -0.519689034804      -0.281241641340        70.0000000000        2.94726294244      -3.290514881755E-002 -1.813338592622E-003
  -1.03937806961      -0.562483282680        70.0000000000        2.98332249701      -1.296093190608E-002  2.205936092260E-003
  -1.55906710441      -0.843724924020        70.0000000000        2.99860445653      -4.646621466543E-003  3.770065711385E-003
  -2.07875613922       -1.12496656536        70.0000000000        3.00534064042       1.502554931932E-002  5.863137109986E-003
  -2.59844517402       -1.40620820670        70.0000000000        3.15724559944       6.734685517881E-002 -2.986723187945E-003
  -3.11813420882       -1.68744984804        70.0000000000        3.06402650786       0.157559609986      -2.472231376703E-003
  -3.63782324363       -1.96869148938        70.0000000000        2.95411421440       0.319908228433       4.431041188127E-005
  -4.15751227843       -2.24993313072        70.0000000000        2.85174452398       0.489179939942       2.527665617864E-003
  -4.67720131323       -2.53117477206        70.0000000000        2.73132760097       0.708521503552       2.154796862166E-003
  -5.19689034804       -2.81241641340        70.0000000000        2.44069686908       0.887889551158      -1.594628892775E-002
  -5.71657938284       -3.09365805474        70.0000000000        2.00166285404        1.06888923985      -3.862222853559E-002
   0.00000000000        0.00000000000        70.0000000000        2.91587733226      -6.845355898514E-002 -5.789280969037E-003
 -0.400211837779      -0.434745947216        70.0000000000        2.94760561637      -3.750251995715E-002 -1.660852758637E-003
 -0.800423675558      -0.869491894432        70.0000000000        2.99097813110      -1.577990510461E-002  2.351100464502E-003
  -1.20063551334       -1.30423784165        70.0000000000        3.00569688804      -1.624981921766E-002  3.372386701854E-003
  -1.60084735112       -1.73898378886        70.0000000000        3.00964163168      -2.564676649642E-003  4.119569148406E-003
  -2.00105918889       -2.17372973608        70.0000000000        3.24901980303      -5.691589031355E-002 -3.438808095519E-003
  -2.40127102667       -2.60847568330        70.0000000000        3.57276712576       0.225851133782      -6.529498520396E-004
  -2.80148286445       -3.04322163051        70.0000000000        3.72726582639       0.487517156986      -4.580391682423E-004
  -3.20169470223       -3.47796757773        70.0000000000        3.87957259402       0.712285028005       2.103565276393E-004
  -3.60190654001       -3.91271352494        70.0000000000        3.87685415152        1.44616234841       1.583709455618E-002
  -4.00211837779       -4.34745947216        70.0000000000        3.52382011308        2.15150511030       7.187386834816E-002
  -4.40233021557       -4.78220541938        70.0000000000        3.05875959020        2.30640720877       7.612098628005E-003
   0.00000000000        0.00000000000        70.0000000000        2.91587733226      -6.845355898514E-002 -5.789280969037E-003
 -0.237365478204      -0.541138783933        70.0000000000        2.94344935740      -4.423245772308E-002 -2.092322131019E-003
 -0.474730956408       -1.08227756787        70.0000000000        2.96929439236      -0.102417651611       6.870032138838E-004
 -0.712096434612       -1.62341635180        70.0000000000        2.99633469290      -6.757728885304E-002  1.867802442915E-003
 -0.949461912816       -2.16455513573        70.0000000000        2.97716474585      -0.182423550037      -5.492346298249E-003
  -1.18682739102       -2.70569391966        70.0000000000        3.37188336836      -0.100168533120      -1.119527824324E-003
  -1.42419286922       -3.24683270360        70.0000000000        3.50368436899      -0.168246500132      -3.882741164303E-003
  -1.66155834743       -3.78797148753        70.0000000000        3.64683473983      -0.570469073391      -2.223083691848E-003
  -1.89892382563       -4.32911027146        70.0000000000        3.98498021748      -0.969251872329       5.609731890857E-004
  -2.13628930384       -4.87024905539        70.0000000000        4.70454585843       -3.16034413943      -8.926202845316E-004
  -2.37365478204       -5.41138783933        70.0000000000       0.389854590431       -7.67865528309      -2.625540160321E-003
  -2.61102026024       -5.95252662326        70.0000000000       -2.86831784644      -0.913540650279      -4.002545604171E-003
   0.00000000000        0.00000000000        70.0000000000        2.91587733226      -6.845355898514E-002 -5.789280969037E-003
 -4.879688596092E-002 -0.588890836777        70.0000000000        2.93524456069      -5.236566893266E-002 -3.060990308333E-003
 -9.759377192185E-002  -1.17778167355        70.0000000000        2.92449697105      -0.250284948601      -2.402968482979E-003
 -0.146390657883       -1.76667251033        70.0000000000        2.93172571924      -0.269442231296      -2.217241042793E-003
 -0.195187543844       -2.35556334711        70.0000000000        2.93653315251      -0.384460351521      -1.945875100695E-002
 -0.243984429805       -2.94445418388        70.0000000000        3.38600394744      -4.925386483684E-002 -1.038589528652E-003
 -0.292781315766       -3.53334502066        70.0000000000        3.38737857870       4.398702807559E-002 -2.914310048329E-003
 -0.341578201726       -4.12223585744        70.0000000000        3.08960995539      -0.203888326470      -2.428863664478E-003
 -0.390375087687       -4.71112669421        70.0000000000        2.58621409312      -0.289304166643      -2.741871499176E-003
 -0.439171973648       -5.30001753099        70.0000000000        1.92708366346      -0.481278445246       9.209510670576E-003
 -0.487968859609       -5.88890836777        70.0000000000        1.26556806264      -0.603459194661       9.197201205656E-003
 -0.536765745570       -6.47779920454        70.0000000000       0.720981100325      -0.420055351307       1.710020008100E-002
   0.00000000000        0.00000000000        70.0000000000        2.91587733226      -6.845355898514E-002 -5.789280969037E-003
  0.145059606038      -0.572827429873        70.0000000000        2.92388034328      -6.102079395156E-002 -4.461887063132E-003
  0.290119212075       -1.14565485975        70.0000000000        2.89037821021      -0.324584358547      -4.310383477157E-003
  0.435178818113       -1.71848228962        70.0000000000        2.86709241415      -0.331059138351      -1.980234937542E-003
  0.580238424151       -2.29130971949        70.0000000000        2.90019012448      -0.244669817808      -7.627150200766E-003
  0.725298030189       -2.86413714937        70.0000000000        3.48699370211       7.379494764827E-002 -2.594316334898E-003
  0.870357636226       -3.43696457924        70.0000000000        3.43633355498       0.410140869468       4.462908003215E-003
   1.01541724226       -4.00979200911        70.0000000000        3.43247352276       0.742524816882      -1.462665040553E-003
   1.16047684830       -4.58261943899        70.0000000000        3.05002426805       0.914095092889      -2.221091826386E-003
   1.30553645434       -5.15544686886        70.0000000000        2.20972268678        1.62268860885      -3.201587992574E-003
   1.45059606038       -5.72827429873        70.0000000000        1.06524909537        1.71668830252       9.718237836773E-003
   1.59565566642       -6.30110172861        70.0000000000       0.110374682157        1.28081764154       5.468540297579E-003
   0.00000000000        0.00000000000        70.0000000000        2.91587733226      -6.845355898514E-002 -5.789280969037E-003
  0.323196638891      -0.494689282610        70.0000000000        2.91202027213      -7.383100257786E-002 -6.006357551484E-003
  0.646393277781      -0.989378565219        70.0000000000        2.91871396146      -0.127677316700      -4.617109947348E-003
  0.969589916672       -1.48406784783        70.0000000000        2.89150546997      -0.180200212759      -4.277416734458E-003
   1.29278655556       -1.97875713044        70.0000000000        2.88265144870      -7.828668077200E-002 -3.545844906958E-003
   1.61598319445       -2.47344641305        70.0000000000        3.46090949726       8.507588447297E-003  1.222460283840E-002
   1.93917983334       -2.96813569566        70.0000000000        3.63829638037      -0.195650656982       8.086056470432E-003
   2.26237647223       -3.46282497827        70.0000000000        3.77868440715      -0.227470455384       3.821569084113E-003
   2.58557311112       -3.95751426088        70.0000000000        4.50305226232      -3.474575777833E-002  3.496487510560E-003
   2.90876975001       -4.45220354349        70.0000000000        5.81506776543       -1.02437930053       1.503564342222E-002
   3.23196638891       -4.94689282610        70.0000000000        5.71640367122       -4.48075011099       2.424468678742E-002
   3.55516302780       -5.44158210871        70.0000000000        1.89289690982       -4.27206380095       3.135657306681E-002
   0.00000000000        0.00000000000        70.0000000000        2.91587733226      -6.845355898514E-002 -5.789280969037E-003
  0.466310301007      -0.362943875680        70.0000000000        2.91008206614      -7.704586623775E-002 -5.998363148655E-003
  0.932620602014      -0.725887751361        70.0000000000        2.91000685683      -7.359615473823E-002 -5.415004801406E-003
   1.39893090302       -1.08883162704        70.0000000000        2.91221730555      -7.022921490653E-002 -4.626048139287E-003
   1.86524120403       -1.45177550272        70.0000000000        2.89541920949      -5.054368115171E-002 -5.415527039288E-004
   2.33155150503       -1.81471937840        70.0000000000        3.34444761026      -5.116525776120E-002  1.362333239272E-002
   2.79786180604       -2.17766325408        70.0000000000        3.40920724490      -0.237488911597       1.203380465269E-002
   3.26417210705       -2.54060712976        70.0000000000        3.37407824849      -0.429647721572       1.328884020214E-002
   3.73048240806       -2.90355100544        70.0000000000        3.25340198746      -0.681188811821       1.674201339812E-002
   4.19679270906       -3.26649488112        70.0000000000        3.14876421526       -1.19488883076       2.772499790514E-002
   4.66310301007       -3.62943875680        70.0000000000        2.91193746363       -1.53973951630       3.921648864567E-002
   5.12941331108       -3.99238263248        70.0000000000        2.40070249950       -1.59153290300       4.381410411265E-002
   0.00000000000        0.00000000000        70.0000000000        2.91587733226      -6.845355898514E-002 -5.789280969037E-003
  0.558892006459      -0.191867868166        70.0000000000        2.91361632072      -6.901177847529E-002 -5.153512912597E-003
   1.11778401292      -0.383735736333        70.0000000000        2.91635511972      -5.716658555049E-002 -3.674619393606E-003
   1.67667601938      -0.575603604499        70.0000000000        2.92400237492      -4.778427934532E-002 -2.541142155599E-003
   2.23556802584      -0.767471472666        70.0000000000        2.92463336862      -3.202617241965E-002  8.733516620641E-004
   2.79446003230      -0.959339340832        70.0000000000        3.07256806300      -8.136731524529E-002  1.108711320285E-002
   3.35335203876       -1.15120720900        70.0000000000        2.98237007555      -0.147402178055       1.518156391426E-002
   3.91224404522       -1.34307507716        70.0000000000        3.06058880886      -0.204686151378       1.059248099467E-002
   4.47113605168       -1.53494294533        70.0000000000        2.91422571229      -0.412316372661       1.289219191561E-002
   5.03002805814       -1.72681081350        70.0000000000        2.57924242200      -0.426528901405       8.379855937143E-003
   5.58892006459       -1.91867868166        70.0000000000        2.35413756504      -0.414954583575       2.091135855138E-002
   6.14781207105       -2.11054654983        70.0000000000        2.08957417356      -0.413463045678       1.269443172637E-002
   0.00000000000        0.00000000000        70.0000000000        2.91587733226      -6.845355898514E-002 -5.789280969037E-003
  0.590909090909        0.00000000000        70.0000000000        2.91685378392      -6.226130116334E-002 -4.468923736720E-003
   1.18181818182      -1.172487511250E-015   70.0000000000        2.92362833518      -4.402076694332E-002 -2.176824110996E-003
   1.77272727273        0.00000000000        70.0000000000        2.93672304799      -2.866147001699E-002  8.504514035366E-004
   2.36363636364        0.00000000000        70.0000000000        2.95119223430      -1.318511442111E-002  3.929914633412E-003
   2.95454545455        0.00000000000        70.0000000000        3.00313938376      -3.246608437478E-003  1.062171239462E-002
   3.54545454545        0.00000000000        70.0000000000        2.88849804739       4.612902136633E-005  9.855589260093E-003
   4.13636363636        0.00000000000        70.0000000000        2.77383571718       7.941544245191E-004  8.760091697707E-003
   4.72727272727        0.00000000000        70.0000000000        2.66693549954      -4.217899007685E-004  7.561158077828E-003
   5.31818181818        0.00000000000        70.0000000000        2.52643979616      -6.247312949610E-003  9.116544320053E-003
   5.90909090909        0.00000000000        70.0000000000        2.38962839446      -6.446601601537E-003  7.994059419517E-003
   6.50000000000        0.00000000000        70.0000000000        2.25281699276      -6.645890253463E-003  6.871574518980E-003
