 12 20 1 1
 1 X [LENGU]
 2 Y [LENGU]
 3 Z [LENGU]
 4 Hx [FIELU]
 5 Hy [FIELU]
 6 Hz [FIELU]
 0
   0.00000000000        0.00000000000        95.0400000000        3.25781614611      -2.471362253577E-002  2.096195983038E-002
  0.590909090909        0.00000000000        95.0400000000        3.25524162017      -3.242131994223E-002  2.082792148033E-002
   1.18181818182        0.00000000000        95.0400000000        3.25095837874      -2.842032648080E-002  2.148300762201E-002
   1.77272727273        0.00000000000        95.0400000000        3.24421929285      -2.374066840024E-002  2.094773660914E-002
   2.36363636364        0.00000000000        95.0400000000        3.26748363099       1.145714805864E-002  2.214510234540E-002
   2.95454545455        0.00000000000        95.0400000000        2.75170347125      -1.919823608053E-003  4.381451026009E-002
   3.54545454545        0.00000000000        95.0400000000        2.64321194297      -9.139740736669E-002  3.163041670269E-002
   4.13636363636        0.00000000000        95.0400000000        2.51717256733      -7.978110310749E-002  1.812117732087E-002
   4.72727272727        0.00000000000        95.0400000000        2.40197972506      -1.529133566222E-002  9.650038431207E-003
   5.31818181818        0.00000000000        95.0400000000        2.28137579768      -3.617282026261E-003  8.404273113055E-003
   5.90909090909        0.00000000000        95.0400000000        2.16693327508      -9.904691695826E-003  9.282038928345E-003
   6.50000000000        0.00000000000        95.0400000000        2.03392666138      -1.869349143850E-002  5.835331266705E-003
   0.00000000000        0.00000000000        95.0400000000        3.25781614611      -2.471362253577E-002  2.096195983038E-002
  0.558892006459       0.191867868166        95.0400000000        3.25041261658      -4.725305486639E-002  1.678537859789E-002
   1.11778401292       0.383735736333        95.0400000000        3.25726205961      -3.633873413935E-002  1.778844511832E-002
   1.67667601938       0.575603604499        95.0400000000        3.27045803705      -1.171718040165E-002  1.988974905641E-002
   2.23556802584       0.767471472666        95.0400000000        3.29733888128       3.717442378906E-002  2.397483187306E-002
   2.79446003230       0.959339340832        95.0400000000        2.84301582129      -8.490610763937E-002  3.469613562735E-002
   3.35335203876        1.15120720900        95.0400000000        2.72707885759       1.451806666507E-002  3.128785237144E-002
   3.91224404522        1.34307507716        95.0400000000        2.59825063528       0.158211859612       2.502330885922E-002
   4.47113605168        1.53494294533        95.0400000000        2.51387057872       0.268151230529       1.241871288199E-002
   5.03002805814        1.72681081350        95.0400000000        2.37032247838       0.306034108380       1.203610079373E-002
   5.58892006459        1.91867868166        95.0400000000        2.14059124839       0.313137978037       8.547092936468E-003
   6.14781207105        2.11054654983        95.0400000000        1.91384610513       0.342249072598       6.235356702219E-003
   0.00000000000        0.00000000000        95.0400000000        3.25781614611      -2.471362253577E-002  2.096195983038E-002
  0.466310301007       0.362943875680        95.0400000000        3.25664598578      -4.433716451362E-002  1.551676662637E-002
  0.932620602014       0.725887751361        95.0400000000        3.27334977694      -2.419038704437E-002  1.682825041052E-002
   1.39893090302        1.08883162704        95.0400000000        3.28961835957      -3.538847110802E-003  1.947925871672E-002
   1.86524120403        1.45177550272        95.0400000000        3.34252338309       5.965654374320E-002  2.475734123740E-002
   2.33155150503        1.81471937840        95.0400000000        3.21482444928      -0.211961464704       3.533005327603E-002
   2.79786180604        2.17766325408        95.0400000000        3.17090687856      -3.622937084949E-003  3.560941922534E-002
   3.26417210705        2.54060712976        95.0400000000        3.08877645806       0.250367054527       2.023951804838E-002
   3.73048240806        2.90355100544        95.0400000000        3.06995198717       0.601309934843      -7.026620840730E-003
   4.19679270906        3.26649488112        95.0400000000        3.04761478062       0.972583103778      -3.280227280875E-002
   4.66310301007        3.62943875680        95.0400000000        2.83889314280        1.45398898898      -5.434009596483E-002
   5.12941331108        3.99238263248        95.0400000000        2.40269528684        1.45791116989      -4.693999876945E-002
   0.00000000000        0.00000000000        95.0400000000        3.25781614611      -2.471362253577E-002  2.096195983038E-002
  0.323196638891       0.494689282610        95.0400000000        3.26430589684      -3.835880931353E-002  1.497148665809E-002
  0.646393277781       0.989378565219        95.0400000000        3.27040619003      -3.289673024883E-002  1.562896647766E-002
  0.969589916672        1.48406784783        95.0400000000        3.30109765375      -1.195993116711E-003  1.952655386627E-002
   1.29278655556        1.97875713044        95.0400000000        3.35872125807       1.315434852479E-002  2.055462538991E-002
   1.61598319445        2.47344641305        95.0400000000        3.52830601779      -0.293955437697       3.319376597066E-002
   1.93917983334        2.96813569566        95.0400000000        3.75655704864      -0.318559237565       2.495903124652E-002
   2.26237647223        3.46282497827        95.0400000000        3.98549783902      -0.293203284092       7.768868776038E-003
   2.58557311112        3.95751426088        95.0400000000        4.78237317620      -6.789168157153E-002 -6.533270347396E-003
   2.90876975001        4.45220354349        95.0400000000        5.92241558930       0.825410228671      -8.972287769109E-003
   3.23196638891        4.94689282610        95.0400000000        5.55858829351        4.46873575764      -3.099219554650E-003
   3.55516302780        5.44158210871        95.0400000000        1.59745607112        4.31825349083      -6.348899217325E-003
   0.00000000000        0.00000000000        95.0400000000        3.25781614611      -2.471362253577E-002  2.096195983038E-002
  0.145059606038       0.572827429873        95.0400000000        3.26201127610      -4.591709824672E-002  1.394859185158E-002
  0.290119212075        1.14565485975        95.0400000000        3.26658449182      -3.964165245387E-002  1.467159231963E-002
  0.435178818113        1.71848228962        95.0400000000        3.29312580697      -1.853962505989E-002  1.807324900638E-002
  0.580238424151        2.29130971949        95.0400000000        3.32989230379      -6.020317648880E-002  1.736905066793E-002
  0.725298030189        2.86413714937        95.0400000000        3.72362243362      -0.392211066863       2.306929574730E-002
  0.870357636226        3.43696457924        95.0400000000        3.46394684383      -0.400655455024       2.348757431549E-002
   1.01541724226        4.00979200911        95.0400000000        3.34619017474      -0.685433800665       1.198023082029E-002
   1.16047684830        4.58261943899        95.0400000000        2.83401922846       -1.36441969485      -5.240334647815E-004
   1.30553645434        5.15544686886        95.0400000000        2.35036951583       -1.66798904107      -7.352635262049E-003
   1.45059606038        5.72827429873        95.0400000000        1.11419230940       -1.87652422609       8.519328954378E-003
   1.59565566642        6.30110172861        95.0400000000      -1.968753542060E-002  -1.37654774775       1.337090004818E-002
   0.00000000000        0.00000000000        95.0400000000        3.25781614611      -2.471362253577E-002  2.096195983038E-002
 -4.879688596092E-002  0.588890836777        95.0400000000        3.25925437168      -5.266367175507E-002  1.305758980463E-002
 -9.759377192185E-002   1.17778167355        95.0400000000        3.26131011988      -5.129427664111E-002  1.311774604328E-002
 -0.146390657883        1.76667251033        95.0400000000        3.27448171594      -4.395028266588E-002  1.545751179816E-002
 -0.195187543844        2.35556334711        95.0400000000        3.29577076945      -8.458398730575E-002  1.535030601594E-002
 -0.243984429805        2.94445418388        95.0400000000        3.69397510548       5.132627606925E-002  2.184397095350E-002
 -0.292781315766        3.53334502066        95.0400000000        3.36514885381       0.147099185535       1.640500800712E-002
 -0.341578201726        4.12223585744        95.0400000000        2.90688052011       0.197894316673       1.311343286141E-002
 -0.390375087687        4.71112669421        95.0400000000        2.51649350191       0.294974062093       8.166639903087E-003
 -0.439171973648        5.30001753099        95.0400000000        1.94122577366       0.499137407313       5.738621757896E-003
 -0.487968859609        5.88890836777        95.0400000000        1.40231603033       0.587177238959       2.398013540975E-003
 -0.536765745570        6.47779920454        95.0400000000       0.828879014294       0.632776802923      -3.186773621951E-003
   0.00000000000        0.00000000000        95.0400000000        3.25781614611      -2.471362253577E-002  2.096195983038E-002
 -0.237365478204       0.541138783933        95.0400000000        3.25653251860      -5.757678160818E-002  1.240574723564E-002
 -0.474730956408        1.08227756787        95.0400000000        3.25515463425      -6.659186017078E-002  1.113581100309E-002
 -0.712096434612        1.62341635180        95.0400000000        3.25888561548      -6.027680528471E-002  1.222987548310E-002
 -0.949461912816        2.16455513573        95.0400000000        3.26988079248      -7.258080015993E-002  1.236297443874E-002
  -1.18682739102        2.70569391966        95.0400000000        3.61196586890       0.195707663033       9.819806398323E-003
  -1.42419286922        3.24683270360        95.0400000000        3.74416640362       0.371791616515       9.625526273516E-003
  -1.66155834743        3.78797148753        95.0400000000        3.95950388784       0.654460210083       1.048675494047E-002
  -1.89892382563        4.32911027146        95.0400000000        4.31920032775        1.40252178945       1.245638407134E-002
  -2.13628930384        4.87024905539        95.0400000000        4.75509387153        3.31431247200       7.736659228381E-003
  -2.37365478204        5.41138783933        95.0400000000       0.886913407786        5.03610707625       9.564309115792E-003
  -2.61102026024        5.95252662326        95.0400000000       -3.19794087728       0.987704965690       7.565004574729E-003
   0.00000000000        0.00000000000        95.0400000000        3.25781614611      -2.471362253577E-002  2.096195983038E-002
 -0.400211837779       0.434745947216        95.0400000000        3.25414067187      -6.012401611871E-002  1.206370140135E-002
 -0.800423675558       0.869491894432        95.0400000000        3.24878507731      -8.387667250097E-002  8.940560613526E-003
  -1.20063551334        1.30423784165        95.0400000000        3.24531199613      -8.952805047127E-002  7.926706535757E-003
  -1.60084735112        1.73898378886        95.0400000000        3.24447025148      -0.105260106919       6.085021784989E-003
  -2.00105918889        2.17372973608        95.0400000000        3.09695409737       0.526485866136      -1.093417821702E-002
  -2.40127102667        2.60847568330        95.0400000000        3.52361840758      -8.174072662408E-003 -5.395280966847E-003
  -2.80148286445        3.04322163051        95.0400000000        3.56460884657      -0.307967534102       1.893329762122E-002
  -3.20169470223        3.47796757773        95.0400000000        3.75679618821      -0.768744273622       3.322455646332E-002
  -3.60190654001        3.91271352494        95.0400000000        3.82644975667       -1.37798724552       4.480819268878E-002
  -4.00211837779        4.34745947216        95.0400000000        3.59977165820       -2.30013263695       5.164495999436E-002
  -4.40233021557        4.78220541938        95.0400000000        3.09930852291       -2.27091150354       3.651215315476E-002
   0.00000000000        0.00000000000        95.0400000000        3.25781614611      -2.471362253577E-002  2.096195983038E-002
 -0.519689034804       0.281241641340        95.0400000000        3.25233802520      -6.002934290303E-002  1.206851827529E-002
  -1.03937806961       0.562483282680        95.0400000000        3.24375504594      -9.082070413919E-002  7.924339749888E-003
  -1.55906710441       0.843724924020        95.0400000000        3.23405437127      -0.127026250040       2.991190626981E-003
  -2.07875613922        1.12496656536        95.0400000000        3.22794059278      -9.604089263906E-002  5.000197766909E-003
  -2.59844517402        1.40620820670        95.0400000000        3.09101079723       1.127668827626E-002 -2.175150497220E-002
  -3.11813420882        1.68744984804        95.0400000000        2.99199428897      -0.146769876043      -1.763333630891E-002
  -3.63782324363        1.96869148938        95.0400000000        2.87463024809      -0.304535341992      -6.696147371532E-003
  -4.15751227843        2.24993313072        95.0400000000        2.74806328527      -0.477421865481       5.157376125128E-003
  -4.67720131323        2.53117477206        95.0400000000        2.63733554376      -0.666073518836       8.169270230673E-003
  -5.19689034804        2.81241641340        95.0400000000        2.35009422919      -0.860859346706       6.946678404637E-003
  -5.71657938284        3.09365805474        95.0400000000        1.98480028751       -1.15696559704       1.586258951265E-002
   0.00000000000        0.00000000000        95.0400000000        3.25781614611      -2.471362253577E-002  2.096195983038E-002
 -0.582849861102       9.726043971134E-002   95.0400000000        3.25266277901      -4.420308345103E-002  1.649278846556E-002
  -1.16569972220       0.194520879423        95.0400000000        3.23979522872      -9.274558982430E-002  8.188373535460E-003
  -1.74854958330       0.291781319134        95.0400000000        3.22886072701      -0.100147509059       5.120536930971E-003
  -2.33139944441       0.389041758845        95.0400000000        3.22248665241      -9.911443460419E-002  3.611541150119E-003
  -2.91424930551       0.486302198557        95.0400000000        2.88095633896      -7.255744123405E-002 -2.359072486705E-002
  -3.49709916661       0.583562638268        95.0400000000        2.76138008294      -6.840213182312E-002 -1.744151527309E-002
  -4.07994902771       0.680823077979        95.0400000000        2.64981220556      -0.114301466454      -7.304626238513E-003
  -4.66279888881       0.778083517691        95.0400000000        2.53202941453      -0.144463447619       3.844162039032E-003
  -5.24564874991       0.875343957402        95.0400000000        2.41303823667      -0.189498133415       4.112665919477E-003
  -5.82849861102       0.972604397113        95.0400000000        2.28451531488      -0.202142832623       5.218681156895E-003
  -6.41134847212        1.06986483682        95.0400000000        2.09350998264      -0.135129324850       1.568681418357E-002
   0.00000000000        0.00000000000        95.0400000000        3.25781614611      -2.471362253577E-002  2.096195983038E-002
 -0.582849861102      -9.726043971134E-002   95.0400000000        3.25371789743      -2.418331050123E-002  2.236696223326E-002
  -1.16569972220      -0.194520879423        95.0400000000        3.24149557629      -3.441858274684E-002  1.826653126817E-002
  -1.74854958330      -0.291781319134        95.0400000000        3.22679714442      -5.998149379222E-002  9.783840215246E-003
  -2.33139944441      -0.389041758845        95.0400000000        3.22822608404      -7.585182146033E-002  5.590322841690E-003
  -2.91424930551      -0.486302198557        95.0400000000        2.92112467822      -3.773242523690E-002 -1.837499182187E-002
  -3.49709916661      -0.583562638268        95.0400000000        2.79430032745       8.559563457210E-002 -8.439565617563E-003
  -4.07994902771      -0.680823077979        95.0400000000        2.67337659537       0.169303518055      -7.052871718050E-004
  -4.66279888881      -0.778083517691        95.0400000000        2.55923257320       0.178643042641       8.633014826821E-003
  -5.24564874991      -0.875343957402        95.0400000000        2.44339372651       0.178154587599       1.068385876834E-002
  -5.82849861102      -0.972604397113        95.0400000000        2.31969734785       0.204104195199       1.333300984379E-002
  -6.41134847212       -1.06986483682        95.0400000000        2.11079313176       0.213187632575       1.385983859503E-002
   0.00000000000        0.00000000000        95.0400000000        3.25781614611      -2.471362253577E-002  2.096195983038E-002
 -0.519689034804      -0.281241641340        95.0400000000        3.25072699005      -5.040642231434E-003  2.481631545812E-002
  -1.03937806961      -0.562483282680        95.0400000000        3.24207265498       5.821215862350E-003  2.444259163980E-002
  -1.55906710441      -0.843724924020        95.0400000000        3.22490401475      -3.752633661769E-002  1.207506027303E-002
  -2.07875613922       -1.12496656536        95.0400000000        3.23798933554      -4.625803696191E-002  8.728109484719E-003
  -2.59844517402       -1.40620820670        95.0400000000        3.18794272003      -3.346335289093E-002 -8.095826589690E-003
  -3.11813420882       -1.68744984804        95.0400000000        3.10736505923       0.201808788075      -4.815605318256E-003
  -3.63782324363       -1.96869148938        95.0400000000        3.00743838367       0.410172287775       6.898308503745E-004
  -4.15751227843       -2.24993313072        95.0400000000        2.93064865069       0.509020537163       1.320840397819E-002
  -4.67720131323       -2.53117477206        95.0400000000        2.76185955256       0.637079543057       2.278097431469E-002
  -5.19689034804       -2.81241641340        95.0400000000        2.39178022572       0.782757663614       2.645090389230E-002
  -5.71657938284       -3.09365805474        95.0400000000        2.08271624612        1.06621689428       6.046336817544E-002
   0.00000000000        0.00000000000        95.0400000000        3.25781614611      -2.471362253577E-002  2.096195983038E-002
 -0.400211837779      -0.434745947216        95.0400000000        3.24936846409       1.679944981822E-002  2.715936141604E-002
 -0.800423675558      -0.869491894432        95.0400000000        3.23939628021       4.542502557492E-003  2.432487425318E-002
  -1.20063551334       -1.30423784165        95.0400000000        3.22989176691       6.705345049839E-003  2.004511080235E-002
  -1.60084735112       -1.73898378886        95.0400000000        3.22168646817      -0.103519568903       8.399279342097E-003
  -2.00105918889       -2.17372973608        95.0400000000        3.29048854861      -0.268755028073       2.458409111251E-002
  -2.40127102667       -2.60847568330        95.0400000000        3.70926889162       2.052416209928E-002  5.546880460035E-003
  -2.80148286445       -3.04322163051        95.0400000000        3.91802019411       0.174255452115       1.374772038664E-002
  -3.20169470223       -3.47796757773        95.0400000000        3.86207351314       0.653070245266       2.022209996621E-002
  -3.60190654001       -3.91271352494        95.0400000000        3.79895201652        1.47864326942      -1.011994704771E-002
  -4.00211837779       -4.34745947216        95.0400000000        3.51861342394        2.29157447153      -2.452951386010E-002
  -4.40233021557       -4.78220541938        95.0400000000        2.88874759147        2.34116401682      -7.415501164097E-003
   0.00000000000        0.00000000000        95.0400000000        3.25781614611      -2.471362253577E-002  2.096195983038E-002
 -0.237365478204      -0.541138783933        95.0400000000        3.25005091940       2.189710357848E-002  2.780764796626E-002
 -0.474730956408       -1.08227756787        95.0400000000        3.24066909288       7.936066421464E-003  2.508238259220E-002
 -0.712096434612       -1.62341635180        95.0400000000        3.23000590388       8.321962428394E-003  2.152122047376E-002
 -0.949461912816       -2.16455513573        95.0400000000        3.21318739121      -0.128683921968       1.979583745174E-002
  -1.18682739102       -2.70569391966        95.0400000000        3.51444977278      -0.161557616893       1.064086318747E-002
  -1.42419286922       -3.24683270360        95.0400000000        3.47014852340      -0.485779359426       1.474224978388E-002
  -1.66155834743       -3.78797148753        95.0400000000        3.69740833906      -0.632140572630       1.858887758678E-002
  -1.89892382563       -4.32911027146        95.0400000000        4.18313668272       -1.24958363156       1.361173795513E-002
  -2.13628930384       -4.87024905539        95.0400000000        4.64811045110       -3.71647754479      -2.284495480690E-003
  -2.37365478204       -5.41138783933        95.0400000000        2.72825297118       -4.17562012914      -8.292958947755E-003
  -2.61102026024       -5.95252662326        95.0400000000       -3.25717069801      -0.946532547527      -1.596178335427E-002
   0.00000000000        0.00000000000        95.0400000000        3.25781614611      -2.471362253577E-002  2.096195983038E-002
 -4.879688596092E-002 -0.588890836777        95.0400000000        3.25156384749       2.530830765874E-002  2.845688256206E-002
 -9.759377192185E-002  -1.17778167355        95.0400000000        3.24600942164       1.573284319026E-002  2.666473014255E-002
 -0.146390657883       -1.76667251033        95.0400000000        3.23255849224       6.075094681943E-003  2.372997706094E-002
 -0.195187543844       -2.35556334711        95.0400000000        3.22362673483      -1.262016266077E-002  2.181432216457E-002
 -0.243984429805       -2.94445418388        95.0400000000        3.58733667788      -3.141705086015E-002  3.438896253519E-002
 -0.292781315766       -3.53334502066        95.0400000000        3.55430969247      -0.340522865577       3.231298462295E-002
 -0.341578201726       -4.12223585744        95.0400000000        3.36997260317      -0.334383376325       2.594272729191E-002
 -0.390375087687       -4.71112669421        95.0400000000        2.70971205079      -0.395165028518       1.444408034768E-002
 -0.439171973648       -5.30001753099        95.0400000000        1.99360966439      -0.540191387370      -4.332284926169E-003
 -0.487968859609       -5.88890836777        95.0400000000        1.31418861118      -0.552493976855      -3.784572587063E-003
 -0.536765745570       -6.47779920454        95.0400000000       0.799382306438      -0.572344998383       7.031916079889E-003
   0.00000000000        0.00000000000        95.0400000000        3.25781614611      -2.471362253577E-002  2.096195983038E-002
  0.145059606038      -0.572827429873        95.0400000000        3.25356969209       2.904756655894E-002  2.930645842338E-002
  0.290119212075       -1.14565485975        95.0400000000        3.25107146680       2.563727959404E-002  2.843442341226E-002
  0.435178818113       -1.71848228962        95.0400000000        3.24315571628       1.634737791865E-002  2.700365660829E-002
  0.580238424151       -2.29130971949        95.0400000000        3.22852907810      -7.071661094728E-003  2.360153796558E-002
  0.725298030189       -2.86413714937        95.0400000000        3.66296448054       0.331246635853       4.563876096213E-002
  0.870357636226       -3.43696457924        95.0400000000        3.77818824477       0.247832782544       2.847878292706E-002
   1.01541724226       -4.00979200911        95.0400000000        3.58422995472       0.412773296636       2.166156885325E-002
   1.16047684830       -4.58261943899        95.0400000000        2.99896112342        1.20498965948       2.864272581059E-002
   1.30553645434       -5.15544686886        95.0400000000        2.27390685472        1.71817894336       3.034847787372E-002
   1.45059606038       -5.72827429873        95.0400000000        1.05367225948        1.81728846066       1.790518533395E-002
   1.59565566642       -6.30110172861        95.0400000000       3.062022398849E-002   1.36422371285       2.270476440949E-002
   0.00000000000        0.00000000000        95.0400000000        3.25781614611      -2.471362253577E-002  2.096195983038E-002
  0.323196638891      -0.494689282610        95.0400000000        3.25585108881       3.270967355666E-002  3.026431082309E-002
  0.646393277781      -0.989378565219        95.0400000000        3.25559397632       3.668671090405E-002  3.023523003677E-002
  0.969589916672       -1.48406784783        95.0400000000        3.25311008523       2.641470087059E-002  2.918393959278E-002
   1.29278655556       -1.97875713044        95.0400000000        3.23522776660      -1.560104954346E-002  2.317739926915E-002
   1.61598319445       -2.47344641305        95.0400000000        3.54182411517       0.292781149692       5.765034872274E-002
   1.93917983334       -2.96813569566        95.0400000000        3.72815607799       0.411588402542       3.832180766151E-002
   2.26237647223       -3.46282497827        95.0400000000        3.98172115308       0.359112238178       2.556939888259E-002
   2.58557311112       -3.95751426088        95.0400000000        4.70749999543       0.110426074548       2.471754702094E-002
   2.90876975001       -4.45220354349        95.0400000000        5.89622123006      -0.891254723921       1.480139752147E-002
   3.23196638891       -4.94689282610        95.0400000000        5.20922537399       -4.96365606888       4.392612391453E-003
   3.55516302780       -5.44158210871        95.0400000000        1.60123071804       -4.48952410916       1.025878164950E-002
   0.00000000000        0.00000000000        95.0400000000        3.25781614611      -2.471362253577E-002  2.096195983038E-002
  0.466310301007      -0.362943875680        95.0400000000        3.25928122531       2.637622625233E-002  2.987829197396E-002
  0.932620602014      -0.725887751361        95.0400000000        3.25536449148       2.623949861254E-002  2.959015935009E-002
   1.39893090302       -1.08883162704        95.0400000000        3.25149749066       1.169459187724E-002  2.741462647833E-002
   1.86524120403       -1.45177550272        95.0400000000        3.24161374380      -1.684175182007E-002  2.262738925178E-002
   2.33155150503       -1.81471937840        95.0400000000        3.27183387470       0.226870967651       5.605779724912E-002
   2.79786180604       -2.17766325408        95.0400000000        3.29456226863       4.146594959669E-002  3.171331250968E-002
   3.26417210705       -2.54060712976        95.0400000000        3.20762815667      -0.186313814633       2.500918493353E-002
   3.73048240806       -2.90355100544        95.0400000000        3.10568372829      -0.450915810807       1.605041057691E-002
   4.19679270906       -3.26649488112        95.0400000000        3.08914265078      -0.879859267069       1.465894816379E-002
   4.66310301007       -3.62943875680        95.0400000000        2.92513595846       -1.48602638104       3.752281245421E-002
   5.12941331108       -3.99238263248        95.0400000000        2.50007588753       -1.56581763768       3.789266950890E-002
   0.00000000000        0.00000000000        95.0400000000        3.25781614611      -2.471362253577E-002  2.096195983038E-002
  0.558892006459      -0.191867868166        95.0400000000        3.25921644858      -4.957869218198E-003  2.586229708052E-002
   1.11778401292      -0.383735736333        95.0400000000        3.25264133891      -3.882740720607E-003  2.618839815978E-002
   1.67667601938      -0.575603604499        95.0400000000        3.24646004252      -7.007818218985E-003  2.437104796474E-002
   2.23556802584      -0.767471472666        95.0400000000        3.24291583446      -1.602092684791E-002  2.096863485286E-002
   2.79446003230      -0.959339340832        95.0400000000        2.86017147770       8.643390100759E-002  5.377610514344E-002
   3.35335203876       -1.15120720900        95.0400000000        2.70342941415      -6.910475274670E-002  4.605461167577E-002
   3.91224404522       -1.34307507716        95.0400000000        2.60731775563      -0.215928764840       3.034540190688E-002
   4.47113605168       -1.53494294533        95.0400000000        2.48416441169      -0.318227538398       2.473902795785E-002
   5.03002805814       -1.72681081350        95.0400000000        2.36196738275      -0.340925166556       2.233980924076E-002
   5.58892006459       -1.91867868166        95.0400000000        2.17817495838      -0.370074029563       2.472672265357E-002
   6.14781207105       -2.11054654983        95.0400000000        1.92591474874      -0.350061325716       2.127261880667E-002
   0.00000000000        0.00000000000        95.0400000000        3.25781614611      -2.471362253577E-002  2.096195983038E-002
  0.590909090909        0.00000000000        95.0400000000        3.25524162017      -3.242131994223E-002  2.082792148033E-002
   1.18181818182      -1.172487511250E-015   95.0400000000        3.25095837874      -2.842032648080E-002  2.148300762201E-002
   1.77272727273        0.00000000000        95.0400000000        3.24421929285      -2.374066840024E-002  2.094773660914E-002
   2.36363636364        0.00000000000        95.0400000000        3.26748363099       1.145714805864E-002  2.214510234540E-002
   2.95454545455        0.00000000000        95.0400000000        2.75170347125      -1.919823608053E-003  4.381451026009E-002
   3.54545454545        0.00000000000        95.0400000000        2.64321194297      -9.139740736669E-002  3.163041670269E-002
   4.13636363636        0.00000000000        95.0400000000        2.51717256733      -7.978110310749E-002  1.812117732087E-002
   4.72727272727        0.00000000000        95.0400000000        2.40197972506      -1.529133566222E-002  9.650038431207E-003
   5.31818181818        0.00000000000        95.0400000000        2.28137579768      -3.617282026261E-003  8.404273113055E-003
   5.90909090909        0.00000000000        95.0400000000        2.16693327508      -9.904691695826E-003  9.282038928345E-003
   6.50000000000        0.00000000000        95.0400000000        2.03392666138      -1.869349143850E-002  5.835331266705E-003
