 12 20 1 1
 1 X [LENGU]
 2 Y [LENGU]
 3 Z [LENGU]
 4 Hx [FIELU]
 5 Hy [FIELU]
 6 Hz [FIELU]
 0
   0.00000000000        0.00000000000       -97.2000000000       0.973185626796      -0.103687869384      -1.619858846634E-002
  0.590909090909        0.00000000000       -97.2000000000       0.980393258955      -0.120165584442      -2.113168372608E-002
   1.18181818182        0.00000000000       -97.2000000000       0.988027338383      -0.135193254165      -2.518422040547E-002
   1.77272727273        0.00000000000       -97.2000000000       0.988293171830      -0.135027906673      -2.574656571533E-002
   2.36363636364        0.00000000000       -97.2000000000       0.990975916539      -0.115715616200      -2.221126120954E-002
   2.95454545455        0.00000000000       -97.2000000000       0.328975093039      -7.152153505441E-002 -0.153994431656     
   3.54545454545        0.00000000000       -97.2000000000       0.283868887076      -3.745094177627E-002 -0.111393588284     
   4.13636363636        0.00000000000       -97.2000000000       0.257635794324      -1.855014151978E-002 -6.646134434563E-002
   4.72727272727        0.00000000000       -97.2000000000       0.259208994202      -8.634041034207E-003 -2.693235267412E-002
   5.31818181818        0.00000000000       -97.2000000000       0.235511449890      -3.193095198420E-002 -2.618402575111E-002
   5.90909090909        0.00000000000       -97.2000000000       0.228867558842      -2.526866576755E-002 -1.967762966828E-002
   6.50000000000        0.00000000000       -97.2000000000       0.222223667794      -1.860637955090E-002 -1.317123358544E-002
   0.00000000000        0.00000000000       -97.2000000000       0.973185626796      -0.103687869384      -1.619858846634E-002
  0.558892006459       0.191867868166       -97.2000000000       0.979185445459      -0.128362255608      -2.127149007702E-002
   1.11778401292       0.383735736333       -97.2000000000       0.982819488207      -0.152475105071      -2.722331019682E-002
   1.67667601938       0.575603604499       -97.2000000000       0.970677658016      -0.146284560865      -2.827476308518E-002
   2.23556802584       0.767471472666       -97.2000000000       0.975152119353      -0.124975889900      -2.508890472686E-002
   2.79446003230       0.959339340832       -97.2000000000       0.444375507696      -0.155307253950      -0.140024795287     
   3.35335203876        1.15120720900       -97.2000000000       0.375599869989      -0.110740171959      -0.110468897497     
   3.91224404522        1.34307507716       -97.2000000000       0.336913135861      -8.168788523614E-002 -6.876583299823E-002
   4.47113605168        1.53494294533       -97.2000000000       0.311729820971      -4.334579523418E-002 -3.455763889180E-002
   5.03002805814        1.72681081350       -97.2000000000       0.269261232529      -2.909995352859E-002 -2.529988280877E-002
   5.58892006459        1.91867868166       -97.2000000000       0.263410616674       1.102117022414E-003 -1.807058133809E-002
   6.14781207105        2.11054654983       -97.2000000000       0.250350900551       1.741687387016E-002 -1.229167407123E-002
   0.00000000000        0.00000000000       -97.2000000000       0.973185626796      -0.103687869384      -1.619858846634E-002
  0.466310301007       0.362943875680       -97.2000000000       0.979645992468      -0.140361369881      -2.273604546673E-002
  0.932620602014       0.725887751361       -97.2000000000       0.971046250031      -0.156312909922      -2.680305305744E-002
   1.39893090302        1.08883162704       -97.2000000000       0.967096062373      -0.150004274248      -2.689161744383E-002
   1.86524120403        1.45177550272       -97.2000000000       0.963308475537      -0.123480053218      -2.432846208408E-002
   2.33155150503        1.81471937840       -97.2000000000       0.635332709259      -0.211310381115      -0.116421742273     
   2.79786180604        2.17766325408       -97.2000000000       0.548222612866      -0.139361127274      -5.050215035324E-002
   3.26417210705        2.54060712976       -97.2000000000       0.482971954278      -5.276606406547E-002 -3.286798522920E-002
   3.73048240806        2.90355100544       -97.2000000000       0.504629063854      -4.473397788070E-003 -2.184413230138E-002
   4.19679270906        3.26649488112       -97.2000000000       0.498082425171       4.928893571840E-002 -1.107190936271E-002
   4.66310301007        3.62943875680       -97.2000000000       0.436196800423       0.165935814173       1.333000727266E-003
   5.12941331108        3.99238263248       -97.2000000000       0.361715593322       0.201766832016       1.304227042935E-003
   0.00000000000        0.00000000000       -97.2000000000       0.973185626796      -0.103687869384      -1.619858846634E-002
  0.323196638891       0.494689282610       -97.2000000000       0.995962256520      -9.809523277109E-002 -1.418134673639E-002
  0.646393277781       0.989378565219       -97.2000000000       0.950635339297      -0.139143121754      -2.150616750578E-002
  0.969589916672        1.48406784783       -97.2000000000       0.928311865887      -0.126102922137      -1.953472446238E-002
   1.29278655556        1.97875713044       -97.2000000000       0.945681806076      -0.128956966887      -2.302604904500E-002
   1.61598319445        2.47344641305       -97.2000000000       0.750394489113      -0.190389931086      -9.504093984995E-002
   1.93917983334        2.96813569566       -97.2000000000       0.756149090153      -0.210349015088      -5.688483364476E-002
   2.26237647223        3.46282497827       -97.2000000000       0.726643910139      -0.177349225525      -2.172225769366E-002
   2.58557311112        3.95751426088       -97.2000000000       0.852782163486      -0.142086360829      -1.701367101910E-002
   2.90876975001        4.45220354349       -97.2000000000        1.02938117939       5.918818932852E-002 -8.450794153001E-003
   3.23196638891        4.94689282610       -97.2000000000       0.968835446699       0.756484579047      -4.006645606607E-003
   3.55516302780        5.44158210871       -97.2000000000       0.275594886105       0.642094297899       4.846652036840E-004
   0.00000000000        0.00000000000       -97.2000000000       0.973185626796      -0.103687869384      -1.619858846634E-002
  0.145059606038       0.572827429873       -97.2000000000        1.00865414695      -4.104158212306E-002 -2.788578305848E-003
  0.290119212075        1.14565485975       -97.2000000000       0.955577728446      -6.462009507927E-002 -5.751377513741E-003
  0.435178818113        1.71848228962       -97.2000000000       0.902501309946      -8.819860803549E-002 -8.714176721634E-003
  0.580238424151        2.29130971949       -97.2000000000       0.920389259352      -0.109168111484      -1.571013581649E-002
  0.725298030189        2.86413714937       -97.2000000000       0.898841601991      -0.199075672981       2.785015245256E-003
  0.870357636226        3.43696457924       -97.2000000000       0.764028658767      -8.624061050923E-002 -1.533662768080E-002
   1.01541724226        4.00979200911       -97.2000000000       0.670035327553      -0.138864880102      -7.033187102358E-003
   1.16047684830        4.58261943899       -97.2000000000       0.593145883106      -0.213603711744      -4.600465960251E-004
   1.30553645434        5.15544686886       -97.2000000000       0.448134918623      -0.305075262683      -1.565274282325E-003
   1.45059606038        5.72827429873       -97.2000000000       0.228480308603      -0.320714345085       2.488589461835E-003
   1.59565566642        6.30110172861       -97.2000000000       5.444534600318E-002 -0.219408250646       5.006138437176E-003
   0.00000000000        0.00000000000       -97.2000000000       0.973185626796      -0.103687869384      -1.619858846634E-002
 -4.879688596092E-002  0.588890836777       -97.2000000000        1.00555291675      -4.020563632845E-002  1.066949917671E-003
 -9.759377192185E-002   1.17778167355       -97.2000000000       0.949375268052      -6.294820349006E-002  1.959678933297E-003
 -0.146390657883        1.76667251033       -97.2000000000       0.892852611333      -9.188736745364E-002  5.624977894780E-005
 -0.195187543844        2.35556334711       -97.2000000000       0.921882388276      -0.106208774510      -2.901171010489E-003
 -0.243984429805        2.94445418388       -97.2000000000       0.791263436132       6.171412825152E-002  3.772732168331E-002
 -0.292781315766        3.53334502066       -97.2000000000       0.698737337973       9.061444438845E-002  1.030236703879E-002
 -0.341578201726        4.12223585744       -97.2000000000       0.602432451151       8.572072887204E-002  1.295648416523E-002
 -0.390375087687        4.71112669421       -97.2000000000       0.546199353389       0.116758175487       1.091775273095E-002
 -0.439171973648        5.30001753099       -97.2000000000       0.394546332979       0.123685393979       9.470908664298E-003
 -0.487968859609        5.88890836777       -97.2000000000       0.259811454047       0.132227872325       2.498165413430E-003
 -0.536765745570        6.47779920454       -97.2000000000       0.188967608713       0.137668358857       2.780186482422E-003
   0.00000000000        0.00000000000       -97.2000000000       0.973185626796      -0.103687869384      -1.619858846634E-002
 -0.237365478204       0.541138783933       -97.2000000000        1.00853940647      -3.690518049459E-002  4.825737100229E-003
 -0.474730956408        1.08227756787       -97.2000000000       0.954957580371      -6.146960114462E-002  7.194592709594E-003
 -0.712096434612        1.62341635180       -97.2000000000       0.919193634106      -9.800089734980E-002 -6.914158995254E-004
 -0.949461912816        2.16455513573       -97.2000000000       0.934488188221      -0.107546223572      -2.443663945550E-003
  -1.18682739102        2.70569391966       -97.2000000000       0.724300899659       0.174177065935       8.869460426522E-002
  -1.42419286922        3.24683270360       -97.2000000000       0.730998528718       0.195988237255       2.142181581516E-002
  -1.66155834743        3.78797148753       -97.2000000000       0.683784897035       0.190630104876       2.434771990588E-002
  -1.89892382563        4.32911027146       -97.2000000000       0.732908334786       0.330376433321       1.619002280585E-002
  -2.13628930384        4.87024905539       -97.2000000000       0.838255325193       0.650596862456       1.175799293206E-002
  -2.37365478204        5.41138783933       -97.2000000000       0.206169701401        1.44234084299       9.784062410914E-003
  -2.61102026024        5.95252662326       -97.2000000000      -0.522825422858       0.237006379865       6.959141899682E-003
   0.00000000000        0.00000000000       -97.2000000000       0.973185626796      -0.103687869384      -1.619858846634E-002
 -0.400211837779       0.434745947216       -97.2000000000        1.00660818386      -2.057398437258E-002  5.375640930968E-003
 -0.800423675558       0.869491894432       -97.2000000000       0.971240640204      -6.662626690758E-002  6.586736495458E-003
  -1.20063551334        1.30423784165       -97.2000000000       0.949620646802      -9.897381091754E-002 -2.655568652255E-004
  -1.60084735112        1.73898378886       -97.2000000000       0.946570376836      -8.887123259021E-002 -1.761058569614E-003
  -2.00105918889        2.17372973608       -97.2000000000       0.586625317909       0.364306323970       6.413592524383E-002
  -2.40127102667        2.60847568330       -97.2000000000       0.596652269453       0.195348259916       6.748498335413E-002
  -2.80148286445        3.04322163051       -97.2000000000       0.586415314792       0.172112314633       3.439160959984E-002
  -3.20169470223        3.47796757773       -97.2000000000       0.610090258505       8.203529936502E-002  2.607209236636E-002
  -3.60190654001        3.91271352494       -97.2000000000       0.623003102817      -0.118711115652       2.114559337259E-002
  -4.00211837779        4.34745947216       -97.2000000000       0.564637636408      -0.246736905744       1.358710448177E-002
  -4.40233021557        4.78220541938       -97.2000000000       0.434016968488      -0.283636756575       1.086042813867E-002
   0.00000000000        0.00000000000       -97.2000000000       0.973185626796      -0.103687869384      -1.619858846634E-002
 -0.519689034804       0.281241641340       -97.2000000000       0.986723170973      -4.750335998170E-002 -2.720885277092E-003
  -1.03937806961       0.562483282680       -97.2000000000       0.988508239382      -4.121824277761E-002  9.463125267523E-003
  -1.55906710441       0.843724924020       -97.2000000000       0.960429067752      -6.398137517081E-002  2.184428527761E-003
  -2.07875613922        1.12496656536       -97.2000000000       0.940906840232      -3.922106421350E-002  2.892384052863E-004
  -2.59844517402        1.40620820670       -97.2000000000       0.465425354646       0.139721500891       0.123421559657     
  -3.11813420882        1.68744984804       -97.2000000000       0.411061824384       0.121812598361       7.110334212555E-002
  -3.63782324363        1.96869148938       -97.2000000000       0.373900198303       8.477575128401E-002  4.684168028883E-002
  -4.15751227843        2.24993313072       -97.2000000000       0.355550573399       3.944135426780E-002  4.180103094969E-002
  -4.67720131323        2.53117477206       -97.2000000000       0.347041352732       9.494756362169E-003  3.476982112106E-002
  -5.19689034804        2.81241641340       -97.2000000000       0.310942858020      -4.733481829302E-002  2.641981957891E-002
  -5.71657938284        3.09365805474       -97.2000000000       0.273064259156      -7.346457043507E-002  1.796101571757E-002
   0.00000000000        0.00000000000       -97.2000000000       0.973185626796      -0.103687869384      -1.619858846634E-002
 -0.582849861102       9.726043971134E-002  -97.2000000000       0.964678088633      -8.929412428650E-002 -1.074366458479E-002
  -1.16569972220       0.194520879423       -97.2000000000       0.994508137835       2.390924957363E-002  1.339428522258E-002
  -1.74854958330       0.291781319134       -97.2000000000       0.966829585341       2.634771465546E-003  8.030220458897E-003
  -2.33139944441       0.389041758845       -97.2000000000       0.947738493883      -1.352850801655E-002  1.184265234080E-003
  -2.91424930551       0.486302198557       -97.2000000000       0.364049389430       5.322152839187E-002  0.131121763575     
  -3.49709916661       0.583562638268       -97.2000000000       0.306866808247       6.296099178202E-003  6.570202845466E-002
  -4.07994902771       0.680823077979       -97.2000000000       0.273883294249      -1.983940214969E-002  4.376050877496E-002
  -4.66279888881       0.778083517691       -97.2000000000       0.251279849614      -2.602744370989E-002  3.494646514193E-002
  -5.24564874991       0.875343957402       -97.2000000000       0.235823438362      -1.100881157609E-002  2.884152887451E-002
  -5.82849861102       0.972604397113       -97.2000000000       0.233578224300      -1.281640501927E-002  2.327953691940E-002
  -6.41134847212        1.06986483682       -97.2000000000       0.233193548064      -1.494670728208E-002  1.605422832544E-002
   0.00000000000        0.00000000000       -97.2000000000       0.973185626796      -0.103687869384      -1.619858846634E-002
 -0.582849861102      -9.726043971134E-002  -97.2000000000       0.967474506058      -8.557565347899E-002 -1.192188380747E-002
  -1.16569972220      -0.194520879423       -97.2000000000       0.970635807616      -4.142313242365E-002 -2.869644067725E-003
  -1.74854958330      -0.291781319134       -97.2000000000       0.987833677104       4.567152156644E-002  1.311638056627E-002
  -2.33139944441      -0.389041758845       -97.2000000000       0.962976407251       1.185045602347E-002  3.414082834644E-003
  -2.91424930551      -0.486302198557       -97.2000000000       0.349159256048      -5.256443328975E-002  0.122778885438     
  -3.49709916661      -0.583562638268       -97.2000000000       0.322090988319      -4.964768553476E-002  4.061364639582E-002
  -4.07994902771      -0.680823077979       -97.2000000000       0.283826440639      -3.546854942671E-002  2.382988901214E-002
  -4.66279888881      -0.778083517691       -97.2000000000       0.267239671154      -2.094567140125E-002  1.882212278403E-002
  -5.24564874991      -0.875343957402       -97.2000000000       0.251556978407      -5.466523695847E-003  1.282877371218E-002
  -5.82849861102      -0.972604397113       -97.2000000000       0.243245671305      -5.883365663013E-003  6.590915830088E-003
  -6.41134847212       -1.06986483682       -97.2000000000       0.236170656388       3.964865708162E-003  5.201260555036E-003
   0.00000000000        0.00000000000       -97.2000000000       0.973185626796      -0.103687869384      -1.619858846634E-002
 -0.519689034804      -0.281241641340       -97.2000000000       0.970889812032      -8.381992230481E-002 -1.356355033986E-002
  -1.03937806961      -0.562483282680       -97.2000000000       0.968747599142      -6.342968396653E-002 -1.061134416495E-002
  -1.55906710441      -0.843724924020       -97.2000000000       0.987141634309       1.143838351329E-002  3.301337779217E-003
  -2.07875613922       -1.12496656536       -97.2000000000       0.991542683661       4.604833975141E-002  8.310195526765E-003
  -2.59844517402       -1.40620820670       -97.2000000000       0.443407364955      -0.163898421926       0.108444997474     
  -3.11813420882       -1.68744984804       -97.2000000000       0.384508662336      -0.101634919178       4.180501494032E-002
  -3.63782324363       -1.96869148938       -97.2000000000       0.338968499388      -6.003430738468E-002  2.740243222659E-002
  -4.15751227843       -2.24993313072       -97.2000000000       0.318359867892      -3.891329460972E-002  1.975140586028E-002
  -4.67720131323       -2.53117477206       -97.2000000000       0.301591516169      -1.480098759489E-002  8.186890274181E-003
  -5.19689034804       -2.81241641340       -97.2000000000       0.312268933768       2.886242600039E-002 -2.638853528629E-003
  -5.71657938284       -3.09365805474       -97.2000000000       0.285074352954       8.144774594801E-002 -1.223066945948E-002
   0.00000000000        0.00000000000       -97.2000000000       0.973185626796      -0.103687869384      -1.619858846634E-002
 -0.400211837779      -0.434745947216       -97.2000000000       0.975070862308      -8.245938610354E-002 -1.442331433804E-002
 -0.800423675558      -0.869491894432       -97.2000000000       0.979883624442      -6.682775032156E-002 -1.107230384148E-002
  -1.20063551334       -1.30423784165       -97.2000000000       0.982771521429      -4.918976564956E-002 -9.987000367817E-003
  -1.60084735112       -1.73898378886       -97.2000000000        1.01041377288       5.823579261245E-002  1.200656267240E-002
  -2.00105918889       -2.17372973608       -97.2000000000       0.540134221130      -0.399370119430       5.308931981069E-002
  -2.40127102667       -2.60847568330       -97.2000000000       0.576612382468      -0.236748051849       3.723846928356E-002
  -2.80148286445       -3.04322163051       -97.2000000000       0.504737663770      -0.195235147772       2.244197362933E-002
  -3.20169470223       -3.47796757773       -97.2000000000       0.585803949304      -4.938280886662E-002  5.385051702227E-003
  -3.60190654001       -3.91271352494       -97.2000000000       0.573676957399       4.210864769068E-002 -1.165937864527E-002
  -4.00211837779       -4.34745947216       -97.2000000000       0.494097685819       0.184564249199      -3.836905121736E-002
  -4.40233021557       -4.78220541938       -97.2000000000       0.366294073919       0.261873569950      -7.034404030268E-002
   0.00000000000        0.00000000000       -97.2000000000       0.973185626796      -0.103687869384      -1.619858846634E-002
 -0.237365478204      -0.541138783933       -97.2000000000       0.979839089357      -8.070805177439E-002 -1.384117075030E-002
 -0.474730956408       -1.08227756787       -97.2000000000       0.989992629540      -7.391049934220E-002 -1.232737179850E-002
 -0.712096434612       -1.62341635180       -97.2000000000        1.00009594732      -6.932896962815E-002 -1.157515991667E-002
 -0.949461912816       -2.16455513573       -97.2000000000       0.990479773322      -4.251636211879E-002 -5.677898746230E-003
  -1.18682739102       -2.70569391966       -97.2000000000       0.797796269723      -0.194793440545       4.041923096852E-002
  -1.42419286922       -3.24683270360       -97.2000000000       0.758594331421      -0.253832508056       2.819995115116E-002
  -1.66155834743       -3.78797148753       -97.2000000000       0.709722970825      -0.275063838397       2.176319211615E-003
  -1.89892382563       -4.32911027146       -97.2000000000       0.756326470914      -0.375821311269      -1.329459811194E-003
  -2.13628930384       -4.87024905539       -97.2000000000       0.800320773346      -0.659137834590      -7.893492805567E-003
  -2.37365478204       -5.41138783933       -97.2000000000       0.103860170726       -1.52685033964      -1.375416836068E-002
  -2.61102026024       -5.95252662326       -97.2000000000      -0.547781245803      -0.231735263053      -1.847655129639E-002
   0.00000000000        0.00000000000       -97.2000000000       0.973185626796      -0.103687869384      -1.619858846634E-002
 -4.879688596092E-002 -0.588890836777       -97.2000000000       0.983646059007      -8.226386253089E-002 -1.401057827769E-002
 -9.759377192185E-002  -1.17778167355       -97.2000000000       0.997863545591      -8.177314958967E-002 -1.375206046751E-002
 -0.146390657883       -1.76667251033       -97.2000000000        1.01212557759      -8.210599961124E-002 -1.368177247890E-002
 -0.195187543844       -2.35556334711       -97.2000000000        1.02638760959      -8.243884963280E-002 -1.361148449029E-002
 -0.243984429805       -2.94445418388       -97.2000000000       0.891601364591      -5.607090691829E-002 -2.554853838810E-003
 -0.292781315766       -3.53334502066       -97.2000000000       0.781175365937      -6.121916202221E-002  1.574439566301E-002
 -0.341578201726       -4.12223585744       -97.2000000000       0.671103486853      -7.613244007203E-002  4.171190859175E-003
 -0.390375087687       -4.71112669421       -97.2000000000       0.561608048481      -0.104557509340      -8.952549110242E-003
 -0.439171973648       -5.30001753099       -97.2000000000       0.417141982705      -0.107699753878      -8.197684486910E-003
 -0.487968859609       -5.88890836777       -97.2000000000       0.240109225041      -7.892804302005E-002 -7.307853243677E-003
 -0.536765745570       -6.47779920454       -97.2000000000       0.139218070878      -3.695094632317E-002 -5.990713076104E-003
   0.00000000000        0.00000000000       -97.2000000000       0.973185626796      -0.103687869384      -1.619858846634E-002
  0.145059606038      -0.572827429873       -97.2000000000       0.986079227025      -8.695822213668E-002 -1.491317898597E-002
  0.290119212075       -1.14565485975       -97.2000000000        1.00264343671      -8.956366090807E-002 -1.519198272492E-002
  0.435178818113       -1.71848228962       -97.2000000000        1.01929541427      -9.379176658883E-002 -1.584165586502E-002
  0.580238424151       -2.29130971949       -97.2000000000        1.06452627699      -0.121535841164      -1.597430467019E-002
  0.725298030189       -2.86413714937       -97.2000000000       0.980740681409       0.481378709196      -2.888293410705E-002
  0.870357636226       -3.43696457924       -97.2000000000       0.788076366284       0.160454157694      -6.772590018671E-003
   1.01541724226       -4.00979200911       -97.2000000000       0.689541224648       0.224362358123      -9.432250618252E-003
   1.16047684830       -4.58261943899       -97.2000000000       0.587401534165       0.302219561888      -1.842145928344E-002
   1.30553645434       -5.15544686886       -97.2000000000       0.438458520910       0.377257719568      -1.772449250823E-002
   1.45059606038       -5.72827429873       -97.2000000000       0.226259657954       0.382762284936      -5.295965182958E-003
   1.59565566642       -6.30110172861       -97.2000000000       5.123436359671E-002  0.275861962780       1.268875689924E-003
   0.00000000000        0.00000000000       -97.2000000000       0.973185626796      -0.103687869384      -1.619858846634E-002
  0.323196638891      -0.494689282610       -97.2000000000       0.986874921902      -9.428242388799E-002 -1.645116208313E-002
  0.646393277781      -0.989378565219       -97.2000000000        1.00381432753      -9.643781051380E-002 -1.649110065143E-002
  0.969589916672       -1.48406784783       -97.2000000000        1.02323495493      -0.105361917203      -1.770181494347E-002
   1.29278655556       -1.97875713044       -97.2000000000        1.09224774345      -0.154634228267      -1.797354328335E-002
   1.61598319445       -2.47344641305       -97.2000000000       0.723241172815       0.227484861624      -9.579364692788E-002
   1.93917983334       -2.96813569566       -97.2000000000       0.703417955363       0.258654839345      -3.540335561266E-002
   2.26237647223       -3.46282497827       -97.2000000000       0.694293021844       0.224520037678      -3.536232734673E-002
   2.58557311112       -3.95751426088       -97.2000000000       0.775861511226       0.167655397965      -3.281823083903E-002
   2.90876975001       -4.45220354349       -97.2000000000       0.989415903266      -2.930570608805E-002 -2.084351800638E-002
   3.23196638891       -4.94689282610       -97.2000000000       0.926528070424      -0.670174908221      -8.710083168319E-003
   3.55516302780       -5.44158210871       -97.2000000000       0.233634316277      -0.647060991395       4.827202800458E-004
   0.00000000000        0.00000000000       -97.2000000000       0.973185626796      -0.103687869384      -1.619858846634E-002
  0.466310301007      -0.362943875680       -97.2000000000       0.985946917751      -0.103442776878      -1.845786323631E-002
  0.932620602014      -0.725887751361       -97.2000000000        1.00124933386      -0.101650677634      -1.750863466183E-002
   1.39893090302       -1.08883162704       -97.2000000000        1.02157416277      -0.114442158827      -1.913945648712E-002
   1.86524120403       -1.45177550272       -97.2000000000        1.08478722915      -0.153956862707      -1.906722638419E-002
   2.33155150503       -1.81471937840       -97.2000000000       0.524143320603       0.230746425675      -0.144997979526     
   2.79786180604       -2.17766325408       -97.2000000000       0.506657775212       0.218737809070      -9.271452373013E-002
   3.26417210705       -2.54060712976       -97.2000000000       0.462251623371       0.191884463301      -4.166574799214E-002
   3.73048240806       -2.90355100544       -97.2000000000       0.432774902250       7.978585591719E-002 -2.648378506526E-002
   4.19679270906       -3.26649488112       -97.2000000000       0.410673401379      -5.492674619629E-003 -1.114970867914E-002
   4.66310301007       -3.62943875680       -97.2000000000       0.403071048706      -0.111925835475      -1.161176125127E-002
   5.12941331108       -3.99238263248       -97.2000000000       0.315746632368      -0.124779477987      -1.465837887754E-002
   0.00000000000        0.00000000000       -97.2000000000       0.973185626796      -0.103687869384      -1.619858846634E-002
  0.558892006459      -0.191867868166       -97.2000000000       0.983395778222      -0.113446614724      -2.071582523839E-002
   1.11778401292      -0.383735736333       -97.2000000000       0.995822977092      -0.115666750876      -2.065514514114E-002
   1.67667601938      -0.575603604499       -97.2000000000        1.00825017596      -0.117886887028      -2.059446504390E-002
   2.23556802584      -0.767471472666       -97.2000000000        1.03269913541      -0.133117516115      -2.109653408451E-002
   2.79446003230      -0.959339340832       -97.2000000000       0.331154624092       6.257464011152E-002 -0.168806995871     
   3.35335203876       -1.15120720900       -97.2000000000       0.276275607758       2.137726829674E-002 -0.127148838047     
   3.91224404522       -1.34307507716       -97.2000000000       0.261875592647       6.855704674896E-003 -7.251259329835E-002
   4.47113605168       -1.53494294533       -97.2000000000       0.267076866819       2.623998838602E-002 -3.158811045041E-002
   5.03002805814       -1.72681081350       -97.2000000000       0.245245404799      -2.597161914182E-002 -1.835170267615E-002
   5.58892006459       -1.91867868166       -97.2000000000       0.228050461334      -3.047919089992E-002 -1.477280212121E-002
   6.14781207105       -2.11054654983       -97.2000000000       0.209832091459      -2.988402896430E-002 -1.104376491767E-002
   0.00000000000        0.00000000000       -97.2000000000       0.973185626796      -0.103687869384      -1.619858846634E-002
  0.590909090909        0.00000000000       -97.2000000000       0.980393258955      -0.120165584442      -2.113168372608E-002
   1.18181818182      -1.172487511250E-015  -97.2000000000       0.988027338383      -0.135193254165      -2.518422040547E-002
   1.77272727273        0.00000000000       -97.2000000000       0.988293171830      -0.135027906673      -2.574656571533E-002
   2.36363636364        0.00000000000       -97.2000000000       0.990975916539      -0.115715616200      -2.221126120954E-002
   2.95454545455        0.00000000000       -97.2000000000       0.328975093039      -7.152153505441E-002 -0.153994431656     
   3.54545454545        0.00000000000       -97.2000000000       0.283868887076      -3.745094177627E-002 -0.111393588284     
   4.13636363636        0.00000000000       -97.2000000000       0.257635794324      -1.855014151978E-002 -6.646134434563E-002
   4.72727272727        0.00000000000       -97.2000000000       0.259208994202      -8.634041034207E-003 -2.693235267412E-002
   5.31818181818        0.00000000000       -97.2000000000       0.235511449890      -3.193095198420E-002 -2.618402575111E-002
   5.90909090909        0.00000000000       -97.2000000000       0.228867558842      -2.526866576755E-002 -1.967762966828E-002
   6.50000000000        0.00000000000       -97.2000000000       0.222223667794      -1.860637955090E-002 -1.317123358544E-002
