 12 20 1 1
 1 X [LENGU]
 2 Y [LENGU]
 3 Z [LENGU]
 4 Hx [FIELU]
 5 Hy [FIELU]
 6 Hz [FIELU]
 0
   0.00000000000        0.00000000000        2.16000000000        2.97583226301      -1.367511543034E-002 -4.145241796538E-003
  0.590909090909        0.00000000000        2.16000000000        2.98987641881      -9.670006800032E-003 -1.106527283207E-003
   1.18181818182        0.00000000000        2.16000000000        2.99799004234      -5.265880620548E-003  8.744299288360E-004
   1.77272727273        0.00000000000        2.16000000000        2.97229081365       6.824791362528E-004 -2.425671068367E-003
   2.36363636364        0.00000000000        2.16000000000        2.97874073880      -4.403285657093E-003 -3.049917820751E-003
   2.95454545455        0.00000000000        2.16000000000        2.91728844057       1.280103331573E-002  1.504948347273E-002
   3.54545454545        0.00000000000        2.16000000000        2.78347914480       1.446712103412E-002  3.654215790283E-002
   4.13636363636        0.00000000000        2.16000000000        2.64666437304       4.681125381513E-003  5.164816337577E-002
   4.72727272727        0.00000000000        2.16000000000        2.50166468317       2.256197928169E-002  8.675365575763E-002
   5.31818181818        0.00000000000        2.16000000000        2.34661475249       5.766786529113E-002  0.147699381381     
   5.90909090909        0.00000000000        2.16000000000        2.17012588162      -1.703858663173E-002  0.204355863309     
   6.50000000000        0.00000000000        2.16000000000        1.83622995229       6.366315310104E-004  0.154606041598     
   0.00000000000        0.00000000000        2.16000000000        2.97583226301      -1.367511543034E-002 -4.145241796538E-003
  0.558892006459       0.191867868166        2.16000000000        3.00044519507      -7.481013403085E-003  1.387250469727E-004
   1.11778401292       0.383735736333        2.16000000000        3.01014205388      -3.461365429798E-004  1.798657105939E-003
   1.67667601938       0.575603604499        2.16000000000        2.97790551205       7.656060535964E-003 -2.657384373234E-003
   2.23556802584       0.767471472666        2.16000000000        2.95926325003       1.703555070668E-002 -6.226574347691E-003
   2.79446003230       0.959339340832        2.16000000000        2.94063749607       6.494447334313E-002 -3.404983736464E-003
   3.35335203876        1.15120720900        2.16000000000        2.85979788535       0.189403009330       7.642275357097E-003
   3.91224404522        1.34307507716        2.16000000000        2.77403513688       0.222557784861       2.897782123509E-002
   4.47113605168        1.53494294533        2.16000000000        2.57259557091       0.303194786507       4.562016847973E-002
   5.03002805814        1.72681081350        2.16000000000        2.39508355907       0.363650971080       7.506555382748E-002
   5.58892006459        1.91867868166        2.16000000000        2.17515461612       0.381177024624       0.115856804412     
   6.14781207105        2.11054654983        2.16000000000        1.85931731377       0.363356907472       0.133264467107     
   0.00000000000        0.00000000000        2.16000000000        2.97583226301      -1.367511543034E-002 -4.145241796538E-003
  0.466310301007       0.362943875680        2.16000000000        3.00834677824      -5.963247072186E-003  9.197430970635E-004
  0.932620602014       0.725887751361        2.16000000000        3.02232478963       2.991777210539E-003  2.680920964505E-003
   1.39893090302        1.08883162704        2.16000000000        2.99321095122       1.179827933788E-002 -1.479009038244E-003
   1.86524120403        1.45177550272        2.16000000000        2.96242753607       3.079480403517E-002 -6.469841869454E-003
   2.33155150503        1.81471937840        2.16000000000        3.23969578136       5.323565036400E-002 -1.662154603188E-003
   2.79786180604        2.17766325408        2.16000000000        3.21783072063       9.607092082527E-002  9.630608056398E-003
   3.26417210705        2.54060712976        2.16000000000        3.21657774866       0.331900954779       1.568258220013E-002
   3.73048240806        2.90355100544        2.16000000000        3.05979247014       0.679536488768       1.789403436912E-002
   4.19679270906        3.26649488112        2.16000000000        2.91177757815       0.980738023109       9.222258576374E-002
   4.66310301007        3.62943875680        2.16000000000        2.66726660243        1.27357964807       0.117458866191     
   5.12941331108        3.99238263248        2.16000000000        2.08314306546        1.31796261690       0.339117379618     
   0.00000000000        0.00000000000        2.16000000000        2.97583226301      -1.367511543034E-002 -4.145241796538E-003
  0.323196638891       0.494689282610        2.16000000000        3.01272490916      -5.281181339861E-003  1.151891442594E-003
  0.646393277781       0.989378565219        2.16000000000        3.03085278344       4.375282477959E-003  3.102179311265E-003
  0.969589916672        1.48406784783        2.16000000000        3.01522759089       1.905970598016E-002  4.410650753128E-004
   1.29278655556        1.97875713044        2.16000000000        2.99131611707       2.639622040213E-002 -3.147256350945E-003
   1.61598319445        2.47344641305        2.16000000000        3.36404281382      -3.185423420007E-002 -2.509771556664E-003
   1.93917983334        2.96813569566        2.16000000000        3.51885443653      -0.105841367529       8.043191033439E-003
   2.26237647223        3.46282497827        2.16000000000        3.74070897462      -9.845691547865E-002  1.791689720538E-002
   2.58557311112        3.95751426088        2.16000000000        4.31698114781      -1.395003387721E-002  3.845755156894E-002
   2.90876975001        4.45220354349        2.16000000000        5.56819210602       0.885569033009       6.665102898672E-002
   3.23196638891        4.94689282610        2.16000000000        5.28903818259        5.22867201686       0.104408987886     
   3.55516302780        5.44158210871        2.16000000000        1.27554918359        4.16098360023       0.136021097577     
   0.00000000000        0.00000000000        2.16000000000        2.97583226301      -1.367511543034E-002 -4.145241796538E-003
  0.145059606038       0.572827429873        2.16000000000        3.01310514943      -5.508728611546E-003  8.100132081745E-004
  0.290119212075        1.14565485975        2.16000000000        3.02422415074       7.161947807640E-003  1.588863631105E-003
  0.435178818113        1.71848228962        2.16000000000        3.02628927156       1.965644164462E-002  1.122839905041E-003
  0.580238424151        2.29130971949        2.16000000000        3.03492882501       1.754637778956E-002  2.016351193421E-003
  0.725298030189        2.86413714937        2.16000000000        3.37342596718      -8.241013710077E-002  1.794231752402E-003
  0.870357636226        3.43696457924        2.16000000000        3.27852078504      -0.310097786317       1.305651138301E-002
   1.01541724226        4.00979200911        2.16000000000        3.16941832603      -0.287625515551       1.850086397887E-002
   1.16047684830        4.58261943899        2.16000000000        3.03936306011       -1.08285326756       2.285690970625E-002
   1.30553645434        5.15544686886        2.16000000000        2.09252990423       -1.60794656678       3.050958071137E-002
   1.45059606038        5.72827429873        2.16000000000       0.943619946676       -1.71756299850       4.270243530386E-002
   1.59565566642        6.30110172861        2.16000000000       0.202823340247       -1.22939399637       5.645300195944E-002
   0.00000000000        0.00000000000        2.16000000000        2.97583226301      -1.367511543034E-002 -4.145241796538E-003
 -4.879688596092E-002  0.588890836777        2.16000000000        3.00944629410      -6.621230609595E-003 -6.884379470954E-005
 -9.759377192185E-002   1.17778167355        2.16000000000        3.01611080425       6.792302875440E-003  1.633668046593E-004
 -0.146390657883        1.76667251033        2.16000000000        3.02916892591       7.397042390553E-003  1.124366131905E-003
 -0.195187543844        2.35556334711        2.16000000000        3.04375999461       1.613059473932E-002  3.712305961115E-003
 -0.243984429805        2.94445418388        2.16000000000        3.32704184085       2.024785760097E-002  1.938834078383E-003
 -0.292781315766        3.53334502066        2.16000000000        2.92922912063       3.620376117627E-003  5.754277154712E-003
 -0.341578201726        4.12223585744        2.16000000000        2.67748630070       5.433510639347E-002  6.227450856469E-003
 -0.390375087687        4.71112669421        2.16000000000        2.34540364384       0.345211200721       4.426812244153E-003
 -0.439171973648        5.30001753099        2.16000000000        1.81499143075       0.490412259217       4.333915394399E-004
 -0.487968859609        5.88890836777        2.16000000000        1.12096995236       0.543174312659      -1.434813524032E-003
 -0.536765745570        6.47779920454        2.16000000000       0.771715488790       0.257287313196       4.585182307005E-003
   0.00000000000        0.00000000000        2.16000000000        2.97583226301      -1.367511543034E-002 -4.145241796538E-003
 -0.237365478204       0.541138783933        2.16000000000        3.00136868673      -8.200008904389E-003 -1.358086913081E-003
 -0.474730956408        1.08227756787        2.16000000000        3.01891137223      -5.436061617321E-004  6.532440028834E-004
 -0.712096434612        1.62341635180        2.16000000000        3.02430580231       2.664287543256E-003  5.362232704646E-004
 -0.949461912816        2.16455513573        2.16000000000        3.02134070247       4.916662559440E-002  2.554028026152E-003
  -1.18682739102        2.70569391966        2.16000000000        3.30864561984       8.133862979075E-002  1.211403070688E-002
  -1.42419286922        3.24683270360        2.16000000000        3.40781703303       0.231690807381       8.899213422692E-003
  -1.66155834743        3.78797148753        2.16000000000        3.63249289097       0.504851236499      -6.432525953508E-003
  -1.89892382563        4.32911027146        2.16000000000        4.03826262633       0.269899382517      -8.442399566207E-003
  -2.13628930384        4.87024905539        2.16000000000        4.60567490930        3.06826021571      -2.383040887754E-002
  -2.37365478204        5.41138783933        2.16000000000        1.49965726011        5.34071717200      -3.601415076681E-002
  -2.61102026024        5.95252662326        2.16000000000       -3.27881471020       0.813558700712      -4.366567086296E-002
   0.00000000000        0.00000000000        2.16000000000        2.97583226301      -1.367511543034E-002 -4.145241796538E-003
 -0.400211837779       0.434745947216        2.16000000000        2.99062375035      -1.041048670533E-002 -2.953398827718E-003
 -0.800423675558       0.869491894432        2.16000000000        3.00294954781      -6.198779235764E-003 -1.661947096241E-003
  -1.20063551334        1.30423784165        2.16000000000        3.01527534526      -1.987071766201E-003 -3.704953647645E-004
  -1.60084735112        1.73898378886        2.16000000000        3.01936272044       1.964701164173E-002  1.083564639377E-003
  -2.00105918889        2.17372973608        2.16000000000        3.22218126282       9.081457156292E-002  2.555965811738E-003
  -2.40127102667        2.60847568330        2.16000000000        3.35836029582      -0.196376217355      -1.467515437265E-003
  -2.80148286445        3.04322163051        2.16000000000        3.63279530099      -0.452924161229      -4.247001400764E-002
  -3.20169470223        3.47796757773        2.16000000000        3.77949296334       -1.00668927867      -4.634086368529E-002
  -3.60190654001        3.91271352494        2.16000000000        3.58139369368       -1.31459880717      -4.850124837604E-002
  -4.00211837779        4.34745947216        2.16000000000        3.15291996776       -1.98536204855      -0.147202336423     
  -4.40233021557        4.78220541938        2.16000000000        2.42460610395       -2.11347354639      -0.182370002995     
   0.00000000000        0.00000000000        2.16000000000        2.97583226301      -1.367511543034E-002 -4.145241796538E-003
 -0.519689034804       0.281241641340        2.16000000000        2.97854312255      -1.307736836197E-002 -4.688659576399E-003
  -1.03937806961       0.562483282680        2.16000000000        2.97960379460      -1.109492575754E-002 -5.030500924498E-003
  -1.55906710441       0.843724924020        2.16000000000        2.98773032561      -1.145759397323E-002 -4.124463880709E-003
  -2.07875613922        1.12496656536        2.16000000000        2.98262125338      -1.207658098001E-002 -5.020185097246E-003
  -2.59844517402        1.40620820670        2.16000000000        3.13226484228      -6.602655952889E-002 -3.159925196780E-003
  -3.11813420882        1.68744984804        2.16000000000        3.06752982301      -0.313831086079      -8.891151048259E-003
  -3.63782324363        1.96869148938        2.16000000000        2.92078568681      -0.416259405872      -1.072428493365E-002
  -4.15751227843        2.24993313072        2.16000000000        2.73767048185      -0.517869273844      -2.564108474020E-002
  -4.67720131323        2.53117477206        2.16000000000        2.60123178640      -0.614129587877      -4.464814287736E-002
  -5.19689034804        2.81241641340        2.16000000000        2.33330736920      -0.733591448758      -8.655680434328E-002
  -5.71657938284        3.09365805474        2.16000000000        1.94097102575      -0.866693736019      -0.139789490032     
   0.00000000000        0.00000000000        2.16000000000        2.97583226301      -1.367511543034E-002 -4.145241796538E-003
 -0.582849861102       9.726043971134E-002   2.16000000000        2.97028281223      -1.384733126350E-002 -5.894825152047E-003
  -1.16569972220       0.194520879423        2.16000000000        2.97565813901      -1.762162420876E-002 -5.132374714635E-003
  -1.74854958330       0.291781319134        2.16000000000        2.98599509427      -1.182418500856E-002 -4.266604894236E-003
  -2.33139944441       0.389041758845        2.16000000000        2.96653575287      -5.163382562104E-003 -6.318473182799E-003
  -2.91424930551       0.486302198557        2.16000000000        2.96169414799      -4.905257532269E-002 -9.152891156714E-003
  -3.49709916661       0.583562638268        2.16000000000        2.82804590013      -6.894103968048E-002  3.883196840982E-003
  -4.07994902771       0.680823077979        2.16000000000        2.71971929038      -7.971904756490E-002  3.071348732642E-002
  -4.66279888881       0.778083517691        2.16000000000        2.61020795024      -9.784148872302E-002  5.394497897244E-002
  -5.24564874991       0.875343957402        2.16000000000        2.46761455960      -0.135226123027       5.876538685568E-002
  -5.82849861102       0.972604397113        2.16000000000        2.23208743285      -8.624893497176E-002  5.984740941211E-002
  -6.41134847212        1.06986483682        2.16000000000        2.02539592084       4.139229832330E-003  0.169233699529     
   0.00000000000        0.00000000000        2.16000000000        2.97583226301      -1.367511543034E-002 -4.145241796538E-003
 -0.582849861102      -9.726043971134E-002   2.16000000000        2.96407307717      -1.406696942141E-002 -6.774395786024E-003
  -1.16569972220      -0.194520879423        2.16000000000        2.98479546919      -3.360264726599E-002 -2.490912439757E-003
  -1.74854958330      -0.291781319134        2.16000000000        2.98970201167      -1.885116465440E-002 -3.459550275103E-003
  -2.33139944441      -0.389041758845        2.16000000000        2.97304638886      -1.588705750478E-003 -5.435884923810E-003
  -2.91424930551      -0.486302198557        2.16000000000        2.96944238773       4.246609434575E-002 -7.721441573693E-003
  -3.49709916661      -0.583562638268        2.16000000000        2.84952422976       6.123253455463E-002 -4.277818367161E-003
  -4.07994902771      -0.680823077979        2.16000000000        2.73808096691       7.973722881464E-002  1.080608279581E-002
  -4.66279888881      -0.778083517691        2.16000000000        2.60347533625       0.111261620383       3.407442409216E-002
  -5.24564874991      -0.875343957402        2.16000000000        2.43875246205       0.155783275957       4.330279098087E-002
  -5.82849861102      -0.972604397113        2.16000000000        2.33901713936       9.854859870263E-002  4.926044648051E-002
  -6.41134847212       -1.06986483682        2.16000000000        2.36957553709       7.800862008761E-002  0.273530129144     
   0.00000000000        0.00000000000        2.16000000000        2.97583226301      -1.367511543034E-002 -4.145241796538E-003
 -0.519689034804      -0.281241641340        2.16000000000        2.95905907497      -1.420031919904E-002 -7.363430478793E-003
  -1.03937806961      -0.562483282680        2.16000000000        2.98430135918      -4.164372741055E-002 -1.827145144501E-003
  -1.55906710441      -0.843724924020        2.16000000000        2.99867718248      -2.971223494596E-002 -9.539507889565E-004
  -2.07875613922       -1.12496656536        2.16000000000        3.00206637022       6.590344930285E-003 -1.739209451880E-003
  -2.59844517402       -1.40620820670        2.16000000000        3.11223759779       7.534517810666E-002 -1.026995389199E-002
  -3.11813420882       -1.68744984804        2.16000000000        3.03651447909       0.236711320850      -8.311742481592E-003
  -3.63782324363       -1.96869148938        2.16000000000        2.92709473211       0.373290469169      -1.101442535105E-002
  -4.15751227843       -2.24993313072        2.16000000000        2.77596065035       0.479184856552      -1.948700610680E-002
  -4.67720131323       -2.53117477206        2.16000000000        2.61080360594       0.603948758885      -3.492855237701E-002
  -5.19689034804       -2.81241641340        2.16000000000        2.31398357436       0.721201654760      -5.467532538339E-002
  -5.71657938284       -3.09365805474        2.16000000000        1.95722621210       0.800206515340      -8.668063106204E-002
   0.00000000000        0.00000000000        2.16000000000        2.97583226301      -1.367511543034E-002 -4.145241796538E-003
 -0.400211837779      -0.434745947216        2.16000000000        2.95791065080      -1.280894082181E-002 -7.238884514808E-003
 -0.800423675558      -0.869491894432        2.16000000000        2.97883977599      -1.388883876345E-002 -4.013199476180E-003
  -1.20063551334       -1.30423784165        2.16000000000        3.01810336098      -3.438527152320E-002  3.572254884788E-003
  -1.60084735112       -1.73898378886        2.16000000000        3.02682817970       1.818437436394E-003  1.966563116375E-003
  -2.00105918889       -2.17372973608        2.16000000000        3.16581863690      -0.118046481245       4.536338253033E-003
  -2.40127102667       -2.60847568330        2.16000000000        3.33078717544       0.113630008543      -1.050854502336E-002
  -2.80148286445       -3.04322163051        2.16000000000        3.46101958746       0.364416070568      -2.222041108130E-002
  -3.20169470223       -3.47796757773        2.16000000000        3.81477323874       0.852480762213      -4.580206737171E-002
  -3.60190654001       -3.91271352494        2.16000000000        3.74202678148        1.28537045051      -8.680846465765E-002
  -4.00211837779       -4.34745947216        2.16000000000        3.19517799403        1.96781640024      -0.181400855977     
  -4.40233021557       -4.78220541938        2.16000000000        2.48361659072        2.32276807009      -0.283278597920     
   0.00000000000        0.00000000000        2.16000000000        2.97583226301      -1.367511543034E-002 -4.145241796538E-003
 -0.237365478204      -0.541138783933        2.16000000000        2.96426970322      -9.134928227268E-003 -6.071506759233E-003
 -0.474730956408       -1.08227756787        2.16000000000        2.97988479334       7.164988324501E-003 -4.545704197621E-003
 -0.712096434612       -1.62341635180        2.16000000000        3.00853761729      -6.004754839568E-003  8.269579233885E-004
 -0.949461912816       -2.16455513573        2.16000000000        3.04145780928      -1.700254894998E-002  6.669885095070E-003
  -1.18682739102       -2.70569391966        2.16000000000        3.27862361493      -0.109792706342      -8.293602523374E-004
  -1.42419286922       -3.24683270360        2.16000000000        3.36075739113      -0.345470642698      -3.702482190012E-003
  -1.66155834743       -3.78797148753        2.16000000000        3.49468458249      -0.546421542780      -8.575656998306E-003
  -1.89892382563       -4.32911027146        2.16000000000        3.83330492476       -1.24621740669      -2.377699976117E-002
  -2.13628930384       -4.87024905539        2.16000000000        4.49967132809       -3.01365651684      -4.463485931552E-002
  -2.37365478204       -5.41138783933        2.16000000000       9.468702490887E-002  -3.70689696412      -6.066881374454E-002
  -2.61102026024       -5.95252662326        2.16000000000       -3.41187322587      -0.991080754399      -6.661196272544E-002
   0.00000000000        0.00000000000        2.16000000000        2.97583226301      -1.367511543034E-002 -4.145241796538E-003
 -4.879688596092E-002 -0.588890836777        2.16000000000        2.96893661833      -7.227264510370E-003 -5.069473386474E-003
 -9.759377192185E-002  -1.17778167355        2.16000000000        2.98570790446       1.972829575261E-003 -3.595545562515E-003
 -0.146390657883       -1.76667251033        2.16000000000        2.99761006246       1.037186044931E-002 -1.837281525275E-003
 -0.195187543844       -2.35556334711        2.16000000000        3.01854333873      -2.330005058039E-002  3.495430791287E-003
 -0.243984429805       -2.94445418388        2.16000000000        3.26779213169      -4.718586719866E-002  3.296453756816E-003
 -0.292781315766       -3.53334502066        2.16000000000        2.96287412949       2.233206634650E-002  5.585091665545E-003
 -0.341578201726       -4.12223585744        2.16000000000        2.78163338060      -0.141124753268       3.468746708181E-003
 -0.390375087687       -4.71112669421        2.16000000000        2.55795549966      -0.309046218110       4.268200731759E-003
 -0.439171973648       -5.30001753099        2.16000000000        1.80131614029      -0.537988451868      -2.355345518588E-003
 -0.487968859609       -5.88890836777        2.16000000000        1.16581425640      -0.531436767952      -1.534028988449E-002
 -0.536765745570       -6.47779920454        2.16000000000       0.535682014925      -0.332896058436      -2.414847189879E-002
   0.00000000000        0.00000000000        2.16000000000        2.97583226301      -1.367511543034E-002 -4.145241796538E-003
  0.145059606038      -0.572827429873        2.16000000000        2.97140566346      -7.292674635299E-003 -4.341370260620E-003
  0.290119212075       -1.14565485975        2.16000000000        2.98859005089      -3.432945837691E-003 -2.756527937632E-003
  0.435178818113       -1.71848228962        2.16000000000        3.00129442770      -2.035501907516E-003 -1.167718700720E-003
  0.580238424151       -2.29130971949        2.16000000000        2.98835852430      -6.604284112443E-003 -3.550055740199E-003
  0.725298030189       -2.86413714937        2.16000000000        3.36588149565       0.130126386519       6.637640105054E-003
  0.870357636226       -3.43696457924        2.16000000000        3.19682655660       0.293951120072       1.336041969001E-002
   1.01541724226       -4.00979200911        2.16000000000        3.10048475527       0.536635076430       1.539263270760E-002
   1.16047684830       -4.58261943899        2.16000000000        2.76781081531       0.943003285147       2.002810693833E-002
   1.30553645434       -5.15544686886        2.16000000000        2.08703728066        1.65500583857       3.491235181716E-002
   1.45059606038       -5.72827429873        2.16000000000       0.925110512387        1.71925008618       4.142466717383E-002
   1.59565566642       -6.30110172861        2.16000000000       0.166478347533        1.24814637531       3.375750408212E-002
   0.00000000000        0.00000000000        2.16000000000        2.97583226301      -1.367511543034E-002 -4.145241796538E-003
  0.323196638891      -0.494689282610        2.16000000000        2.97140927927      -9.324070400076E-003 -3.966098653041E-003
  0.646393277781      -0.989378565219        2.16000000000        2.98918898235      -5.977607293859E-003 -1.828358072320E-003
  0.969589916672       -1.48406784783        2.16000000000        3.00056094118      -1.683305144870E-002 -1.279907078239E-003
   1.29278655556       -1.97875713044        2.16000000000        2.99984679051      -2.198409053718E-002 -2.670013380174E-003
   1.61598319445       -2.47344641305        2.16000000000        3.32282828997       2.785465694699E-002  1.469759837408E-002
   1.93917983334       -2.96813569566        2.16000000000        3.58564796964      -1.937047842466E-002  1.497592770121E-002
   2.26237647223       -3.46282497827        2.16000000000        3.75649741521       4.035900130866E-002  2.590119901718E-002
   2.58557311112       -3.95751426088        2.16000000000        4.46750301153      -9.904080487137E-002  5.162482125996E-002
   2.90876975001       -4.45220354349        2.16000000000        5.62549483813      -0.957625830468       7.890325501047E-002
   3.23196638891       -4.94689282610        2.16000000000        5.41937787970       -4.76535568249       0.102805802373     
   3.55516302780       -5.44158210871        2.16000000000        1.20813639274       -4.32536247052       0.106926284805     
   0.00000000000        0.00000000000        2.16000000000        2.97583226301      -1.367511543034E-002 -4.145241796538E-003
  0.466310301007      -0.362943875680        2.16000000000        2.96998150344      -1.265756807739E-002 -3.852850700583E-003
  0.932620602014      -0.725887751361        2.16000000000        2.98743979535      -5.385401239978E-003 -9.116175735270E-004
   1.39893090302       -1.08883162704        2.16000000000        2.99739945312      -1.956284851071E-002 -4.005120681337E-004
   1.86524120403       -1.45177550272        2.16000000000        2.98203795683      -3.474297364051E-002 -1.904010341539E-003
   2.33155150503       -1.81471937840        2.16000000000        3.20065411681      -4.404650563085E-002  2.208157097299E-002
   2.79786180604       -2.17766325408        2.16000000000        3.15606480334      -0.176030259453       2.692568498296E-002
   3.26417210705       -2.54060712976        2.16000000000        3.26072854739      -0.540724544497       4.455947465098E-002
   3.73048240806       -2.90355100544        2.16000000000        3.21439526481      -0.791828043650       6.834308911381E-002
   4.19679270906       -3.26649488112        2.16000000000        3.03261898259      -0.951817858385       0.104072960533     
   4.66310301007       -3.62943875680        2.16000000000        2.63667338345       -1.23350101881       0.145721956082     
   5.12941331108       -3.99238263248        2.16000000000        2.21486766876       -1.36827314212       0.206283707376     
   0.00000000000        0.00000000000        2.16000000000        2.97583226301      -1.367511543034E-002 -4.145241796538E-003
  0.558892006459      -0.191867868166        2.16000000000        2.97778574035      -1.229301586274E-002 -2.681071481420E-003
   1.11778401292      -0.383735736333        2.16000000000        2.98654428193      -1.239334118083E-002 -7.246695499789E-004
   1.67667601938      -0.575603604499        2.16000000000        2.99055963129      -1.390337656217E-002 -2.321024880940E-004
   2.23556802584      -0.767471472666        2.16000000000        2.92244277865      -2.069449857168E-002 -3.798580566453E-003
   2.79446003230      -0.959339340832        2.16000000000        2.97533799651      -5.152079652835E-002  1.687792255115E-002
   3.35335203876       -1.15120720900        2.16000000000        2.84739203101      -0.132979133966       2.653249961503E-002
   3.91224404522       -1.34307507716        2.16000000000        2.70670932534      -0.199386915710       3.820754727584E-002
   4.47113605168       -1.53494294533        2.16000000000        2.54214315121      -0.307046167331       6.069873100660E-002
   5.03002805814       -1.72681081350        2.16000000000        2.36934811973      -0.348803594826       9.399414087380E-002
   5.58892006459       -1.91867868166        2.16000000000        2.16290678028      -0.386095919848       0.122899710787     
   6.14781207105       -2.11054654983        2.16000000000        1.90110145651      -0.412675320693       0.141293813400     
   0.00000000000        0.00000000000        2.16000000000        2.97583226301      -1.367511543034E-002 -4.145241796538E-003
  0.590909090909        0.00000000000        2.16000000000        2.98987641881      -9.670006800032E-003 -1.106527283207E-003
   1.18181818182      -1.172487511250E-015   2.16000000000        2.99799004234      -5.265880620548E-003  8.744299288360E-004
   1.77272727273        0.00000000000        2.16000000000        2.97229081365       6.824791362528E-004 -2.425671068367E-003
   2.36363636364        0.00000000000        2.16000000000        2.97874073880      -4.403285657093E-003 -3.049917820751E-003
   2.95454545455        0.00000000000        2.16000000000        2.91728844057       1.280103331573E-002  1.504948347273E-002
   3.54545454545        0.00000000000        2.16000000000        2.78347914480       1.446712103412E-002  3.654215790283E-002
   4.13636363636        0.00000000000        2.16000000000        2.64666437304       4.681125381513E-003  5.164816337577E-002
   4.72727272727        0.00000000000        2.16000000000        2.50166468317       2.256197928169E-002  8.675365575763E-002
   5.31818181818        0.00000000000        2.16000000000        2.34661475249       5.766786529113E-002  0.147699381381     
   5.90909090909        0.00000000000        2.16000000000        2.17012588162      -1.703858663173E-002  0.204355863309     
   6.50000000000        0.00000000000        2.16000000000        1.83622995229       6.366315310104E-004  0.154606041598     
