 12 20 1 1
 1 X [LENGU]
 2 Y [LENGU]
 3 Z [LENGU]
 4 Hx [FIELU]
 5 Hy [FIELU]
 6 Hz [FIELU]
 0
   0.00000000000        0.00000000000       -43.2000000000        3.08176079000       3.122375611853E-002 -1.179072822004E-004
  0.590909090909        0.00000000000       -43.2000000000        3.08021085553       3.587787112789E-002 -4.663702681289E-004
   1.18181818182        0.00000000000       -43.2000000000        3.07866092105       4.053198613724E-002 -8.148332540575E-004
   1.77272727273        0.00000000000       -43.2000000000        3.08898217201       3.960688646518E-002  1.533404977616E-003
   2.36363636364        0.00000000000       -43.2000000000        3.08373345603       2.985520475035E-002  2.227863194600E-004
   2.95454545455        0.00000000000       -43.2000000000        3.13022443873      -1.240137524652E-002 -1.312246301264E-003
   3.54545454545        0.00000000000       -43.2000000000        2.99327169137       1.721443999902E-002 -7.136823489157E-004
   4.13636363636        0.00000000000       -43.2000000000        2.84731196431       4.362556588560E-002 -3.894763484237E-003
   4.72727272727        0.00000000000       -43.2000000000        2.71270624033       3.463077871137E-002 -3.658611340546E-003
   5.31818181818        0.00000000000       -43.2000000000        2.57810051635       2.563599153714E-002 -3.422459196854E-003
   5.90909090909        0.00000000000       -43.2000000000        2.44349479236       1.664120436291E-002 -3.186307053163E-003
   6.50000000000        0.00000000000       -43.2000000000        2.30888906838       7.646417188683E-003 -2.950154909472E-003
   0.00000000000        0.00000000000       -43.2000000000        3.08176079000       3.122375611853E-002 -1.179072822004E-004
  0.558892006459       0.191867868166       -43.2000000000        3.08196881144       3.750753443986E-002  2.329747237770E-004
   1.11778401292       0.383735736333       -43.2000000000        3.08217683288       4.379131276120E-002  5.838567297545E-004
   1.67667601938       0.575603604499       -43.2000000000        3.08441398022       4.782730984964E-002  1.190890042012E-003
   2.23556802584       0.767471472666       -43.2000000000        3.09387999827       4.640368022453E-002  2.064937226571E-003
   2.79446003230       0.959339340832       -43.2000000000        3.19976790071       8.348829030130E-002  1.726575373425E-003
   3.35335203876        1.15120720900       -43.2000000000        3.05664190558       0.224720581845       5.351986454157E-003
   3.91224404522        1.34307507716       -43.2000000000        2.91515842490       0.281825144155       3.231953380121E-003
   4.47113605168        1.53494294533       -43.2000000000        2.77356727879       0.359758349898       1.434439583372E-002
   5.03002805814        1.72681081350       -43.2000000000        2.64514248378       0.429764354121       1.920732311884E-002
   5.58892006459        1.91867868166       -43.2000000000        2.46947083468       0.425388146303       3.870345557005E-002
   6.14781207105        2.11054654983       -43.2000000000        2.15192004219       0.380400568238       6.731818869595E-002
   0.00000000000        0.00000000000       -43.2000000000        3.08176079000       3.122375611853E-002 -1.179072822004E-004
  0.466310301007       0.362943875680       -43.2000000000        3.08566303917       3.415961961875E-002  2.231627005164E-004
  0.932620602014       0.725887751361       -43.2000000000        3.08616238021       5.269670974370E-002  1.065162934309E-003
   1.39893090302        1.08883162704       -43.2000000000        3.09451715456       5.144928793612E-002  2.140580573693E-003
   1.86524120403        1.45177550272       -43.2000000000        3.08963242241       8.701959306692E-002  2.710603858196E-003
   2.33155150503        1.81471937840       -43.2000000000        3.43139767281       8.676710731849E-002  3.762513091247E-003
   2.79786180604        2.17766325408       -43.2000000000        3.35126382723       0.307035502302       3.914258720423E-003
   3.26417210705        2.54060712976       -43.2000000000        3.28031767287       0.521072370760       6.354198996883E-003
   3.73048240806        2.90355100544       -43.2000000000        3.30156403394       0.798299026791       1.722217423537E-002
   4.19679270906        3.26649488112       -43.2000000000        3.25222786089        1.12777128700       2.209535120800E-002
   4.66310301007        3.62943875680       -43.2000000000        3.04216159965        1.54032516949       4.959576229476E-002
   5.12941331108        3.99238263248       -43.2000000000        2.62032179872        1.61946199142       1.508685091464E-002
   0.00000000000        0.00000000000       -43.2000000000        3.08176079000       3.122375611853E-002 -1.179072822004E-004
  0.323196638891       0.494689282610       -43.2000000000        3.08813560210       3.415577611730E-002  2.939783618676E-004
  0.646393277781       0.989378565219       -43.2000000000        3.08973609459       5.897649818899E-002  1.408674963615E-003
  0.969589916672        1.48406784783       -43.2000000000        3.09420610175       7.493923664174E-002  2.444328955320E-003
   1.29278655556        1.97875713044       -43.2000000000        3.08936949388       0.120478109279       3.385110340890E-003
   1.61598319445        2.47344641305       -43.2000000000        3.50694993127      -1.514609258212E-002  4.714591817274E-004
   1.93917983334        2.96813569566       -43.2000000000        3.73093299078      -8.937463566934E-002  3.067840268923E-003
   2.26237647223        3.46282497827       -43.2000000000        4.10695979970      -0.171298297147       5.250710043148E-003
   2.58557311112        3.95751426088       -43.2000000000        4.87784302313       0.149028579140       9.805042430567E-003
   2.90876975001        4.45220354349       -43.2000000000        6.03631341528        1.09790811112       1.224479205154E-002
   3.23196638891        4.94689282610       -43.2000000000        5.83593713052        4.68627420868       2.129884891576E-002
   3.55516302780        5.44158210871       -43.2000000000        1.86283020974        4.43376739591       3.024205782380E-002
   0.00000000000        0.00000000000       -43.2000000000        3.08176079000       3.122375611853E-002 -1.179072822004E-004
  0.145059606038       0.572827429873       -43.2000000000        3.08974902109       3.460595997029E-002  3.449397034214E-004
  0.290119212075        1.14565485975       -43.2000000000        3.09296293258       5.987686589498E-002  1.510597646723E-003
  0.435178818113        1.71848228962       -43.2000000000        3.10411928793       5.022239389831E-002  1.472215624246E-003
  0.580238424151        2.29130971949       -43.2000000000        3.11126642114       6.211649327516E-002  2.340757231814E-003
  0.725298030189        2.86413714937       -43.2000000000        3.47896414534      -8.457452094625E-002  9.525413218745E-005
  0.870357636226        3.43696457924       -43.2000000000        3.29151241219      -0.228065897644      -5.821411154130E-003
   1.01541724226        4.00979200911       -43.2000000000        3.14102095498      -0.760162953880      -3.139096690525E-003
   1.16047684830        4.58261943899       -43.2000000000        3.12997315906       -1.02298309416      -7.173608952081E-003
   1.30553645434        5.15544686886       -43.2000000000        2.25606763322       -1.59149115698       8.882608001627E-005
   1.45059606038        5.72827429873       -43.2000000000        1.04373472354       -1.89830756915       4.809462975235E-003
   1.59565566642        6.30110172861       -43.2000000000       0.215450304029       -1.42175857755      -3.198509238666E-003
   0.00000000000        0.00000000000       -43.2000000000        3.08176079000       3.122375611853E-002 -1.179072822004E-004
 -4.879688596092E-002  0.588890836777       -43.2000000000        3.09101416291       3.231764904784E-002  2.695839197720E-004
 -9.759377192185E-002   1.17778167355       -43.2000000000        3.09700849908       4.863707746783E-002  1.130175784471E-003
 -0.146390657883        1.76667251033       -43.2000000000        3.11121429843       2.884816690003E-002  7.459455219168E-004
 -0.195187543844        2.35556334711       -43.2000000000        3.14770750242      -3.141567028868E-002 -2.511425953053E-004
 -0.243984429805        2.94445418388       -43.2000000000        3.47876587524       4.291717606013E-002 -4.551398742066E-003
 -0.292781315766        3.53334502066       -43.2000000000        3.21032288915       0.136004996501      -5.086211721806E-003
 -0.341578201726        4.12223585744       -43.2000000000        2.92398942660       0.637741939069       1.863704247930E-003
 -0.390375087687        4.71112669421       -43.2000000000        2.61712703042       0.517785980860      -3.721269393328E-005
 -0.439171973648        5.30001753099       -43.2000000000        1.94024895010       0.504739879956      -2.772884784185E-003
 -0.487968859609        5.88890836777       -43.2000000000        1.21873540305       0.512341747742      -9.090655591913E-003
 -0.536765745570        6.47779920454       -43.2000000000       0.639592193980       0.496127448110      -9.179611459348E-003
   0.00000000000        0.00000000000       -43.2000000000        3.08176079000       3.122375611853E-002 -1.179072822004E-004
 -0.237365478204       0.541138783933       -43.2000000000        3.09179392980       2.753881734519E-002  7.607697934315E-005
 -0.474730956408        1.08227756787       -43.2000000000        3.09865966851       3.867646383551E-002  7.292703380409E-004
 -0.712096434612        1.62341635180       -43.2000000000        3.12243420530       6.619240872779E-003  1.079279949962E-007
 -0.949461912816        2.16455513573       -43.2000000000        3.19018216420      -0.136218796902      -4.238332547466E-003
  -1.18682739102        2.70569391966       -43.2000000000        3.45948219526       5.159812136563E-002 -2.116941651363E-003
  -1.42419286922        3.24683270360       -43.2000000000        3.56838687790       0.183396960772      -4.611788678436E-003
  -1.66155834743        3.78797148753       -43.2000000000        3.92935157188       0.423538351269      -9.622363542130E-003
  -1.89892382563        4.32911027146       -43.2000000000        4.55807316393        1.13391664185      -9.318465704415E-003
  -2.13628930384        4.87024905539       -43.2000000000        4.76683662023        3.16483607189      -6.982082856850E-003
  -2.37365478204        5.41138783933       -43.2000000000       0.197079171479        4.96800367867      -7.393483386419E-003
  -2.61102026024        5.95252662326       -43.2000000000       -3.36985700435       0.888095206027      -1.542693244306E-003
   0.00000000000        0.00000000000       -43.2000000000        3.08176079000       3.122375611853E-002 -1.179072822004E-004
 -0.400211837779       0.434745947216       -43.2000000000        3.09200382193       2.078732542854E-002 -2.146116383001E-004
 -0.800423675558       0.869491894432       -43.2000000000        3.09747253425       3.223959681146E-002  3.914949632800E-004
  -1.20063551334        1.30423784165       -43.2000000000        3.11758696915       1.762393614460E-003 -3.708951174409E-004
  -1.60084735112        1.73898378886       -43.2000000000        3.17858761337      -9.820782453269E-002 -3.078439968619E-003
  -2.00105918889        2.17372973608       -43.2000000000        3.32165788242       0.124573079501       1.498750033525E-003
  -2.40127102667        2.60847568330       -43.2000000000        3.59707486914      -0.285237856861       2.932732640917E-003
  -2.80148286445        3.04322163051       -43.2000000000        3.42860019214      -0.646011214567       1.315868463018E-003
  -3.20169470223        3.47796757773       -43.2000000000        3.97482019452      -0.842887473973      -1.583178564033E-003
  -3.60190654001        3.91271352494       -43.2000000000        3.99901243324       -1.60638479735      -1.208645198507E-002
  -4.00211837779        4.34745947216       -43.2000000000        3.48016758624       -2.36225547901      -4.513710036559E-002
  -4.40233021557        4.78220541938       -43.2000000000        2.94026863952       -2.54985642114      -4.328394698501E-002
   0.00000000000        0.00000000000       -43.2000000000        3.08176079000       3.122375611853E-002 -1.179072822004E-004
 -0.519689034804       0.281241641340       -43.2000000000        3.09001604688       2.015342203233E-002 -3.347078841607E-004
  -1.03937806961       0.562483282680       -43.2000000000        3.09670707883       1.625455036888E-002 -3.212443819948E-004
  -1.55906710441       0.843724924020       -43.2000000000        3.10424575730       8.929046366193E-003 -4.433251804393E-004
  -2.07875613922        1.12496656536       -43.2000000000        3.14415568899      -4.086194255557E-002 -1.687121079825E-003
  -2.59844517402        1.40620820670       -43.2000000000        3.30614471739      -0.106107636696       5.944348795031E-003
  -3.11813420882        1.68744984804       -43.2000000000        3.25300032644      -0.228229802648       1.101492400424E-002
  -3.63782324363        1.96869148938       -43.2000000000        3.19169951403      -0.431616377391       8.808347167072E-003
  -4.15751227843        2.24993313072       -43.2000000000        3.06280881465      -0.574122093721      -8.713766402148E-004
  -4.67720131323        2.53117477206       -43.2000000000        2.85173577405      -0.755085041807      -6.998140096303E-003
  -5.19689034804        2.81241641340       -43.2000000000        2.59530940194      -0.954448875442       1.109253834896E-002
  -5.71657938284        3.09365805474       -43.2000000000        2.20494636473       -1.18229297744       5.581556725099E-002
   0.00000000000        0.00000000000       -43.2000000000        3.08176079000       3.122375611853E-002 -1.179072822004E-004
 -0.582849861102       9.726043971134E-002  -43.2000000000        3.08700939411       2.128900202412E-002 -4.130137470801E-004
  -1.16569972220       0.194520879423       -43.2000000000        3.09225799822       1.135424792971E-002 -7.081202119598E-004
  -1.74854958330       0.291781319134       -43.2000000000        3.09750660233       1.419493835304E-003 -1.003226676839E-003
  -2.33139944441       0.389041758845       -43.2000000000        3.10275520644      -8.515260259105E-003 -1.298333141719E-003
  -2.91424930551       0.486302198557       -43.2000000000        3.16045667226      -7.358119080830E-002  5.381315380616E-003
  -3.49709916661       0.583562638268       -43.2000000000        3.06966172055      -0.162128913869       2.352059517376E-003
  -4.07994902771       0.680823077979       -43.2000000000        2.94502471365      -0.145741765001       4.811733223609E-003
  -4.66279888881       0.778083517691       -43.2000000000        2.76183142123      -0.191224429367      -3.393863166949E-003
  -5.24564874991       0.875343957402       -43.2000000000        2.65735169024      -0.222242284329      -8.339267883038E-003
  -5.82849861102       0.972604397113       -43.2000000000        2.50320366071      -0.209035279178      -3.977917946301E-003
  -6.41134847212        1.06986483682       -43.2000000000        2.33992316610      -0.204510282307      -1.443647307290E-003
   0.00000000000        0.00000000000       -43.2000000000        3.08176079000       3.122375611853E-002 -1.179072822004E-004
 -0.582849861102      -9.726043971134E-002  -43.2000000000        3.08343397364       2.350116677564E-002 -4.593402454812E-004
  -1.16569972220      -0.194520879423       -43.2000000000        3.08510715728       1.577857743274E-002 -8.007732087620E-004
  -1.74854958330      -0.291781319134       -43.2000000000        3.08678034092       8.055988089852E-003 -1.142206172043E-003
  -2.33139944441      -0.389041758845       -43.2000000000        3.08845352456       3.333987469588E-004 -1.483639135324E-003
  -2.91424930551      -0.486302198557       -43.2000000000        3.15117757687       5.097572110270E-002  3.390097947578E-003
  -3.49709916661      -0.583562638268       -43.2000000000        3.04480298621       9.418381553128E-002  4.020231454551E-003
  -4.07994902771      -0.680823077979       -43.2000000000        2.96441591449       0.161861823577       1.728455113632E-003
  -4.66279888881      -0.778083517691       -43.2000000000        2.78143675594       0.170161350207      -4.995592539567E-003
  -5.24564874991      -0.875343957402       -43.2000000000        2.63395474361       0.213287250964       1.045873804345E-002
  -5.82849861102      -0.972604397113       -43.2000000000        2.45831037848       0.243903184709       2.741878681691E-002
  -6.41134847212       -1.06986483682       -43.2000000000        2.25685635963       0.234944688145       2.249449799172E-002
   0.00000000000        0.00000000000       -43.2000000000        3.08176079000       3.122375611853E-002 -1.179072822004E-004
 -0.519689034804      -0.281241641340       -43.2000000000        3.08143387508       2.269703293043E-002 -1.070530384149E-003
  -1.03937806961      -0.562483282680       -43.2000000000        3.08110696015       1.417030974232E-002 -2.023153486098E-003
  -1.55906710441      -0.843724924020       -43.2000000000        3.08078004522       5.643586554220E-003 -2.975776588046E-003
  -2.07875613922       -1.12496656536       -43.2000000000        3.08581857511       2.966317168105E-003 -2.433120611926E-003
  -2.59844517402       -1.40620820670       -43.2000000000        3.34368452818       0.113642813571      -3.603800002482E-003
  -3.11813420882       -1.68744984804       -43.2000000000        3.22945145386       0.192432090862      -1.418858426476E-003
  -3.63782324363       -1.96869148938       -43.2000000000        3.16332751875       0.409912397849       6.142062671158E-003
  -4.15751227843       -2.24993313072       -43.2000000000        3.01794882998       0.671794307474      -2.460041546512E-003
  -4.67720131323       -2.53117477206       -43.2000000000        2.85080550934       0.728582361392       9.115224031278E-003
  -5.19689034804       -2.81241641340       -43.2000000000        2.58840723996       0.941463349099       2.496252118508E-003
  -5.71657938284       -3.09365805474       -43.2000000000        2.07260927098        1.28932756049       5.992890772040E-002
   0.00000000000        0.00000000000       -43.2000000000        3.08176079000       3.122375611853E-002 -1.179072822004E-004
 -0.400211837779      -0.434745947216       -43.2000000000        3.08019805000       2.121818507078E-002 -1.828208362615E-003
 -0.800423675558      -0.869491894432       -43.2000000000        3.07844660729       9.035170133681E-003 -3.301364955141E-003
  -1.20063551334       -1.30423784165       -43.2000000000        3.08101861339       3.804978916704E-003 -3.849826103401E-003
  -1.60084735112       -1.73898378886       -43.2000000000        3.09202276417       4.867937070278E-003 -2.702356011540E-003
  -2.00105918889       -2.17372973608       -43.2000000000        3.35968230740      -3.457629287542E-002  1.812400676173E-003
  -2.40127102667       -2.60847568330       -43.2000000000        3.60303882715       0.253533978142      -1.475095501306E-003
  -2.80148286445       -3.04322163051       -43.2000000000        3.62115961276       0.431978220131      -3.444644755030E-003
  -3.20169470223       -3.47796757773       -43.2000000000        3.83222427116       0.861518500564      -4.364496023697E-003
  -3.60190654001       -3.91271352494       -43.2000000000        3.99290174317        1.55607657977      -8.541577344098E-003
  -4.00211837779       -4.34745947216       -43.2000000000        3.68086586019        2.24296977444      -4.653986965323E-002
  -4.40233021557       -4.78220541938       -43.2000000000        3.03743094149        2.33719450542      -2.342975885157E-002
   0.00000000000        0.00000000000       -43.2000000000        3.08176079000       3.122375611853E-002 -1.179072822004E-004
 -0.237365478204      -0.541138783933       -43.2000000000        3.07913157205       2.082359608659E-002 -2.400548680962E-003
 -0.474730956408       -1.08227756787       -43.2000000000        3.07630235839       3.941661323892E-003 -3.748625115755E-003
 -0.712096434612       -1.62341635180       -43.2000000000        3.08136564593       4.155987981223E-003 -4.169009744901E-003
 -0.949461912816       -2.16455513573       -43.2000000000        3.08616379886      -5.505788874807E-002 -6.146631631652E-003
  -1.18682739102       -2.70569391966       -43.2000000000        3.45619205595      -5.975765931916E-002 -5.329048708295E-003
  -1.42419286922       -3.24683270360       -43.2000000000        3.50263697218      -0.242987352284      -2.980891467833E-003
  -1.66155834743       -3.78797148753       -43.2000000000        3.88970407979      -0.536581892110      -7.322393553621E-004
  -1.89892382563       -4.32911027146       -43.2000000000        4.28747116394       -1.29633811108      -1.702518256212E-004
  -2.13628930384       -4.87024905539       -43.2000000000        4.73430751487       -3.37048028836      -3.390352984103E-003
  -2.37365478204       -5.41138783933       -43.2000000000       0.657877062350       -4.46899359636      -4.541461272736E-003
  -2.61102026024       -5.95252662326       -43.2000000000       -3.83479452906       -1.00612981236      -2.659528392832E-003
   0.00000000000        0.00000000000       -43.2000000000        3.08176079000       3.122375611853E-002 -1.179072822004E-004
 -4.879688596092E-002 -0.588890836777       -43.2000000000        3.07830255770       2.100846513344E-002 -2.665894783766E-003
 -9.759377192185E-002  -1.17778167355       -43.2000000000        3.07488711304       3.149886859910E-003 -3.935739111535E-003
 -0.146390657883       -1.76667251033       -43.2000000000        3.07676763350      -1.575176864678E-002 -5.476565817368E-003
 -0.195187543844       -2.35556334711       -43.2000000000        3.04876865784       6.075507017320E-002 -2.896134918042E-003
 -0.243984429805       -2.94445418388       -43.2000000000        3.46607052929      -5.566047471404E-002 -6.949560365678E-003
 -0.292781315766       -3.53334502066       -43.2000000000        3.17636587458      -0.315017451227      -2.919274068441E-003
 -0.341578201726       -4.12223585744       -43.2000000000        2.99910707065      -0.566251428298      -5.248308420067E-003
 -0.390375087687       -4.71112669421       -43.2000000000        2.71252850100      -0.398795792529      -7.939265022226E-003
 -0.439171973648       -5.30001753099       -43.2000000000        1.97895982515      -0.476034254354      -1.253521087267E-002
 -0.487968859609       -5.88890836777       -43.2000000000        1.27670562890      -0.539939937968      -1.936405488659E-002
 -0.536765745570       -6.47779920454       -43.2000000000       0.731820617899      -0.675255848006      -1.747412788026E-002
   0.00000000000        0.00000000000       -43.2000000000        3.08176079000       3.122375611853E-002 -1.179072822004E-004
  0.145059606038      -0.572827429873       -43.2000000000        3.07782587084       2.204154973099E-002 -2.626944402993E-003
  0.290119212075       -1.14565485975       -43.2000000000        3.07376562221       4.604514605375E-003 -3.863998620815E-003
  0.435178818113       -1.71848228962       -43.2000000000        3.07313793436      -1.123017389436E-002 -5.303598710881E-003
  0.580238424151       -2.29130971949       -43.2000000000        3.04502225421       9.579720088559E-002 -4.798211664636E-004
  0.725298030189       -2.86413714937       -43.2000000000        3.52011970962       0.177659039251       2.156870653299E-003
  0.870357636226       -3.43696457924       -43.2000000000        3.31550054117       0.314867821195      -5.159501971273E-003
   1.01541724226       -4.00979200911       -43.2000000000        3.28695607491       0.585428787701      -5.120797420943E-003
   1.16047684830       -4.58261943899       -43.2000000000        2.95327257112        1.10745928760      -6.578359381664E-003
   1.30553645434       -5.15544686886       -43.2000000000        2.25383302200        1.67502047473      -8.402170479869E-003
   1.45059606038       -5.72827429873       -43.2000000000        1.16377411322        1.81974753202      -1.194587501373E-002
   1.59565566642       -6.30110172861       -43.2000000000       9.955294944069E-002   1.36799931116      -3.189732156867E-002
   0.00000000000        0.00000000000       -43.2000000000        3.08176079000       3.122375611853E-002 -1.179072822004E-004
  0.323196638891      -0.494689282610       -43.2000000000        3.07788255337       2.530388030666E-002 -2.450518361398E-003
  0.646393277781      -0.989378565219       -43.2000000000        3.07305941685       8.147913073190E-003 -3.541177838934E-003
  0.969589916672       -1.48406784783       -43.2000000000        3.07079018127       2.819951576994E-004 -4.538255401738E-003
   1.29278655556       -1.97875713044       -43.2000000000        3.08349599992      -1.295428058320E-002 -1.911975273753E-003
   1.61598319445       -2.47344641305       -43.2000000000        3.46860354163      -1.856202581978E-003 -6.775539294369E-003
   1.93917983334       -2.96813569566       -43.2000000000        3.61992294978       3.498579371291E-003 -5.871729423683E-003
   2.26237647223       -3.46282497827       -43.2000000000        4.11518360285       7.873023874528E-002 -2.848876591848E-003
   2.58557311112       -3.95751426088       -43.2000000000        4.88077520904      -0.142098985945       6.722757913310E-003
   2.90876975001       -4.45220354349       -43.2000000000        6.14743682278       -1.00405423976       2.488137305624E-003
   3.23196638891       -4.94689282610       -43.2000000000        5.78245349758       -4.74768590998       1.398985786138E-003
   3.55516302780       -5.44158210871       -43.2000000000        1.78676731124       -4.39663715621       8.177595136298E-003
   0.00000000000        0.00000000000       -43.2000000000        3.08176079000       3.122375611853E-002 -1.179072822004E-004
  0.466310301007      -0.362943875680       -43.2000000000        3.07835666598       2.917498474331E-002 -2.017752392578E-003
  0.932620602014      -0.725887751361       -43.2000000000        3.07418510737       1.827077184899E-002 -2.953155133471E-003
   1.39893090302       -1.08883162704       -43.2000000000        3.07504490343       5.845422749273E-003 -2.521904902052E-003
   1.86524120403       -1.45177550272       -43.2000000000        3.08904619532      -1.757396431987E-002  6.084810061268E-004
   2.33155150503       -1.81471937840       -43.2000000000        3.40518721857      -8.641008605749E-002 -6.262946795239E-003
   2.79786180604       -2.17766325408       -43.2000000000        3.48451744605      -0.436426157008       8.462085129366E-004
   3.26417210705       -2.54060712976       -43.2000000000        3.34168803093      -0.572944674249       3.941649277438E-003
   3.73048240806       -2.90355100544       -43.2000000000        3.23948241448      -0.820351518291       1.708523922112E-002
   4.19679270906       -3.26649488112       -43.2000000000        3.20956210702       -1.13455549034       6.151303553458E-003
   4.66310301007       -3.62943875680       -43.2000000000        3.06334361170       -1.62882156671       3.397900938551E-002
   5.12941331108       -3.99238263248       -43.2000000000        2.52086211046       -1.65112838732       3.645774567165E-002
   0.00000000000        0.00000000000       -43.2000000000        3.08176079000       3.122375611853E-002 -1.179072822004E-004
  0.558892006459      -0.191867868166       -43.2000000000        3.07914185990       3.260105371857E-002 -1.306460417616E-003
   1.11778401292      -0.383735736333       -43.2000000000        3.07628082891       3.118474495158E-002 -2.190763071764E-003
   1.67667601938      -0.575603604499       -43.2000000000        3.08142084307       1.988679776583E-002 -3.221069699594E-004
   2.23556802584      -0.767471472666       -43.2000000000        3.08195929953       4.093894349494E-003 -6.295194893607E-004
   2.79446003230      -0.959339340832       -43.2000000000        3.17983774455      -9.771478755060E-002 -4.864706410728E-003
   3.35335203876       -1.15120720900       -43.2000000000        3.07551976777      -0.246181288106      -2.138911272192E-003
   3.91224404522       -1.34307507716       -43.2000000000        2.89495828555      -0.289984853345      -2.368215625876E-003
   4.47113605168       -1.53494294533       -43.2000000000        2.80372184422      -0.329391896130       1.070429099694E-003
   5.03002805814       -1.72681081350       -43.2000000000        2.59075647162      -0.326927348404       2.094486152855E-002
   5.58892006459       -1.91867868166       -43.2000000000        2.38855180260      -0.340509271251       3.393803581484E-002
   6.14781207105       -2.11054654983       -43.2000000000        2.14910114921      -0.339795544916       3.005016311792E-002
   0.00000000000        0.00000000000       -43.2000000000        3.08176079000       3.122375611853E-002 -1.179072822004E-004
  0.590909090909        0.00000000000       -43.2000000000        3.08021085553       3.587787112789E-002 -4.663702681289E-004
   1.18181818182      -1.172487511250E-015  -43.2000000000        3.07866092105       4.053198613724E-002 -8.148332540575E-004
   1.77272727273        0.00000000000       -43.2000000000        3.08898217201       3.960688646518E-002  1.533404977616E-003
   2.36363636364        0.00000000000       -43.2000000000        3.08373345603       2.985520475035E-002  2.227863194600E-004
   2.95454545455        0.00000000000       -43.2000000000        3.13022443873      -1.240137524652E-002 -1.312246301264E-003
   3.54545454545        0.00000000000       -43.2000000000        2.99327169137       1.721443999902E-002 -7.136823489157E-004
   4.13636363636        0.00000000000       -43.2000000000        2.84731196431       4.362556588560E-002 -3.894763484237E-003
   4.72727272727        0.00000000000       -43.2000000000        2.71270624033       3.463077871137E-002 -3.658611340546E-003
   5.31818181818        0.00000000000       -43.2000000000        2.57810051635       2.563599153714E-002 -3.422459196854E-003
   5.90909090909        0.00000000000       -43.2000000000        2.44349479236       1.664120436291E-002 -3.186307053163E-003
   6.50000000000        0.00000000000       -43.2000000000        2.30888906838       7.646417188683E-003 -2.950154909472E-003
