 12 20 1 1
 1 X [LENGU]
 2 Y [LENGU]
 3 Z [LENGU]
 4 Hx [FIELU]
 5 Hy [FIELU]
 6 Hz [FIELU]
 0
   0.00000000000        0.00000000000        70.0000000000       0.265567324145      -2.916623444301E-002 -2.127910116621E-003
  0.590909090909        0.00000000000        70.0000000000       0.282496764570      -2.055370253437E-002  8.208066846607E-004
   1.18181818182        0.00000000000        70.0000000000       0.296552016894      -1.122384389597E-002  3.440994487932E-003
   1.77272727273        0.00000000000        70.0000000000       0.304453970941      -3.848888700708E-003  5.512151018591E-003
   2.36363636364        0.00000000000        70.0000000000       0.310224732518       2.468344970944E-003  6.945268159221E-003
   2.95454545455        0.00000000000        70.0000000000       0.245063685774       5.593352327736E-003  2.349925168256E-003
   3.54545454545        0.00000000000        70.0000000000       0.237347210231       4.580565704864E-003  2.134174568235E-003
   4.13636363636        0.00000000000        70.0000000000       0.229405244361       3.034509964218E-003  1.890271669787E-003
   4.72727272727        0.00000000000        70.0000000000       0.221922975767       1.093487261819E-003  1.624330619872E-003
   5.31818181818        0.00000000000        70.0000000000       0.211999388366      -3.379503522654E-004  1.388558207531E-003
   5.90909090909        0.00000000000        70.0000000000       0.202801212610      -9.618806334737E-004  9.549021107299E-004
   6.50000000000        0.00000000000        70.0000000000       0.193603036854      -1.585810914682E-003  5.212460139291E-004
   0.00000000000        0.00000000000        70.0000000000       0.265567324145      -2.916623444301E-002 -2.127910116621E-003
  0.558892006459       0.191867868166        70.0000000000       0.285440640974      -1.905216617205E-002  1.077004165708E-003
   1.11778401292       0.383735736333        70.0000000000       0.298709489958      -9.230139427223E-003  3.723487096970E-003
   1.67667601938       0.575603604499        70.0000000000       0.307847074055      -2.745242860683E-004  6.142243773618E-003
   2.23556802584       0.767471472666        70.0000000000       0.317662668664       1.768474510184E-002  8.929352072690E-003
   2.79446003230       0.959339340832        70.0000000000       0.244583547940       1.189501532558E-003  2.375641975997E-003
   3.35335203876        1.15120720900        70.0000000000       0.237889065198       1.190038827439E-002  2.602823741957E-003
   3.91224404522        1.34307507716        70.0000000000       0.234528034588       1.751671883376E-002  2.554401543356E-003
   4.47113605168        1.53494294533        70.0000000000       0.230632250910       2.340933563706E-002  2.383941646825E-003
   5.03002805814        1.72681081350        70.0000000000       0.211363232381       2.724640901625E-002  1.313045589424E-003
   5.58892006459        1.91867868166        70.0000000000       0.195345704487       2.368610055306E-002  1.560173232368E-003
   6.14781207105        2.11054654983        70.0000000000       0.179820634836       2.415670042399E-002  3.006104251489E-003
   0.00000000000        0.00000000000        70.0000000000       0.265567324145      -2.916623444301E-002 -2.127910116621E-003
  0.466310301007       0.362943875680        70.0000000000       0.286446108267      -1.875043435613E-002  1.015566198023E-003
  0.932620602014       0.725887751361        70.0000000000       0.298893240777      -9.121089463929E-003  3.487999272809E-003
   1.39893090302        1.08883162704        70.0000000000       0.308992193106       7.222553065366E-003  6.601639951132E-003
   1.86524120403        1.45177550272        70.0000000000       0.318999258289       2.651130145421E-002  1.034662717999E-002
   2.33155150503        1.81471937840        70.0000000000       0.273149589503      -1.422132093707E-002  1.870523862475E-003
   2.79786180604        2.17766325408        70.0000000000       0.267898057844      -2.821413433625E-004  2.249054424296E-003
   3.26417210705        2.54060712976        70.0000000000       0.264083881189       1.313535826656E-002  2.612021582069E-003
   3.73048240806        2.90355100544        70.0000000000       0.257055955191       4.564558766928E-002  2.271076041511E-003
   4.19679270906        3.26649488112        70.0000000000       0.251059649486       7.709604766877E-002 -2.418204249401E-004
   4.66310301007        3.62943875680        70.0000000000       0.240151572837       0.108779734238      -2.246302222266E-003
   5.12941331108        3.99238263248        70.0000000000       0.201971304510       0.106164650631      -2.391425475185E-003
   0.00000000000        0.00000000000        70.0000000000       0.265567324145      -2.916623444301E-002 -2.127910116621E-003
  0.323196638891       0.494689282610        70.0000000000       0.285404208468      -1.968120441072E-002  6.431505387122E-004
  0.646393277781       0.989378565219        70.0000000000       0.297083357100      -1.090851126169E-002  2.760049775167E-003
  0.969589916672        1.48406784783        70.0000000000       0.306639979307       7.599770976273E-003  5.848612583130E-003
   1.29278655556        1.97875713044        70.0000000000       0.313767014244       1.953696908268E-002  9.678107252416E-003
   1.61598319445        2.47344641305        70.0000000000       0.298530722553      -2.053726276568E-002  1.476865243233E-003
   1.93917983334        2.96813569566        70.0000000000       0.307801117802      -2.429422644690E-002  2.069801667206E-003
   2.26237647223        3.46282497827        70.0000000000       0.328514068244      -2.465370698932E-002  9.672433026320E-004
   2.58557311112        3.95751426088        70.0000000000       0.381438866645      -4.281873838924E-003 -1.966781551357E-005
   2.90876975001        4.45220354349        70.0000000000       0.454994629180       5.735626912287E-002  6.045074522475E-004
   3.23196638891        4.94689282610        70.0000000000       0.425384998901       0.368696840729       1.976208375124E-004
   3.55516302780        5.44158210871        70.0000000000       0.152023527882       0.297934261403      -2.355081850334E-004
   0.00000000000        0.00000000000        70.0000000000       0.265567324145      -2.916623444301E-002 -2.127910116621E-003
  0.145059606038       0.572827429873        70.0000000000       0.282427847586      -2.174361295802E-002  1.142030863651E-007
  0.290119212075        1.14565485975        70.0000000000       0.293475967906      -1.439870993401E-002  1.618523227414E-003
  0.435178818113        1.71848228962        70.0000000000       0.301045331523       8.162520328654E-004  3.964763869359E-003
  0.580238424151        2.29130971949        70.0000000000       0.309079729515      -1.246521721909E-002  4.159700235604E-003
  0.725298030189        2.86413714937        70.0000000000       0.336460774295      -2.005685221095E-002 -6.488616914381E-004
  0.870357636226        3.43696457924        70.0000000000       0.316865970897      -1.301465904776E-002 -1.318142192426E-003
   1.01541724226        4.00979200911        70.0000000000       0.282254541694      -3.868235933796E-002 -2.320645612925E-003
   1.16047684830        4.58261943899        70.0000000000       0.252021825889      -7.497660856714E-002 -1.380746250176E-004
   1.30553645434        5.15544686886        70.0000000000       0.200513692622      -0.120069679673      -1.546293858862E-003
   1.45059606038        5.72827429873        70.0000000000       0.109957891948      -0.122383429835      -3.562035688682E-003
   1.59565566642        6.30110172861        70.0000000000       3.017550771399E-002 -8.720534045338E-002 -1.997439815032E-003
   0.00000000000        0.00000000000        70.0000000000       0.265567324145      -2.916623444301E-002 -2.127910116621E-003
 -4.879688596092E-002  0.588890836777        70.0000000000       0.277839560506      -2.471416603036E-002 -8.438598441526E-004
 -9.759377192185E-002   1.17778167355        70.0000000000       0.288126173199      -1.930433617696E-002  1.664248979354E-004
 -0.146390657883        1.76667251033        70.0000000000       0.292814516649      -1.239290423020E-002  1.154238048880E-003
 -0.195187543844        2.35556334711        70.0000000000       0.300181788128      -3.429711176622E-002 -7.849475953877E-004
 -0.243984429805        2.94445418388        70.0000000000       0.303242732151       2.376384744570E-002 -3.888801939356E-003
 -0.292781315766        3.53334502066        70.0000000000       0.308306624294       3.111297433382E-002 -2.669561243498E-003
 -0.341578201726        4.12223585744        70.0000000000       0.270957107171       3.378035960109E-002 -2.612082857281E-003
 -0.390375087687        4.71112669421        70.0000000000       0.231251699049       4.691905616300E-002 -1.905374306556E-003
 -0.439171973648        5.30001753099        70.0000000000       0.176245401131       5.062702278238E-002 -8.564551891572E-004
 -0.487968859609        5.88890836777        70.0000000000       0.124203858203       5.716555173206E-002  7.323745123689E-005
 -0.536765745570        6.47779920454        70.0000000000       8.609369285098E-002  5.255407323199E-002 -4.343493178151E-004
   0.00000000000        0.00000000000        70.0000000000       0.265567324145      -2.916623444301E-002 -2.127910116621E-003
 -0.237365478204       0.541138783933        70.0000000000       0.270832943024      -2.764216150060E-002 -1.977048485634E-003
 -0.474730956408        1.08227756787        70.0000000000       0.276098561903      -2.611808855820E-002 -1.826186854647E-003
 -0.712096434612        1.62341635180        70.0000000000       0.281303782355      -2.456488256090E-002 -1.683652585658E-003
 -0.949461912816        2.16455513573        70.0000000000       0.286006363488      -2.808842180568E-002 -2.147173321166E-003
  -1.18682739102        2.70569391966        70.0000000000       0.282911582662       3.581182103714E-002 -3.807638469461E-003
  -1.42419286922        3.24683270360        70.0000000000       0.289200602734       5.351220687371E-002 -3.612169153505E-003
  -1.66155834743        3.78797148753        70.0000000000       0.294169153352       7.293329712050E-002 -2.634105347614E-003
  -1.89892382563        4.32911027146        70.0000000000       0.318635873649       0.117963768290      -1.566382028464E-003
  -2.13628930384        4.87024905539        70.0000000000       0.382927280248       0.259190834509      -1.686558696348E-003
  -2.37365478204        5.41138783933        70.0000000000       0.112228441716       0.395935683506      -1.263010320599E-003
  -2.61102026024        5.95252662326        70.0000000000      -0.199238609526       8.557852720066E-002 -7.859095158668E-004
   0.00000000000        0.00000000000        70.0000000000       0.265567324145      -2.916623444301E-002 -2.127910116621E-003
 -0.400211837779       0.434745947216        70.0000000000       0.262556678547      -3.039813561159E-002 -3.222964022116E-003
 -0.800423675558       0.869491894432        70.0000000000       0.259546032948      -3.163003678017E-002 -4.318017927610E-003
  -1.20063551334        1.30423784165        70.0000000000       0.256535387349      -3.286193794876E-002 -5.413071833105E-003
  -1.60084735112        1.73898378886        70.0000000000       0.265401558042      -2.991081546792E-002 -4.258680536247E-003
  -2.00105918889        2.17372973608        70.0000000000       0.212457859086       6.764362467611E-002 -5.786114912304E-003
  -2.40127102667        2.60847568330        70.0000000000       0.263285424205       1.382054866486E-002 -3.981083205790E-003
  -2.80148286445        3.04322163051        70.0000000000       0.268264686232      -2.867424758749E-003 -4.447614698877E-003
  -3.20169470223        3.47796757773        70.0000000000       0.285003299404      -2.632807824593E-002 -6.363190388579E-003
  -3.60190654001        3.91271352494        70.0000000000       0.290995327403      -8.774010233598E-002 -3.578026302473E-003
  -4.00211837779        4.34745947216        70.0000000000       0.276348808887      -0.148521379857      -1.592139811387E-003
  -4.40233021557        4.78220541938        70.0000000000       0.224556718149      -0.149405698862      -1.213759363507E-003
   0.00000000000        0.00000000000        70.0000000000       0.265567324145      -2.916623444301E-002 -2.127910116621E-003
 -0.519689034804       0.281241641340        70.0000000000       0.256970904477      -3.096211390851E-002 -3.940216738144E-003
  -1.03937806961       0.562483282680        70.0000000000       0.251301795126      -3.020923847741E-002 -5.244881344154E-003
  -1.55906710441       0.843724924020        70.0000000000       0.246505418332      -3.034122404645E-002 -6.347501473579E-003
  -2.07875613922        1.12496656536        70.0000000000       0.245960297862      -3.518200113468E-002 -6.761563284923E-003
  -2.59844517402        1.40620820670        70.0000000000       0.235375474010       5.905290099641E-003 -2.608885063984E-003
  -3.11813420882        1.68744984804        70.0000000000       0.228093606627      -7.471053612260E-003 -2.937073359822E-003
  -3.63782324363        1.96869148938        70.0000000000       0.220811739243      -2.084739732416E-002 -3.265261655660E-003
  -4.15751227843        2.24993313072        70.0000000000       0.213529871859      -3.422374103606E-002 -3.593449951498E-003
  -4.67720131323        2.53117477206        70.0000000000       0.207627818351      -4.209456067132E-002 -3.584213077455E-003
  -5.19689034804        2.81241641340        70.0000000000       0.191012671322      -5.618664026594E-002 -1.543432281598E-003
  -5.71657938284        3.09365805474        70.0000000000       0.171049031313      -6.893873087195E-002 -1.605579216953E-003
   0.00000000000        0.00000000000        70.0000000000       0.265567324145      -2.916623444301E-002 -2.127910116621E-003
 -0.582849861102       9.726043971134E-002   70.0000000000       0.255659014733      -2.842137693486E-002 -3.881465099511E-003
  -1.16569972220       0.194520879423        70.0000000000       0.249624893166      -2.388742107406E-002 -5.059584003666E-003
  -1.74854958330       0.291781319134        70.0000000000       0.246202101618      -2.300830642008E-002 -5.563849098745E-003
  -2.33139944441       0.389041758845        70.0000000000       0.244003241690      -2.903967290560E-002 -6.242596126844E-003
  -2.91424930551       0.486302198557        70.0000000000       0.220386876307      -1.137001325270E-002 -2.613372042799E-003
  -3.49709916661       0.583562638268        70.0000000000       0.214615092358      -1.382494447644E-002 -2.971744492754E-003
  -4.07994902771       0.680823077979        70.0000000000       0.208843308408      -1.627987570019E-002 -3.330116942709E-003
  -4.66279888881       0.778083517691        70.0000000000       0.202321521083      -1.646325987811E-002 -3.547403472884E-003
  -5.24564874991       0.875343957402        70.0000000000       0.193801421455      -1.408511062399E-002 -3.116073315591E-003
  -5.82849861102       0.972604397113        70.0000000000       0.184560916314      -1.316172243781E-002 -2.513811721727E-003
  -6.41134847212        1.06986483682        70.0000000000       0.173506384151      -1.207132676209E-002 -1.945691356081E-003
   0.00000000000        0.00000000000        70.0000000000       0.265567324145      -2.916623444301E-002 -2.127910116621E-003
 -0.582849861102      -9.726043971134E-002   70.0000000000       0.255261815253      -2.603033520997E-002 -3.676373400646E-003
  -1.16569972220      -0.194520879423        70.0000000000       0.255255723675      -1.183087846375E-002 -4.110775540507E-003
  -1.74854958330      -0.291781319134        70.0000000000       0.253363635755      -1.263227130354E-002 -4.173754091516E-003
  -2.33139944441      -0.389041758845        70.0000000000       0.247333373845      -2.047590237585E-002 -5.221237347771E-003
  -2.91424930551      -0.486302198557        70.0000000000       0.227158108349      -1.116240358856E-002 -2.530028288729E-003
  -3.49709916661      -0.583562638268        70.0000000000       0.220435677109      -5.426570703733E-003 -2.642283756698E-003
  -4.07994902771      -0.680823077979        70.0000000000       0.214812259091      -2.689408002615E-003 -2.947000277756E-003
  -4.66279888881      -0.778083517691        70.0000000000       0.207814043286       1.085375609044E-003 -2.619376965968E-003
  -5.24564874991      -0.875343957402        70.0000000000       0.200489613769       3.870865609178E-003 -2.207827266132E-003
  -5.82849861102      -0.972604397113        70.0000000000       0.191182329509       6.132585451372E-003 -1.951145342725E-003
  -6.41134847212       -1.06986483682        70.0000000000       0.175357533535       6.995599995406E-003 -2.404052904503E-003
   0.00000000000        0.00000000000        70.0000000000       0.265567324145      -2.916623444301E-002 -2.127910116621E-003
 -0.519689034804      -0.281241641340        70.0000000000       0.258119240317      -2.103932763243E-002 -3.182714818199E-003
  -1.03937806961      -0.562483282680        70.0000000000       0.258423247211      -8.232109830268E-003 -3.465548736575E-003
  -1.55906710441      -0.843724924020        70.0000000000       0.257260064851      -9.186154125237E-003 -3.444606078765E-003
  -2.07875613922       -1.12496656536        70.0000000000       0.255442473789      -8.799713529118E-003 -3.639340842106E-003
  -2.59844517402       -1.40620820670        70.0000000000       0.245584112827      -1.307012646991E-002 -2.737163125316E-003
  -3.11813420882       -1.68744984804        70.0000000000       0.240291283451      -5.012878607924E-003 -2.723225803432E-003
  -3.63782324363       -1.96869148938        70.0000000000       0.232334583622       8.067953347492E-003 -2.242237113916E-003
  -4.15751227843       -2.24993313072        70.0000000000       0.224743527195       2.163182513659E-002 -1.749458998375E-003
  -4.67720131323       -2.53117477206        70.0000000000       0.215628366137       3.891593842611E-002 -1.263295612192E-003
  -5.19689034804       -2.81241641340        70.0000000000       0.195636555811       5.229536082626E-002 -2.370424829931E-003
  -5.71657938284       -3.09365805474        70.0000000000       0.163866584979       6.574097821626E-002 -3.710530555152E-003
   0.00000000000        0.00000000000        70.0000000000       0.265567324145      -2.916623444301E-002 -2.127910116621E-003
 -0.400211837779      -0.434745947216        70.0000000000       0.260656237668      -1.826666108480E-002 -2.687779816989E-003
 -0.800423675558      -0.869491894432        70.0000000000       0.260131131787      -7.951757107234E-003 -3.246831123467E-003
  -1.20063551334       -1.30423784165        70.0000000000       0.258984894009      -9.741767794262E-003 -3.094618305598E-003
  -1.60084735112       -1.73898378886        70.0000000000       0.257424800677      -7.747973881015E-003 -3.131073390113E-003
  -2.00105918889       -2.17372973608        70.0000000000       0.253855218288      -3.620233174310E-002 -4.627542037272E-003
  -2.40127102667       -2.60847568330        70.0000000000       0.281803730327      -2.941323640268E-003 -2.324829920056E-003
  -2.80148286445       -3.04322163051        70.0000000000       0.291927470534       1.681599448596E-002 -1.882845630174E-003
  -3.20169470223       -3.47796757773        70.0000000000       0.301992371027       3.395437109154E-002 -1.350471556825E-003
  -3.60190654001       -3.91271352494        70.0000000000       0.302930034670       9.052588989936E-002  1.124894655369E-004
  -4.00211837779       -4.34745947216        70.0000000000       0.277299047463       0.143815642872       4.339364793190E-003
  -4.40233021557       -4.78220541938        70.0000000000       0.243132577602       0.155690165554      -3.736899708767E-004
   0.00000000000        0.00000000000        70.0000000000       0.265567324145      -2.916623444301E-002 -2.127910116621E-003
 -0.237365478204      -0.541138783933        70.0000000000       0.262597884277      -1.801279700988E-002 -2.245202284107E-003
 -0.474730956408       -1.08227756787        70.0000000000       0.252475044622      -3.810385193826E-002 -3.644770494736E-003
 -0.712096434612       -1.62341635180        70.0000000000       0.256644875806      -2.415310856755E-002 -3.045771266182E-003
 -0.949461912816       -2.16455513573        70.0000000000       0.243725211533      -5.978972940252E-002 -4.272868053031E-003
  -1.18682739102       -2.70569391966        70.0000000000       0.272082863637      -2.620473223024E-002 -3.314453950798E-003
  -1.42419286922       -3.24683270360        70.0000000000       0.282850500623      -3.089475832298E-002 -2.965162094531E-003
  -1.66155834743       -3.78797148753        70.0000000000       0.292665437026      -5.847598717244E-002 -1.608207961878E-003
  -1.89892382563       -4.32911027146        70.0000000000       0.317484127590      -8.708732662610E-002 -4.025620434486E-004
  -2.13628930384       -4.87024905539        70.0000000000       0.368922578145      -0.245028644117      -1.429586854111E-003
  -2.37365478204       -5.41138783933        70.0000000000       5.156531167402E-002 -0.575669368248      -1.133741720795E-003
  -2.61102026024       -5.95252662326        70.0000000000      -0.187601361417      -7.900617964251E-002 -1.089277427274E-003
   0.00000000000        0.00000000000        70.0000000000       0.265567324145      -2.916623444301E-002 -2.127910116621E-003
 -4.879688596092E-002 -0.588890836777        70.0000000000       0.263733772607      -2.030524551930E-002 -1.902942362538E-003
 -9.759377192185E-002  -1.17778167355        70.0000000000       0.237795780612      -9.045777973840E-002 -4.527792045050E-003
 -0.146390657883       -1.76667251033        70.0000000000       0.235667272659      -9.580307874444E-002 -4.228081623212E-003
 -0.195187543844       -2.35556334711        70.0000000000       0.227796157858      -0.115573800757      -5.193475900251E-003
 -0.243984429805       -2.94445418388        70.0000000000       0.278212807170      -2.000273587365E-002 -2.955574229776E-003
 -0.292781315766       -3.53334502066        70.0000000000       0.276966326673      -1.305583018678E-002 -2.627738266489E-003
 -0.341578201726       -4.12223585744        70.0000000000       0.254340551152      -2.921591817192E-002 -1.953731233422E-003
 -0.390375087687       -4.71112669421        70.0000000000       0.215564283573      -3.324498567006E-002 -1.415420720125E-003
 -0.439171973648       -5.30001753099        70.0000000000       0.166815909943      -4.678695406825E-002 -3.824367220953E-004
 -0.487968859609       -5.88890836777        70.0000000000       0.117898208062      -5.522870173383E-002 -3.218586656648E-004
 -0.536765745570       -6.47779920454        70.0000000000       7.738962911801E-002 -4.144227765602E-002  4.830332152319E-004
   0.00000000000        0.00000000000        70.0000000000       0.265567324145      -2.916623444301E-002 -2.127910116621E-003
  0.145059606038      -0.572827429873        70.0000000000       0.263940811531      -2.489558424604E-002 -1.698089225493E-003
  0.290119212075       -1.14565485975        70.0000000000       0.230069115874      -0.116990677845      -4.801403740888E-003
  0.435178818113       -1.71848228962        70.0000000000       0.222666846723      -0.120232208939      -4.541488680632E-003
  0.580238424151       -2.29130971949        70.0000000000       0.240974775745      -8.403863585071E-002 -3.123479474771E-003
  0.725298030189       -2.86413714937        70.0000000000       0.300909698836      -2.446840790898E-002 -8.851999246943E-004
  0.870357636226       -3.43696457924        70.0000000000       0.287102698415       1.658849038221E-002 -1.154288225337E-003
   1.01541724226       -4.00979200911        70.0000000000       0.284371195606       3.946000429703E-002 -2.513564728394E-003
   1.16047684830       -4.58261943899        70.0000000000       0.254985739838       5.370923767470E-002 -2.079936719976E-003
   1.30553645434       -5.15544686886        70.0000000000       0.190308898917       0.108678932139      -1.581575265079E-003
   1.45059606038       -5.72827429873        70.0000000000       0.105569385324       0.116702918475      -3.262109503359E-004
   1.59565566642       -6.30110172861        70.0000000000       3.457865278600E-002  8.629230761778E-002 -5.096702047574E-004
   0.00000000000        0.00000000000        70.0000000000       0.265567324145      -2.916623444301E-002 -2.127910116621E-003
  0.323196638891      -0.494689282610        70.0000000000       0.265252617366      -2.859309393343E-002 -1.505633693479E-003
  0.646393277781      -0.989378565219        70.0000000000       0.260816183282      -4.428864331435E-002 -1.784182614148E-003
  0.969589916672       -1.48406784783        70.0000000000       0.249518156496      -6.316955454188E-002 -1.772530477375E-003
   1.29278655556       -1.97875713044        70.0000000000       0.264167631463      -2.539833026297E-002  3.318152087756E-004
   1.61598319445       -2.47344641305        70.0000000000       0.294769648974      -9.297739683212E-004  1.547065141010E-003
   1.93917983334       -2.96813569566        70.0000000000       0.305707216400      -1.799831782734E-002  4.793611149122E-004
   2.26237647223       -3.46282497827        70.0000000000       0.314419055470      -2.148713996130E-002 -4.753276169487E-004
   2.58557311112       -3.95751426088        70.0000000000       0.366867512887      -7.234646120697E-003 -1.372116983856E-003
   2.90876975001       -4.45220354349        70.0000000000       0.459791857421      -7.815658929092E-002 -2.362237689563E-005
   3.23196638891       -4.94689282610        70.0000000000       0.451363949189      -0.331539601766       7.798940745070E-004
   3.55516302780       -5.44158210871        70.0000000000       0.170234208559      -0.315795954550       1.409683416446E-003
   0.00000000000        0.00000000000        70.0000000000       0.265567324145      -2.916623444301E-002 -2.127910116621E-003
  0.466310301007      -0.362943875680        70.0000000000       0.272245329693      -2.639294507377E-002 -5.020305534451E-004
  0.932620602014      -0.725887751361        70.0000000000       0.276655210543      -2.290906491617E-002  7.326746909432E-004
   1.39893090302       -1.08883162704        70.0000000000       0.277600345330      -2.091846304166E-002  1.143834416225E-003
   1.86524120403       -1.45177550272        70.0000000000       0.284469578727      -1.313758496878E-002  3.432528565310E-003
   2.33155150503       -1.81471937840        70.0000000000       0.286872729543       3.789585146023E-003  3.118611617523E-003
   2.79786180604       -2.17766325408        70.0000000000       0.288192134393      -1.101754809882E-002  2.178056752180E-003
   3.26417210705       -2.54060712976        70.0000000000       0.283115740568      -2.631568157858E-002  1.603929340091E-003
   3.73048240806       -2.90355100544        70.0000000000       0.273262319075      -4.672931084696E-002  1.479799077480E-003
   4.19679270906       -3.26649488112        70.0000000000       0.263025139505      -8.569039534942E-002  1.776445392225E-003
   4.66310301007       -3.62943875680        70.0000000000       0.244761965428      -0.112420085556       2.572123209074E-003
   5.12941331108       -3.99238263248        70.0000000000       0.206101227737      -0.116528871706       2.763647909439E-003
   0.00000000000        0.00000000000        70.0000000000       0.265567324145      -2.916623444301E-002 -2.127910116621E-003
  0.558892006459      -0.191867868166        70.0000000000       0.277933493743      -2.309232867950E-002  2.747367272655E-004
   1.11778401292      -0.383735736333        70.0000000000       0.288314039674      -1.606066147525E-002  2.403618040772E-003
   1.67667601938      -0.575603604499        70.0000000000       0.296769349739      -1.071345468045E-002  3.732362064987E-003
   2.23556802584      -0.767471472666        70.0000000000       0.298871094279      -4.557518459719E-003  5.444483273884E-003
   2.79446003230      -0.959339340832        70.0000000000       0.257598579138       4.389448520015E-003  2.316359694692E-003
   3.35335203876       -1.15120720900        70.0000000000       0.249718681954      -1.797977969818E-003  2.277666863973E-003
   3.91224404522       -1.34307507716        70.0000000000       0.255298432800      -1.104381978247E-002  1.556829768563E-003
   4.47113605168       -1.53494294533        70.0000000000       0.243283423508      -2.877465751188E-002  1.371966495919E-003
   5.03002805814       -1.72681081350        70.0000000000       0.218424004518      -2.793471593020E-002  1.396261295263E-003
   5.58892006459       -1.91867868166        70.0000000000       0.202002356706      -2.667307664387E-002  1.699239435681E-003
   6.14781207105       -2.11054654983        70.0000000000       0.182141308836      -2.622914995386E-002  6.341171055428E-004
   0.00000000000        0.00000000000        70.0000000000       0.265567324145      -2.916623444301E-002 -2.127910116621E-003
  0.590909090909        0.00000000000        70.0000000000       0.282496764570      -2.055370253437E-002  8.208066846607E-004
   1.18181818182      -1.172487511250E-015   70.0000000000       0.296552016894      -1.122384389597E-002  3.440994487932E-003
   1.77272727273        0.00000000000        70.0000000000       0.304453970941      -3.848888700708E-003  5.512151018591E-003
   2.36363636364        0.00000000000        70.0000000000       0.310224732518       2.468344970944E-003  6.945268159221E-003
   2.95454545455        0.00000000000        70.0000000000       0.245063685774       5.593352327736E-003  2.349925168256E-003
   3.54545454545        0.00000000000        70.0000000000       0.237347210231       4.580565704864E-003  2.134174568235E-003
   4.13636363636        0.00000000000        70.0000000000       0.229405244361       3.034509964218E-003  1.890271669787E-003
   4.72727272727        0.00000000000        70.0000000000       0.221922975767       1.093487261819E-003  1.624330619872E-003
   5.31818181818        0.00000000000        70.0000000000       0.211999388366      -3.379503522654E-004  1.388558207531E-003
   5.90909090909        0.00000000000        70.0000000000       0.202801212610      -9.618806334737E-004  9.549021107299E-004
   6.50000000000        0.00000000000        70.0000000000       0.193603036854      -1.585810914682E-003  5.212460139291E-004
