 12 20 1 1
 1 X [LENGU]
 2 Y [LENGU]
 3 Z [LENGU]
 4 Hx [FIELU]
 5 Hy [FIELU]
 6 Hz [FIELU]
 0
   0.00000000000        0.00000000000        36.7200000000       0.317657987909      -2.700369757082E-003 -2.111867627217E-004
  0.590909090909        0.00000000000        36.7200000000       0.318682764296      -3.693109403581E-003 -1.778837219851E-004
   1.18181818182        0.00000000000        36.7200000000       0.319707540683      -4.685849050079E-003 -1.445806812485E-004
   1.77272727273        0.00000000000        36.7200000000       0.317033803889      -3.375583301773E-003  1.975200550664E-004
   2.36363636364        0.00000000000        36.7200000000       0.310959953139       1.826710866859E-004  8.143592540952E-004
   2.95454545455        0.00000000000        36.7200000000       0.328038667202      -1.943582975592E-003  1.477764137461E-003
   3.54545454545        0.00000000000        36.7200000000       0.322743283066      -8.839362533275E-004  9.633616261672E-004
   4.13636363636        0.00000000000        36.7200000000       0.310697833891      -1.140697934117E-003  4.919653152564E-004
   4.72727272727        0.00000000000        36.7200000000       0.291248222167      -7.999552695119E-004  1.171904566172E-004
   5.31818181818        0.00000000000        36.7200000000       0.286637083365       1.029425366661E-003 -6.751525573059E-005
   5.90909090909        0.00000000000        36.7200000000       0.272508809013      -8.547005849320E-004  9.332527627368E-004
   6.50000000000        0.00000000000        36.7200000000       0.257897331764      -7.043121876132E-004 -5.381798680705E-005
   0.00000000000        0.00000000000        36.7200000000       0.317657987909      -2.700369757082E-003 -2.111867627217E-004
  0.558892006459       0.191867868166        36.7200000000       0.318596644101      -3.562503337498E-003 -1.538049661464E-004
   1.11778401292       0.383735736333        36.7200000000       0.319535300293      -4.424636917914E-003 -9.642316957122E-005
   1.67667601938       0.575603604499        36.7200000000       0.316163417280      -1.969148721481E-003  2.765592594931E-004
   2.23556802584       0.767471472666        36.7200000000       0.316086098920      -4.988143400904E-004  2.600617102996E-004
   2.79446003230       0.959339340832        36.7200000000       0.333035797069       7.220155887513E-003  1.459699264828E-003
   3.35335203876        1.15120720900        36.7200000000       0.328702290064       1.451324941724E-002  7.538615899152E-004
   3.91224404522        1.34307507716        36.7200000000       0.316428377918       2.415039738523E-002  4.944408353599E-004
   4.47113605168        1.53494294533        36.7200000000       0.304591634608       3.248739956766E-002 -2.165603764183E-005
   5.03002805814        1.72681081350        36.7200000000       0.284323046610       3.188607202942E-002  1.114217836486E-003
   5.58892006459        1.91867868166        36.7200000000       0.262037444144       3.363696847870E-002 -9.776414411043E-004
   6.14781207105        2.11054654983        36.7200000000       0.227524986245       5.040388760281E-002  1.572199531496E-005
   0.00000000000        0.00000000000        36.7200000000       0.317657987909      -2.700369757082E-003 -2.111867627217E-004
  0.466310301007       0.362943875680        36.7200000000       0.318408805943      -3.338471720597E-003 -1.359444183370E-004
  0.932620602014       0.725887751361        36.7200000000       0.319159623977      -3.976573684111E-003 -6.070207395240E-005
   1.39893090302        1.08883162704        36.7200000000       0.316600783893      -1.294230426849E-003 -2.642164003620E-005
   1.86524120403        1.45177550272        36.7200000000       0.318760737132       4.971671326762E-004 -2.111119870802E-004
   2.33155150503        1.81471937840        36.7200000000       0.354014874051       8.461192742899E-003  1.676828947886E-003
   2.79786180604        2.17766325408        36.7200000000       0.358323994307       2.495001830226E-002  1.490451221087E-003
   3.26417210705        2.54060712976        36.7200000000       0.351218497633       5.673336499663E-002  5.188160261205E-005
   3.73048240806        2.90355100544        36.7200000000       0.382588611317       7.359777848622E-002  7.272340786016E-004
   4.19679270906        3.26649488112        36.7200000000       0.348698024245       9.316637942475E-002 -2.772829362239E-004
   4.66310301007        3.62943875680        36.7200000000       0.320093539130       0.149331095896      -1.013180042558E-004
   5.12941331108        3.99238263248        36.7200000000       0.280669037193       0.154752160590      -2.358568308479E-004
   0.00000000000        0.00000000000        36.7200000000       0.317657987909      -2.700369757082E-003 -2.111867627217E-004
  0.323196638891       0.494689282610        36.7200000000       0.318032641850      -2.958846961437E-003 -1.485256585977E-004
  0.646393277781       0.989378565219        36.7200000000       0.317961014633      -2.856651106476E-003 -1.788569965890E-004
  0.969589916672        1.48406784783        36.7200000000       0.318732903029      -2.315329697492E-003 -3.987600437448E-004
   1.29278655556        1.97875713044        36.7200000000       0.319935506406      -1.587890074270E-003 -7.203700288648E-004
   1.61598319445        2.47344641305        36.7200000000       0.362901055000       1.298460244822E-003  8.480325798235E-004
   1.93917983334        2.96813569566        36.7200000000       0.386217677201       4.307094865207E-003  8.101005418761E-004
   2.26237647223        3.46282497827        36.7200000000       0.394362377793       1.135244617554E-003  5.106612592961E-004
   2.58557311112        3.95751426088        36.7200000000       0.472419758800       3.394158213870E-002  7.987823046262E-004
   2.90876975001        4.45220354349        36.7200000000       0.617170660162       9.619983122918E-002  5.236927966261E-004
   3.23196638891        4.94689282610        36.7200000000       0.607620393152       0.466432731568       5.479197997915E-004
   3.55516302780        5.44158210871        36.7200000000       0.180209428793       0.393750292550       3.251986794989E-003
   0.00000000000        0.00000000000        36.7200000000       0.317657987909      -2.700369757082E-003 -2.111867627217E-004
  0.145059606038       0.572827429873        36.7200000000       0.317339358015      -2.327735628370E-003 -2.255162292016E-004
  0.290119212075        1.14565485975        36.7200000000       0.316873692201      -3.004884336597E-003 -4.230158529591E-004
  0.435178818113        1.71848228962        36.7200000000       0.316516358329      -2.990986855670E-003 -6.008610121574E-004
  0.580238424151        2.29130971949        36.7200000000       0.316313997859      -2.824623320430E-003 -9.521846528691E-004
  0.725298030189        2.86413714937        36.7200000000       0.372915947324       2.284732553615E-002 -2.646995741899E-003
  0.870357636226        3.43696457924        36.7200000000       0.346714711160      -1.742490694041E-002 -3.891963854025E-004
   1.01541724226        4.00979200911        36.7200000000       0.329992714259      -4.818070920839E-002 -9.269907364961E-006
   1.16047684830        4.58261943899        36.7200000000       0.307441738839      -9.452147853483E-002 -1.029614271918E-003
   1.30553645434        5.15544686886        36.7200000000       0.248596106784      -0.158125925889      -2.914283729776E-003
   1.45059606038        5.72827429873        36.7200000000       0.129223795004      -0.171217350934      -7.462306697799E-003
   1.59565566642        6.30110172861        36.7200000000       4.186071993423E-002 -0.127642851066      -1.813392136201E-002
   0.00000000000        0.00000000000        36.7200000000       0.317657987909      -2.700369757082E-003 -2.111867627217E-004
 -4.879688596092E-002  0.588890836777        36.7200000000       0.316728964161      -1.776089507559E-003 -2.908768057383E-004
 -9.759377192185E-002   1.17778167355        36.7200000000       0.315988635037      -3.264247658804E-003 -6.378455223314E-004
 -0.146390657883        1.76667251033        36.7200000000       0.315804857848      -3.494615120678E-003 -8.588719797153E-004
 -0.195187543844        2.35556334711        36.7200000000       0.316427100195      -3.433253703605E-003 -8.158677428458E-004
 -0.243984429805        2.94445418388        36.7200000000       0.348916448367       1.038811270367E-002 -1.333960613225E-003
 -0.292781315766        3.53334502066        36.7200000000       0.312388351749       4.040680371875E-003 -1.164418554528E-003
 -0.341578201726        4.12223585744        36.7200000000       0.301326559899       2.901544384743E-002 -8.429300109150E-004
 -0.390375087687        4.71112669421        36.7200000000       0.288310993145       4.537806203220E-002 -2.604805123474E-004
 -0.439171973648        5.30001753099        36.7200000000       0.212661509557       5.440957625528E-002 -2.988023710559E-004
 -0.487968859609        5.88890836777        36.7200000000       0.148706438805       5.491059277186E-002  2.459166019780E-003
 -0.536765745570        6.47779920454        36.7200000000       9.176890473854E-002  5.378897326255E-002  5.425650402712E-003
   0.00000000000        0.00000000000        36.7200000000       0.317657987909      -2.700369757082E-003 -2.111867627217E-004
 -0.237365478204       0.541138783933        36.7200000000       0.316267605934      -1.363688015866E-003 -3.375245555661E-004
 -0.474730956408        1.08227756787        36.7200000000       0.315179594439      -3.195011309527E-003 -7.824613684572E-004
 -0.712096434612        1.62341635180        36.7200000000       0.315210166662      -3.776068356235E-003 -9.817062459152E-004
 -0.949461912816        2.16455513573        36.7200000000       0.317787264140      -4.116079909335E-003 -6.944117229734E-004
  -1.18682739102        2.70569391966        36.7200000000       0.353066057975       1.104014577468E-002 -1.688590848396E-003
  -1.42419286922        3.24683270360        36.7200000000       0.356034391916       2.340085768268E-002 -1.244816819047E-003
  -1.66155834743        3.78797148753        36.7200000000       0.392265484042       5.548955793844E-002 -1.783075795924E-003
  -1.89892382563        4.32911027146        36.7200000000       0.421678967788       0.117170056098      -1.503530762767E-003
  -2.13628930384        4.87024905539        36.7200000000       0.486943822107       0.320387457503       3.336286655154E-004
  -2.37365478204        5.41138783933        36.7200000000       0.293927183891       0.336353288265       1.870600988879E-003
  -2.61102026024        5.95252662326        36.7200000000      -0.275726498106       9.227494852976E-002  2.964894296760E-003
   0.00000000000        0.00000000000        36.7200000000       0.317657987909      -2.700369757082E-003 -2.111867627217E-004
 -0.400211837779       0.434745947216        36.7200000000       0.316005278656      -1.135221253983E-003 -3.604044711767E-004
 -0.800423675558       0.869491894432        36.7200000000       0.314606554029      -2.510016967828E-003 -8.136400961261E-004
  -1.20063551334        1.30423784165        36.7200000000       0.315528343665      -3.824931229974E-003 -8.410942045970E-004
  -1.60084735112        1.73898378886        36.7200000000       0.319805676855      -4.400026044300E-003 -3.663836747435E-004
  -2.00105918889        2.17372973608        36.7200000000       0.324622724922       1.881381800714E-002 -3.903348859099E-003
  -2.40127102667        2.60847568330        36.7200000000       0.351844786236      -2.082443600733E-002 -1.989761413464E-003
  -2.80148286445        3.04322163051        36.7200000000       0.380715278906      -4.445061789505E-002 -1.728327789998E-003
  -3.20169470223        3.47796757773        36.7200000000       0.398174264015      -5.893588159226E-002 -1.685210835152E-003
  -3.60190654001        3.91271352494        36.7200000000       0.400165447844      -0.144845289496      -9.464234906716E-004
  -4.00211837779        4.34745947216        36.7200000000       0.357866415563      -0.213600770901       8.373904469649E-004
  -4.40233021557        4.78220541938        36.7200000000       0.305645564998      -0.241366269392       8.531831274405E-004
   0.00000000000        0.00000000000        36.7200000000       0.317657987909      -2.700369757082E-003 -2.111867627217E-004
 -0.519689034804       0.281241641340        36.7200000000       0.315970409558      -1.115447140589E-003 -3.570371586954E-004
  -1.03937806961       0.562483282680        36.7200000000       0.315389713734      -1.031183770868E-003 -5.054181060920E-004
  -1.55906710441       0.843724924020        36.7200000000       0.318044087981      -1.903353212964E-003 -2.218195223867E-004
  -2.07875613922        1.12496656536        36.7200000000       0.319660877634      -4.169227892178E-003 -2.357516371158E-004
  -2.59844517402        1.40620820670        36.7200000000       0.332867550700      -1.196719675213E-002 -1.324258059571E-003
  -3.11813420882        1.68744984804        36.7200000000       0.333719066564      -2.875950476750E-002 -1.479916141372E-003
  -3.63782324363        1.96869148938        36.7200000000       0.330847071889      -4.670623155729E-002 -1.446304199652E-003
  -4.15751227843        2.24993313072        36.7200000000       0.308851723538      -6.001363728640E-002 -1.859510508977E-003
  -4.67720131323        2.53117477206        36.7200000000       0.294243510548      -7.592324542343E-002 -1.798156154033E-003
  -5.19689034804        2.81241641340        36.7200000000       0.268422701897      -9.216336294457E-002 -9.563597535353E-004
  -5.71657938284        3.09365805474        36.7200000000       0.234700096320      -0.107741942755      -3.702957369175E-003
   0.00000000000        0.00000000000        36.7200000000       0.317657987909      -2.700369757082E-003 -2.111867627217E-004
 -0.582849861102       9.726043971134E-002   36.7200000000       0.316166777249      -1.306508507696E-003 -3.277875186786E-004
  -1.16569972220       0.194520879423        36.7200000000       0.315912534017      -4.187839253330E-004 -3.384195790108E-004
  -1.74854958330       0.291781319134        36.7200000000       0.319259150448      -8.626159012754E-004  9.620884981668E-005
  -2.33139944441       0.389041758845        36.7200000000       0.319604715959      -2.304255855821E-003  6.887316273209E-005
  -2.91424930551       0.486302198557        36.7200000000       0.319241246320      -9.898662708878E-003 -1.039536557886E-003
  -3.49709916661       0.583562638268        36.7200000000       0.309996985703      -1.231606645093E-002 -1.134708954565E-003
  -4.07994902771       0.680823077979        36.7200000000       0.298579840054      -1.553581699531E-002 -1.085387733880E-003
  -4.66279888881       0.778083517691        36.7200000000       0.287730660968      -2.060588777533E-002 -1.055941407786E-003
  -5.24564874991       0.875343957402        36.7200000000       0.274437403233      -2.279797010898E-002 -1.432554693392E-003
  -5.82849861102       0.972604397113        36.7200000000       0.259329928558      -2.073602954693E-002 -9.463647753995E-004
  -6.41134847212        1.06986483682        36.7200000000       0.240583184678      -2.037623847373E-002 -7.042187912059E-004
   0.00000000000        0.00000000000        36.7200000000       0.317657987909      -2.700369757082E-003 -2.111867627217E-004
 -0.582849861102      -9.726043971134E-002   36.7200000000       0.316573102240      -1.687700891555E-003 -2.758252034771E-004
  -1.16569972220      -0.194520879423        36.7200000000       0.315739447534      -4.966791455081E-004 -3.683070943534E-004
  -1.74854958330      -0.291781319134        36.7200000000       0.318479888887      -1.002043845652E-003 -1.323429216516E-005
  -2.33139944441      -0.389041758845        36.7200000000       0.317711502152      -1.925624561356E-003 -1.024072847397E-004
  -2.91424930551      -0.486302198557        36.7200000000       0.320776799264       1.794609710684E-003 -7.946241176217E-004
  -3.49709916661      -0.583562638268        36.7200000000       0.313393294975       1.603169610719E-002 -1.566571327361E-003
  -4.07994902771      -0.680823077979        36.7200000000       0.300685165807       1.912061503249E-002 -1.215016227055E-003
  -4.66279888881      -0.778083517691        36.7200000000       0.287022374568       1.311343239857E-002 -1.383305892468E-003
  -5.24564874991      -0.875343957402        36.7200000000       0.277103165756       1.185284800467E-002 -1.579334399715E-003
  -5.82849861102      -0.972604397113        36.7200000000       0.260103944763       1.354651863386E-002 -9.637803473358E-004
  -6.41134847212       -1.06986483682        36.7200000000       0.239862098097       1.538903616573E-002 -2.309650757609E-004
   0.00000000000        0.00000000000        36.7200000000       0.317657987909      -2.700369757082E-003 -2.111867627217E-004
 -0.519689034804      -0.281241641340        36.7200000000       0.315959476137      -2.251281024168E-003 -2.691834167553E-004
  -1.03937806961      -0.562483282680        36.7200000000       0.316926080622      -1.545550044229E-003 -2.284521418304E-004
  -1.55906710441      -0.843724924020        36.7200000000       0.316893986087      -9.735169244874E-004 -2.276325072066E-004
  -2.07875613922       -1.12496656536        36.7200000000       0.317916114688      -1.416923435168E-003 -7.769570466611E-005
  -2.59844517402       -1.40620820670        36.7200000000       0.336317867670       4.057859267940E-003 -6.337943240697E-004
  -3.11813420882       -1.68744984804        36.7200000000       0.339597004651       3.014297189179E-002 -6.113903255805E-004
  -3.63782324363       -1.96869148938        36.7200000000       0.321267706946       5.125650787647E-002 -1.379301416062E-003
  -4.15751227843       -2.24993313072        36.7200000000       0.304593927328       5.870615249961E-002 -1.177028633664E-003
  -4.67720131323       -2.53117477206        36.7200000000       0.292988296812       6.985368339143E-002 -1.962553285759E-003
  -5.19689034804       -2.81241641340        36.7200000000       0.263571826132       8.705165877482E-002 -2.214210620370E-003
  -5.71657938284       -3.09365805474        36.7200000000       0.220609317167       0.109318864678       6.056510813108E-003
   0.00000000000        0.00000000000        36.7200000000       0.317657987909      -2.700369757082E-003 -2.111867627217E-004
 -0.400211837779      -0.434745947216        36.7200000000       0.315059263944      -2.932028922696E-003 -2.707481820913E-004
 -0.800423675558      -0.869491894432        36.7200000000       0.322452193141      -5.669960704084E-003  1.913385205016E-004
  -1.20063551334       -1.30423784165        36.7200000000       0.320644324003      -4.110777061192E-003  2.121551797450E-005
  -1.60084735112       -1.73898378886        36.7200000000       0.318506910412      -1.170483487333E-003 -1.106891268237E-005
  -2.00105918889       -2.17372973608        36.7200000000       0.331859019021      -2.513951811105E-002 -1.529074579032E-003
  -2.40127102667       -2.60847568330        36.7200000000       0.360975624336       1.642733769364E-002 -5.009697329723E-004
  -2.80148286445       -3.04322163051        36.7200000000       0.383606820846       2.808878351611E-002 -5.232401725131E-004
  -3.20169470223       -3.47796757773        36.7200000000       0.404506038681       6.002972056268E-002 -6.086189021010E-004
  -3.60190654001       -3.91271352494        36.7200000000       0.406396520982       0.146343726462       8.051114017849E-004
  -4.00211837779       -4.34745947216        36.7200000000       0.362120098625       0.213404506709       3.233012993934E-003
  -4.40233021557       -4.78220541938        36.7200000000       0.310651644896       0.216064293383       8.388841090099E-004
   0.00000000000        0.00000000000        36.7200000000       0.317657987909      -2.700369757082E-003 -2.111867627217E-004
 -0.237365478204      -0.541138783933        36.7200000000       0.314767622580      -3.466765671335E-003 -2.694431682651E-004
 -0.474730956408       -1.08227756787        36.7200000000       0.314692068387      -3.987850405576E-003 -6.707517220286E-005
 -0.712096434612       -1.62341635180        36.7200000000       0.324657499707      -5.966859310564E-003  4.308658212689E-004
 -0.949461912816       -2.16455513573        36.7200000000       0.320443696312      -2.671483656374E-003  4.475023403842E-005
  -1.18682739102       -2.70569391966        36.7200000000       0.349767087085      -1.427198819632E-002 -2.632163906327E-004
  -1.42419286922       -3.24683270360        36.7200000000       0.343013186771      -2.310300975971E-002 -2.810179100355E-004
  -1.66155834743       -3.78797148753        36.7200000000       0.354800756450      -5.039070926062E-002 -2.340636175841E-004
  -1.89892382563       -4.32911027146        36.7200000000       0.417265798382      -0.119219864890      -7.587564370535E-004
  -2.13628930384       -4.87024905539        36.7200000000       0.479253391696      -0.301114866864       3.749109578589E-004
  -2.37365478204       -5.41138783933        36.7200000000      -4.636994950437E-003 -0.786977505399       6.467553410550E-004
  -2.61102026024       -5.95252662326        36.7200000000      -0.268002945260      -0.104927100662       4.332370345073E-004
   0.00000000000        0.00000000000        36.7200000000       0.317657987909      -2.700369757082E-003 -2.111867627217E-004
 -4.879688596092E-002 -0.588890836777        36.7200000000       0.315116155910      -3.797544246073E-003 -2.654097937743E-004
 -9.759377192185E-002  -1.17778167355        36.7200000000       0.313844590159      -3.355800427590E-003 -1.121742396870E-004
 -0.146390657883       -1.76667251033        36.7200000000       0.320364855281      -6.883584167875E-003 -4.481106886604E-005
 -0.195187543844       -2.35556334711        36.7200000000       0.323303123178      -1.006664495828E-002 -7.416528466835E-004
 -0.243984429805       -2.94445418388        36.7200000000       0.351644537729      -1.019154918079E-002 -7.139941232367E-004
 -0.292781315766       -3.53334502066        36.7200000000       0.353683960634      -1.298239646277E-002 -1.912967436535E-004
 -0.341578201726       -4.12223585744        36.7200000000       0.302331452549      -1.671614920148E-002 -2.277896395552E-004
 -0.390375087687       -4.71112669421        36.7200000000       0.262411609202      -3.150897693403E-002 -1.296299207777E-004
 -0.439171973648       -5.30001753099        36.7200000000       0.208839739527      -5.525294350027E-002 -5.939485683869E-004
 -0.487968859609       -5.88890836777        36.7200000000       0.144984441869      -5.569456655935E-002  2.569347203713E-004
 -0.536765745570       -6.47779920454        36.7200000000       8.556570696321E-002 -5.159610312070E-002  1.409145614878E-003
   0.00000000000        0.00000000000        36.7200000000       0.317657987909      -2.700369757082E-003 -2.111867627217E-004
  0.145059606038      -0.572827429873        36.7200000000       0.316067094942      -3.888519655778E-003 -2.590851373290E-004
  0.290119212075       -1.14565485975        36.7200000000       0.315615773139      -3.618673513410E-003 -1.048405684353E-004
  0.435178818113       -1.71848228962        36.7200000000       0.314167226727      -9.394464822640E-003 -1.134629541923E-003
  0.580238424151       -2.29130971949        36.7200000000       0.326926669544      -1.633631967797E-002 -1.226171507339E-003
  0.725298030189       -2.86413714937        36.7200000000       0.362901336636      -2.353538972403E-002 -2.290535279930E-003
  0.870357636226       -3.43696457924        36.7200000000       0.360402743677       1.814808945464E-002 -8.453619852602E-005
   1.01541724226       -4.00979200911        36.7200000000       0.339869174793       1.989483477119E-002  3.820510530916E-004
   1.16047684830       -4.58261943899        36.7200000000       0.311838521430       8.179615815184E-002 -4.653249798628E-004
   1.30553645434       -5.15544686886        36.7200000000       0.241224997989       0.151017226737      -3.322220575433E-003
   1.45059606038       -5.72827429873        36.7200000000       0.129666563160       0.169082700371      -7.194869450911E-003
   1.59565566642       -6.30110172861        36.7200000000       4.739856198979E-002  0.131433568395      -1.803839441159E-002
   0.00000000000        0.00000000000        36.7200000000       0.317657987909      -2.700369757082E-003 -2.111867627217E-004
  0.323196638891      -0.494689282610        36.7200000000       0.317517390674      -3.729833303181E-003 -2.511545735924E-004
  0.646393277781      -0.989378565219        36.7200000000       0.317338677319      -4.030487570783E-003 -1.368784394653E-004
  0.969589916672       -1.48406784783        36.7200000000       0.316851149993      -9.627156237260E-003 -1.110514970139E-003
   1.29278655556       -1.97875713044        36.7200000000       0.317927862828      -1.680116969211E-002 -2.420344725914E-003
   1.61598319445       -2.47344641305        36.7200000000       0.361183422443      -5.104130035451E-003  1.066140131982E-004
   1.93917983334       -2.96813569566        36.7200000000       0.357763509537       9.552720521951E-003  5.786396227420E-004
   2.26237647223       -3.46282497827        36.7200000000       0.406108729594      -3.675889714124E-003  5.244586810205E-004
   2.58557311112       -3.95751426088        36.7200000000       0.477439168965      -2.169394384935E-002 -2.775349853853E-005
   2.90876975001       -4.45220354349        36.7200000000       0.596466572338      -0.108945956397      -6.226521525677E-004
   3.23196638891       -4.94689282610        36.7200000000       0.592559622755      -0.485408872624      -1.096215397344E-003
   3.55516302780       -5.44158210871        36.7200000000       0.192250252656      -0.423422732547      -1.034691863490E-003
   0.00000000000        0.00000000000        36.7200000000       0.317657987909      -2.700369757082E-003 -2.111867627217E-004
  0.466310301007      -0.362943875680        36.7200000000       0.318524554995      -3.629089934239E-003 -2.338675500437E-004
  0.932620602014      -0.725887751361        36.7200000000       0.318826599298      -4.546616156639E-003 -2.048160523320E-004
   1.39893090302       -1.08883162704        36.7200000000       0.319811853983      -7.582968228786E-003 -6.841337057128E-004
   1.86524120403       -1.45177550272        36.7200000000       0.314169466745      -9.611739111150E-003 -1.287299330764E-003
   2.33155150503       -1.81471937840        36.7200000000       0.354369267078      -1.124668045741E-002  1.149264486260E-003
   2.79786180604       -2.17766325408        36.7200000000       0.346039682610      -1.293241177073E-002  5.084472075522E-004
   3.26417210705       -2.54060712976        36.7200000000       0.362801566733      -4.336066676955E-002  1.698485908643E-004
   3.73048240806       -2.90355100544        36.7200000000       0.355397771013      -7.888261371177E-002  1.046017219862E-003
   4.19679270906       -3.26649488112        36.7200000000       0.339182468203      -0.115786319340       1.674790658409E-003
   4.66310301007       -3.62943875680        36.7200000000       0.320542955572      -0.152918727724      -2.180573252306E-003
   5.12941331108       -3.99238263248        36.7200000000       0.280348426531      -0.161833804399      -2.190180849907E-003
   0.00000000000        0.00000000000        36.7200000000       0.317657987909      -2.700369757082E-003 -2.111867627217E-004
  0.558892006459      -0.191867868166        36.7200000000       0.318657834069      -3.716136725022E-003 -2.055713790375E-004
   1.11778401292      -0.383735736333        36.7200000000       0.319657680228      -4.731903692963E-003 -1.999559953533E-004
   1.67667601938      -0.575603604499        36.7200000000       0.320423596944      -7.173448211123E-003 -5.842712088025E-004
   2.23556802584      -0.767471472666        36.7200000000       0.315293190009      -4.190053129966E-003  9.852973142975E-005
   2.79446003230      -0.959339340832        36.7200000000       0.331461704282      -9.481847689990E-003  1.390040357542E-003
   3.35335203876       -1.15120720900        36.7200000000       0.326861470759      -1.948989797486E-002  1.155341325302E-003
   3.91224404522       -1.34307507716        36.7200000000       0.321726815502      -2.726168638527E-002  8.147113454956E-004
   4.47113605168       -1.53494294533        36.7200000000       0.306320529000      -3.935412961533E-002  5.180462370164E-004
   5.03002805814       -1.72681081350        36.7200000000       0.281641752307      -4.178413323778E-002  6.175691600178E-004
   5.58892006459       -1.91867868166        36.7200000000       0.259242378143      -4.029692883444E-002  8.187796800923E-004
   6.14781207105       -2.11054654983        36.7200000000       0.235319500877      -3.772320745737E-002 -7.351608284985E-004
   0.00000000000        0.00000000000        36.7200000000       0.317657987909      -2.700369757082E-003 -2.111867627217E-004
  0.590909090909        0.00000000000        36.7200000000       0.318682764296      -3.693109403581E-003 -1.778837219851E-004
   1.18181818182      -1.172487511250E-015   36.7200000000       0.319707540683      -4.685849050079E-003 -1.445806812485E-004
   1.77272727273        0.00000000000        36.7200000000       0.317033803889      -3.375583301773E-003  1.975200550664E-004
   2.36363636364        0.00000000000        36.7200000000       0.310959953139       1.826710866859E-004  8.143592540952E-004
   2.95454545455        0.00000000000        36.7200000000       0.328038667202      -1.943582975592E-003  1.477764137461E-003
   3.54545454545        0.00000000000        36.7200000000       0.322743283066      -8.839362533275E-004  9.633616261672E-004
   4.13636363636        0.00000000000        36.7200000000       0.310697833891      -1.140697934117E-003  4.919653152564E-004
   4.72727272727        0.00000000000        36.7200000000       0.291248222167      -7.999552695119E-004  1.171904566172E-004
   5.31818181818        0.00000000000        36.7200000000       0.286637083365       1.029425366661E-003 -6.751525573059E-005
   5.90909090909        0.00000000000        36.7200000000       0.272508809013      -8.547005849320E-004  9.332527627368E-004
   6.50000000000        0.00000000000        36.7200000000       0.257897331764      -7.043121876132E-004 -5.381798680705E-005
