 12 20 1 1
 1 X [LENGU]
 2 Y [LENGU]
 3 Z [LENGU]
 4 Hx [FIELU]
 5 Hy [FIELU]
 6 Hz [FIELU]
 0
   0.00000000000        0.00000000000       -70.0000000000       0.942815330974       5.373766172359E-003  2.977347901157E-003
  0.590909090909        0.00000000000       -70.0000000000       0.926413300190      -7.931458408197E-003  3.478410840738E-004
   1.18181818182        0.00000000000       -70.0000000000       0.913594461993       7.973530088712E-003 -1.648606437093E-004
   1.77272727273        0.00000000000       -70.0000000000       0.923070991149       3.214367518019E-003 -5.461530456041E-004
   2.36363636364        0.00000000000       -70.0000000000       0.942646048458      -1.285781637307E-002 -8.955036633945E-004
   2.95454545455        0.00000000000       -70.0000000000       0.938134639274      -1.728758276953E-002 -4.072828706467E-003
   3.54545454545        0.00000000000       -70.0000000000       0.896015248149      -1.841190294466E-002 -4.606443206422E-003
   4.13636363636        0.00000000000       -70.0000000000       0.856897056206      -1.660239079853E-002 -4.891410214702E-003
   4.72727272727        0.00000000000       -70.0000000000       0.817778864264      -1.479287865240E-002 -5.176377222982E-003
   5.31818181818        0.00000000000       -70.0000000000       0.779116231103      -9.201392387420E-003 -5.443844323223E-003
   5.90909090909        0.00000000000       -70.0000000000       0.740787080187      -1.420155523173E-002 -7.833108766595E-003
   6.50000000000        0.00000000000       -70.0000000000       0.697706920207       8.036534108320E-003 -4.455027960009E-003
   0.00000000000        0.00000000000       -70.0000000000       0.942815330974       5.373766172359E-003  2.977347901157E-003
  0.558892006459       0.191867868166       -70.0000000000       0.926231748186      -7.322824077148E-003  8.579352814769E-004
   1.11778401292       0.383735736333       -70.0000000000       0.911537496329      -1.798350481229E-002 -9.815054735637E-004
   1.67667601938       0.575603604499       -70.0000000000       0.911988097367      -1.151578992634E-002 -4.419395211141E-004
   2.23556802584       0.767471472666       -70.0000000000       0.920281703635      -9.771639223988E-003 -5.206597393162E-004
   2.79446003230       0.959339340832       -70.0000000000       0.958046250068       2.207199421582E-002 -2.786224258711E-003
   3.35335203876        1.15120720900       -70.0000000000       0.917023698269       5.809579660572E-002 -2.410266861506E-003
   3.91224404522        1.34307507716       -70.0000000000       0.875581819960       7.574374919981E-002 -3.099603949670E-003
   4.47113605168        1.53494294533       -70.0000000000       0.836679589499       9.494788492738E-002 -3.736356767264E-003
   5.03002805814        1.72681081350       -70.0000000000       0.797777359037       0.114152020655      -4.373109584858E-003
   5.58892006459        1.91867868166       -70.0000000000       0.733855824763       0.117574319418      -7.220606713358E-003
   6.14781207105        2.11054654983       -70.0000000000       0.654230737205       9.790396413422E-002 -7.391431548928E-003
   0.00000000000        0.00000000000       -70.0000000000       0.942815330974       5.373766172359E-003  2.977347901157E-003
  0.466310301007       0.362943875680       -70.0000000000       0.928080377875      -5.063764663986E-003  1.636137536767E-003
  0.932620602014       0.725887751361       -70.0000000000       0.923921654573      -3.640751732956E-003  1.939467634309E-003
   1.39893090302        1.08883162704       -70.0000000000       0.926201559995       4.328487854669E-003  2.908203313690E-003
   1.86524120403        1.45177550272       -70.0000000000       0.917494354973       1.207887528329E-003  1.296435268918E-003
   2.33155150503        1.81471937840       -70.0000000000        1.01753032317       3.369200370655E-002 -2.429235835966E-003
   2.79786180604        2.17766325408       -70.0000000000       0.998945465624       8.441090134509E-002 -2.675386210096E-003
   3.26417210705        2.54060712976       -70.0000000000       0.984785228955       0.153557047712      -3.507545304698E-004
   3.73048240806        2.90355100544       -70.0000000000       0.976781226114       0.243888038786       2.335909440815E-003
   4.19679270906        3.26649488112       -70.0000000000       0.964011353482       0.334172842394       5.077328141505E-003
   4.66310301007        3.62943875680       -70.0000000000       0.907699899565       0.449903300036       9.959927941247E-003
   5.12941331108        3.99238263248       -70.0000000000       0.823126280362       0.462355792587      -5.010544716061E-004
   0.00000000000        0.00000000000       -70.0000000000       0.942815330974       5.373766172359E-003  2.977347901157E-003
  0.323196638891       0.494689282610       -70.0000000000       0.931758861544      -1.399084309045E-003  2.598117560531E-003
  0.646393277781       0.989378565219       -70.0000000000       0.933044262327       5.332673789727E-003  4.081979298091E-003
  0.969589916672        1.48406784783       -70.0000000000       0.933014855160       9.237020400282E-003  4.487143648546E-003
   1.29278655556        1.97875713044       -70.0000000000       0.932769107940       1.776184130984E-002  4.717490128883E-003
   1.61598319445        2.47344641305       -70.0000000000        1.05135978266      -4.295541711424E-003 -2.750751066879E-003
   1.93917983334        2.96813569566       -70.0000000000        1.10099974859       1.787310337311E-002 -2.317929280739E-003
   2.26237647223        3.46282497827       -70.0000000000        1.23473006118      -3.187877702539E-002 -2.280689163678E-003
   2.58557311112        3.95751426088       -70.0000000000        1.46754165571       3.649160576242E-002 -2.288046917763E-003
   2.90876975001        4.45220354349       -70.0000000000        1.75230115435       0.296920979111      -1.035349893074E-003
   3.23196638891        4.94689282610       -70.0000000000        1.74757003691        1.54885226221       2.033940715098E-003
   3.55516302780        5.44158210871       -70.0000000000       0.541148285386        1.34121378862       5.899503992732E-003
   0.00000000000        0.00000000000       -70.0000000000       0.942815330974       5.373766172359E-003  2.977347901157E-003
  0.145059606038       0.572827429873       -70.0000000000       0.936016718081       2.270714712218E-003  3.499159036877E-003
  0.290119212075        1.14565485975       -70.0000000000       0.934537678753       3.556125435404E-003  4.446662581772E-003
  0.435178818113        1.71848228962       -70.0000000000       0.934973138249       8.627361727279E-003  4.862009899457E-003
  0.580238424151        2.29130971949       -70.0000000000       0.935119620453       1.764555751023E-002  5.088064814382E-003
  0.725298030189        2.86413714937       -70.0000000000        1.04304728292      -1.851358253967E-002 -5.146481862491E-004
  0.870357636226        3.43696457924       -70.0000000000       0.985929645714      -0.122879294686      -2.611279655632E-003
   1.01541724226        4.00979200911       -70.0000000000       0.984740463935      -0.163352295849      -1.739900242269E-003
   1.16047684830        4.58261943899       -70.0000000000       0.839503792824      -0.367298633726      -1.033986116241E-003
   1.30553645434        5.15544686886       -70.0000000000       0.686301806941      -0.492622681582      -2.708654729458E-003
   1.45059606038        5.72827429873       -70.0000000000       0.324460302162      -0.531737211346      -1.823058258578E-003
   1.59565566642        6.30110172861       -70.0000000000       6.427571418499E-002 -0.366005702338      -1.048583408190E-004
   0.00000000000        0.00000000000       -70.0000000000       0.942815330974       5.373766172359E-003  2.977347901157E-003
 -4.879688596092E-002  0.588890836777       -70.0000000000       0.936420410383       8.693132815728E-004  3.586619792840E-003
 -9.759377192185E-002   1.17778167355       -70.0000000000       0.934975623495       3.514665045615E-003  4.500953222895E-003
 -0.146390657883        1.76667251033       -70.0000000000       0.935601783958       9.160838969925E-003  4.930943111762E-003
 -0.195187543844        2.35556334711       -70.0000000000       0.937697589885       1.136487624879E-002  5.105800141090E-003
 -0.243984429805        2.94445418388       -70.0000000000        1.01471972471       1.023830069113E-002 -6.386037564877E-004
 -0.292781315766        3.53334502066       -70.0000000000       0.952640999482      -5.129456999925E-002  2.712689596169E-004
 -0.341578201726        4.12223585744       -70.0000000000       0.825443612784       1.649851173699E-002  1.382160747055E-004
 -0.390375087687        4.71112669421       -70.0000000000       0.738389157882       9.824373999655E-002  5.342225050187E-004
 -0.439171973648        5.30001753099       -70.0000000000       0.568639276904       0.143736339924       7.673494066209E-004
 -0.487968859609        5.88890836777       -70.0000000000       0.361202861625       0.157970911807       7.772107022589E-004
 -0.536765745570        6.47779920454       -70.0000000000       0.258047368406       0.169476400388       1.003402285999E-003
   0.00000000000        0.00000000000       -70.0000000000       0.942815330974       5.373766172359E-003  2.977347901157E-003
 -0.237365478204       0.541138783933       -70.0000000000       0.937517091558      -4.396078456757E-005  3.608056485512E-003
 -0.474730956408        1.08227756787       -70.0000000000       0.935922266923       4.238727743386E-003  4.557007885031E-003
 -0.712096434612        1.62341635180       -70.0000000000       0.935914863177       7.243376207911E-003  4.845607909529E-003
 -0.949461912816        2.16455513573       -70.0000000000       0.939276959819       5.074440556487E-003  4.868714213375E-003
  -1.18682739102        2.70569391966       -70.0000000000        1.05455964597       2.925807125048E-002  1.554886124556E-003
  -1.42419286922        3.24683270360       -70.0000000000        1.05730133783       7.325091881761E-002  1.249169402104E-003
  -1.66155834743        3.78797148753       -70.0000000000        1.16848748688       0.155535250537       1.327407217679E-003
  -1.89892382563        4.32911027146       -70.0000000000        1.29763736911       0.384660436488       1.774847196253E-003
  -2.13628930384        4.87024905539       -70.0000000000        1.42278154285       0.932088806647       1.760677078168E-003
  -2.37365478204        5.41138783933       -70.0000000000       0.374175456205       0.908688720703       2.668396565139E-003
  -2.61102026024        5.95252662326       -70.0000000000      -0.890157425081       0.290990787466       2.788763889402E-003
   0.00000000000        0.00000000000       -70.0000000000       0.942815330974       5.373766172359E-003  2.977347901157E-003
 -0.400211837779       0.434745947216       -70.0000000000       0.939187919185      -3.701400702296E-004  3.561146116618E-003
 -0.800423675558       0.869491894432       -70.0000000000       0.936377722633      -1.802205915888E-003  4.228355117393E-003
  -1.20063551334        1.30423784165       -70.0000000000       0.936514950711       5.363037776722E-003  4.727470358406E-003
  -1.60084735112        1.73898378886       -70.0000000000       0.938868978094       1.857674238740E-003  4.650345284620E-003
  -2.00105918889        2.17372973608       -70.0000000000        1.00178567583       8.177125994436E-002  5.191784428701E-003
  -2.40127102667        2.60847568330       -70.0000000000        1.08054164572      -4.118604226403E-002  3.186656160028E-003
  -2.80148286445        3.04322163051       -70.0000000000        1.14307943768      -0.230470063724       4.204512559584E-003
  -3.20169470223        3.47796757773       -70.0000000000        1.17327264896      -0.330907417186       4.129760267224E-003
  -3.60190654001        3.91271352494       -70.0000000000        1.20346586025      -0.431344770648       4.055007974863E-003
  -4.00211837779        4.34745947216       -70.0000000000        1.09537041204      -0.656039176462       1.043311746519E-002
  -4.40233021557        4.78220541938       -70.0000000000       0.917777886687      -0.689459327281      -1.689645996585E-003
   0.00000000000        0.00000000000       -70.0000000000       0.942815330974       5.373766172359E-003  2.977347901157E-003
 -0.519689034804       0.281241641340       -70.0000000000       0.941251833164      -7.387798861895E-005  3.450972152515E-003
  -1.03937806961       0.562483282680       -70.0000000000       0.937234120710      -7.499975287549E-003  3.820631445892E-003
  -1.55906710441       0.843724924020       -70.0000000000       0.938384979211       2.389663576237E-003  4.503543175540E-003
  -2.07875613922        1.12496656536       -70.0000000000       0.938591538902      -1.125354069557E-003  4.383077438405E-003
  -2.59844517402        1.40620820670       -70.0000000000       0.983411161923      -9.428354205347E-003  6.469926700256E-003
  -3.11813420882        1.68744984804       -70.0000000000       0.949657283880      -6.769513952580E-002  5.245258733530E-003
  -3.63782324363        1.96869148938       -70.0000000000       0.919037355621      -0.128187389495       4.488821738697E-003
  -4.15751227843        2.24993313072       -70.0000000000       0.870313128964      -0.129815494214       2.635577156448E-003
  -4.67720131323        2.53117477206       -70.0000000000       0.838735690986      -0.205249727451       1.695735994130E-003
  -5.19689034804        2.81241641340       -70.0000000000       0.750119557619      -0.253540124188      -6.647861072021E-004
  -5.71657938284        3.09365805474       -70.0000000000       0.649585229714      -0.316919431542       1.550897040695E-002
   0.00000000000        0.00000000000       -70.0000000000       0.942815330974       5.373766172359E-003  2.977347901157E-003
 -0.582849861102       9.726043971134E-002  -70.0000000000       0.943485176390       8.127208667423E-004  3.289473651740E-003
  -1.16569972220       0.194520879423       -70.0000000000       0.940568646910      -6.639463031521E-003  3.449674094347E-003
  -1.74854958330       0.291781319134       -70.0000000000       0.939563907097      -4.733104387555E-003  4.264770713119E-003
  -2.33139944441       0.389041758845       -70.0000000000       0.941247797225       3.504416157488E-003  5.269606252030E-003
  -2.91424930551       0.486302198557       -70.0000000000       0.924451421972      -6.987259604266E-003  7.510504568218E-003
  -3.49709916661       0.583562638268       -70.0000000000       0.906025651229      -1.488470938603E-002  5.914963906601E-003
  -4.07994902771       0.680823077979       -70.0000000000       0.860886613739      -2.473713342244E-002  5.447112888399E-003
  -4.66279888881       0.778083517691       -70.0000000000       0.824015963838      -4.210052405349E-002  4.486382026015E-003
  -5.24564874991       0.875343957402       -70.0000000000       0.777976504795      -5.208903360273E-002  3.826144349519E-003
  -5.82849861102       0.972604397113       -70.0000000000       0.724855182014      -5.252926735552E-002  6.920555960502E-003
  -6.41134847212        1.06986483682       -70.0000000000       0.674778454281      -5.748536398487E-002  7.716210011029E-003
   0.00000000000        0.00000000000       -70.0000000000       0.942815330974       5.373766172359E-003  2.977347901157E-003
 -0.582849861102      -9.726043971134E-002  -70.0000000000       0.945483949604       2.062998860886E-003  3.087289638682E-003
  -1.16569972220      -0.194520879423       -70.0000000000       0.944538298406      -4.161394405064E-003  3.044124388672E-003
  -1.74854958330      -0.291781319134       -70.0000000000       0.942018226088      -5.235599665473E-003  4.594013339033E-003
  -2.33139944441      -0.389041758845       -70.0000000000       0.946640270634       9.774095963473E-003  6.470016404630E-003
  -2.91424930551      -0.486302198557       -70.0000000000       0.917853373967       1.072787624900E-002  7.572589928963E-003
  -3.49709916661      -0.583562638268       -70.0000000000       0.905483513126       3.462964221742E-002  5.966895092508E-003
  -4.07994902771      -0.680823077979       -70.0000000000       0.849932955327       2.812295886979E-002  7.369805545542E-003
  -4.66279888881      -0.778083517691       -70.0000000000       0.817073361212       4.957152125956E-002  3.663278984902E-003
  -5.24564874991      -0.875343957402       -70.0000000000       0.778905668936       5.995869422056E-002  3.115413845902E-003
  -5.82849861102      -0.972604397113       -70.0000000000       0.745534692636       5.710117745614E-002  3.846029738183E-003
  -6.41134847212       -1.06986483682       -70.0000000000       0.685334968780       5.260429689100E-002  3.110287842004E-004
   0.00000000000        0.00000000000       -70.0000000000       0.942815330974       5.373766172359E-003  2.977347901157E-003
 -0.519689034804      -0.281241641340       -70.0000000000       0.947499947070       3.919061183239E-003  2.886171833319E-003
  -1.03937806961      -0.562483282680       -70.0000000000       0.948644368880      -1.101240421528E-004  2.717273994459E-003
  -1.55906710441      -0.843724924020       -70.0000000000       0.948381101657       1.518861783610E-003  4.412812524363E-003
  -2.07875613922       -1.12496656536       -70.0000000000       0.953983171637       1.223943016821E-002  8.003862261430E-003
  -2.59844517402       -1.40620820670       -70.0000000000       0.981417818558       5.494433128558E-003  5.980601892149E-003
  -3.11813420882       -1.68744984804       -70.0000000000       0.922600577013       0.106752217551       5.895054223821E-003
  -3.63782324363       -1.96869148938       -70.0000000000       0.912026940347       0.149201221703       5.047376247813E-003
  -4.15751227843       -2.24993313072       -70.0000000000       0.902217632642       0.180053074142       2.541685981098E-003
  -4.67720131323       -2.53117477206       -70.0000000000       0.854733834423       0.209700435229       9.946318042803E-005
  -5.19689034804       -2.81241641340       -70.0000000000       0.751511625615       0.275020220278       8.283993438790E-003
  -5.71657938284       -3.09365805474       -70.0000000000       0.663142385222       0.307104614552       1.877960029328E-002
   0.00000000000        0.00000000000       -70.0000000000       0.942815330974       5.373766172359E-003  2.977347901157E-003
 -0.400211837779      -0.434745947216       -70.0000000000       0.948846311823       5.802182471246E-003  2.688072525570E-003
 -0.800423675558      -0.869491894432       -70.0000000000       0.952640074221       4.427076050920E-003  2.304024541968E-003
  -1.20063551334       -1.30423784165       -70.0000000000       0.955165307341       8.053193731096E-003  3.880317375281E-003
  -1.60084735112       -1.73898378886       -70.0000000000       0.967333714195       2.326681361507E-002  1.062467134922E-002
  -2.00105918889       -2.17372973608       -70.0000000000       0.944065258904      -9.395018452940E-002  2.246205162951E-003
  -2.40127102667       -2.60847568330       -70.0000000000        1.04589494095       4.422402252235E-002  6.151990639348E-003
  -2.80148286445       -3.04322163051       -70.0000000000        1.10253963649       0.155632575090       4.610388951005E-003
  -3.20169470223       -3.47796757773       -70.0000000000        1.15380450035       0.264797593008       3.277614193132E-003
  -3.60190654001       -3.91271352494       -70.0000000000        1.19149758944       0.447962292032       3.719062216594E-004
  -4.00211837779       -4.34745947216       -70.0000000000        1.08535694973       0.667512129330       9.886428211900E-003
  -4.40233021557       -4.78220541938       -70.0000000000       0.896976164107       0.686778214221       1.076835323898E-002
   0.00000000000        0.00000000000       -70.0000000000       0.942815330974       5.373766172359E-003  2.977347901157E-003
 -0.237365478204      -0.541138783933       -70.0000000000       0.949539126222       7.638878205705E-003  2.521320693337E-003
 -0.474730956408       -1.08227756787       -70.0000000000       0.955894245418       9.606783842691E-003  2.049675703160E-003
 -0.712096434612       -1.62341635180       -70.0000000000       0.960068807007       1.221515111816E-002  2.121237796800E-003
 -0.949461912816       -2.16455513573       -70.0000000000       0.984024068552       4.252366744883E-002  1.245634526703E-002
  -1.18682739102       -2.70569391966       -70.0000000000        1.05509396526      -4.027289084591E-002  6.143482524643E-005
  -1.42419286922       -3.24683270360       -70.0000000000        1.08057979480      -0.104728126117       5.327791930931E-003
  -1.66155834743       -3.78797148753       -70.0000000000        1.12807007232      -0.178856970398       7.652773218829E-003
  -1.89892382563       -4.32911027146       -70.0000000000        1.27450153720      -0.386610742826       3.894312125573E-003
  -2.13628930384       -4.87024905539       -70.0000000000        1.41772410446       -1.04849561990       3.467491758759E-003
  -2.37365478204       -5.41138783933       -70.0000000000      -3.183655098376E-002  -1.07204258665       3.302988630293E-003
  -2.61102026024       -5.95252662326       -70.0000000000      -0.889252299684      -0.327230698511       3.513655341704E-003
   0.00000000000        0.00000000000       -70.0000000000       0.942815330974       5.373766172359E-003  2.977347901157E-003
 -4.879688596092E-002 -0.588890836777       -70.0000000000       0.949503313074       9.230113904516E-003  2.403986485062E-003
 -9.759377192185E-002  -1.17778167355       -70.0000000000       0.955315726472       1.205515905531E-002  1.686244730067E-003
 -0.146390657883       -1.76667251033       -70.0000000000       0.962072718530       1.443940854188E-002  9.833819299707E-004
 -0.195187543844       -2.35556334711       -70.0000000000       0.997508845407       7.147176257251E-002  1.524427275669E-002
 -0.243984429805       -2.94445418388       -70.0000000000        1.06419647241      -2.605254405898E-002 -5.504692032386E-003
 -0.292781315766       -3.53334502066       -70.0000000000        1.02538221753      -0.105956809983      -9.269888638335E-004
 -0.341578201726       -4.12223585744       -70.0000000000       0.927901043943      -0.170687091526      -1.443511473847E-004
 -0.390375087687       -4.71112669421       -70.0000000000       0.796343209506      -0.141361145631       6.011675013191E-004
 -0.439171973648       -5.30001753099       -70.0000000000       0.593845053015      -0.162471352490       2.639937722398E-003
 -0.487968859609       -5.88890836777       -70.0000000000       0.436948960092      -0.173880016279       2.088170892870E-003
 -0.536765745570       -6.47779920454       -70.0000000000       0.291572789430      -0.183426060823       1.262367664829E-003
   0.00000000000        0.00000000000       -70.0000000000       0.942815330974       5.373766172359E-003  2.977347901157E-003
  0.145059606038      -0.572827429873       -70.0000000000       0.943955069315       4.764204446248E-003  1.559300935995E-003
  0.290119212075       -1.14565485975       -70.0000000000       0.944338119837       9.339766141057E-003  3.875189478024E-004
  0.435178818113       -1.71848228962       -70.0000000000       0.960354036629       2.940814846385E-003 -8.847306254878E-004
  0.580238424151       -2.29130971949       -70.0000000000       0.968805396681      -2.863651793997E-002 -4.935907786045E-003
  0.725298030189       -2.86413714937       -70.0000000000        1.09136128904       0.117677572491      -1.166144482014E-003
  0.870357636226       -3.43696457924       -70.0000000000        1.02406844749       0.112191457607      -7.252612692887E-003
   1.01541724226       -4.00979200911       -70.0000000000       0.952651454363       0.247564071278      -6.188933044719E-003
   1.16047684830       -4.58261943899       -70.0000000000       0.865336391658       0.371051602478      -4.408102296676E-003
   1.30553645434       -5.15544686886       -70.0000000000       0.694423348379       0.490337898256      -2.483395721929E-003
   1.45059606038       -5.72827429873       -70.0000000000       0.348160322422       0.520373623538      -3.238129650834E-003
   1.59565566642       -6.30110172861       -70.0000000000       3.863370490433E-002  0.382642829455      -6.702176258853E-003
   0.00000000000        0.00000000000       -70.0000000000       0.942815330974       5.373766172359E-003  2.977347901157E-003
  0.323196638891      -0.494689282610       -70.0000000000       0.937878699594      -1.122348763535E-004  8.015617665078E-004
  0.646393277781      -0.989378565219       -70.0000000000       0.942121315318       1.088193645057E-002  2.474316769819E-004
  0.969589916672       -1.48406784783       -70.0000000000       0.955397937893      -4.505342980167E-003 -2.073300922598E-003
   1.29278655556       -1.97875713044       -70.0000000000       0.954264407846      -3.291592346043E-002 -6.847353041433E-003
   1.61598319445       -2.47344641305       -70.0000000000        1.04878363485       9.363546201559E-003 -7.258062509529E-003
   1.93917983334       -2.96813569566       -70.0000000000        1.09283168248       2.106688570902E-002 -7.534055135012E-003
   2.26237647223       -3.46282497827       -70.0000000000        1.22841715340       3.876663868577E-002 -4.998019313783E-003
   2.58557311112       -3.95751426088       -70.0000000000        1.46195410685      -2.738013037957E-002 -4.149920340509E-003
   2.90876975001       -4.45220354349       -70.0000000000        1.79047786996      -0.284561449466      -3.642904946782E-003
   3.23196638891       -4.94689282610       -70.0000000000        1.77798210575       -1.51673755354      -4.759007536778E-003
   3.55516302780       -5.44158210871       -70.0000000000       0.527261560384       -1.23402744163      -7.431346233907E-003
   0.00000000000        0.00000000000       -70.0000000000       0.942815330974       5.373766172359E-003  2.977347901157E-003
  0.466310301007      -0.362943875680       -70.0000000000       0.932570383659      -4.119628340567E-003  3.180395999796E-004
  0.932620602014      -0.725887751361       -70.0000000000       0.936361449038       9.865627004957E-003  5.094988244808E-005
   1.39893090302       -1.08883162704       -70.0000000000       0.948998210906      -2.773764733313E-003 -1.874360954128E-003
   1.86524120403       -1.45177550272       -70.0000000000       0.950775744402      -3.177042045041E-002 -6.185481119855E-003
   2.33155150503       -1.81471937840       -70.0000000000        1.01097851273      -2.107407795942E-002 -5.462878764105E-003
   2.79786180604       -2.17766325408       -70.0000000000        1.06689386996      -0.124525207685      -5.118993053265E-003
   3.26417210705       -2.54060712976       -70.0000000000        1.06154463520      -0.222164304528      -5.207931493078E-003
   3.73048240806       -2.90355100544       -70.0000000000        1.01772937579      -0.270557798074      -7.089569552219E-003
   4.19679270906       -3.26649488112       -70.0000000000       0.963610106550      -0.341212445446      -9.471412591490E-003
   4.66310301007       -3.62943875680       -70.0000000000       0.910045125821      -0.466032060016      -1.370002326885E-002
   5.12941331108       -3.99238263248       -70.0000000000       0.812400520453      -0.473886270098      -1.714862283530E-002
   0.00000000000        0.00000000000       -70.0000000000       0.942815330974       5.373766172359E-003  2.977347901157E-003
  0.558892006459      -0.191867868166       -70.0000000000       0.928605359909      -6.823712683428E-003  1.611315657732E-004
   1.11778401292      -0.383735736333       -70.0000000000       0.926285601054       9.296132679314E-003 -7.583818671454E-005
   1.67667601938      -0.575603604499       -70.0000000000       0.941161676640       6.949774341649E-003 -4.608000389868E-004
   2.23556802584      -0.767471472666       -70.0000000000       0.950277647387      -2.901959201689E-002 -3.826220259625E-003
   2.79446003230      -0.959339340832       -70.0000000000       0.946166317925      -3.680584659552E-002 -5.775165223302E-003
   3.35335203876       -1.15120720900       -70.0000000000       0.907670705378      -7.911784755856E-002 -5.522795468238E-003
   3.91224404522       -1.34307507716       -70.0000000000       0.863429456705      -9.042250216366E-002 -7.854712927660E-003
   4.47113605168       -1.53494294533       -70.0000000000       0.821298092096      -0.105999668460      -8.610181560111E-003
   5.03002805814       -1.72681081350       -70.0000000000       0.782399744805      -0.126299247886      -9.738788208303E-003
   5.58892006459       -1.91867868166       -70.0000000000       0.738206079120      -0.141405867966      -1.143080198419E-002
   6.14781207105       -2.11054654983       -70.0000000000       0.646253927582      -0.111907877675      -1.363184405627E-002
   0.00000000000        0.00000000000       -70.0000000000       0.942815330974       5.373766172359E-003  2.977347901157E-003
  0.590909090909        0.00000000000       -70.0000000000       0.926413300190      -7.931458408197E-003  3.478410840738E-004
   1.18181818182      -1.172487511250E-015  -70.0000000000       0.913594461993       7.973530088712E-003 -1.648606437093E-004
   1.77272727273        0.00000000000       -70.0000000000       0.923070991149       3.214367518019E-003 -5.461530456041E-004
   2.36363636364        0.00000000000       -70.0000000000       0.942646048458      -1.285781637307E-002 -8.955036633945E-004
   2.95454545455        0.00000000000       -70.0000000000       0.938134639274      -1.728758276953E-002 -4.072828706467E-003
   3.54545454545        0.00000000000       -70.0000000000       0.896015248149      -1.841190294466E-002 -4.606443206422E-003
   4.13636363636        0.00000000000       -70.0000000000       0.856897056206      -1.660239079853E-002 -4.891410214702E-003
   4.72727272727        0.00000000000       -70.0000000000       0.817778864264      -1.479287865240E-002 -5.176377222982E-003
   5.31818181818        0.00000000000       -70.0000000000       0.779116231103      -9.201392387420E-003 -5.443844323223E-003
   5.90909090909        0.00000000000       -70.0000000000       0.740787080187      -1.420155523173E-002 -7.833108766595E-003
   6.50000000000        0.00000000000       -70.0000000000       0.697706920207       8.036534108320E-003 -4.455027960009E-003
