 12 20 1 1
 1 X [LENGU]
 2 Y [LENGU]
 3 Z [LENGU]
 4 Hx [FIELU]
 5 Hy [FIELU]
 6 Hz [FIELU]
 0
   0.00000000000        0.00000000000       -70.0000000000       0.430176620760       4.031993461334E-003  1.724435392343E-003
  0.590909090909        0.00000000000       -70.0000000000       0.408173069107      -1.518972009314E-002 -1.948369353554E-003
   1.18181818182        0.00000000000       -70.0000000000       0.396891724622      -1.523280202183E-002 -3.272746177753E-003
   1.77272727273        0.00000000000       -70.0000000000       0.410790582354      -1.585220294584E-002 -3.005572792224E-003
   2.36363636364        0.00000000000       -70.0000000000       0.433270696340      -1.676429274643E-002 -2.321057030115E-003
   2.95454545455        0.00000000000       -70.0000000000       0.415361885854      -1.126740967340E-002 -3.719427536051E-003
   3.54545454545        0.00000000000       -70.0000000000       0.398854561025      -1.107166213908E-002 -3.894200547447E-003
   4.13636363636        0.00000000000       -70.0000000000       0.382859119674      -9.798962263474E-003 -3.902151792848E-003
   4.72727272727        0.00000000000       -70.0000000000       0.366863678323      -8.526262387863E-003 -3.910103038249E-003
   5.31818181818        0.00000000000       -70.0000000000       0.350742601038      -5.997955246425E-003 -3.919547438993E-003
   5.90909090909        0.00000000000       -70.0000000000       0.334376708632      -8.465428627192E-003 -4.728244631940E-003
   6.50000000000        0.00000000000       -70.0000000000       0.316050748889       1.474698381605E-003 -2.863977789234E-003
   0.00000000000        0.00000000000       -70.0000000000       0.430176620760       4.031993461334E-003  1.724435392343E-003
  0.558892006459       0.191867868166       -70.0000000000       0.407532505698      -1.435023205405E-002 -1.414867239875E-003
   1.11778401292       0.383735736333       -70.0000000000       0.387960653227      -3.033225214221E-002 -4.118813573304E-003
   1.67667601938       0.575603604499       -70.0000000000       0.389257158262      -2.723886249924E-002 -3.719273160615E-003
   2.23556802584       0.767471472666       -70.0000000000       0.401414850710      -2.392628938163E-002 -3.441690434394E-003
   2.79446003230       0.959339340832       -70.0000000000       0.426076480380       6.362985337436E-003 -2.848558003705E-003
   3.35335203876        1.15120720900       -70.0000000000       0.409003725056       2.163345069798E-002 -2.552951879684E-003
   3.91224404522        1.34307507716       -70.0000000000       0.391643316961       2.914783942873E-002 -2.689277931998E-003
   4.47113605168        1.53494294533       -70.0000000000       0.375383639759       3.736499397376E-002 -2.802624308066E-003
   5.03002805814        1.72681081350       -70.0000000000       0.359123962556       4.558214851879E-002 -2.915970684134E-003
   5.58892006459        1.91867868166       -70.0000000000       0.331468252267       4.657668398384E-002 -4.054343202101E-003
   6.14781207105        2.11054654983       -70.0000000000       0.296674192799       3.709216601157E-002 -3.779010338337E-003
   0.00000000000        0.00000000000       -70.0000000000       0.430176620760       4.031993461334E-003  1.724435392343E-003
  0.466310301007       0.362943875680       -70.0000000000       0.409616151866      -1.122738186384E-002 -4.986300533098E-004
  0.932620602014       0.725887751361       -70.0000000000       0.404097775342      -1.314513448135E-002 -5.062178820896E-004
   1.39893090302        1.08883162704       -70.0000000000       0.407544935639      -7.639029904445E-003  4.180260832657E-004
   1.86524120403        1.45177550272       -70.0000000000       0.395779672720      -1.657548502399E-002 -1.949708405323E-003
   2.33155150503        1.81471937840       -70.0000000000       0.450468869647       1.312827273827E-002 -2.355170874034E-003
   2.79786180604        2.17766325408       -70.0000000000       0.442765772183       3.499277795767E-002 -2.186582686304E-003
   3.26417210705        2.54060712976       -70.0000000000       0.437039304362       6.454927483607E-002 -1.019314866828E-003
   3.73048240806        2.90355100544       -70.0000000000       0.434000255565       0.102822700291       2.786305005342E-004
   4.19679270906        3.26649488112       -70.0000000000       0.428908229989       0.141061019126       1.607319590638E-003
   4.66310301007        3.62943875680       -70.0000000000       0.404237384373       0.189809313966       3.730921548155E-003
   5.12941331108        3.99238263248       -70.0000000000       0.367973804674       0.194899793560      -7.206480435685E-004
   0.00000000000        0.00000000000       -70.0000000000       0.430176620760       4.031993461334E-003  1.724435392343E-003
  0.323196638891       0.494689282610       -70.0000000000       0.414198212219      -6.159578796614E-003  7.010536900936E-004
  0.646393277781       0.989378565219       -70.0000000000       0.417335001266      -7.138227580982E-004  2.423539470175E-003
  0.969589916672        1.48406784783       -70.0000000000       0.417809233655       1.351948116416E-003  2.738187194962E-003
   1.29278655556        1.97875713044       -70.0000000000       0.414821792357       4.144756755270E-003  2.325397687597E-003
   1.61598319445        2.47344641305       -70.0000000000       0.464419471112      -2.790295997240E-003 -2.055226716563E-003
   1.93917983334        2.96813569566       -70.0000000000       0.485601257124       6.827300775253E-003 -1.740480423330E-003
   2.26237647223        3.46282497827       -70.0000000000       0.542773667314      -1.435380055147E-002 -1.637491651030E-003
   2.58557311112        3.95751426088       -70.0000000000       0.642363546423       1.454065498309E-002 -1.500695017895E-003
   2.90876975001        4.45220354349       -70.0000000000       0.764034409876       0.125201590937      -7.747132223389E-004
   3.23196638891        4.94689282610       -70.0000000000       0.761937623063       0.658606530136       6.145023625504E-004
   3.55516302780        5.44158210871       -70.0000000000       0.247513917990       0.569739110245       2.311825112327E-003
   0.00000000000        0.00000000000       -70.0000000000       0.430176620760       4.031993461334E-003  1.724435392343E-003
  0.145059606038       0.572827429873       -70.0000000000       0.419794063553      -7.608099007343E-004  1.898702644819E-003
  0.290119212075        1.14565485975       -70.0000000000       0.422244512927       9.594007021145E-004  3.482150093586E-003
  0.435178818113        1.71848228962       -70.0000000000       0.422359368043       3.800246591135E-003  3.740934815208E-003
  0.580238424151        2.29130971949       -70.0000000000       0.419499198211       6.872374222140E-003  3.325959472021E-003
  0.725298030189        2.86413714937       -70.0000000000       0.461492618614      -1.702451955656E-003  3.116683112255E-005
  0.870357636226        3.43696457924       -70.0000000000       0.436605664013      -5.409653458644E-002 -1.424626454544E-003
   1.01541724226        4.00979200911       -70.0000000000       0.436206172884      -7.139642127969E-002 -9.941740510859E-004
   1.16047684830        4.58261943899       -70.0000000000       0.374349540530      -0.158384280679      -6.058793269675E-004
   1.30553645434        5.15544686886       -70.0000000000       0.308840438348      -0.211891731028      -1.347863309046E-003
   1.45059606038        5.72827429873       -70.0000000000       0.154382242271      -0.228515501811      -9.301899479393E-004
   1.59565566642        6.30110172861       -70.0000000000       4.298358919625E-002 -0.157809839356      -1.216424688337E-004
   0.00000000000        0.00000000000       -70.0000000000       0.430176620760       4.031993461334E-003  1.724435392343E-003
 -4.879688596092E-002  0.588890836777       -70.0000000000       0.421189971372      -5.812181394858E-004  2.239560597654E-003
 -9.759377192185E-002   1.17778167355       -70.0000000000       0.422687276273       1.337277770686E-003  3.581956426279E-003
 -0.146390657883        1.76667251033       -70.0000000000       0.422665272469       4.476206226325E-003  3.816382498273E-003
 -0.195187543844        2.35556334711       -70.0000000000       0.423273658479       5.852652693455E-003  3.910217144129E-003
 -0.243984429805        2.94445418388       -70.0000000000       0.450806498083       3.973232086010E-003  1.730086349120E-004
 -0.292781315766        3.53334502066       -70.0000000000       0.424519320620      -2.210970666814E-002  6.521473258166E-004
 -0.341578201726        4.12223585744       -70.0000000000       0.369720087838       6.706045367446E-003  4.921181217960E-004
 -0.390375087687        4.71112669421       -70.0000000000       0.331954695309       4.143035213944E-002  5.793997666704E-004
 -0.439171973648        5.30001753099       -70.0000000000       0.259014120078       6.079106849148E-002  5.575651675254E-004
 -0.487968859609        5.88890836777       -70.0000000000       0.170154835067       6.696979703028E-002  5.200131074565E-004
 -0.536765745570        6.47779920454       -70.0000000000       0.125885484640       7.194925516042E-002  6.058803939741E-004
   0.00000000000        0.00000000000       -70.0000000000       0.430176620760       4.031993461334E-003  1.724435392343E-003
 -0.237365478204       0.541138783933       -70.0000000000       0.423559722095       9.828668006480E-005  2.524596741502E-003
 -0.474730956408        1.08227756787       -70.0000000000       0.423176499389       2.020696701571E-003  3.644444225784E-003
 -0.712096434612        1.62341635180       -70.0000000000       0.422876845337       3.762725718296E-003  3.793105558463E-003
 -0.949461912816        2.16455513573       -70.0000000000       0.423993621425       3.192516656625E-003  3.815859347224E-003
  -1.18682739102        2.70569391966       -70.0000000000       0.468560704557       1.431983681575E-002  1.804707413497E-003
  -1.42419286922        3.24683270360       -70.0000000000       0.469742510666       3.228120731631E-002  1.483602926597E-003
  -1.66155834743        3.78797148753       -70.0000000000       0.516857961097       6.696345223138E-002  1.373063608831E-003
  -1.89892382563        4.32911027146       -70.0000000000       0.571234671310       0.164599293192       1.463962223065E-003
  -2.13628930384        4.87024905539       -70.0000000000       0.623961374586       0.398437650986       1.382155545720E-003
  -2.37365478204        5.41138783933       -70.0000000000       0.176189774509       0.388857832088       1.692657080474E-003
  -2.61102026024        5.95252662326       -70.0000000000      -0.363361131313       0.125641906388       1.620988909278E-003
   0.00000000000        0.00000000000       -70.0000000000       0.430176620760       4.031993461334E-003  1.724435392343E-003
 -0.400211837779       0.434745947216       -70.0000000000       0.426646516460       1.204069667116E-003  2.722922987387E-003
 -0.800423675558       0.869491894432       -70.0000000000       0.423407654508       6.305574308766E-005  3.563741066409E-003
  -1.20063551334        1.30423784165       -70.0000000000       0.423329787296       3.056883845311E-003  3.762476120964E-003
  -1.60084735112        1.73898378886       -70.0000000000       0.425909424127       4.196226057975E-003  4.184458929862E-003
  -2.00105918889        2.17372973608       -70.0000000000       0.437405228334       6.036685394793E-002  6.035293377189E-003
  -2.40127102667        2.60847568330       -70.0000000000       0.478885379809      -1.284125982730E-002  3.287028639810E-003
  -2.80148286445        3.04322163051       -70.0000000000       0.505177630641      -9.432941227201E-002  3.389182580579E-003
  -3.20169470223        3.47796757773       -70.0000000000       0.517832078686      -0.138202318209       3.077577569070E-003
  -3.60190654001        3.91271352494       -70.0000000000       0.530486526730      -0.182075224145       2.765972557561E-003
  -4.00211837779        4.34745947216       -70.0000000000       0.483907943698      -0.277706931202       5.267964641101E-003
  -4.40233021557        4.78220541938       -70.0000000000       0.407955015471      -0.291921233271      -1.826572395987E-004
   0.00000000000        0.00000000000       -70.0000000000       0.430176620760       4.031993461334E-003  1.724435392343E-003
 -0.519689034804       0.281241641340       -70.0000000000       0.430115852401       2.616302077029E-003  2.813047609217E-003
  -1.03937806961       0.562483282680       -70.0000000000       0.426731128180       8.308239233894E-004  3.968235622675E-003
  -1.55906710441       0.843724924020       -70.0000000000       0.427477923870       5.625311845951E-003  4.412289102221E-003
  -2.07875613922        1.12496656536       -70.0000000000       0.429569649079       6.815297217476E-003  4.866764016255E-003
  -2.59844517402        1.40620820670       -70.0000000000       0.433681396369       3.706405159186E-003  5.756743497846E-003
  -3.11813420882        1.68744984804       -70.0000000000       0.420366286539      -2.382320611764E-002  4.290515780564E-003
  -3.63782324363        1.96869148938       -70.0000000000       0.407548704709      -4.996666054099E-002  3.939386847905E-003
  -4.15751227843        2.24993313072       -70.0000000000       0.387055013238      -5.101208259971E-002  2.442673988483E-003
  -4.67720131323        2.53117477206       -70.0000000000       0.373528000799      -8.370431571435E-002  1.790481944434E-003
  -5.19689034804        2.81241641340       -70.0000000000       0.334825252523      -0.104453546080       6.644401687357E-004
  -5.71657938284        3.09365805474       -70.0000000000       0.292069264110      -0.132242776087       7.357380037976E-003
   0.00000000000        0.00000000000       -70.0000000000       0.430176620760       4.031993461334E-003  1.724435392343E-003
 -0.582849861102       9.726043971134E-002  -70.0000000000       0.433591773536       4.181946615146E-003  2.785204205790E-003
  -1.16569972220       0.194520879423       -70.0000000000       0.432149587573       3.791525686114E-003  3.943261072791E-003
  -1.74854958330       0.291781319134       -70.0000000000       0.431525670308       6.195386024510E-003  5.060262609973E-003
  -2.33139944441       0.389041758845       -70.0000000000       0.434023170851       1.096627081551E-002  5.814708274447E-003
  -2.91424930551       0.486302198557       -70.0000000000       0.403408505471      -1.943350427549E-004  6.319791940022E-003
  -3.49709916661       0.583562638268       -70.0000000000       0.399534296439      -2.957463677349E-003  4.793866890388E-003
  -4.07994902771       0.680823077979       -70.0000000000       0.380056180289      -8.029162794989E-003  4.486253031189E-003
  -4.66279888881       0.778083517691       -70.0000000000       0.364799465511      -1.640239124855E-002  3.845044046129E-003
  -5.24564874991       0.875343957402       -70.0000000000       0.345333346055      -2.148624228896E-002  3.151798165272E-003
  -5.82849861102       0.972604397113       -70.0000000000       0.323033805433      -2.191305812615E-002  3.989244796309E-003
  -6.41134847212        1.06986483682       -70.0000000000       0.302110941840      -2.423382797501E-002  3.778006423986E-003
   0.00000000000        0.00000000000       -70.0000000000       0.430176620760       4.031993461334E-003  1.724435392343E-003
 -0.582849861102      -9.726043971134E-002  -70.0000000000       0.436478223776       5.706934917613E-003  2.646804144920E-003
  -1.16569972220      -0.194520879423       -70.0000000000       0.437884707527       6.837299245384E-003  3.667217660419E-003
  -1.74854958330      -0.291781319134       -70.0000000000       0.435659723707       7.680906027035E-003  5.505508653893E-003
  -2.33139944441      -0.389041758845       -70.0000000000       0.439932437397       1.517370283618E-002  6.819759485688E-003
  -2.91424930551      -0.486302198557       -70.0000000000       0.396549110086       3.475249402172E-003  6.127107755731E-003
  -3.49709916661      -0.583562638268       -70.0000000000       0.397759662665       1.554506373761E-002  4.738662492820E-003
  -4.07994902771      -0.680823077979       -70.0000000000       0.372123042251       1.015826304111E-002  5.319006101182E-003
  -4.66279888881      -0.778083517691       -70.0000000000       0.359677994377       1.923237691952E-002  3.504464229442E-003
  -5.24564874991      -0.875343957402       -70.0000000000       0.344778856969       2.334798686603E-002  2.872075173900E-003
  -5.82849861102      -0.972604397113       -70.0000000000       0.331732603626       2.158172698387E-002  2.743087951818E-003
  -6.41134847212       -1.06986483682       -70.0000000000       0.305568623408       1.909106714039E-002  5.763955331030E-004
   0.00000000000        0.00000000000       -70.0000000000       0.430176620760       4.031993461334E-003  1.724435392343E-003
 -0.519689034804      -0.281241641340       -70.0000000000       0.439096795864       7.096585471922E-003  2.400139080890E-003
  -1.03937806961      -0.562483282680       -70.0000000000       0.443156924638       9.625605505713E-003  3.205620364333E-003
  -1.55906710441      -0.843724924020       -70.0000000000       0.443455103379       1.187574340995E-002  5.018087336188E-003
  -2.07875613922       -1.12496656536       -70.0000000000       0.447840437703       1.709218822312E-002  7.965955000968E-003
  -2.59844517402       -1.40620820670       -70.0000000000       0.428477736955      -7.095418430129E-003  4.561632449062E-003
  -3.11813420882       -1.68744984804       -70.0000000000       0.402009324318       3.960593285647E-002  4.882581674725E-003
  -3.63782324363       -1.96869148938       -70.0000000000       0.397566552048       5.881079241616E-002  4.374805516550E-003
  -4.15751227843       -2.24993313072       -70.0000000000       0.394612670840       7.195159901424E-002  2.923195365088E-003
  -4.67720131323       -2.53117477206       -70.0000000000       0.374913387468       8.435815874162E-002  1.694864231758E-003
  -5.19689034804       -2.81241641340       -70.0000000000       0.330646759967       0.111494446413       4.808968627407E-003
  -5.71657938284       -3.09365805474       -70.0000000000       0.293406745298       0.124272855624       8.815205089716E-003
   0.00000000000        0.00000000000       -70.0000000000       0.430176620760       4.031993461334E-003  1.724435392343E-003
 -0.400211837779      -0.434745947216       -70.0000000000       0.440529342467       8.129733445167E-003  2.084645140601E-003
 -0.800423675558      -0.869491894432       -70.0000000000       0.447852005084       1.189038238198E-002  2.505544201830E-003
  -1.20063551334       -1.30423784165       -70.0000000000       0.451317418929       1.537431327145E-002  4.092563733861E-003
  -1.60084735112       -1.73898378886       -70.0000000000       0.461655530082       2.982383440443E-002  1.070678048397E-002
  -2.00105918889       -2.17372973608       -70.0000000000       0.382109378792      -9.602333284283E-002  4.350048092868E-003
  -2.40127102667       -2.60847568330       -70.0000000000       0.455479810479       6.929040153861E-003  5.338653461527E-003
  -2.80148286445       -3.04322163051       -70.0000000000       0.480036515056       5.725127551616E-002  4.179288912329E-003
  -3.20169470223       -3.47796757773       -70.0000000000       0.502084439099       0.104254805976       3.232281950956E-003
  -3.60190654001       -3.91271352494       -70.0000000000       0.518584034310       0.182048261744       2.092764202498E-003
  -4.00211837779       -4.34745947216       -70.0000000000       0.473383249740       0.275752462621       5.679348403466E-003
  -4.40233021557       -4.78220541938       -70.0000000000       0.393399600309       0.284438628368       5.510010326495E-003
   0.00000000000        0.00000000000       -70.0000000000       0.430176620760       4.031993461334E-003  1.724435392343E-003
 -0.237365478204      -0.541138783933       -70.0000000000       0.440840011034       8.718827708177E-003  1.730116884858E-003
 -0.474730956408       -1.08227756787       -70.0000000000       0.451004071339       1.335011199479E-002  1.745799500073E-003
 -0.712096434612       -1.62341635180       -70.0000000000       0.457629896565       1.763301019372E-002  2.123957138532E-003
 -0.949461912816       -2.16455513573       -70.0000000000       0.480552138643       5.233278992685E-002  1.323914847801E-002
  -1.18682739102       -2.70569391966       -70.0000000000       0.475785624676      -2.817537290349E-002  3.997463390882E-004
  -1.42419286922       -3.24683270360       -70.0000000000       0.479095264645      -6.002992455764E-002  5.297735399118E-003
  -1.66155834743       -3.78797148753       -70.0000000000       0.498199401694      -9.465280628119E-002  7.593196457794E-003
  -1.89892382563       -4.32911027146       -70.0000000000       0.559877835738      -0.177964855797       3.892636087615E-003
  -2.13628930384       -4.87024905539       -70.0000000000       0.620006181017      -0.457678692476       3.126768300273E-003
  -2.37365478204       -5.41138783933       -70.0000000000       1.250767384892E-003 -0.466343510344       2.471904122387E-003
  -2.61102026024       -5.95252662326       -70.0000000000      -0.364894435659      -0.147260376957       2.129838849912E-003
   0.00000000000        0.00000000000       -70.0000000000       0.430176620760       4.031993461334E-003  1.724435392343E-003
 -4.879688596092E-002 -0.588890836777       -70.0000000000       0.439995135806       8.800030756815E-003  1.374972951244E-003
 -9.759377192185E-002  -1.17778167355       -70.0000000000       0.448798065279       1.247362100982E-002  8.657063876550E-004
 -0.146390657883       -1.76667251033       -70.0000000000       0.459020597187       1.634025558676E-002  4.632151460411E-004
 -0.195187543844       -2.35556334711       -70.0000000000       0.499364402650       8.032122446389E-002  1.727326591152E-002
 -0.243984429805       -2.94445418388       -70.0000000000       0.482814941447      -1.807614200116E-002 -4.093603272242E-003
 -0.292781315766       -3.53334502066       -70.0000000000       0.464397001899      -5.205920953273E-002 -3.717594575748E-004
 -0.341578201726       -4.12223585744       -70.0000000000       0.421256530071      -7.671460261231E-002  1.762194073088E-006
 -0.390375087687       -4.71112669421       -70.0000000000       0.363666352996      -6.359562669668E-002  5.834655680059E-004
 -0.439171973648       -5.30001753099       -70.0000000000       0.274692514819      -7.150105066480E-002  1.530423277188E-003
 -0.487968859609       -5.88890836777       -70.0000000000       0.205826949280      -7.686455253218E-002  1.247796130169E-003
 -0.536765745570       -6.47779920454       -70.0000000000       0.142117130048      -8.173884502631E-002  7.824737414860E-004
   0.00000000000        0.00000000000       -70.0000000000       0.430176620760       4.031993461334E-003  1.724435392343E-003
  0.145059606038      -0.572827429873       -70.0000000000       0.432532964022       2.380013665364E-003  1.838761910339E-004
  0.290119212075       -1.14565485975       -70.0000000000       0.435608179229       3.356509580695E-003 -1.082775260160E-003
  0.435178818113       -1.71848228962       -70.0000000000       0.458604808972       1.936016701422E-003 -1.453646645610E-003
  0.580238424151       -2.29130971949       -70.0000000000       0.467560679578      -3.468427128590E-002 -5.561015458421E-003
  0.725298030189       -2.86413714937       -70.0000000000       0.505109445668       9.678752161121E-002 -1.779139929746E-003
  0.870357636226       -3.43696457924       -70.0000000000       0.461584435740       5.365413620339E-002 -6.207873470501E-003
   1.01541724226       -4.00979200911       -70.0000000000       0.428710788227       0.111097312838      -4.963380654908E-003
   1.16047684830       -4.58261943899       -70.0000000000       0.389737728797       0.163941901538      -3.526280828973E-003
   1.30553645434       -5.15544686886       -70.0000000000       0.315587878027       0.214513309591      -2.270375698971E-003
   1.45059606038       -5.72827429873       -70.0000000000       0.166108415195       0.224495236399      -2.433153606682E-003
   1.59565566642       -6.30110172861       -70.0000000000       3.275270863849E-002  0.165306890940      -3.488764674999E-003
   0.00000000000        0.00000000000       -70.0000000000       0.430176620760       4.031993461334E-003  1.724435392343E-003
  0.323196638891      -0.494689282610       -70.0000000000       0.424346123689      -4.366751423082E-003 -9.141257235213E-004
  0.646393277781      -0.989378565219       -70.0000000000       0.434439559852       1.660261046036E-003 -1.287600471662E-003
  0.969589916672       -1.48406784783       -70.0000000000       0.453646336933      -9.708150652276E-003 -2.858833978265E-003
   1.29278655556       -1.97875713044       -70.0000000000       0.452794858474      -4.302420670519E-002 -7.925340804019E-003
   1.61598319445       -2.47344641305       -70.0000000000       0.461057820319       8.038579845933E-003 -5.732836536809E-003
   1.93917983334       -2.96813569566       -70.0000000000       0.476985734136       1.351487757950E-002 -6.458396978845E-003
   2.26237647223       -3.46282497827       -70.0000000000       0.535957028912       2.030621564651E-002 -4.533614268721E-003
   2.58557311112       -3.95751426088       -70.0000000000       0.636845130184      -7.224673136897E-003 -4.104440669502E-003
   2.90876975001       -4.45220354349       -70.0000000000       0.778231308118      -0.116119973432      -3.624177395269E-003
   3.23196638891       -4.94689282610       -70.0000000000       0.773063778665      -0.642173068164      -3.441357700804E-003
   3.55516302780       -5.44158210871       -70.0000000000       0.239508590419      -0.521883508698      -4.056756028184E-003
   0.00000000000        0.00000000000       -70.0000000000       0.430176620760       4.031993461334E-003  1.724435392343E-003
  0.466310301007      -0.362943875680       -70.0000000000       0.417061476534      -9.912019396425E-003 -1.683655678292E-003
  0.932620602014      -0.725887751361       -70.0000000000       0.427562782928      -2.781711481056E-003 -1.760124833184E-003
   1.39893090302       -1.08883162704       -70.0000000000       0.446473955108      -1.181867784788E-002 -2.910285739828E-003
   1.86524120403       -1.45177550272       -70.0000000000       0.449542571620      -4.293885681452E-002 -7.268743486894E-003
   2.33155150503       -1.81471937840       -70.0000000000       0.440125422091      -8.292262724785E-003 -4.213377921207E-003
   2.79786180604       -2.17766325408       -70.0000000000       0.466646431097      -5.428787039801E-002 -4.553490622686E-003
   3.26417210705       -2.54060712976       -70.0000000000       0.465240049522      -9.567046341262E-002 -4.647926461801E-003
   3.73048240806       -2.90355100544       -70.0000000000       0.447345785379      -0.116009043295      -5.144337766302E-003
   4.19679270906       -3.26649488112       -70.0000000000       0.424586746418      -0.145569968207      -5.844430014812E-003
   4.66310301007       -3.62943875680       -70.0000000000       0.401713564687      -0.197019977656      -7.494385402105E-003
   5.12941331108       -3.99238263248       -70.0000000000       0.360590959201      -0.199818226258      -8.485209011935E-003
   0.00000000000        0.00000000000       -70.0000000000       0.430176620760       4.031993461334E-003  1.724435392343E-003
  0.558892006459      -0.191867868166       -70.0000000000       0.411468427110      -1.365487442606E-002 -2.041323162190E-003
   1.11778401292      -0.383735736333       -70.0000000000       0.414374578762      -8.470395506187E-003 -2.446193734498E-003
   1.67667601938      -0.575603604499       -70.0000000000       0.436901489710      -5.562393335982E-003 -1.803930710018E-003
   2.23556802584      -0.767471472666       -70.0000000000       0.444926802132      -3.262215033745E-002 -4.878370404458E-003
   2.79446003230      -0.959339340832       -70.0000000000       0.415674143694      -1.917475675065E-002 -4.775652257298E-003
   3.35335203876       -1.15120720900       -70.0000000000       0.400674617108      -3.805392545492E-002 -4.879946553486E-003
   3.91224404522       -1.34307507716       -70.0000000000       0.382911392160      -4.189593440520E-002 -5.763879118413E-003
   4.47113605168       -1.53494294533       -70.0000000000       0.365624472723      -4.746072762036E-002 -6.018444083800E-003
   5.03002805814       -1.72681081350       -70.0000000000       0.350008986088      -5.509846243554E-002 -6.448299855069E-003
   5.58892006459       -1.91867868166       -70.0000000000       0.331555985447      -6.080006777079E-002 -7.030140296718E-003
   6.14781207105       -2.11054654983       -70.0000000000       0.291419306751      -4.664370681075E-002 -7.356790865604E-003
   0.00000000000        0.00000000000       -70.0000000000       0.430176620760       4.031993461334E-003  1.724435392343E-003
  0.590909090909        0.00000000000       -70.0000000000       0.408173069107      -1.518972009314E-002 -1.948369353554E-003
   1.18181818182      -1.172487511250E-015  -70.0000000000       0.396891724622      -1.523280202183E-002 -3.272746177753E-003
   1.77272727273        0.00000000000       -70.0000000000       0.410790582354      -1.585220294584E-002 -3.005572792224E-003
   2.36363636364        0.00000000000       -70.0000000000       0.433270696340      -1.676429274643E-002 -2.321057030115E-003
   2.95454545455        0.00000000000       -70.0000000000       0.415361885854      -1.126740967340E-002 -3.719427536051E-003
   3.54545454545        0.00000000000       -70.0000000000       0.398854561025      -1.107166213908E-002 -3.894200547447E-003
   4.13636363636        0.00000000000       -70.0000000000       0.382859119674      -9.798962263474E-003 -3.902151792848E-003
   4.72727272727        0.00000000000       -70.0000000000       0.366863678323      -8.526262387863E-003 -3.910103038249E-003
   5.31818181818        0.00000000000       -70.0000000000       0.350742601038      -5.997955246425E-003 -3.919547438993E-003
   5.90909090909        0.00000000000       -70.0000000000       0.334376708632      -8.465428627192E-003 -4.728244631940E-003
   6.50000000000        0.00000000000       -70.0000000000       0.316050748889       1.474698381605E-003 -2.863977789234E-003
