 12 20 1 1
 1 X [LENGU]
 2 Y [LENGU]
 3 Z [LENGU]
 4 Hx [FIELU]
 5 Hy [FIELU]
 6 Hz [FIELU]
 0
   0.00000000000        0.00000000000        70.0000000000        1.72061547763      -5.070128559643E-002 -4.149069881618E-003
  0.590909090909        0.00000000000        70.0000000000        1.72877909662      -4.342092981285E-002 -2.095751181165E-003
   1.18181818182        0.00000000000        70.0000000000        1.73883146783      -2.920235508097E-002  3.431152847203E-004
   1.77272727273        0.00000000000        70.0000000000        1.74958123450      -1.744697315856E-002  2.938209888130E-003
   2.36363636364        0.00000000000        70.0000000000        1.76012597082      -6.104440449108E-003  5.274292919532E-003
   2.95454545455        0.00000000000        70.0000000000        1.75926855859       7.545639427312E-004  6.891090915985E-003
   3.54545454545        0.00000000000        70.0000000000        1.69285161773       2.106576068656E-003  6.373663417833E-003
   4.13636363636        0.00000000000        70.0000000000        1.62632163527       1.821002730843E-003  5.662725270610E-003
   4.72727272727        0.00000000000        70.0000000000        1.56426049160       2.789657838880E-004  4.885084137259E-003
   5.31818181818        0.00000000000        70.0000000000        1.48265212578      -3.563128797816E-003  5.633452270425E-003
   5.90909090909        0.00000000000        70.0000000000        1.40339429860      -3.951870694350E-003  4.822237271512E-003
   6.50000000000        0.00000000000        70.0000000000        1.32413647142      -4.340612590884E-003  4.011022272599E-003
   0.00000000000        0.00000000000        70.0000000000        1.72061547763      -5.070128559643E-002 -4.149069881618E-003
  0.558892006459       0.191867868166        70.0000000000        1.73152740045      -4.014437127529E-002 -1.733210995393E-003
   1.11778401292       0.383735736333        70.0000000000        1.74448734373      -2.392279227325E-002  1.261051429471E-003
   1.67667601938       0.575603604499        70.0000000000        1.75751261793      -9.049508403106E-003  4.468264513126E-003
   2.23556802584       0.767471472666        70.0000000000        1.76797574004       6.943950225208E-003  6.895608700085E-003
   2.79446003230       0.959339340832        70.0000000000        1.79123773402       3.557512678950E-002  5.820106321829E-003
   3.35335203876        1.15120720900        70.0000000000        1.74287350877       0.117840804646       7.115314273148E-003
   3.91224404522        1.34307507716        70.0000000000        1.70319973727       0.171070424341       7.594259894441E-003
   4.47113605168        1.53494294533        70.0000000000        1.65917141521       0.225961573146       7.584357472240E-003
   5.03002805814        1.72681081350        70.0000000000        1.49606814309       0.252307717982       6.157980149801E-003
   5.58892006459        1.91867868166        70.0000000000        1.36051365681       0.240636321628       1.091204869834E-002
   6.14781207105        2.11054654983        70.0000000000        1.23752132507       0.252504579213       2.468450234208E-002
   0.00000000000        0.00000000000        70.0000000000        1.72061547763      -5.070128559643E-002 -4.149069881618E-003
  0.466310301007       0.362943875680        70.0000000000        1.73289266371      -3.879655615994E-002 -1.669268500862E-003
  0.932620602014       0.725887751361        70.0000000000        1.74729588379      -2.185098058820E-002  1.483401971392E-003
   1.39893090302        1.08883162704        70.0000000000        1.75855333739      -3.890286157994E-003  4.738882060947E-003
   1.86524120403        1.45177550272        70.0000000000        1.76727408389       1.336457285229E-002  7.955236855138E-003
   2.33155150503        1.81471937840        70.0000000000        1.93163000947       2.168221313602E-002  4.819826824980E-003
   2.79786180604        2.17766325408        70.0000000000        1.90103331200       0.132846110980       6.596818728564E-003
   3.26417210705        2.54060712976        70.0000000000        1.88594057940       0.226960864142       7.447498586976E-003
   3.73048240806        2.90355100544        70.0000000000        1.86273390481       0.451518651623       6.986177629101E-003
   4.19679270906        3.26649488112        70.0000000000        1.82044585878       0.685222410313      -9.454586356768E-003
   4.66310301007        3.62943875680        70.0000000000        1.72155629996       0.924651133608      -2.094118377118E-002
   5.12941331108        3.99238263248        70.0000000000        1.42263349196       0.899219756350      -1.833536866593E-002
   0.00000000000        0.00000000000        70.0000000000        1.72061547763      -5.070128559643E-002 -4.149069881618E-003
  0.323196638891       0.494689282610        70.0000000000        1.73272693894      -3.952354114805E-002 -1.910852859025E-003
  0.646393277781       0.989378565219        70.0000000000        1.74695273912      -2.321143296939E-002  9.860717791411E-004
  0.969589916672        1.48406784783        70.0000000000        1.75671573744      -5.075408905073E-003  3.966651623252E-003
   1.29278655556        1.97875713044        70.0000000000        1.76370294777       5.515608004214E-003  7.203533219921E-003
   1.61598319445        2.47344641305        70.0000000000        2.01352557656      -3.928185510047E-002  2.926354619280E-003
   1.93917983334        2.96813569566        70.0000000000        2.11948444418      -6.221120730242E-002  2.604644030392E-003
   2.26237647223        3.46282497827        70.0000000000        2.32146560482      -6.486987487924E-002  3.186522015502E-004
   2.58557311112        3.95751426088        70.0000000000        2.77455751963       6.026334988099E-002 -1.126371509510E-003
   2.90876975001        4.45220354349        70.0000000000        3.37567730066       0.514658159283       4.683273431016E-003
   3.23196638891        4.94689282610        70.0000000000        3.15706496534        2.97459517517       2.088444299992E-003
   3.55516302780        5.44158210871        70.0000000000       0.997809150220        2.40439874932       7.068251985507E-005
   0.00000000000        0.00000000000        70.0000000000        1.72061547763      -5.070128559643E-002 -4.149069881618E-003
  0.145059606038       0.572827429873        70.0000000000        1.73104818499      -4.224654613582E-002 -2.431784656106E-003
  0.290119212075        1.14565485975        70.0000000000        1.74349509476      -2.785672329170E-002 -1.770457040779E-004
  0.435178818113        1.71848228962        70.0000000000        1.75219895053      -1.247645020562E-002  2.235256350354E-003
  0.580238424151        2.29130971949        70.0000000000        1.75994950421      -2.882533325549E-002  2.076051411026E-003
  0.725298030189        2.86413714937        70.0000000000        2.03871465234      -9.214637942752E-002 -5.409870126582E-004
  0.870357636226        3.43696457924        70.0000000000        2.07856660681      -0.140740597643      -2.023231081210E-003
   1.01541724226        4.00979200911        70.0000000000        1.86751683526      -0.340618492702      -5.179247835385E-003
   1.16047684830        4.58261943899        70.0000000000        1.70261580774      -0.632264938376      -6.997837309111E-004
   1.30553645434        5.15544686886        70.0000000000        1.33762960708      -0.974649019428      -7.599653768884E-003
   1.45059606038        5.72827429873        70.0000000000       0.644155162026       -1.00131014651      -1.712132257035E-002
   1.59565566642        6.30110172861        70.0000000000       3.264014230770E-002 -0.719489298303      -8.937905943869E-003
   0.00000000000        0.00000000000        70.0000000000        1.72061547763      -5.070128559643E-002 -4.149069881618E-003
 -4.879688596092E-002  0.588890836777        70.0000000000        1.72803832089      -4.667049128105E-002 -3.175612848802E-003
 -9.759377192185E-002   1.17778167355        70.0000000000        1.73731197819      -3.539811336291E-002 -1.862546905694E-003
 -0.146390657883        1.76667251033        70.0000000000        1.74549244062      -2.529139239574E-002 -2.676802145624E-004
 -0.195187543844        2.35556334711        70.0000000000        1.75229226158      -5.126821021797E-002 -2.367297527819E-003
 -0.243984429805        2.94445418388        70.0000000000        2.02595803978       4.784798219144E-002 -6.165339692174E-003
 -0.292781315766        3.53334502066        70.0000000000        2.09761077622       0.122019263242      -2.737389821667E-003
 -0.341578201726        4.12223585744        70.0000000000        1.85040066413       0.130090597298      -2.821428684811E-003
 -0.390375087687        4.71112669421        70.0000000000        1.56627979221       0.230151863913      -1.450142755947E-003
 -0.439171973648        5.30001753099        70.0000000000        1.15013202562       0.278227878078       1.972657923068E-005
 -0.487968859609        5.88890836777        70.0000000000       0.764630842469       0.349467016460       3.103333178371E-003
 -0.536765745570        6.47779920454        70.0000000000       0.474916929432       0.316705633335       2.769182637795E-003
   0.00000000000        0.00000000000        70.0000000000        1.72061547763      -5.070128559643E-002 -4.149069881618E-003
 -0.237365478204       0.541138783933        70.0000000000        1.72523862223      -4.756167557664E-002 -3.838769562828E-003
 -0.474730956408        1.08227756787        70.0000000000        1.72986176682      -4.442206555685E-002 -3.528469244037E-003
 -0.712096434612        1.62341635180        70.0000000000        1.73454120922      -4.106218204967E-002 -3.207838748434E-003
 -0.949461912816        2.16455513573        70.0000000000        1.74045007043      -4.222536696360E-002 -3.307914675489E-003
  -1.18682739102        2.70569391966        70.0000000000        2.00389277145       7.793061801747E-002 -6.798898288057E-003
  -1.42419286922        3.24683270360        70.0000000000        2.08085752540       0.200536251946      -4.677539888590E-003
  -1.66155834743        3.78797148753        70.0000000000        2.16868483468       0.340370464077      -2.216661838330E-003
  -1.89892382563        4.32911027146        70.0000000000        2.38896833066       0.708465993195      -7.170237292126E-004
  -2.13628930384        4.87024905539        70.0000000000        2.88408022202        1.87654117117      -4.018725827143E-004
  -2.37365478204        5.41138783933        70.0000000000       0.741506768223        2.99640902012       3.682554158190E-004
  -2.61102026024        5.95252662326        70.0000000000       -1.73251976068       0.550899059004       1.454154887333E-003
   0.00000000000        0.00000000000        70.0000000000        1.72061547763      -5.070128559643E-002 -4.149069881618E-003
 -0.400211837779       0.434745947216        70.0000000000        1.72258951010      -4.624369795597E-002 -4.415993383163E-003
 -0.800423675558       0.869491894432        70.0000000000        1.72456354256      -4.178611031551E-002 -4.682916884708E-003
  -1.20063551334        1.30423784165        70.0000000000        1.72653757502      -3.732852267505E-002 -4.949840386252E-003
  -1.60084735112        1.73898378886        70.0000000000        1.73308436723      -3.446240812135E-002 -3.945316347471E-003
  -2.00105918889        2.17372973608        70.0000000000        1.84276104907       0.146739594237      -4.246115941480E-003
  -2.40127102667        2.60847568330        70.0000000000        2.02996538138      -7.710661538577E-002 -8.615062117155E-003
  -2.80148286445        3.04322163051        70.0000000000        2.06687333527      -0.205304216667      -8.292767633857E-003
  -3.20169470223        3.47796757773        70.0000000000        2.20685149039      -0.393427930031      -1.264809441626E-002
  -3.60190654001        3.91271352494        70.0000000000        2.25150855081      -0.836518472024      -2.561266558272E-003
  -4.00211837779        4.34745947216        70.0000000000        2.10238018118       -1.30252403458       4.488269087760E-003
  -4.40233021557        4.78220541938        70.0000000000        1.68551912618       -1.30931842337       3.765451479669E-003
   0.00000000000        0.00000000000        70.0000000000        1.72061547763      -5.070128559643E-002 -4.149069881618E-003
 -0.519689034804       0.281241641340        70.0000000000        1.72282224567      -4.210777131105E-002 -4.441409614258E-003
  -1.03937806961       0.562483282680        70.0000000000        1.72886206923      -2.942708991954E-002 -4.086336836484E-003
  -1.55906710441       0.843724924020        70.0000000000        1.73311227370      -2.038206377725E-002 -3.900229687631E-003
  -2.07875613922        1.12496656536        70.0000000000        1.73119413541      -2.705727619985E-002 -4.466219710572E-003
  -2.59844517402        1.40620820670        70.0000000000        1.84147832469      -3.457683434459E-002 -6.875234582256E-003
  -3.11813420882        1.68744984804        70.0000000000        1.78215367419      -0.136819212079      -5.034961583898E-003
  -3.63782324363        1.96869148938        70.0000000000        1.72282902369      -0.239061589814      -3.194688585539E-003
  -4.15751227843        2.24993313072        70.0000000000        1.66350437319      -0.341303967549      -1.354415587181E-003
  -4.67720131323        2.53117477206        70.0000000000        1.60211352931      -0.413420655036      -4.481147777511E-004
  -5.19689034804        2.81241641340        70.0000000000        1.43155692632      -0.522624439264       3.891782095647E-003
  -5.71657938284        3.09365805474        70.0000000000        1.25756133933      -0.630629251564      -1.752590889835E-003
   0.00000000000        0.00000000000        70.0000000000        1.72061547763      -5.070128559643E-002 -4.149069881618E-003
 -0.582849861102       9.726043971134E-002   70.0000000000        1.72719232952      -3.423646127322E-002 -3.695947072545E-003
  -1.16569972220       0.194520879423        70.0000000000        1.73839075784      -1.428177751620E-002 -2.530299269478E-003
  -1.74854958330       0.291781319134        70.0000000000        1.74298467443      -6.737637404981E-003 -1.983938641443E-003
  -2.33139944441       0.389041758845        70.0000000000        1.74591532212      -6.192083509954E-003 -2.017971830489E-003
  -2.91424930551       0.486302198557        70.0000000000        1.74426572663      -3.812400256938E-002 -6.690285415819E-003
  -3.49709916661       0.583562638268        70.0000000000        1.67677453598      -6.730345859761E-002 -6.309457667338E-003
  -4.07994902771       0.680823077979        70.0000000000        1.60928334533      -9.648291462583E-002 -5.928629918857E-003
  -4.66279888881       0.778083517691        70.0000000000        1.54091068181      -0.111371610284      -6.135780154439E-003
  -5.24564874991       0.875343957402        70.0000000000        1.45863577263      -0.106980776544      -6.356408019538E-003
  -5.82849861102       0.972604397113        70.0000000000        1.37014117459      -0.106635413059      -6.148996767617E-003
  -6.41134847212        1.06986483682        70.0000000000        1.26718230873      -0.104324864701      -6.485864187913E-003
   0.00000000000        0.00000000000        70.0000000000        1.72061547763      -5.070128559643E-002 -4.149069881618E-003
 -0.582849861102      -9.726043971134E-002   70.0000000000        1.73056607312      -2.869206798636E-002 -3.058866551170E-003
  -1.16569972220      -0.194520879423        70.0000000000        1.74907176877      -8.983573631144E-003 -9.432574317088E-004
  -1.74854958330      -0.291781319134        70.0000000000        1.75381161906      -4.287558227235E-003 -2.443645810660E-004
  -2.33139944441      -0.389041758845        70.0000000000        1.75632800541       3.424612239166E-003 -3.227421717166E-005
  -2.91424930551      -0.486302198557        70.0000000000        1.75508366912       1.648083649012E-002 -3.886712924358E-003
  -3.49709916661      -0.583562638268        70.0000000000        1.69101325983       4.574737335548E-002 -3.933845010498E-003
  -4.07994902771      -0.680823077979        70.0000000000        1.62679581936       5.860133145595E-002 -4.332401324535E-003
  -4.66279888881      -0.778083517691        70.0000000000        1.55648655125       7.958259855933E-002 -4.535040003380E-003
  -5.24564874991      -0.875343957402        70.0000000000        1.48408120770       9.705199090777E-002 -4.506797088086E-003
  -5.82849861102      -0.972604397113        70.0000000000        1.39775805270       0.113124710001      -5.558234932254E-003
  -6.41134847212       -1.06986483682        70.0000000000        1.26694619820       0.116706480280      -9.210401025636E-003
   0.00000000000        0.00000000000        70.0000000000        1.72061547763      -5.070128559643E-002 -4.149069881618E-003
 -0.519689034804      -0.281241641340        70.0000000000        1.73449063643      -2.752433371500E-002 -2.441258770109E-003
  -1.03937806961      -0.562483282680        70.0000000000        1.75442486642      -1.080726477823E-002 -3.612702748330E-004
  -1.55906710441      -0.843724924020        70.0000000000        1.76229377626      -6.671856218974E-003  5.075465576742E-004
  -2.07875613922       -1.12496656536        70.0000000000        1.76517308376       4.303076108057E-003  1.567710450936E-003
  -2.59844517402       -1.40620820670        70.0000000000        1.84415268011       3.110599278405E-002 -2.873122616242E-003
  -3.11813420882       -1.68744984804        70.0000000000        1.79058717359       8.426568566789E-002 -2.584399689764E-003
  -3.63782324363       -1.96869148938        70.0000000000        1.72665600987       0.179294068300      -9.864477259215E-004
  -4.15751227843       -2.24993313072        70.0000000000        1.66703093038       0.278341193195       5.985843015573E-004
  -4.67720131323       -2.53117477206        70.0000000000        1.59680995468       0.406554748710       6.122981510913E-004
  -5.19689034804       -2.81241641340        70.0000000000        1.42823250356       0.511061260074      -9.825351986664E-003
  -5.71657938284       -3.09365805474        70.0000000000        1.17286814923       0.616494018612      -2.289554891017E-002
   0.00000000000        0.00000000000        70.0000000000        1.72061547763      -5.070128559643E-002 -4.149069881618E-003
 -0.400211837779      -0.434745947216        70.0000000000        1.73582143551      -2.879992278326E-002 -2.134598306049E-003
 -0.800423675558      -0.869491894432        70.0000000000        1.75939767312      -1.222940903493E-002 -1.822300696904E-004
  -1.20063551334       -1.30423784165        70.0000000000        1.76696532199      -1.329383521877E-002  4.488424308201E-004
  -1.60084735112       -1.73898378886        70.0000000000        1.76842749378      -4.882719552008E-003  8.404564467972E-004
  -2.00105918889       -2.17372973608        70.0000000000        1.89824883619      -4.754790735577E-002 -3.972466261124E-003
  -2.40127102667       -2.60847568330        70.0000000000        2.08860598569       0.122695565061      -1.407005219363E-003
  -2.80148286445       -3.04322163051        70.0000000000        2.17799475143       0.275262137402      -1.101415948842E-003
  -3.20169470223       -3.47796757773        70.0000000000        2.26615344136       0.406390077785      -4.951625871963E-004
  -3.60190654001       -3.91271352494        70.0000000000        2.26508166261       0.834804956092       8.743201048235E-003
  -4.00211837779       -4.34745947216        70.0000000000        2.05970219240        1.24607615010       4.141409102780E-002
  -4.40233021557       -4.78220541938        70.0000000000        1.78897029748        1.33647300665       4.008058866571E-003
   0.00000000000        0.00000000000        70.0000000000        1.72061547763      -5.070128559643E-002 -4.149069881618E-003
 -0.237365478204      -0.541138783933        70.0000000000        1.73441425762      -3.238060532278E-002 -2.172116578596E-003
 -0.474730956408       -1.08227756787        70.0000000000        1.74404279901      -7.338211780925E-002 -1.275262070352E-003
 -0.712096434612       -1.62341635180        70.0000000000        1.76077066585      -4.796841977922E-002 -3.539914218469E-004
 -0.949461912816       -2.16455513573        70.0000000000        1.74442327776      -0.127078815532      -4.951512836493E-003
  -1.18682739102       -2.70569391966        70.0000000000        1.97392251973      -6.678235763182E-002 -2.108894709941E-003
  -1.42419286922       -3.24683270360        70.0000000000        2.05100997037      -0.106292018004      -3.388418329933E-003
  -1.66155834743       -3.78797148753        70.0000000000        2.13415606863      -0.339562232737      -1.923107532552E-003
  -1.89892382563       -4.32911027146        70.0000000000        2.33099546697      -0.571381374782       1.237347607498E-004
  -2.13628930384       -4.87024905539        70.0000000000        2.74924303588       -1.84555641710      -1.071941129592E-003
  -2.37365478204       -5.41138783933        70.0000000000       0.237301123236       -4.47528247397      -1.955519843956E-003
  -2.61102026024       -5.95252662326        70.0000000000       -1.65933734910      -0.537166969360      -2.652228917641E-003
   0.00000000000        0.00000000000        70.0000000000        1.72061547763      -5.070128559643E-002 -4.149069881618E-003
 -4.879688596092E-002 -0.588890836777        70.0000000000        1.73042159233      -3.787835882039E-002 -2.549747900766E-003
 -9.759377192185E-002  -1.17778167355        70.0000000000        1.71283291668      -0.178154808714      -3.370411813673E-003
 -0.146390657883       -1.76667251033        70.0000000000        1.71584588176      -0.191081654863      -3.130916985025E-003
 -0.195187543844       -2.35556334711        70.0000000000        1.71493732389      -0.263135833801      -1.303418199659E-002
 -0.243984429805       -2.94445418388        70.0000000000        1.98443218834      -3.603302409890E-002 -1.903317901737E-003
 -0.292781315766       -3.53334502066        70.0000000000        1.98462407263       1.828940307717E-002 -2.785332621747E-003
 -0.341578201726       -4.12223585744        70.0000000000        1.81094071288      -0.125087284417      -2.215455470967E-003
 -0.390375087687       -4.71112669421        70.0000000000        1.51708290396      -0.173800992167      -2.145244655302E-003
 -0.439171973648       -5.30001753099        70.0000000000        1.13322617677      -0.285307419028       4.881536815695E-003
 -0.487968859609       -5.88890836777        70.0000000000       0.747983613497      -0.356194870135       4.901678984602E-003
 -0.536765745570       -6.47779920454        70.0000000000       0.430728597557      -0.249287571547       9.603127578548E-003
   0.00000000000        0.00000000000        70.0000000000        1.72061547763      -5.070128559643E-002 -4.149069881618E-003
  0.145059606038      -0.572827429873        70.0000000000        1.72427610687      -4.469741637820E-002 -3.226570059246E-003
  0.290119212075       -1.14565485975        70.0000000000        1.69061889357      -0.230901944988      -4.542373557524E-003
  0.435178818113       -1.71848228962        70.0000000000        1.67450136871      -0.235917482251      -3.146127733969E-003
  0.580238424151       -2.29130971949        70.0000000000        1.70092249855      -0.172176814324      -5.607225245500E-003
  0.725298030189       -2.86413714937        70.0000000000        2.05010500103       2.951324992210E-002 -1.824066423327E-003
  0.870357636226       -3.43696457924        70.0000000000        2.01606586840       0.232681354006       1.928687311441E-003
   1.01541724226       -4.00979200911        70.0000000000        2.01271454460       0.425478936084      -1.937099451394E-003
   1.16047684830       -4.58261943899        70.0000000000        1.78949227386       0.526097597782      -2.158456699315E-003
   1.30553645434       -5.15544686886        70.0000000000        1.29898931127       0.940081019504      -2.468726536825E-003
   1.45059606038       -5.72827429873        70.0000000000       0.632442339434       0.995135329279       5.186007287741E-003
   1.59565566642       -6.30110172861        70.0000000000       7.618825862643E-002  0.742120359352       2.770088661728E-003
   0.00000000000        0.00000000000        70.0000000000        1.72061547763      -5.070128559643E-002 -4.149069881618E-003
  0.323196638891      -0.494689282610        70.0000000000        1.71835595620      -5.339582264912E-002 -3.987853464302E-003
  0.646393277781      -0.989378565219        70.0000000000        1.72003024680      -9.003387675494E-002 -3.350916900705E-003
  0.969589916672       -1.48406784783        70.0000000000        1.70000511097      -0.127378096394      -3.159535156576E-003
   1.29278655556       -1.97875713044        70.0000000000        1.70174444905      -5.440356305545E-002 -1.809460051600E-003
   1.61598319445       -2.47344641305        70.0000000000        2.03300855195       4.278715767587E-003  7.407244421191E-003
   1.93917983334       -2.96813569566        70.0000000000        2.13532911570      -0.115504827867       4.654035429464E-003
   2.26237647223       -3.46282497827        70.0000000000        2.21633230326      -0.134548429892       1.882537318007E-003
   2.58557311112       -3.95751426088        70.0000000000        2.63767217800      -2.231354303734E-002  1.299756463143E-003
   2.90876975001       -4.45220354349        70.0000000000        3.39993598525      -0.597622915191       8.242672352343E-003
   3.23196638891       -4.94689282610        70.0000000000        3.34192361238       -2.60948709712       1.366003896523E-002
   3.55516302780       -5.44158210871        70.0000000000        1.11598454833       -2.48781752091       1.785558370819E-002
   0.00000000000        0.00000000000        70.0000000000        1.72061547763      -5.070128559643E-002 -4.149069881618E-003
  0.466310301007      -0.362943875680        70.0000000000        1.72044225303      -5.416948094892E-002 -3.531376855574E-003
  0.932620602014      -0.725887751361        70.0000000000        1.72238789803      -5.070596845152E-002 -2.654816638315E-003
   1.39893090302       -1.08883162704        70.0000000000        1.72402812107      -4.796143127727E-002 -2.036669654916E-003
   1.86524120403       -1.45177550272        70.0000000000        1.71790215504      -3.364719639346E-002  1.236825436316E-003
   2.33155150503       -1.81471937840        70.0000000000        1.96550174677      -2.635792410792E-002  8.883585792349E-003
   2.79786180604       -2.17766325408        70.0000000000        2.00165094774      -0.135330193513       7.587347696065E-003
   3.26417210705       -2.54060712976        70.0000000000        1.98007563071      -0.247726837173       8.017746655067E-003
   3.73048240806       -2.90355100544        70.0000000000        1.90937866871      -0.395032013029       9.857391532120E-003
   4.19679270906       -3.26649488112        70.0000000000        1.84731417829      -0.694631950352       1.602083614955E-002
   4.66310301007       -3.62943875680        70.0000000000        1.70905586301      -0.896015521768       2.268843753679E-002
   5.12941331108       -3.99238263248        70.0000000000        1.41094371117      -0.926304518813       2.529886135324E-002
   0.00000000000        0.00000000000        70.0000000000        1.72061547763      -5.070128559643E-002 -4.149069881618E-003
  0.558892006459      -0.191867868166        70.0000000000        1.72494557357      -4.827116581402E-002 -2.717602203659E-003
   1.11778401292      -0.383735736333        70.0000000000        1.73112648356      -3.859946242885E-002 -9.465256154063E-004
   1.67667601938      -0.575603604499        70.0000000000        1.73913418396      -3.103955278830E-002  2.742986355895E-004
   2.23556802584      -0.767471472666        70.0000000000        1.74043122425      -1.961463426127E-002  2.919941929311E-003
   2.79446003230      -0.959339340832        70.0000000000        1.80303533587      -4.267215175000E-002  7.130448616446E-003
   3.35335203876       -1.15120720900        70.0000000000        1.74996256426      -8.171601916540E-002  9.361435224492E-003
   3.91224404522       -1.34307507716        70.0000000000        1.79542634187      -0.117335410261       6.517547607437E-003
   4.47113605168       -1.53494294533        70.0000000000        1.70965311250      -0.239323393573       7.696765913042E-003
   5.03002805814       -1.72681081350        70.0000000000        1.51453006847      -0.246743738616       5.229106499364E-003
   5.58892006459       -1.91867868166        70.0000000000        1.38354037647      -0.239812507882       1.224722506300E-002
   6.14781207105       -2.11054654983        70.0000000000        1.22932902673      -0.238788476595       7.254551521527E-003
   0.00000000000        0.00000000000        70.0000000000        1.72061547763      -5.070128559643E-002 -4.149069881618E-003
  0.590909090909        0.00000000000        70.0000000000        1.72877909662      -4.342092981285E-002 -2.095751181165E-003
   1.18181818182      -1.172487511250E-015   70.0000000000        1.73883146783      -2.920235508097E-002  3.431152847203E-004
   1.77272727273        0.00000000000        70.0000000000        1.74958123450      -1.744697315856E-002  2.938209888130E-003
   2.36363636364        0.00000000000        70.0000000000        1.76012597082      -6.104440449108E-003  5.274292919532E-003
   2.95454545455        0.00000000000        70.0000000000        1.75926855859       7.545639427312E-004  6.891090915985E-003
   3.54545454545        0.00000000000        70.0000000000        1.69285161773       2.106576068656E-003  6.373663417833E-003
   4.13636363636        0.00000000000        70.0000000000        1.62632163527       1.821002730843E-003  5.662725270610E-003
   4.72727272727        0.00000000000        70.0000000000        1.56426049160       2.789657838880E-004  4.885084137259E-003
   5.31818181818        0.00000000000        70.0000000000        1.48265212578      -3.563128797816E-003  5.633452270425E-003
   5.90909090909        0.00000000000        70.0000000000        1.40339429860      -3.951870694350E-003  4.822237271512E-003
   6.50000000000        0.00000000000        70.0000000000        1.32413647142      -4.340612590884E-003  4.011022272599E-003
