 12 20 1 1
 1 X [LENGU]
 2 Y [LENGU]
 3 Z [LENGU]
 4 Hx [FIELU]
 5 Hy [FIELU]
 6 Hz [FIELU]
 0
   0.00000000000        0.00000000000        70.0000000000        2.78426825193      -6.649984736932E-002 -5.608714592203E-003
  0.590909090909        0.00000000000        70.0000000000        2.78603568811      -6.018795726713E-002 -4.207685940918E-003
   1.18181818182        0.00000000000        70.0000000000        2.79317081736      -4.239048737003E-002 -1.899458020471E-003
   1.77272727273        0.00000000000        70.0000000000        2.80600706618      -2.742820402019E-002  1.080206038320E-003
   2.36363636364        0.00000000000        70.0000000000        2.82004393135      -1.240718166429E-002  4.077796339542E-003
   2.95454545455        0.00000000000        70.0000000000        2.86617982213      -2.806458612734E-003  1.021081786918E-002
   3.54545454545        0.00000000000        70.0000000000        2.75684863375       2.727614091131E-004  9.472030953245E-003
   4.13636363636        0.00000000000        70.0000000000        2.64748630625       9.071503533090E-004  8.418822271117E-003
   4.72727272727        0.00000000000        70.0000000000        2.54552348383      -3.445082316815E-004  7.266228309308E-003
   5.31818181818        0.00000000000        70.0000000000        2.41151189517      -5.951323772586E-003  8.732867742376E-003
   5.90909090909        0.00000000000        70.0000000000        2.28103767912      -6.171276108663E-003  7.644676511240E-003
   6.50000000000        0.00000000000        70.0000000000        2.15056346306      -6.391228444740E-003  6.556485280104E-003
   0.00000000000        0.00000000000        70.0000000000        2.78426825193      -6.649984736932E-002 -5.608714592203E-003
  0.558892006459       0.191867868166        70.0000000000        2.78864292920      -5.561325904090E-002 -3.767191107135E-003
   1.11778401292       0.383735736333        70.0000000000        2.80138517053      -3.470804718100E-002 -5.167360424847E-004
   1.67667601938       0.575603604499        70.0000000000        2.81725751719      -1.550346866675E-002  3.268651341581E-003
   2.23556802584       0.767471472666        70.0000000000        2.82820095731      -9.320649123966E-004  5.435474885852E-003
   2.79446003230       0.959339340832        70.0000000000        2.92186504692       6.069839069358E-002  8.336603404345E-003
   3.35335203876        1.15120720900        70.0000000000        2.84303706740       0.195271215899       1.041250927552E-002
   3.91224404522        1.34307507716        70.0000000000        2.77681573388       0.283307080945       1.127656694747E-002
   4.47113605168        1.53494294533        70.0000000000        2.70344731615       0.374016968890       1.138349184274E-002
   5.03002805814        1.72681081350        70.0000000000        2.43519003602       0.416811801335       9.697474807624E-003
   5.58892006459        1.91867868166        70.0000000000        2.21224527248       0.399209926620       1.774685094204E-002
   6.14781207105        2.11054654983        70.0000000000        2.01068962034       0.419409470807       4.053241656642E-002
   0.00000000000        0.00000000000        70.0000000000        2.78426825193      -6.649984736932E-002 -5.608714592203E-003
  0.466310301007       0.362943875680        70.0000000000        2.79027186900      -5.350079892571E-002 -3.611611814062E-003
  0.932620602014       0.725887751361        70.0000000000        2.80611246151      -3.120167860268E-002  4.018350431538E-005
   1.39893090302        1.08883162704        70.0000000000        2.81822273423      -1.204696541451E-002  3.401810314357E-003
   1.86524120403        1.45177550272        70.0000000000        2.82600981153       3.737010847924E-003  6.234871692530E-003
   2.33155150503        1.81471937840        70.0000000000        3.14400945075       4.792347751871E-002  6.972805561420E-003
   2.79786180604        2.17766325408        70.0000000000        3.09488259329       0.230161396902       9.772212458798E-003
   3.26417210705        2.54060712976        70.0000000000        3.07154197801       0.383269433021       1.097998166292E-002
   3.73048240806        2.90355100544        70.0000000000        3.03650308123       0.747722391966       1.040250272225E-002
   4.19679270906        3.26649488112        70.0000000000        2.96768044305        1.12977795534      -1.619449611925E-002
   4.66310301007        3.62943875680        70.0000000000        2.80447067752        1.52107776032      -3.461310916912E-002
   5.12941331108        3.99238263248        70.0000000000        2.31493664372        1.47896687545      -2.999498737129E-002
   0.00000000000        0.00000000000        70.0000000000        2.78426825193      -6.649984736932E-002 -5.608714592203E-003
  0.323196638891       0.494689282610        70.0000000000        2.79074598659      -5.407949475324E-002 -3.757807492164E-003
  0.646393277781       0.989378565219        70.0000000000        2.80684041498      -3.225135107742E-002 -2.890502544640E-004
  0.969589916672        1.48406784783        70.0000000000        2.81676000545      -1.437341468389E-002  2.615106969918E-003
   1.29278655556        1.97875713044        70.0000000000        2.82365122160      -4.753581291067E-003  5.422338708735E-003
   1.61598319445        2.47344641305        70.0000000000        3.26722532409      -5.297047512542E-002  3.982307592543E-003
   1.93917983334        2.96813569566        70.0000000000        3.44372938496      -8.993309681647E-002  2.988154525467E-003
   2.26237647223        3.46282497827        70.0000000000        3.77754000817      -9.488370953336E-002 -2.138354197700E-004
   2.58557311112        3.95751426088        70.0000000000        4.52394418801       0.105388040209      -1.943645755079E-003
   2.90876975001        4.45220354349        70.0000000000        5.51091957584       0.849245586562       7.650233880167E-003
   3.23196638891        4.94689282610        70.0000000000        5.15394280007        4.87954953182       3.465154846233E-003
   3.55516302780        5.44158210871        70.0000000000        1.61609015360        3.94426731907       2.942380634028E-004
   0.00000000000        0.00000000000        70.0000000000        2.78426825193      -6.649984736932E-002 -5.608714592203E-003
  0.145059606038       0.572827429873        70.0000000000        2.79001390398      -5.728663585119E-002 -4.189935571259E-003
  0.290119212075        1.14565485975        70.0000000000        2.80349014588      -3.774331630525E-002 -1.468759732471E-003
  0.435178818113        1.71848228962        70.0000000000        2.81302784022      -2.223070959798E-002  9.937928225944E-004
  0.580238424151        2.29130971949        70.0000000000        2.82057870818      -4.083023406264E-002  5.766067723770E-004
  0.725298030189        2.86413714937        70.0000000000        3.28312718022      -0.144793012381      -4.673386908196E-004
  0.870357636226        3.43696457924        70.0000000000        3.36640851074      -0.234059765427      -2.545479331598E-003
   1.01541724226        4.00979200911        70.0000000000        3.02700336773      -0.561287398155      -7.278239740652E-003
   1.16047684830        4.58261943899        70.0000000000        2.76302059697       -1.03903582836      -1.116351069042E-003
   1.30553645434        5.15544686886        70.0000000000        2.16887466205       -1.59930825141      -1.203068400130E-002
   1.45059606038        5.72827429873        70.0000000000        1.03463001653       -1.64376680686      -2.703936447529E-002
   1.59565566642        6.30110172861        70.0000000000       3.444697994912E-002  -1.18164959436      -1.401082346410E-002
   0.00000000000        0.00000000000        70.0000000000        2.78426825193      -6.649984736932E-002 -5.608714592203E-003
 -4.879688596092E-002  0.588890836777        70.0000000000        2.78815495369      -6.277467871767E-002 -4.861168268820E-003
 -9.759377192185E-002   1.17778167355        70.0000000000        2.79669476976      -4.721449664948E-002 -3.325936899489E-003
 -0.146390657883        1.76667251033        70.0000000000        2.80743067656      -3.476739033433E-002 -1.286437582471E-003
 -0.195187543844        2.35556334711        70.0000000000        2.81382275848      -6.373821749492E-002 -3.504194699958E-003
 -0.243984429805        2.94445418388        70.0000000000        3.28527633547       6.550884706863E-002 -7.837525158340E-003
 -0.292781315766        3.53334502066        70.0000000000        3.40560897665       0.188526007049      -2.795113235887E-003
 -0.341578201726        4.12223585744        70.0000000000        3.00498329613       0.200549367102      -2.982879229530E-003
 -0.390375087687        4.71112669421        70.0000000000        2.54219266778       0.364150901864      -1.125399717987E-003
 -0.439171973648        5.30001753099        70.0000000000        1.86205044009       0.444653027905       6.532604661779E-004
 -0.487968859609        5.88890836777        70.0000000000        1.23278716873       0.563185434565       5.311726043550E-003
 -0.536765745570        6.47779920454        70.0000000000       0.759150289810       0.509844360180       5.103802659445E-003
   0.00000000000        0.00000000000        70.0000000000        2.78426825193      -6.649984736932E-002 -5.608714592203E-003
 -0.237365478204       0.541138783933        70.0000000000        2.78842547876      -6.217889840781E-002 -5.181630307741E-003
 -0.474730956408        1.08227756787        70.0000000000        2.79258270559      -5.785794944629E-002 -4.754546023279E-003
 -0.712096434612        1.62341635180        70.0000000000        2.79688147020      -5.317700468529E-002 -4.303502044148E-003
 -0.949461912816        2.16455513573        70.0000000000        2.80367512603      -5.261860558226E-002 -4.138095614198E-003
  -1.18682739102        2.70569391966        70.0000000000        3.26191285377       0.108770064686      -8.992795629732E-003
  -1.42419286922        3.24683270360        70.0000000000        3.39054073726       0.308066670058      -5.464467994084E-003
  -1.66155834743        3.78797148753        70.0000000000        3.53893226112       0.535928223945      -1.919487318867E-003
  -1.89892382563        4.32911027146        70.0000000000        3.90252392289        1.14016432655      -1.336881758464E-004
  -2.13628930384        4.87024905539        70.0000000000        4.71250246178        3.05930962180       5.248419716746E-004
  -2.37365478204        5.41138783933        70.0000000000        1.20149438695        4.89740177940       1.553866152244E-003
  -2.61102026024        5.95252662326        70.0000000000       -2.85333304631       0.891081128405       3.084491423162E-003
   0.00000000000        0.00000000000        70.0000000000        2.78426825193      -6.649984736932E-002 -5.608714592203E-003
 -0.400211837779       0.434745947216        70.0000000000        2.78988362490      -5.788486331427E-002 -5.271070354696E-003
 -0.800423675558       0.869491894432        70.0000000000        2.79549899787      -4.926987925922E-002 -4.933426117188E-003
  -1.20063551334        1.30423784165        70.0000000000        2.80111437084      -4.065489520416E-002 -4.595781879681E-003
  -1.60084735112        1.73898378886        70.0000000000        2.80596871636      -3.785042938610E-002 -3.699984519221E-003
  -2.00105918889        2.17372973608        70.0000000000        3.03441827313       0.204618571753      -3.131017618403E-003
  -2.40127102667        2.60847568330        70.0000000000        3.32136440657      -0.143546910892      -1.200832200899E-002
  -2.80148286445        3.04322163051        70.0000000000        3.38161533731      -0.353256412767      -1.111048000833E-002
  -3.20169470223        3.47796757773        70.0000000000        3.61168522942      -0.661747450163      -1.725066979178E-002
  -3.60190654001        3.91271352494        70.0000000000        3.68461077005       -1.38385296242      -1.825395691872E-003
  -4.00211837779        4.34745947216        70.0000000000        3.43718498931       -2.14608102674       8.926840832798E-003
  -4.40233021557        4.78220541938        70.0000000000        2.75346224237       -2.15719348791       7.400344214655E-003
   0.00000000000        0.00000000000        70.0000000000        2.78426825193      -6.649984736932E-002 -5.608714592203E-003
 -0.519689034804       0.281241641340        70.0000000000        2.79436555208      -5.031363159441E-002 -4.791412099019E-003
  -1.03937806961       0.562483282680        70.0000000000        2.80896021718      -2.891381182013E-002 -3.224171154082E-003
  -1.55906710441       0.843724924020        70.0000000000        2.81981881154      -1.316137297153E-002 -2.096948882577E-003
  -2.07875613922        1.12496656536        70.0000000000        2.81689244418      -2.118281249469E-002 -2.774303976202E-003
  -2.59844517402        1.40620820670        70.0000000000        3.01548682208      -6.416960389919E-002 -9.997667665231E-003
  -3.11813420882        1.68744984804        70.0000000000        2.91812285972      -0.231375192996      -6.573364421989E-003
  -3.63782324363        1.96869148938        70.0000000000        2.82075889736      -0.398580782093      -3.149061178748E-003
  -4.15751227843        2.24993313072        70.0000000000        2.72339493500      -0.565786371190       2.752420644936E-004
  -4.67720131323        2.53117477206        70.0000000000        2.62144769961      -0.684867416645       1.837554905041E-003
  -5.19689034804        2.81241641340        70.0000000000        2.33838371786      -0.863605145911       7.860952309824E-003
  -5.71657938284        3.09365805474        70.0000000000        2.05180506385       -1.04123478270      -1.862848142695E-003
   0.00000000000        0.00000000000        70.0000000000        2.78426825193      -6.649984736932E-002 -5.608714592203E-003
 -0.582849861102       9.726043971134E-002   70.0000000000        2.80288825764      -3.854366635195E-002 -3.544060497375E-003
  -1.16569972220       0.194520879423        70.0000000000        2.82667936705      -7.312974490867E-003 -6.662132897147E-004
  -1.74854958330       0.291781319134        70.0000000000        2.83712778638       5.102928728139E-003  6.475557589246E-004
  -2.33139944441       0.389041758845        70.0000000000        2.84380310819       1.044955543417E-002  1.084259724336E-003
  -2.91424930551       0.486302198557        70.0000000000        2.85816143650      -5.770957717996E-002 -9.672854468995E-003
  -3.49709916661       0.583562638268        70.0000000000        2.74555585855      -0.106426764396      -8.752202469273E-003
  -4.07994902771       0.680823077979        70.0000000000        2.63295028060      -0.155143951613      -7.831550469551E-003
  -4.66279888881       0.778083517691        70.0000000000        2.51936566294      -0.180782265909      -8.031417901561E-003
  -5.24564874991       0.875343957402        70.0000000000        2.38317794550      -0.174922417443      -8.727389266531E-003
  -5.82849861102       0.972604397113        70.0000000000        2.23675264686      -0.175006876400      -8.807085939536E-003
  -6.41134847212        1.06986483682        70.0000000000        2.06661886110      -0.171811794155      -9.804110454079E-003
   0.00000000000        0.00000000000        70.0000000000        2.78426825193      -6.649984736932E-002 -5.608714592203E-003
 -0.582849861102      -9.726043971134E-002   70.0000000000        2.80901839598      -3.069211781806E-002 -2.591145991250E-003
  -1.16569972220      -0.194520879423        70.0000000000        2.84105769659      -6.941874880535E-003  1.388206719531E-003
  -1.74854958330      -0.291781319134        70.0000000000        2.85063962707       1.770637378315E-003  2.643742658831E-003
  -2.33139944441      -0.389041758845        70.0000000000        2.85939674176       2.084516002354E-002  3.775677953530E-003
  -2.91424930551      -0.486302198557        70.0000000000        2.87194137450       3.665128021094E-002 -4.880635843612E-003
  -3.49709916661      -0.583562638268        70.0000000000        2.76594972498       8.312168312800E-002 -4.880313807179E-003
  -4.07994902771      -0.680823077979        70.0000000000        2.65890169282       0.103371220477      -5.347655999570E-003
  -4.66279888881      -0.778083517691        70.0000000000        2.54230981578       0.136932991343      -5.936906921523E-003
  -5.24564874991      -0.875343957402        70.0000000000        2.42232850051       0.165136790526      -6.187725437917E-003
  -5.82849861102      -0.972604397113        70.0000000000        2.27970680464       0.191305111196      -8.193895444860E-003
  -6.41134847212       -1.06986483682        70.0000000000        2.06484323583       0.196876840903      -1.418389824122E-002
   0.00000000000        0.00000000000        70.0000000000        2.78426825193      -6.649984736932E-002 -5.608714592203E-003
 -0.519689034804      -0.281241641340        70.0000000000        2.81372599569      -3.231358526096E-002 -1.882491433103E-003
  -1.03937806961      -0.562483282680        70.0000000000        2.84801029779      -1.272455755152E-002  1.923287435449E-003
  -1.55906710441      -0.843724924020        70.0000000000        2.86247626040      -4.870279928804E-003  3.410872840209E-003
  -2.07875613922       -1.12496656536        70.0000000000        2.86878776951       1.384423061076E-002  5.390206842081E-003
  -2.59844517402       -1.40620820670        70.0000000000        3.01266329283       6.335628792000E-002 -2.974119459541E-003
  -3.11813420882       -1.68744984804        70.0000000000        2.92381046637       0.149489253350      -2.484498711231E-003
  -3.63782324363       -1.96869148938        70.0000000000        2.81896116270       0.304425335185      -6.908334729166E-005
  -4.15751227843       -2.24993313072        70.0000000000        2.72129809200       0.465964715069       2.315376533391E-003
  -4.67720131323       -2.53117477206        70.0000000000        2.60640823707       0.675272299543       1.985084079669E-003
  -5.19689034804       -2.81241641340        70.0000000000        2.32921668027       0.846397442291      -1.527219869786E-002
  -5.71657938284       -3.09365805474        70.0000000000        1.91040630206        1.01907656081      -3.689045989046E-002
   0.00000000000        0.00000000000        70.0000000000        2.78426825193      -6.649984736932E-002 -5.608714592203E-003
 -0.400211837779      -0.434745947216        70.0000000000        2.81417745692      -3.654519254122E-002 -1.713030836010E-003
 -0.800423675558      -0.869491894432        70.0000000000        2.85537051991      -1.538971749474E-002  2.072184023247E-003
  -1.20063551334       -1.30423784165        70.0000000000        2.86930217475      -1.592495108335E-002  3.050526295171E-003
  -1.60084735112       -1.73898378886        70.0000000000        2.87297352379      -2.820635723791E-003  3.758532655438E-003
  -2.00105918889       -2.17372973608        70.0000000000        3.10028881473      -5.588464828554E-002 -3.497511443248E-003
  -2.40127102667       -2.60847568330        70.0000000000        3.40934883148       0.214492659410      -7.359180866159E-004
  -2.80148286445       -3.04322163051        70.0000000000        3.55667839682       0.464145879571      -5.288199738664E-004
  -3.20169470223       -3.47796757773        70.0000000000        3.70192193263       0.678603179537       1.327353419279E-004
  -3.60190654001       -3.91271352494        70.0000000000        3.69938484720        1.37884635782       1.505605702719E-002
  -4.00211837779       -4.34745947216        70.0000000000        3.36260900839        2.05180925769       6.852006592318E-002
  -4.40233021557       -4.78220541938        70.0000000000        2.91894586287        2.19960872657       7.215307431924E-003
   0.00000000000        0.00000000000        70.0000000000        2.78426825193      -6.649984736932E-002 -5.608714592203E-003
 -0.237365478204      -0.541138783933        70.0000000000        2.81032385684      -4.292837934986E-002 -2.101127885117E-003
 -0.474730956408       -1.08227756787        70.0000000000        2.83438362478      -9.922128133404E-002  4.709655417697E-004
 -0.712096434612       -1.62341635180        70.0000000000        2.86028874317      -6.541874447559E-002  1.623214314938E-003
 -0.949461912816       -2.16455513573        70.0000000000        2.84142953786      -0.176330226143      -5.432776976778E-003
  -1.18682739102       -2.70569391966        70.0000000000        3.21795620882      -9.649242007702E-002 -1.228388561268E-003
  -1.42419286922       -3.24683270360        70.0000000000        3.34373273662      -0.161421695776      -3.828276613454E-003
  -1.66155834743       -3.78797148753        70.0000000000        3.48027610122      -0.545044324359      -2.190032021274E-003
  -1.89892382563       -4.32911027146        70.0000000000        3.80286255368      -0.925442977077       5.128483039063E-004
  -2.13628930384       -4.87024905539        70.0000000000        4.48925043558       -3.01557498026      -9.123398866577E-004
  -2.37365478204       -5.41138783933        70.0000000000       0.373057572580       -7.32593663970      -2.551747865752E-003
  -2.61102026024       -5.95252662326        70.0000000000       -2.73519816804      -0.872099419790      -3.853857639361E-003
   0.00000000000        0.00000000000        70.0000000000        2.78426825193      -6.649984736932E-002 -5.608714592203E-003
 -4.879688596092E-002 -0.588890836777        70.0000000000        2.80258279282      -5.077142835083E-002 -3.004726243209E-003
 -9.759377192185E-002  -1.17778167355        70.0000000000        2.79108227283      -0.242343397815      -2.509470815200E-003
 -0.146390657883       -1.76667251033        70.0000000000        2.79784712138      -0.260814506127      -2.317802595414E-003
 -0.195187543844       -2.35556334711        70.0000000000        2.80202515635      -0.371101894199      -1.875131628911E-002
 -0.243984429805       -2.94445418388        70.0000000000        3.23167886978      -4.779803234125E-002 -1.133752640908E-003
 -0.292781315766       -3.53334502066        70.0000000000        3.23292329510       4.115758893249E-002 -2.900064443683E-003
 -0.341578201726       -4.12223585744        70.0000000000        2.94881744624      -0.195211599398      -2.405329845584E-003
 -0.390375087687       -4.71112669421        70.0000000000        2.46849350407      -0.276586272400      -2.676145493727E-003
 -0.439171973648       -5.30001753099        70.0000000000        1.83967302874      -0.459700428689       8.733012699639E-003
 -0.487968859609       -5.88890836777        70.0000000000        1.20857741753      -0.576233394336       8.724279689009E-003
 -0.536765745570       -6.47779920454        70.0000000000       0.689021577008      -0.401252521266       1.627476934706E-002
   0.00000000000        0.00000000000        70.0000000000        2.78426825193      -6.649984736932E-002 -5.608714592203E-003
  0.145059606038      -0.572827429873        70.0000000000        2.79179312925      -5.922442348741E-002 -4.325907007411E-003
  0.290119212075       -1.14565485975        70.0000000000        2.75827421360      -0.314269741469      -4.335923635867E-003
  0.435178818113       -1.71848228962        70.0000000000        2.73577791212      -0.320583836459      -2.108615942773E-003
  0.580238424151       -2.29130971949        70.0000000000        2.76814032576      -0.236688426949      -7.404758123278E-003
  0.725298030189       -2.86413714937        70.0000000000        3.32877944163       6.891909886038E-002 -2.509520136254E-003
  0.870357636226       -3.43696457924        70.0000000000        3.27994951891       0.390601157755       4.183899422462E-003
   1.01541724226       -4.00979200911        70.0000000000        3.27614554004       0.707615467542      -1.514856364744E-003
   1.16047684830       -4.58261943899        70.0000000000        2.91122851923       0.871373321181      -2.214149581550E-003
   1.30553645434       -5.15544686886        70.0000000000        2.10944285575        1.54752761523      -3.120835360268E-003
   1.45059606038       -5.72827429873        70.0000000000        1.01759311203        1.63723904230       9.219281711604E-003
   1.59565566642       -6.30110172861        70.0000000000       0.106610212347        1.22150233833       5.171525281539E-003
   0.00000000000        0.00000000000        70.0000000000        2.78426825193      -6.649984736932E-002 -5.608714592203E-003
  0.323196638891      -0.494689282610        70.0000000000        2.78058705160      -7.158190321929E-002 -5.784148415145E-003
  0.646393277781      -0.989378565219        70.0000000000        2.78672802179      -0.123533391595      -4.477730179581E-003
  0.969589916672       -1.48406784783        70.0000000000        2.76031068700      -0.174384944001      -4.154377386849E-003
   1.29278655556       -1.97875713044        70.0000000000        2.75262293837      -7.565802353616E-002 -3.354736836576E-003
   1.61598319445       -2.47344641305        70.0000000000        3.30368465365       8.041705166028E-003  1.169411084665E-002
   1.93917983334       -2.96813569566        70.0000000000        3.47280619229      -0.186825976873       7.708151842930E-003
   2.26237647223       -3.46282497827        70.0000000000        3.60665550364      -0.217238916238       3.608094621404E-003
   2.58557311112       -3.95751426088        70.0000000000        4.29765734880      -3.337686698986E-002  3.254701756698E-003
   2.90876975001       -4.45220354349        70.0000000000        5.54914033040      -0.977389734434       1.428776057068E-002
   3.23196638891       -4.94689282610        70.0000000000        5.45495231016       -4.27470779837       2.307931751533E-002
   3.55516302780       -5.44158210871        70.0000000000        1.80735153183       -4.07560279129       2.987011975655E-002
   0.00000000000        0.00000000000        70.0000000000        2.78426825193      -6.649984736932E-002 -5.608714592203E-003
  0.466310301007      -0.362943875680        70.0000000000        2.77909183921      -7.452800927254E-002 -5.726782178325E-003
  0.932620602014      -0.725887751361        70.0000000000        2.77923899901      -7.107687404226E-002 -5.111158052792E-003
   1.39893090302       -1.08883162704        70.0000000000        2.78138660217      -6.777852650581E-002 -4.341021419980E-003
   1.86524120403       -1.45177550272        70.0000000000        2.76576349946      -4.868458030255E-002 -3.458574426019E-004
   2.33155150503       -1.81471937840        70.0000000000        3.19261322700      -4.843441505944E-002  1.310135083761E-002
   2.79786180604       -2.17766325408        70.0000000000        3.25422288854      -0.226240832040       1.154409774656E-002
   3.26417210705       -2.54060712976        70.0000000000        3.22058639974      -0.409616894801       1.270830350971E-002
   3.73048240806       -2.90355100544        70.0000000000        3.10541313253      -0.649680391606       1.598385889849E-002
   4.19679270906       -3.26649488112        70.0000000000        3.00546304945       -1.13980593910       2.643620127714E-002
   4.66310301007       -3.62943875680        70.0000000000        2.77948927021       -1.46885955397       3.739664085872E-002
   5.12941331108       -3.99238263248        70.0000000000        2.29172076080       -1.51828506788       4.177552822287E-002
   0.00000000000        0.00000000000        70.0000000000        2.78426825193      -6.649984736932E-002 -5.608714592203E-003
  0.558892006459      -0.191867868166        70.0000000000        2.78273268075      -6.672915406784E-002 -4.885361865188E-003
   1.11778401292      -0.383735736333        70.0000000000        2.78585022388      -5.512344734982E-002 -3.374324092224E-003
   1.67667601938      -0.575603604499        70.0000000000        2.79353691912      -4.594193618253E-002 -2.231249235220E-003
   2.23556802584      -0.767471472666        70.0000000000        2.79424121965      -3.066109712107E-002  1.098560658718E-003
   2.79446003230      -0.959339340832        70.0000000000        2.93278188830      -7.710743418580E-002  1.065137257839E-002
   3.35335203876       -1.15120720900        70.0000000000        2.84667201151      -0.140170102920       1.454050430686E-002
   3.91224404522       -1.34307507716        70.0000000000        2.92128445118      -0.195068204372       1.014355949513E-002
   4.47113605168       -1.53494294533        70.0000000000        2.78159280960      -0.393268117666       1.231995243630E-002
   5.03002805814       -1.72681081350        70.0000000000        2.46200927867      -0.406732362290       8.032643519123E-003
   5.58892006459       -1.91867868166        70.0000000000        2.24726740023      -0.395668232412       1.995738395035E-002
   6.14781207105       -2.11054654983        70.0000000000        1.99485396485      -0.394227530108       1.209542256137E-002
   0.00000000000        0.00000000000        70.0000000000        2.78426825193      -6.649984736932E-002 -5.608714592203E-003
  0.590909090909        0.00000000000        70.0000000000        2.78603568811      -6.018795726713E-002 -4.207685940918E-003
   1.18181818182      -1.172487511250E-015   70.0000000000        2.79317081736      -4.239048737003E-002 -1.899458020471E-003
   1.77272727273        0.00000000000        70.0000000000        2.80600706618      -2.742820402019E-002  1.080206038320E-003
   2.36363636364        0.00000000000        70.0000000000        2.82004393135      -1.240718166429E-002  4.077796339542E-003
   2.95454545455        0.00000000000        70.0000000000        2.86617982213      -2.806458612734E-003  1.021081786918E-002
   3.54545454545        0.00000000000        70.0000000000        2.75684863375       2.727614091131E-004  9.472030953245E-003
   4.13636363636        0.00000000000        70.0000000000        2.64748630625       9.071503533090E-004  8.418822271117E-003
   4.72727272727        0.00000000000        70.0000000000        2.54552348383      -3.445082316815E-004  7.266228309308E-003
   5.31818181818        0.00000000000        70.0000000000        2.41151189517      -5.951323772586E-003  8.732867742376E-003
   5.90909090909        0.00000000000        70.0000000000        2.28103767912      -6.171276108663E-003  7.644676511240E-003
   6.50000000000        0.00000000000        70.0000000000        2.15056346306      -6.391228444740E-003  6.556485280104E-003
