 12 20 1 1
 1 X [LENGU]
 2 Y [LENGU]
 3 Z [LENGU]
 4 Hx [FIELU]
 5 Hy [FIELU]
 6 Hz [FIELU]
 0
   0.00000000000        0.00000000000       -97.2000000000       0.528263884294      -9.387013703365E-002 -1.590537744346E-002
  0.590909090909        0.00000000000       -97.2000000000       0.536429585998      -0.115455509998      -2.175780620364E-002
   1.18181818182        0.00000000000       -97.2000000000       0.544935434811      -0.134386846231      -2.656579521331E-002
   1.77272727273        0.00000000000       -97.2000000000       0.545423169657      -0.135463081397      -2.757612077619E-002
   2.36363636364        0.00000000000       -97.2000000000       0.548488347359      -0.116231270828      -2.433900348060E-002
   2.95454545455        0.00000000000       -97.2000000000      -0.142410111086      -7.604539013344E-002 -0.160453920863     
   3.54545454545        0.00000000000       -97.2000000000      -0.171616723096      -4.474949395249E-002 -0.116975384881     
   4.13636363636        0.00000000000       -97.2000000000      -0.182379336042      -2.168465741793E-002 -7.023135635102E-002
   4.72727272727        0.00000000000       -97.2000000000      -0.163067187089      -6.884801677525E-003 -2.945945797263E-002
   5.31818181818        0.00000000000       -97.2000000000      -0.156418976088      -3.088014481701E-002 -3.055701994956E-002
   5.90909090909        0.00000000000       -97.2000000000      -0.143087564260      -2.526948401188E-002 -2.387393444232E-002
   6.50000000000        0.00000000000       -97.2000000000      -0.129756152432      -1.965882320674E-002 -1.719084893508E-002
   0.00000000000        0.00000000000       -97.2000000000       0.528263884294      -9.387013703365E-002 -1.590537744346E-002
  0.558892006459       0.191867868166       -97.2000000000       0.534345151891      -0.119677962513      -2.129717715511E-002
   1.11778401292       0.383735736333       -97.2000000000       0.537640189391      -0.145736470243      -2.771560947116E-002
   1.67667601938       0.575603604499       -97.2000000000       0.525989722924      -0.143584088659      -2.952806568815E-002
   2.23556802584       0.767471472666       -97.2000000000       0.532163799813      -0.126224721104      -2.702417642220E-002
   2.79446003230       0.959339340832       -97.2000000000      -3.275672375925E-002 -0.169739677147      -0.143460480129     
   3.35335203876        1.15120720900       -97.2000000000      -8.964634318697E-002 -0.146552835385      -0.113740370627     
   3.91224404522        1.34307507716       -97.2000000000      -0.113885496302      -0.128312220090      -7.121411005078E-002
   4.47113605168        1.53494294533       -97.2000000000      -0.133219804407      -0.101886124733      -3.666718897063E-002
   5.03002805814        1.72681081350       -97.2000000000      -0.135013193291      -9.766954606248E-002 -2.707054268260E-002
   5.58892006459        1.91867868166       -97.2000000000      -9.989288628728E-002 -6.684129493537E-002 -1.745249721543E-002
   6.14781207105        2.11054654983       -97.2000000000      -7.959267194288E-002 -5.417944053499E-002 -1.152470802740E-002
   0.00000000000        0.00000000000       -97.2000000000       0.528263884294      -9.387013703365E-002 -1.590537744346E-002
  0.466310301007       0.362943875680       -97.2000000000       0.533424275066      -0.127884274879      -2.219411219341E-002
  0.932620602014       0.725887751361       -97.2000000000       0.523480623013      -0.144081002197      -2.647594321520E-002
   1.39893090302        1.08883162704       -97.2000000000       0.520191341254      -0.139073988797      -2.680689806730E-002
   1.86524120403        1.45177550272       -97.2000000000       0.517242976235      -0.120502493736      -2.549551889006E-002
   2.33155150503        1.81471937840       -97.2000000000       0.119954146227      -0.219501576400      -0.117158327766     
   2.79786180604        2.17766325408       -97.2000000000      -6.133044320338E-003 -0.164404865308      -5.163222145986E-002
   3.26417210705        2.54060712976       -97.2000000000      -3.736315498468E-002 -0.156612857528      -3.442205294796E-002
   3.73048240806        2.90355100544       -97.2000000000      -4.376332942949E-002 -0.141812332985      -2.497270841057E-002
   4.19679270906        3.26649488112       -97.2000000000      -1.410303275676E-002 -0.118356432435      -1.348129420950E-002
   4.66310301007        3.62943875680       -97.2000000000      -1.932370242826E-002 -8.683189003819E-002 -9.523966301798E-003
   5.12941331108        3.99238263248       -97.2000000000      -2.564852989571E-002 -7.917299180428E-002 -5.935973843717E-003
   0.00000000000        0.00000000000       -97.2000000000       0.528263884294      -9.387013703365E-002 -1.590537744346E-002
  0.323196638891       0.494689282610       -97.2000000000       0.550530129355      -7.772823596600E-002 -1.222429191300E-002
  0.646393277781       0.989378565219       -97.2000000000       0.501448054662      -0.127991291824      -2.129844863515E-002
  0.969589916672        1.48406784783       -97.2000000000       0.478132395732      -0.116592856501      -1.966632267739E-002
   1.29278655556        1.97875713044       -97.2000000000       0.493637859579      -0.121078652219      -2.338351311548E-002
   1.61598319445        2.47344641305       -97.2000000000       0.222734194679      -0.184106252797      -9.546658212161E-002
   1.93917983334        2.96813569566       -97.2000000000       0.166575427007      -0.179970783758      -5.520579168645E-002
   2.26237647223        3.46282497827       -97.2000000000       0.108957501970      -0.132425990803      -2.317054951713E-002
   2.58557311112        3.95751426088       -97.2000000000       7.815016344847E-002 -0.127321711698      -1.815860949710E-002
   2.90876975001        4.45220354349       -97.2000000000       8.582099387012E-002 -0.103745714931      -1.056770354711E-002
   3.23196638891        4.94689282610       -97.2000000000       6.696743116944E-002 -4.685889853936E-002 -8.557077509041E-003
   3.55516302780        5.44158210871       -97.2000000000       1.876254014645E-002 -3.672745102189E-002 -7.227554052753E-003
   0.00000000000        0.00000000000       -97.2000000000       0.528263884294      -9.387013703365E-002 -1.590537744346E-002
  0.145059606038       0.572827429873       -97.2000000000       0.564663902221      -1.447191652834E-002  3.673606377686E-004
  0.290119212075        1.14565485975       -97.2000000000       0.507667867211      -4.688111579326E-002 -4.211992083228E-003
  0.435178818113        1.71848228962       -97.2000000000       0.450671832201      -7.929031505817E-002 -8.791344804225E-003
  0.580238424151        2.29130971949       -97.2000000000       0.466814879154      -0.103021846703      -1.623693900552E-002
  0.725298030189        2.86413714937       -97.2000000000       0.396152317917      -0.160420033475       1.901722752444E-003
  0.870357636226        3.43696457924       -97.2000000000       0.218389087041      -6.614654866936E-002 -1.432256180908E-002
   1.01541724226        4.00979200911       -97.2000000000       0.189173997365      -4.977944793230E-002 -7.604067713646E-003
   1.16047684830        4.58261943899       -97.2000000000       0.137050336418      -3.762900856112E-002 -9.821757655563E-004
   1.30553645434        5.15544686886       -97.2000000000       0.108680821811      -4.139959833248E-002 -2.078542856928E-003
   1.45059606038        5.72827429873       -97.2000000000       7.300377801828E-002 -3.044795018213E-002  1.678902825144E-005
   1.59565566642        6.30110172861       -97.2000000000       4.357494984994E-002 -2.332194405721E-002  1.414699255332E-003
   0.00000000000        0.00000000000       -97.2000000000       0.528263884294      -9.387013703365E-002 -1.590537744346E-002
 -4.879688596092E-002  0.588890836777       -97.2000000000       0.562425499107      -1.661506978866E-002  3.928003681851E-003
 -9.759377192185E-002   1.17778167355       -97.2000000000       0.503191060983      -5.116742231389E-002  2.909294004937E-003
 -0.146390657883        1.76667251033       -97.2000000000       0.442993480966      -9.222444758750E-002 -1.051473857740E-003
 -0.195187543844        2.35556334711       -97.2000000000       0.472170692797      -0.108696371511      -4.144718082186E-003
 -0.243984429805        2.94445418388       -97.2000000000       0.264227700231       5.801087673018E-002  3.947843788044E-002
 -0.292781315766        3.53334502066       -97.2000000000       0.208425193234       6.200008230357E-002  1.143025092650E-002
 -0.341578201726        4.12223585744       -97.2000000000       0.158157791401       8.061927957877E-002  1.296948668126E-002
 -0.390375087687        4.71112669421       -97.2000000000       0.125981409599       6.260405648608E-002  1.020979666576E-002
 -0.439171973648        5.30001753099       -97.2000000000       9.665690812212E-002  5.045303990434E-002  9.297199939072E-003
 -0.487968859609        5.88890836777       -97.2000000000       7.187857428749E-002  4.590509480783E-002  4.195730748908E-003
 -0.536765745570        6.47779920454       -97.2000000000       5.905688655291E-002  4.724890498977E-002  3.955480331970E-003
   0.00000000000        0.00000000000       -97.2000000000       0.528263884294      -9.387013703365E-002 -1.590537744346E-002
 -0.237365478204       0.541138783933       -97.2000000000       0.566606066481      -1.501393951788E-002  7.599039726337E-003
 -0.474730956408        1.08227756787       -97.2000000000       0.510645268565      -5.338239860169E-002  7.842516020006E-003
 -0.712096434612        1.62341635180       -97.2000000000       0.472192661143      -9.743606435333E-002 -1.494470434657E-003
 -0.949461912816        2.16455513573       -97.2000000000       0.488854789475      -0.103269699694      -2.597665672949E-003
  -1.18682739102        2.70569391966       -97.2000000000       0.188728029186       0.165244173808       9.124290568140E-002
  -1.42419286922        3.24683270360       -97.2000000000       0.147349979960       0.178539586208       2.222805028194E-002
  -1.66155834743        3.78797148753       -97.2000000000       9.048582979583E-002  0.168657750602       2.446457958178E-002
  -1.89892382563        4.32911027146       -97.2000000000       8.646441905787E-002  0.150964238900       1.620119515852E-002
  -2.13628930384        4.87024905539       -97.2000000000       6.679657609056E-002  0.138893415366       1.235416261357E-002
  -2.37365478204        5.41138783933       -97.2000000000       2.536310359804E-002  0.157212741316       9.949961210476E-003
  -2.61102026024        5.95252662326       -97.2000000000      -1.406169910461E-002  8.761210703800E-002  6.535783399187E-003
   0.00000000000        0.00000000000       -97.2000000000       0.528263884294      -9.387013703365E-002 -1.590537744346E-002
 -0.400211837779       0.434745947216       -97.2000000000       0.564026888622       5.328616042517E-003  8.716727769133E-003
 -0.800423675558       0.869491894432       -97.2000000000       0.528110499827      -5.992945161924E-002  7.098987019750E-003
  -1.20063551334        1.30423784165       -97.2000000000       0.505392761751      -9.783146037063E-002 -7.926664526509E-004
  -1.60084735112        1.73898378886       -97.2000000000       0.502274776817      -7.905383720838E-002 -1.005461515192E-003
  -2.00105918889        2.17372973608       -97.2000000000       7.002403387636E-002  0.339820125640       7.029148824760E-002
  -2.40127102667        2.60847568330       -97.2000000000       2.228445252034E-002  0.201323411594       6.953663644539E-002
  -2.80148286445        3.04322163051       -97.2000000000       3.629385884129E-003  0.198679065911       3.562921867555E-002
  -3.20169470223        3.47796757773       -97.2000000000      -8.853428791917E-003  0.171351576684       2.774101543360E-002
  -3.60190654001        3.91271352494       -97.2000000000      -5.092038741197E-003  0.129536508043       2.158729133164E-002
  -4.00211837779        4.34745947216       -97.2000000000      -1.632910257055E-002  0.110773453346       1.770084414884E-002
  -4.40233021557        4.78220541938       -97.2000000000      -2.935529338290E-002  0.100803224675       1.304988535263E-002
   0.00000000000        0.00000000000       -97.2000000000       0.528263884294      -9.387013703365E-002 -1.590537744346E-002
 -0.519689034804       0.281241641340       -97.2000000000       0.541814690958      -2.280306020444E-002  1.746960674690E-004
  -1.03937806961       0.562483282680       -97.2000000000       0.546500454038      -2.797198265244E-002  1.108153409949E-002
  -1.55906710441       0.843724924020       -97.2000000000       0.515741327358      -5.548199192862E-002  2.782310312268E-003
  -2.07875613922        1.12496656536       -97.2000000000       0.494447565860      -2.037504473708E-002  2.279102315305E-003
  -2.59844517402        1.40620820670       -97.2000000000      -3.349727154849E-002  0.154930125419       0.127198614785     
  -3.11813420882        1.68744984804       -97.2000000000      -7.681175468415E-002  0.155654386117       7.340694240566E-002
  -3.63782324363        1.96869148938       -97.2000000000      -0.102780361373       0.149528458412       4.877557597582E-002
  -4.15751227843        2.24993313072       -97.2000000000      -0.109952696951       0.138554741247       4.421161608800E-002
  -4.67720131323        2.53117477206       -97.2000000000      -9.146180046150E-002  0.125063855888       3.561193808835E-002
  -5.19689034804        2.81241641340       -97.2000000000      -8.233540501227E-002  0.102783629828       2.568271418822E-002
  -5.71657938284        3.09365805474       -97.2000000000      -7.251422824592E-002  9.008501614274E-002  1.727416537740E-002
   0.00000000000        0.00000000000       -97.2000000000       0.528263884294      -9.387013703365E-002 -1.590537744346E-002
 -0.582849861102       9.726043971134E-002  -97.2000000000       0.518603764523      -7.243498562656E-002 -9.235949159794E-003
  -1.16569972220       0.194520879423       -97.2000000000       0.551558221654       5.516757297553E-002  1.770062545988E-002
  -1.74854958330       0.291781319134       -97.2000000000       0.520961929239       2.570585670924E-002  1.084405946808E-002
  -2.33139944441       0.389041758845       -97.2000000000       0.501430000458      -7.352882116108E-004  2.296578229941E-003
  -2.91424930551       0.486302198557       -97.2000000000      -0.108112649189       6.485256127715E-002  0.135287050021     
  -3.49709916661       0.583562638268       -97.2000000000      -0.155405741014       3.463621395330E-002  6.854808426743E-002
  -4.07994902771       0.680823077979       -97.2000000000      -0.170367860169       1.471158820794E-002  4.655594950443E-002
  -4.66279888881       0.778083517691       -97.2000000000      -0.172522891399       9.377659080523E-003  3.804089236005E-002
  -5.24564874991       0.875343957402       -97.2000000000      -0.169993796684       2.505752084235E-002  3.134418739847E-002
  -5.82849861102       0.972604397113       -97.2000000000      -0.147101660204       2.498742491740E-002  2.518980723730E-002
  -6.41134847212        1.06986483682       -97.2000000000      -0.117367617531       2.404409548776E-002  1.770066219498E-002
   0.00000000000        0.00000000000       -97.2000000000       0.528263884294      -9.387013703365E-002 -1.590537744346E-002
 -0.582849861102      -9.726043971134E-002  -97.2000000000       0.521815339713      -7.272333521813E-002 -1.102958720720E-002
  -1.16569972220      -0.194520879423       -97.2000000000       0.525274598815      -2.324800967029E-002 -9.224280530535E-004
  -1.74854958330      -0.291781319134       -97.2000000000       0.544478161271       6.954287457586E-002  1.630566996202E-002
  -2.33139944441      -0.389041758845       -97.2000000000       0.515171591574       1.774347253240E-002  3.830415143210E-003
  -2.91424930551      -0.486302198557       -97.2000000000      -0.123645226768      -5.677350614851E-002  0.127986281707     
  -3.49709916661      -0.583562638268       -97.2000000000      -0.152335529532      -5.518613531178E-002  4.287170084379E-002
  -4.07994902771      -0.680823077979       -97.2000000000      -0.163001219187      -4.739349235606E-002  2.742512824033E-002
  -4.66279888881      -0.778083517691       -97.2000000000      -0.158903661528      -3.790790239947E-002  2.348367550616E-002
  -5.24564874991      -0.875343957402       -97.2000000000      -0.155278253486      -2.815220748279E-002  1.799950656991E-002
  -5.82849861102      -0.972604397113       -97.2000000000      -0.142569736640      -3.126184761077E-002  1.180282671859E-002
  -6.41134847212       -1.06986483682       -97.2000000000      -0.116745953102      -2.906978800227E-002  9.113725055693E-003
   0.00000000000        0.00000000000       -97.2000000000       0.528263884294      -9.387013703365E-002 -1.590537744346E-002
 -0.519689034804      -0.281241641340       -97.2000000000       0.525725714768      -7.530326891284E-002 -1.335159278238E-002
  -1.03937806961      -0.562483282680       -97.2000000000       0.523310062695      -5.578044434678E-002 -1.042161177870E-002
  -1.55906710441      -0.843724924020       -97.2000000000       0.540133620856       2.346108178514E-002  4.984716552186E-003
  -2.07875613922       -1.12496656536       -97.2000000000       0.538384558461       4.982316138612E-002  9.635602318899E-003
  -2.59844517402       -1.40620820670       -97.2000000000      -5.611772478342E-002 -0.174534295989       0.113433013796     
  -3.11813420882       -1.68744984804       -97.2000000000      -0.122320568975      -0.143336319455       4.230272646129E-002
  -3.63782324363       -1.96869148938       -97.2000000000      -0.136184547426      -0.124420705238       3.245587048639E-002
  -4.15751227843       -2.24993313072       -97.2000000000      -0.134357532862      -0.121018703267       2.946328670616E-002
  -4.67720131323       -2.53117477206       -97.2000000000      -0.131659896281      -0.114822833115       2.137301658786E-002
  -5.19689034804       -2.81241641340       -97.2000000000      -9.224606376981E-002 -9.750819002179E-002  1.533296561009E-002
  -5.71657938284       -3.09365805474       -97.2000000000      -7.821936615287E-002 -9.412905691959E-002  5.846235877959E-003
   0.00000000000        0.00000000000       -97.2000000000       0.528263884294      -9.387013703365E-002 -1.590537744346E-002
 -0.400211837779      -0.434745947216       -97.2000000000       0.530323480373      -7.667787695042E-002 -1.468422716657E-002
 -0.800423675558      -0.869491894432       -97.2000000000       0.534970347233      -6.001773445011E-002 -1.109199401268E-002
  -1.20063551334       -1.30423784165       -97.2000000000       0.529745182080      -5.037242976799E-002 -9.964440888016E-003
  -1.60084735112       -1.73898378886       -97.2000000000       0.555509336991       6.453921526148E-002  1.457081502781E-002
  -2.00105918889       -2.17372973608       -97.2000000000       4.457273917880E-002 -0.392345130345       5.784960216694E-002
  -2.40127102667       -2.60847568330       -97.2000000000       2.814328005259E-002 -0.255938326354       3.888531874318E-002
  -2.80148286445       -3.04322163051       -97.2000000000       6.451608804747E-004 -0.205866675094       2.751967259567E-002
  -3.20169470223       -3.47796757773       -97.2000000000      -1.611836561781E-002 -0.189775084185       1.937556360082E-002
  -3.60190654001       -3.91271352494       -97.2000000000      -2.898878925836E-002 -0.154871092084       1.316907393182E-002
  -4.00211837779       -4.34745947216       -97.2000000000      -3.005781344613E-002 -0.120265705184       9.424889479526E-003
  -4.40233021557       -4.78220541938       -97.2000000000      -3.991640930834E-002 -9.604129156937E-002  3.806880398760E-003
   0.00000000000        0.00000000000       -97.2000000000       0.528263884294      -9.387013703365E-002 -1.590537744346E-002
 -0.237365478204      -0.541138783933       -97.2000000000       0.535329357984      -7.498973331515E-002 -1.421074829822E-002
 -0.474730956408       -1.08227756787       -97.2000000000       0.545642015924      -6.818961262500E-002 -1.261004512315E-002
 -0.712096434612       -1.62341635180       -97.2000000000       0.555180111365      -6.466890204909E-002 -1.179992877132E-002
 -0.949461912816       -2.16455513573       -97.2000000000       0.531835852797      -4.837905070394E-002 -4.984311519630E-003
  -1.18682739102       -2.70569391966       -97.2000000000       0.270746048144      -0.180403382115       4.222171303263E-002
  -1.42419286922       -3.24683270360       -97.2000000000       0.208319648290      -0.195463137339       2.892737046560E-002
  -1.66155834743       -3.78797148753       -97.2000000000       0.140877793377      -0.165094278702       4.768208075575E-003
  -1.89892382563       -4.32911027146       -97.2000000000       0.106201756942      -0.166560726296       4.297863020027E-003
  -2.13628930384       -4.87024905539       -97.2000000000       7.459671174606E-002 -0.153427111958       4.693135863961E-003
  -2.37365478204       -5.41138783933       -97.2000000000       3.215936040895E-002 -0.165830993643       4.216667328815E-003
  -2.61102026024       -5.95252662326       -97.2000000000      -8.499885524754E-003 -8.786608652840E-002  3.422109881278E-003
   0.00000000000        0.00000000000       -97.2000000000       0.528263884294      -9.387013703365E-002 -1.590537744346E-002
 -4.879688596092E-002 -0.588890836777       -97.2000000000       0.539377950106      -7.684280328541E-002 -1.450932435012E-002
 -9.759377192185E-002  -1.17778167355       -97.2000000000       0.554035387617      -7.707888917153E-002 -1.431356149323E-002
 -0.146390657883       -1.76667251033       -97.2000000000       0.568744167485      -7.821344138533E-002 -1.430958039225E-002
 -0.195187543844       -2.35556334711       -97.2000000000       0.583452947353      -7.934799359913E-002 -1.430559929127E-002
 -0.243984429805       -2.94445418388       -97.2000000000       0.370463380458      -4.930557117476E-002 -2.615837063272E-003
 -0.292781315766       -3.53334502066       -97.2000000000       0.298964155771      -3.893564446193E-002  1.483322906863E-002
 -0.341578201726       -4.12223585744       -97.2000000000       0.199181134663      -3.985915989602E-002  3.692179000509E-003
 -0.390375087687       -4.71112669421       -97.2000000000       0.174361526131      -4.151698415283E-002 -8.370866845465E-003
 -0.439171973648       -5.30001753099       -97.2000000000       0.139879234927      -2.781702620886E-002 -6.224050429251E-003
 -0.487968859609       -5.88890836777       -97.2000000000       8.619029065765E-002 -1.451294841093E-002 -3.345330605880E-003
 -0.536765745570       -6.47779920454       -97.2000000000       5.933743063380E-002 -5.583650222620E-003 -2.820266749039E-003
   0.00000000000        0.00000000000       -97.2000000000       0.528263884294      -9.387013703365E-002 -1.590537744346E-002
  0.145059606038      -0.572827429873       -97.2000000000       0.542030528962      -8.203627797658E-002 -1.554759997416E-002
  0.290119212075       -1.14565485975       -97.2000000000       0.559240910252      -8.572227304455E-002 -1.601794069144E-002
  0.435178818113       -1.71848228962       -97.2000000000       0.576552451437      -9.117851719486E-002 -1.686614918956E-002
  0.580238424151       -2.29130971949       -97.2000000000       0.624614964177      -0.121761682211      -1.692188250331E-002
  0.725298030189       -2.86413714937       -97.2000000000       0.463689360020       0.492186079303      -3.098665506044E-002
  0.870357636226       -3.43696457924       -97.2000000000       0.266056422488       0.137189733278      -8.523995609617E-003
   1.01541724226       -4.00979200911       -97.2000000000       0.214194842525       0.129490642388      -1.195088591520E-002
   1.16047684830       -4.58261943899       -97.2000000000       0.158719875954       0.121330354830      -2.035127002521E-002
   1.30553645434       -5.15544686886       -97.2000000000       0.103528646334       0.121022788087      -2.022185631840E-002
   1.45059606038       -5.72827429873       -97.2000000000       7.856239952670E-002  9.642768403672E-002 -9.244288544709E-003
   1.59565566642       -6.30110172861       -97.2000000000       4.522142627634E-002  7.541967143956E-002 -1.911139279348E-003
   0.00000000000        0.00000000000       -97.2000000000       0.528263884294      -9.387013703365E-002 -1.590537744346E-002
  0.323196638891      -0.494689282610       -97.2000000000       0.542999646475      -9.000736382081E-002 -1.721306189597E-002
  0.646393277781      -0.989378565219       -97.2000000000       0.560694484679      -9.318311948550E-002 -1.753848678548E-002
  0.969589916672       -1.48406784783       -97.2000000000       0.580778596711      -0.103297613741      -1.901388198282E-002
   1.29278655556       -1.97875713044       -97.2000000000       0.653965319128      -0.156168420157      -1.905224452341E-002
   1.61598319445       -2.47344641305       -97.2000000000       0.194858529202       0.228090147973      -9.903257089952E-002
   1.93917983334       -2.96813569566       -97.2000000000       0.140280691429       0.270216134340      -3.784285825708E-002
   2.26237647223       -3.46282497827       -97.2000000000       8.582941010635E-002  0.245749493705      -3.733130870775E-002
   2.58557311112       -3.95751426088       -97.2000000000       5.884364519414E-002  0.197373493546      -3.429341920298E-002
   2.90876975001       -4.45220354349       -97.2000000000       4.847813745741E-002  0.135838363556      -2.478321354586E-002
   3.23196638891       -4.94689282610       -97.2000000000       3.380371388090E-002  9.092819329063E-002 -1.301691858084E-002
   3.55516302780       -5.44158210871       -97.2000000000      -1.395163990105E-002  7.724439869086E-002 -1.062689673932E-002
   0.00000000000        0.00000000000       -97.2000000000       0.528263884294      -9.387013703365E-002 -1.590537744346E-002
  0.466310301007      -0.362943875680       -97.2000000000       0.542180283725      -9.989226998275E-002 -1.932523147402E-002
  0.932620602014      -0.725887751361       -97.2000000000       0.558238593556      -9.865293001553E-002 -1.871042501237E-002
   1.39893090302       -1.08883162704       -97.2000000000       0.579143817655      -0.112431641281      -2.063848998889E-002
   1.86524120403       -1.45177550272       -97.2000000000       0.641208565149      -0.148142087159      -2.005288335866E-002
   2.33155150503       -1.81471937840       -97.2000000000       1.202061020793E-002  0.244587010352      -0.149811540553     
   2.79786180604       -2.17766325408       -97.2000000000       2.992828065830E-003  0.255936692372      -9.561923107878E-002
   3.26417210705       -2.54060712976       -97.2000000000      -5.022377950270E-002  0.251174559713      -4.389155800561E-002
   3.73048240806       -2.90355100544       -97.2000000000      -7.531139225195E-002  0.205829877190      -3.192386279626E-002
   4.19679270906       -3.26649488112       -97.2000000000      -8.438049345785E-002  0.174106678357      -1.953823612827E-002
   4.66310301007       -3.62943875680       -97.2000000000      -6.483894293842E-002  0.136290406294      -1.699790979299E-002
   5.12941331108       -3.99238263248       -97.2000000000      -7.598835609092E-002  0.126079343204      -1.437460572097E-002
   0.00000000000        0.00000000000       -97.2000000000       0.528263884294      -9.387013703365E-002 -1.590537744346E-002
  0.558892006459      -0.191867868166       -97.2000000000       0.539661231379      -0.110619813500      -2.165522236084E-002
   1.11778401292      -0.383735736333       -97.2000000000       0.552826961877      -0.113571476078      -2.197515215438E-002
   1.67667601938      -0.575603604499       -97.2000000000       0.565992692376      -0.116523138656      -2.229508194792E-002
   2.23556802584      -0.767471472666       -97.2000000000       0.588855051247      -0.130131556674      -2.280067169492E-002
   2.79446003230      -0.959339340832       -97.2000000000      -0.150242282912       7.028829740461E-002 -0.175916478725     
   3.35335203876       -1.15120720900       -97.2000000000      -0.189568642736       5.244728189287E-002 -0.132853345061     
   3.91224404522       -1.34307507716       -97.2000000000      -0.191537237631       5.766446693259E-002 -7.607269552591E-002
   4.47113605168       -1.53494294533       -97.2000000000      -0.172114676102       9.072014279002E-002 -3.387814932008E-002
   5.03002805814       -1.72681081350       -97.2000000000      -0.160222507098       3.958668681167E-002 -1.942232966939E-002
   5.58892006459       -1.91867868166       -97.2000000000      -0.139004444100       3.176294487137E-002 -1.502267170922E-002
   6.14781207105       -2.11054654983       -97.2000000000      -0.118701313419       3.334312366856E-002 -1.082388951599E-002
   0.00000000000        0.00000000000       -97.2000000000       0.528263884294      -9.387013703365E-002 -1.590537744346E-002
  0.590909090909        0.00000000000       -97.2000000000       0.536429585998      -0.115455509998      -2.175780620364E-002
   1.18181818182      -1.172487511250E-015  -97.2000000000       0.544935434811      -0.134386846231      -2.656579521331E-002
   1.77272727273        0.00000000000       -97.2000000000       0.545423169657      -0.135463081397      -2.757612077619E-002
   2.36363636364        0.00000000000       -97.2000000000       0.548488347359      -0.116231270828      -2.433900348060E-002
   2.95454545455        0.00000000000       -97.2000000000      -0.142410111086      -7.604539013344E-002 -0.160453920863     
   3.54545454545        0.00000000000       -97.2000000000      -0.171616723096      -4.474949395249E-002 -0.116975384881     
   4.13636363636        0.00000000000       -97.2000000000      -0.182379336042      -2.168465741793E-002 -7.023135635102E-002
   4.72727272727        0.00000000000       -97.2000000000      -0.163067187089      -6.884801677525E-003 -2.945945797263E-002
   5.31818181818        0.00000000000       -97.2000000000      -0.156418976088      -3.088014481701E-002 -3.055701994956E-002
   5.90909090909        0.00000000000       -97.2000000000      -0.143087564260      -2.526948401188E-002 -2.387393444232E-002
   6.50000000000        0.00000000000       -97.2000000000      -0.129756152432      -1.965882320674E-002 -1.719084893508E-002
