 12 20 1 1
 1 X [LENGU]
 2 Y [LENGU]
 3 Z [LENGU]
 4 Hx [FIELU]
 5 Hy [FIELU]
 6 Hz [FIELU]
 0
   0.00000000000        0.00000000000       -97.2000000000       0.555732242087      -9.447282995208E-002 -1.592187596566E-002
  0.590909090909        0.00000000000       -97.2000000000       0.563838490555      -0.115741943680      -2.171714414275E-002
   1.18181818182        0.00000000000       -97.2000000000       0.572290035186      -0.134431303896      -2.647814091211E-002
   1.77272727273        0.00000000000       -97.2000000000       0.572764398576      -0.135430499057      -2.746064519781E-002
   2.36363636364        0.00000000000       -97.2000000000       0.575806137167      -0.116194944739      -2.420534319201E-002
   2.95454545455        0.00000000000       -97.2000000000      -0.113288157075      -7.577390815196E-002 -0.160025487943     
   3.54545454545        0.00000000000       -97.2000000000      -0.143470141656      -4.430507898568E-002 -0.116600072310     
   4.13636363636        0.00000000000       -97.2000000000      -0.155182844521      -2.149566924128E-002 -6.996732529224E-002
   4.72727272727        0.00000000000       -97.2000000000      -0.136960812787      -6.999570674235E-003 -2.926757545711E-002
   5.31818181818        0.00000000000       -97.2000000000      -0.132189691482      -3.094865217050E-002 -3.024917902675E-002
   5.90909090909        0.00000000000       -97.2000000000      -0.120091249690      -2.527211635573E-002 -2.357275526699E-002
   6.50000000000        0.00000000000       -97.2000000000      -0.107992807897      -1.959558054096E-002 -1.689633150723E-002
   0.00000000000        0.00000000000       -97.2000000000       0.555732242087      -9.447282995208E-002 -1.592187596566E-002
  0.558892006459       0.191867868166       -97.2000000000       0.561807688159      -0.120208684965      -2.129350805819E-002
   1.11778401292       0.383735736333       -97.2000000000       0.565123295056      -0.146145221187      -2.768259072841E-002
   1.67667601938       0.575603604499       -97.2000000000       0.553444662082      -0.143743732877      -2.944785500795E-002
   2.23556802584       0.767471472666       -97.2000000000       0.559514111648      -0.126142707197      -2.690219322447E-002
   2.79446003230       0.959339340832       -97.2000000000      -3.286840665902E-003 -0.168857977897      -0.143218449354     
   3.35335203876        1.15120720900       -97.2000000000      -6.090401724636E-002 -0.144341636461      -0.113509410153     
   3.91224404522        1.34307507716       -97.2000000000      -8.602946516382E-002 -0.125430848875      -7.103296176072E-002
   4.47113605168        1.53494294533       -97.2000000000      -0.105717257604      -9.826516529164E-002 -3.650522693121E-002
   5.03002805814        1.72681081350       -97.2000000000      -0.110023567361      -9.342758895579E-002 -2.692670297516E-002
   5.58892006459        1.91867868166       -97.2000000000      -7.743348680658E-002 -6.264004952482E-002 -1.745191190687E-002
   6.14781207105        2.11054654983       -97.2000000000      -5.919578950180E-002 -4.975336758167E-002 -1.152939057366E-002
   0.00000000000        0.00000000000       -97.2000000000       0.555732242087      -9.447282995208E-002 -1.592187596566E-002
  0.466310301007       0.362943875680       -97.2000000000       0.560971406148      -0.128648000640      -2.222534219606E-002
  0.932620602014       0.725887751361       -97.2000000000       0.551111633153      -0.144827932623      -2.649344614319E-002
   1.39893090302        1.08883162704       -97.2000000000       0.547782390787      -0.139741080312      -2.680939966798E-002
   1.86524120403        1.45177550272       -97.2000000000       0.544783994112      -0.120681482867      -2.542103060049E-002
   2.33155150503        1.81471937840       -97.2000000000       0.151781241865      -0.219013063000      -0.117083406957     
   2.79786180604        2.17766325408       -97.2000000000       2.811818503692E-002 -0.162865879543      -5.153915567488E-002
   3.26417210705        2.54060712976       -97.2000000000      -5.208629545233E-003 -0.150191929903      -3.430167822171E-002
   3.73048240806        2.90355100544       -97.2000000000      -9.867753135013E-003 -0.133315062585      -2.475055854437E-002
   4.19679270906        3.26649488112       -97.2000000000       1.755474791606E-002 -0.107983170875      -1.330004242143E-002
   4.66310301007        3.62943875680       -97.2000000000       8.827761051871E-003 -7.119715471698E-002 -8.817126018636E-003
   5.12941331108        3.99238263248       -97.2000000000      -1.710584015029E-003 -6.179713451578E-002 -5.450176375927E-003
   0.00000000000        0.00000000000       -97.2000000000       0.555732242087      -9.447282995208E-002 -1.592187596566E-002
  0.323196638891       0.494689282610       -97.2000000000       0.578025778750      -7.898637212525E-002 -1.234430347597E-002
  0.646393277781       0.989378565219       -97.2000000000       0.529181333853      -0.128672702574      -2.130900873584E-002
  0.969589916672        1.48406784783       -97.2000000000       0.505929766908      -0.117173466196      -1.965597424495E-002
   1.29278655556        1.97875713044       -97.2000000000       0.521549308080      -0.121558594776      -2.335897732403E-002
   1.61598319445        2.47344641305       -97.2000000000       0.255314667207      -0.184511896248      -9.541708988457E-002
   1.93917983334        2.96813569566       -97.2000000000       0.202992768674      -0.181859886729      -5.529098644133E-002
   2.26237647223        3.46282497827       -97.2000000000       0.147124473231      -0.135202372624      -2.306328939760E-002
   2.58557311112        3.95751426088       -97.2000000000       0.126034714592      -0.128231042377      -1.806531924596E-002
   2.90876975001        4.45220354349       -97.2000000000       0.144162267210      -9.366393925782E-002 -1.041406533402E-002
   3.23196638891        4.94689282610       -97.2000000000       0.122751178276       2.840406820768E-003 -8.247822155658E-003
   3.55516302780        5.44158210871       -97.2000000000       3.461307214282E-002  5.262848982708E-003 -6.715589880819E-003
   0.00000000000        0.00000000000       -97.2000000000       0.555732242087      -9.447282995208E-002 -1.592187596566E-002
  0.145059606038       0.572827429873       -97.2000000000       0.592068446347      -1.612151944880E-002  1.716693980084E-004
  0.290119212075        1.14565485975       -97.2000000000       0.535320857032      -4.797883953523E-002 -4.306767436629E-003
  0.435178818113        1.71848228962       -97.2000000000       0.478573267717      -7.983615962166E-002 -8.785204271266E-003
  0.580238424151        2.29130971949       -97.2000000000       0.494823360198      -0.103394661788      -1.620231717528E-002
  0.725298030189        2.86413714937       -97.2000000000       0.427188911966      -0.162829778286       1.958173936159E-003
  0.870357636226        3.43696457924       -97.2000000000       0.252086960662      -6.739571871714E-002 -1.437820424027E-002
   1.01541724226        4.00979200911       -97.2000000000       0.218871241862      -5.530247437264E-002 -7.562230760341E-003
   1.16047684830        4.58261943899       -97.2000000000       0.165175418934      -4.851738819441E-002 -9.403201435713E-004
   1.30553645434        5.15544686886       -97.2000000000       0.129631666396      -5.771501511452E-002 -2.034192180708E-003
   1.45059606038        5.72827429873       -97.2000000000       8.257484771514E-002 -4.841018242712E-002  1.840985112779E-004
   1.59565566642        6.30110172861       -97.2000000000       4.420309883266E-002 -3.546088826762E-002  1.668626566560E-003
   0.00000000000        0.00000000000       -97.2000000000       0.555732242087      -9.447282995208E-002 -1.592187596566E-002
 -4.879688596092E-002  0.588890836777       -97.2000000000       0.589775772542      -1.807594586337E-002  3.750939216121E-003
 -9.759377192185E-002   1.17778167355       -97.2000000000       0.530735509422      -5.188769236437E-002  2.851772199596E-003
 -0.146390657883        1.76667251033       -97.2000000000       0.470770983136      -9.218591954874E-002 -9.804021997262E-004
 -0.195187543844        2.35556334711       -97.2000000000       0.499935823701      -0.108520342672      -4.064494738193E-003
 -0.243984429805        2.94445418388       -97.2000000000       0.296776156105       5.824637238141E-002  3.936125781228E-002
 -0.292781315766        3.53334502066       -97.2000000000       0.238703654317       6.376611487064E-002  1.135520196097E-002
 -0.341578201726        4.12223585744       -97.2000000000       0.185592680075       8.092433820690E-002  1.296392916320E-002
 -0.390375087687        4.71112669421       -97.2000000000       0.151931211619       6.594199814560E-002  1.024906867648E-002
 -0.439171973648        5.30001753099       -97.2000000000       0.115040440809       5.497403384696E-002  9.303961140448E-003
 -0.487968859609        5.88890836777       -97.2000000000       8.346188010078E-002  5.123839658034E-002  4.089854828560E-003
 -0.536765745570        6.47779920454       -97.2000000000       6.705004794142E-002  5.283599367812E-002  3.879878191636E-003
   0.00000000000        0.00000000000       -97.2000000000       0.555732242087      -9.447282995208E-002 -1.592187596566E-002
 -0.237365478204       0.541138783933       -97.2000000000       0.593881027350      -1.636634490125E-002  7.427647732488E-003
 -0.474730956408        1.08227756787       -97.2000000000       0.538071560992      -5.386816435034E-002  7.804169346182E-003
 -0.712096434612        1.62341635180       -97.2000000000       0.499790027617      -9.745122247765E-002 -1.441963906417E-003
 -0.949461912816        2.16455513573       -97.2000000000       0.516365627431      -0.103512453388      -2.584985696207E-003
  -1.18682739102        2.70569391966       -97.2000000000       0.221804922373       0.165804484302       9.106777949491E-002
  -1.42419286922        3.24683270360       -97.2000000000       0.183415554728       0.179610897701       2.216772311229E-002
  -1.66155834743        3.78797148753       -97.2000000000       0.127154332823       0.170001850693       2.444660965267E-002
  -1.89892382563        4.32911027146       -97.2000000000       0.126421104744       0.162046304531       1.618698686465E-002
  -2.13628930384        4.87024905539       -97.2000000000       0.114491525685       0.170535366401       1.229746258632E-002
  -2.37365478204        5.41138783933       -97.2000000000       3.651527645598E-002  0.236648110416       9.917813940830E-003
  -2.61102026024        5.95252662326       -97.2000000000      -4.569901925672E-002  9.684493005194E-002  6.541258777939E-003
   0.00000000000        0.00000000000       -97.2000000000       0.555732242087      -9.447282995208E-002 -1.592187596566E-002
 -0.400211837779       0.434745947216       -97.2000000000       0.591343275806       3.723052152703E-003  8.509565595619E-003
 -0.800423675558       0.869491894432       -97.2000000000       0.555461644191      -6.032753633139E-002  7.069261696752E-003
  -1.20063551334        1.30423784165       -97.2000000000       0.532814725653      -9.788092504025E-002 -7.570975011689E-004
  -1.60084735112        1.73898378886       -97.2000000000       0.529702689259      -7.964466700094E-002 -1.049746376795E-003
  -2.00105918889        2.17372973608       -97.2000000000       0.101935475354       0.341334974424       6.990414077365E-002
  -2.40127102667        2.60847568330       -97.2000000000       5.778289235776E-002  0.200942076234       6.939123711973E-002
  -2.80148286445        3.04322163051       -97.2000000000       3.965763412406E-002  0.197020981616       3.553479310377E-002
  -3.20169470223        3.47796757773       -97.2000000000       2.941743808630E-002  0.165811474024       2.761586562884E-002
  -3.60190654001        3.91271352494       -97.2000000000       3.374684872591E-002  0.114166431792       2.153390769236E-002
  -4.00211837779        4.34745947216       -97.2000000000       1.959661961124E-002  8.864372553397E-002  1.741815786471E-002
  -4.40233021557        4.78220541938       -97.2000000000      -7.032065988941E-004  7.692540016520E-002  1.288520875351E-002
   0.00000000000        0.00000000000       -97.2000000000       0.555732242087      -9.447282995208E-002 -1.592187596566E-002
 -0.519689034804       0.281241641340       -97.2000000000       0.569278964973      -2.433311779599E-002 -4.357422489429E-006
  -1.03937806961       0.562483282680       -97.2000000000       0.573780929738      -2.878100803863E-002  1.098250190787E-002
  -1.55906710441       0.843724924020       -97.2000000000       0.543192352699      -5.599596067303E-002  2.746990702831E-003
  -2.07875613922        1.12496656536       -97.2000000000       0.522013280686      -2.153918940157E-002  2.156536265856E-003
  -2.59844517402        1.40620820670       -97.2000000000      -2.671451492352E-003  0.153984298518       0.126940855923     
  -3.11813420882        1.68744984804       -97.2000000000      -4.665905625275E-002  0.153554553437       7.323996391279E-002
  -3.63782324363        1.96869148938       -97.2000000000      -7.331156923575E-002  0.145514434736       4.863051649324E-002
  -4.15751227843        2.24993313072       -97.2000000000      -8.116846164706E-002  0.132412571604       4.403584823806E-002
  -4.67720131323        2.53117477206       -97.2000000000      -6.434453159544E-002  0.117903191862       3.553155187006E-002
  -5.19689034804        2.81241641340       -97.2000000000      -5.803201097791E-002  9.348504387819E-002  2.569709262045E-002
  -5.71657938284        3.09365805474       -97.2000000000      -5.115574369736E-002  7.998992278719E-002  1.728399817653E-002
   0.00000000000        0.00000000000       -97.2000000000       0.555732242087      -9.447282995208E-002 -1.592187596566E-002
 -0.582849861102       9.726043971134E-002  -97.2000000000       0.546143446295      -7.347287027921E-002 -9.327826958934E-003
  -1.16569972220       0.194520879423       -97.2000000000       0.578899648754       5.322507441544E-002  1.743270948462E-002
  -1.74854958330       0.291781319134       -97.2000000000       0.548488113116       2.427315478020E-002  1.066920960737E-002
  -2.33139944441       0.389041758845       -97.2000000000       0.528987067901      -1.530553316206E-003  2.227635337250E-003
  -2.91424930551       0.486302198557       -97.2000000000      -7.893707123073E-002  6.413297569701E-002  0.135003404337     
  -3.49709916661       0.583562638268       -97.2000000000      -0.126829355398       3.288342901572E-002  6.834561490073E-002
  -4.07994902771       0.680823077979       -97.2000000000      -0.142898401395       1.257300000717E-002  4.635586414531E-002
  -4.66279888881       0.778083517691       -97.2000000000      -0.146312216576       7.183389381938E-003  3.782147011812E-002
  -5.24564874991       0.875343957402       -97.2000000000      -0.144894331246       2.282182613593E-002  3.115917573486E-002
  -5.82849861102       0.972604397113       -97.2000000000      -0.123557166638       2.264407001945E-002  2.503956356157E-002
  -6.41134847212        1.06986483682       -97.2000000000      -9.568604649032E-002  2.162712384036E-002  1.756481831271E-002
   0.00000000000        0.00000000000       -97.2000000000       0.555732242087      -9.447282995208E-002 -1.592187596566E-002
 -0.582849861102      -9.726043971134E-002  -97.2000000000       0.549329658271      -7.351472814637E-002 -1.108346842692E-002
  -1.16569972220      -0.194520879423       -97.2000000000       0.552769776345      -2.437362670290E-002 -1.042611547171E-003
  -1.74854958330      -0.291781319134       -97.2000000000       0.571847274042       6.805295092792E-002  1.610643566559E-002
  -2.33139944441      -0.389041758845       -97.2000000000       0.542820473841       1.737081514176E-002  3.803947995028E-003
  -2.91424930551      -0.486302198557       -97.2000000000      -9.442738478754E-002 -5.651035013803E-002  0.127637662776     
  -3.49709916661      -0.583562638268       -97.2000000000      -0.123003327960      -5.484384161459E-002  4.270577502764E-002
  -4.07994902771      -0.680823077979       -97.2000000000      -0.135367983468      -4.665652987037E-002  2.717622674661E-002
  -4.66279888881      -0.778083517691       -97.2000000000      -0.132547545260      -3.685861602936E-002  2.316645986000E-002
  -5.24564874991      -0.875343957402       -97.2000000000      -0.130114451404      -2.674844953958E-002  1.764836092002E-002
  -5.82849861102      -0.972604397113       -97.2000000000      -0.118705760889      -2.969092987762E-002  1.144765835903E-002
  -6.41134847212       -1.06986483682       -97.2000000000      -9.491653197453E-002 -2.702427312118E-002  8.836817688534E-003
   0.00000000000        0.00000000000       -97.2000000000       0.555732242087      -9.447282995208E-002 -1.592187596566E-002
 -0.519689034804      -0.281241641340       -97.2000000000       0.553209689549      -7.582772154263E-002 -1.336342642735E-002
  -1.03937806961      -0.562483282680       -97.2000000000       0.550811509099      -5.625341273110E-002 -1.043244307782E-002
  -1.55906710441      -0.843724924020       -97.2000000000       0.567730185076       2.270790477774E-002  4.879644701417E-003
  -2.07875613922       -1.12496656536       -97.2000000000       0.566362121554       4.957643141264E-002  9.552046025457E-003
  -2.59844517402       -1.40620820670       -97.2000000000      -2.524976324910E-002 -0.173876401678       0.113099148808     
  -3.11813420882       -1.68744984804       -97.2000000000      -9.098780811738E-002 -0.140760777247       4.224577712923E-002
  -3.63782324363       -1.96869148938       -97.2000000000      -0.106801727354      -0.120433842343       3.211681447676E-002
  -4.15751227843       -2.24993313072       -97.2000000000      -0.106357861379      -0.115932696520       2.883358985381E-002
  -4.67720131323       -2.53117477206       -97.2000000000      -0.104860465280      -0.108627009122       2.052726279417E-002
  -5.19689034804       -2.81241641340       -97.2000000000      -6.723095496842E-002 -8.968039209235E-002  1.419297519331E-002
  -5.71657938284       -3.09365805474       -97.2000000000      -5.574756281841E-002 -8.331225686151E-002  4.639205886379E-003
   0.00000000000        0.00000000000       -97.2000000000       0.555732242087      -9.447282995208E-002 -1.592187596566E-002
 -0.400211837779      -0.434745947216       -97.2000000000       0.557781660932      -7.703391704353E-002 -1.466684523742E-002
 -0.800423675558      -0.869491894432       -97.2000000000       0.562437980607      -6.043819880533E-002 -1.108981565473E-002
  -1.20063551334       -1.30423784165       -97.2000000000       0.557715620215      -5.030034772778E-002 -9.965072917260E-003
  -1.60084735112       -1.73898378886       -97.2000000000       0.583589181515       6.412971918119E-002  1.441013263292E-002
  -2.00105918889       -2.17372973608       -97.2000000000       7.519549755304E-002 -0.392774797374       5.754841060276E-002
  -2.40127102667       -2.60847568330       -97.2000000000       6.204236119654E-002 -0.254747657393       3.876118455722E-002
  -2.80148286445       -3.04322163051       -97.2000000000       3.180751114219E-002 -0.205199072150       2.718391906294E-002
  -3.20169470223       -3.47796757773       -97.2000000000       2.110264453161E-002 -0.181076465263       1.848498009057E-002
  -3.60190654001       -3.91271352494       -97.2000000000       8.281329839812E-003 -0.142672047745       1.160621169549E-002
  -4.00211837779       -4.34745947216       -97.2000000000       2.357138620401E-003 -0.101397440266       6.437487466992E-003
  -4.40233021557       -4.78220541938       -97.2000000000      -1.473904644113E-002 -7.316057241352E-002 -7.353345607400E-004
   0.00000000000        0.00000000000       -97.2000000000       0.555732242087      -9.447282995208E-002 -1.592187596566E-002
 -0.237365478204      -0.541138783933       -97.2000000000       0.562772403648      -7.534195660076E-002 -1.418669435791E-002
 -0.474730956408       -1.08227756787       -97.2000000000       0.573073626225      -6.854191290007E-002 -1.259147660676E-002
 -0.712096434612       -1.62341635180       -97.2000000000       0.582645177669      -6.495537790439E-002 -1.178499340688E-002
 -0.949461912816       -2.16455513573       -97.2000000000       0.560145396501      -4.802708108114E-002 -5.026719669444E-003
  -1.18682739102       -2.70569391966       -97.2000000000       0.303300541651      -0.181289817255       4.209847403115E-002
  -1.42419286922       -3.24683270360       -97.2000000000       0.242315357303      -0.199070175404       2.886829947367E-002
  -1.66155834743       -3.78797148753       -97.2000000000       0.176087877530      -0.171891513734       4.593980747778E-003
  -1.89892382563       -4.32911027146       -97.2000000000       0.146391058745      -0.179494886375       3.933858302651E-003
  -2.13628930384       -4.87024905539       -97.2000000000       0.119466547974      -0.184712103078       3.966747844476E-003
  -2.37365478204       -5.41138783933       -97.2000000000       3.656874900798E-002 -0.249989222430       3.069951989643E-003
  -2.61102026024       -5.95252662326       -97.2000000000      -4.198630844861E-002 -9.676368786815E-002  1.970780912017E-003
   0.00000000000        0.00000000000       -97.2000000000       0.555732242087      -9.447282995208E-002 -1.592187596566E-002
 -4.879688596092E-002 -0.588890836777       -97.2000000000       0.566805702967      -7.717650241979E-002 -1.447726425510E-002
 -9.759377192185E-002  -1.17778167355       -97.2000000000       0.581433830079      -7.736697339433E-002 -1.427761347714E-002
 -0.146390657883       -1.76667251033       -97.2000000000       0.596112851933      -7.845120132648E-002 -1.426950746067E-002
 -0.195187543844       -2.35556334711       -97.2000000000       0.610791873786      -7.953542925863E-002 -1.426140144420E-002
 -0.243984429805       -2.94445418388       -97.2000000000       0.402636952846      -4.971083268264E-002 -2.612496973546E-003
 -0.292781315766       -3.53334502066       -97.2000000000       0.328733431403      -4.031525085620E-002  1.488529570113E-002
 -0.341578201726       -4.12223585744       -97.2000000000       0.228327269895      -4.210151783331E-002  3.717872967188E-003
 -0.390375087687       -4.71112669421       -97.2000000000       0.198269424557      -4.541493289075E-002 -8.411957152594E-003
 -0.439171973648       -5.30001753099       -97.2000000000       0.156986733774      -3.276104124866E-002 -6.353555557224E-003
 -0.487968859609       -5.88890836777       -97.2000000000       9.567269585201E-002 -1.850225119084E-002 -3.599564190288E-003
 -0.536765745570       -6.47779920454       -97.2000000000       6.424165744231E-002 -7.530549461010E-003 -3.026062356681E-003
   0.00000000000        0.00000000000       -97.2000000000       0.555732242087      -9.447282995208E-002 -1.592187596566E-002
  0.145059606038      -0.572827429873       -97.2000000000       0.569444488326      -8.233875299523E-002 -1.550706717198E-002
  0.290119212075       -1.14565485975       -97.2000000000       0.586612634361      -8.595704804864E-002 -1.596550717285E-002
  0.435178818113       -1.71848228962       -97.2000000000       0.603881058355      -9.133631330794E-002 -1.680134800423E-002
  0.580238424151       -2.29130971949       -97.2000000000       0.651761349096      -0.121736714518      -1.686167919268E-002
  0.725298030189       -2.86413714937       -97.2000000000       0.495610326030       0.491481159794      -3.085278594266E-002
  0.870357636226       -3.43696457924       -97.2000000000       0.298290109008       0.138618395121      -8.410212693883E-003
   1.01541724226       -4.00979200911       -97.2000000000       0.243546343068       0.135347812462      -1.178812919073E-002
   1.16047684830       -4.58261943899       -97.2000000000       0.185189800778       0.132508026700      -2.022459892659E-002
   1.30553645434       -5.15544686886       -97.2000000000       0.124203467085       0.136860886177      -2.005911335476E-002
   1.45059606038       -5.72827429873       -97.2000000000       8.765938104439E-002  0.114124522232      -8.991268961452E-003
   1.59565566642       -6.30110172861       -97.2000000000       4.551337262902E-002  8.783789586364E-002 -1.698829691841E-003
   0.00000000000        0.00000000000       -97.2000000000       0.555732242087      -9.447282995208E-002 -1.592187596566E-002
  0.323196638891      -0.494689282610       -97.2000000000       0.570402806385      -9.026929837665E-002 -1.716450798345E-002
  0.646393277781      -0.989378565219       -97.2000000000       0.588048835268      -9.338126898545E-002 -1.747224822158E-002
  0.969589916672       -1.48406784783       -97.2000000000       0.608089381539      -0.103420715553      -1.893113287251E-002
   1.29278655556       -1.97875713044       -97.2000000000       0.681007242179      -0.156057065657      -1.898367294635E-002
   1.61598319445       -2.47344641305       -97.2000000000       0.227487603062       0.228057589944      -9.881190659190E-002
   1.93917983334       -2.96813569566       -97.2000000000       0.175070205526       0.269488016221      -3.767763724850E-002
   2.26237647223       -3.46282497827       -97.2000000000       0.123431277396       0.244415842656      -3.719163057899E-002
   2.58557311112       -3.95751426088       -97.2000000000       0.103165474182       0.195515938058      -3.418020111271E-002
   2.90876975001       -4.45220354349       -97.2000000000       0.106570097335       0.125520745577      -2.451393269533E-002
   3.23196638891       -4.94689282610       -97.2000000000       8.900162572712E-002  4.382481433341E-002 -1.272134898842E-002
   3.55516302780       -5.44158210871       -97.2000000000       1.327394002423E-003  3.241271398042E-002 -9.950542510520E-003
   0.00000000000        0.00000000000       -97.2000000000       0.555732242087      -9.447282995208E-002 -1.592187596566E-002
  0.466310301007      -0.362943875680       -97.2000000000       0.569576808514      -0.100108740917      -1.926997725976E-002
  0.932620602014      -0.725887751361       -97.2000000000       0.585586798149      -9.883510666761E-002 -1.863455785121E-002
   1.39893090302       -1.08883162704       -97.2000000000       0.606453634862      -0.112551060174      -2.054406204211E-002
   1.86524120403       -1.45177550272       -97.2000000000       0.668581316917      -0.148489129361      -1.999003696359E-002
   2.33155150503       -1.81471937840       -97.2000000000       4.365453372677E-002  0.243723860498      -0.149488963220     
   2.79786180604       -2.17766325408       -97.2000000000       3.411054889647E-002  0.253631151031      -9.541245225143E-002
   3.26417210705       -2.54060712976       -97.2000000000      -1.855177927214E-002  0.247490506375      -4.373041044940E-002
   3.73048240806       -2.90355100544       -97.2000000000      -4.390595551287E-002  0.198012445967      -3.155840316139E-002
   4.19679270906       -3.26649488112       -97.2000000000      -5.377592995070E-002  0.162972162931      -1.898458617739E-002
   4.66310301007       -3.62943875680       -97.2000000000      -3.591063329303E-002  0.120912074500      -1.662517103823E-002
   5.12941331108       -3.99238263248       -97.2000000000      -5.177126161513E-002  0.110539953905      -1.435054289583E-002
   0.00000000000        0.00000000000       -97.2000000000       0.555732242087      -9.447282995208E-002 -1.592187596566E-002
  0.558892006459      -0.191867868166       -97.2000000000       0.567056004397      -0.110790824342      -2.159531473509E-002
   1.11778401292      -0.383735736333       -97.2000000000       0.580174919428      -0.113696994254      -2.189170235696E-002
   1.67667601938      -0.575603604499       -97.2000000000       0.593293834458      -0.116603164166      -2.218808997884E-002
   2.23556802584      -0.767471472666       -97.2000000000       0.616251477387      -0.130308223425      -2.269323010686E-002
   2.79446003230      -0.959339340832       -97.2000000000      -0.120500234747       6.981488904641E-002 -0.175448803685     
   3.35335203876       -1.15120720900       -97.2000000000      -0.160781029472       5.052620993299E-002 -0.132471497858     
   3.91224404522       -1.34307507716       -97.2000000000      -0.163512260450       5.451470700983E-002 -7.582301523224E-002
   4.47113605168       -1.53494294533       -97.2000000000      -0.144962345607       8.672223405534E-002 -3.370244272635E-002
   5.03002805814       -1.72681081350       -97.2000000000      -0.135147885898       3.552469867229E-002 -1.931678396439E-002
   5.58892006459       -1.91867868166       -97.2000000000      -0.116306863742       2.790902461614E-002 -1.496547695196E-002
   6.14781207105       -2.11054654983       -97.2000000000      -9.838932867505E-002  2.942874920261E-002 -1.079329594862E-002
   0.00000000000        0.00000000000       -97.2000000000       0.555732242087      -9.447282995208E-002 -1.592187596566E-002
  0.590909090909        0.00000000000       -97.2000000000       0.563838490555      -0.115741943680      -2.171714414275E-002
   1.18181818182      -1.172487511250E-015  -97.2000000000       0.572290035186      -0.134431303896      -2.647814091211E-002
   1.77272727273        0.00000000000       -97.2000000000       0.572764398576      -0.135430499057      -2.746064519781E-002
   2.36363636364        0.00000000000       -97.2000000000       0.575806137167      -0.116194944739      -2.420534319201E-002
   2.95454545455        0.00000000000       -97.2000000000      -0.113288157075      -7.577390815196E-002 -0.160025487943     
   3.54545454545        0.00000000000       -97.2000000000      -0.143470141656      -4.430507898568E-002 -0.116600072310     
   4.13636363636        0.00000000000       -97.2000000000      -0.155182844521      -2.149566924128E-002 -6.996732529224E-002
   4.72727272727        0.00000000000       -97.2000000000      -0.136960812787      -6.999570674235E-003 -2.926757545711E-002
   5.31818181818        0.00000000000       -97.2000000000      -0.132189691482      -3.094865217050E-002 -3.024917902675E-002
   5.90909090909        0.00000000000       -97.2000000000      -0.120091249690      -2.527211635573E-002 -2.357275526699E-002
   6.50000000000        0.00000000000       -97.2000000000      -0.107992807897      -1.959558054096E-002 -1.689633150723E-002
