 12 20 1 1
 1 X [LENGU]
 2 Y [LENGU]
 3 Z [LENGU]
 4 Hx [FIELU]
 5 Hy [FIELU]
 6 Hz [FIELU]
 0
   0.00000000000        0.00000000000       -43.2000000000        2.63189356203       2.680734967843E-002  1.292286374655E-004
  0.590909090909        0.00000000000       -43.2000000000        2.63055983264       3.070381677361E-002 -1.673676249756E-004
   1.18181818182        0.00000000000       -43.2000000000        2.62922610324       3.460028386879E-002 -4.639638874168E-004
   1.77272727273        0.00000000000       -43.2000000000        2.63800264913       3.381496292512E-002  1.523508273432E-003
   2.36363636364        0.00000000000       -43.2000000000        2.63353560085       2.537429570893E-002  3.970814867399E-004
   2.95454545455        0.00000000000       -43.2000000000        2.67501174695      -1.079603847190E-002 -1.038207799543E-003
   3.54545454545        0.00000000000       -43.2000000000        2.55831495807       1.437037197542E-002 -5.487759455346E-004
   4.13636363636        0.00000000000       -43.2000000000        2.43386917575       3.678896306896E-002 -3.279605496586E-003
   4.72727272727        0.00000000000       -43.2000000000        2.31908412028       2.911692481427E-002 -3.089704611027E-003
   5.31818181818        0.00000000000       -43.2000000000        2.20429906482       2.144488655958E-002 -2.899803725468E-003
   5.90909090909        0.00000000000       -43.2000000000        2.08951400935       1.377284830489E-002 -2.709902839909E-003
   6.50000000000        0.00000000000       -43.2000000000        1.97472895388       6.100810050199E-003 -2.520001954350E-003
   0.00000000000        0.00000000000       -43.2000000000        2.63189356203       2.680734967843E-002  1.292286374655E-004
  0.558892006459       0.191867868166       -43.2000000000        2.63204080413       3.214921013818E-002  4.252256998293E-004
   1.11778401292       0.383735736333       -43.2000000000        2.63218804624       3.749107059794E-002  7.212227621930E-004
   1.67667601938       0.575603604499       -43.2000000000        2.63407061138       4.091979576159E-002  1.234321224261E-003
   2.23556802584       0.767471472666       -43.2000000000        2.64210095665       3.970646202479E-002  1.976376604418E-003
   2.79446003230       0.959339340832       -43.2000000000        2.73410365783       7.125853872162E-002  1.559938641815E-003
   3.35335203876        1.15120720900       -43.2000000000        2.61215219870       0.191595953849       4.645670902231E-003
   3.91224404522        1.34307507716       -43.2000000000        2.49154751485       0.240191492991       2.812555635930E-003
   4.47113605168        1.53494294533       -43.2000000000        2.37082141862       0.306520838780       1.226965167426E-002
   5.03002805814        1.72681081350       -43.2000000000        2.26132057197       0.366161600574       1.640031159347E-002
   5.58892006459        1.91867868166       -43.2000000000        2.11139022689       0.362141376162       3.301016632819E-002
   6.14781207105        2.11054654983       -43.2000000000        1.84023010698       0.323410752533       5.744452657881E-002
   0.00000000000        0.00000000000       -43.2000000000        2.63189356203       2.680734967843E-002  1.292286374655E-004
  0.466310301007       0.362943875680       -43.2000000000        2.63515673097       2.932909968331E-002  4.176738141086E-004
  0.932620602014       0.725887751361       -43.2000000000        2.63553764456       4.519978515239E-002  1.137262114626E-003
   1.39893090302        1.08883162704       -43.2000000000        2.64259751761       4.418446073143E-002  2.048052131023E-003
   1.86524120403        1.45177550272       -43.2000000000        2.63841546073       7.454247970988E-002  2.534852654006E-003
   2.33155150503        1.81471937840       -43.2000000000        2.93106328254       7.434674172474E-002  3.325031986962E-003
   2.79786180604        2.17766325408       -43.2000000000        2.86279330283       0.262156602559       3.445833755473E-003
   3.26417210705        2.54060712976       -43.2000000000        2.80236181293       0.444665859317       5.504250561363E-003
   3.73048240806        2.90355100544       -43.2000000000        2.82062923983       0.680983967576       1.473909096041E-002
   4.19679270906        3.26649488112       -43.2000000000        2.77865372491       0.961882636392       1.886593144223E-002
   4.66310301007        3.62943875680       -43.2000000000        2.59934684667        1.31358830400       4.231288673601E-002
   5.12941331108        3.99238263248       -43.2000000000        2.23952093432        1.38106229561       1.286331491083E-002
   0.00000000000        0.00000000000       -43.2000000000        2.63189356203       2.680734967843E-002  1.292286374655E-004
  0.323196638891       0.494689282610       -43.2000000000        2.63724246483       2.936923540164E-002  4.800705608145E-004
  0.646393277781       0.989378565219       -43.2000000000        2.63854752992       5.065983255213E-002  1.435811292204E-003
  0.969589916672        1.48406784783       -43.2000000000        2.64229825241       6.437373907581E-002  2.321343199410E-003
   1.29278655556        1.97875713044       -43.2000000000        2.63810820976       0.103313309593       3.120575393680E-003
   1.61598319445        2.47344641305       -43.2000000000        2.99494853469      -1.279336150392E-002  5.768792114465E-004
   1.93917983334        2.96813569566       -43.2000000000        3.18621987153      -7.597060961786E-002  2.731752032669E-003
   2.26237647223        3.46282497827       -43.2000000000        3.50703951014      -0.145831753742       4.579422687346E-003
   2.58557311112        3.95751426088       -43.2000000000        4.16477728544       0.127352372086       8.496966750529E-003
   2.90876975001        4.45220354349       -43.2000000000        5.15287306006       0.936384280849       1.055260636657E-002
   3.23196638891        4.94689282610       -43.2000000000        4.98191760881        3.99680284091       1.826477790450E-002
   3.55516302780        5.44158210871       -43.2000000000        1.59315622978        3.78131924997       2.589100519062E-002
   0.00000000000        0.00000000000       -43.2000000000        2.63189356203       2.680734967843E-002  1.292286374655E-004
  0.145059606038       0.572827429873       -43.2000000000        2.63860598346       2.979209254260E-002  5.257758115119E-004
  0.290119212075        1.14565485975       -43.2000000000        2.64127456717       5.150554683405E-002  1.527221793599E-003
  0.435178818113        1.71848228962       -43.2000000000        2.65076679629       4.325166061898E-002  1.493814702785E-003
  0.580238424151        2.29130971949       -43.2000000000        2.65678679122       5.348993451368E-002  2.230230953365E-003
  0.725298030189        2.86413714937       -43.2000000000        2.97014478514      -7.364648998774E-002  1.791450257707E-004
  0.870357636226        3.43696457924       -43.2000000000        2.81086376464      -0.194992688334      -4.754189404311E-003
   1.01541724226        4.00979200911       -43.2000000000        2.68260568848      -0.648776129231      -2.539050069819E-003
   1.16047684830        4.58261943899       -43.2000000000        2.67349867366      -0.872932302038      -6.080495955601E-003
   1.30553645434        5.15544686886       -43.2000000000        1.92830346211       -1.35780560858       1.563983148888E-004
   1.45059606038        5.72827429873       -43.2000000000       0.894309679453       -1.61952408223       4.360088890440E-003
   1.59565566642        6.30110172861       -43.2000000000       0.187764785482       -1.21333042912      -2.312451487844E-003
   0.00000000000        0.00000000000       -43.2000000000        2.63189356203       2.680734967843E-002  1.292286374655E-004
 -4.879688596092E-002  0.588890836777       -43.2000000000        2.63968031963       2.786195999213E-002  4.629588510148E-004
 -9.759377192185E-002   1.17778167355       -43.2000000000        2.64472507471       4.192802414834E-002  1.204155551946E-003
 -0.146390657883        1.76667251033       -43.2000000000        2.65682459959       2.501172092663E-002  8.754475651463E-004
 -0.195187543844        2.35556334711       -43.2000000000        2.68789595639      -2.645358348749E-002  1.458786988920E-005
 -0.243984429805        2.94445418388       -43.2000000000        2.97091539321       3.567593538501E-002 -3.566486840296E-003
 -0.292781315766        3.53334502066       -43.2000000000        2.74176105817       0.115377418452      -4.138010706812E-003
 -0.341578201726        4.12223585744       -43.2000000000        2.49773850117       0.543383932026       1.659080479340E-003
 -0.390375087687        4.71112669421       -43.2000000000        2.23631620290       0.440942955464      -1.610931025248E-004
 -0.439171973648        5.30001753099       -43.2000000000        1.65914654023       0.429789875556      -2.583762615524E-003
 -0.487968859609        5.88890836777       -43.2000000000        1.04374279393       0.436480344815      -8.059400452424E-003
 -0.536765745570        6.47779920454       -43.2000000000       0.549776240456       0.422999502261      -8.216892894250E-003
   0.00000000000        0.00000000000       -43.2000000000        2.63189356203       2.680734967843E-002  1.292286374655E-004
 -0.237365478204       0.541138783933       -43.2000000000        2.64034905236       2.378799756115E-002  2.984268716985E-004
 -0.474730956408        1.08227756787       -43.2000000000        2.64614126771       3.343435222856E-002  8.631520151196E-004
 -0.712096434612        1.62341635180       -43.2000000000        2.66639139111       6.060679306649E-003  2.402993573622E-004
 -0.949461912816        2.16455513573       -43.2000000000        2.72418090621      -0.116118785501      -3.395151961186E-003
  -1.18682739102        2.70569391966       -43.2000000000        2.95495433422       4.290005766939E-002 -1.446769787967E-003
  -1.42419286922        3.24683270360       -43.2000000000        3.04785333252       0.155128303389      -3.691621656022E-003
  -1.66155834743        3.78797148753       -43.2000000000        3.35561426144       0.360185263024      -8.036376618322E-003
  -1.89892382563        4.32911027146       -43.2000000000        3.89200739320       0.966172422700      -8.020240857835E-003
  -2.13628930384        4.87024905539       -43.2000000000        4.07022838425        2.69856110733      -6.171321811279E-003
  -2.37365478204        5.41138783933       -43.2000000000       0.172366853302        4.23678014429      -6.634418052785E-003
  -2.61102026024        5.95252662326       -43.2000000000       -2.87012666302       0.757202324926      -1.702089473752E-003
   0.00000000000        0.00000000000       -43.2000000000        2.63189356203       2.680734967843E-002  1.292286374655E-004
 -0.400211837779       0.434745947216       -43.2000000000        2.64053971408       1.801168229312E-002  5.000946649877E-005
 -0.800423675558       0.869491894432       -43.2000000000        2.64514202840       2.794472633508E-002  5.756891035724E-004
  -1.20063551334        1.30423784165       -43.2000000000        2.66227721187       1.931552915404E-003 -7.444649823668E-005
  -1.60084735112        1.73898378886       -43.2000000000        2.71426559006      -8.349059980123E-002 -2.394193567117E-003
  -2.00105918889        2.17372973608       -43.2000000000        2.83769195201       0.105747441796       1.530455437003E-003
  -2.40127102667        2.60847568330       -43.2000000000        3.07255167998      -0.244135327891       2.806463807561E-003
  -2.80148286445        3.04322163051       -43.2000000000        2.92907645142      -0.552045611831       1.318219736828E-003
  -3.20169470223        3.47796757773       -43.2000000000        3.39516150688      -0.719955378620      -1.231280396903E-003
  -3.60190654001        3.91271352494       -43.2000000000        3.41583582951       -1.37092220907      -1.024868451221E-002
  -4.00211837779        4.34745947216       -43.2000000000        2.97333755048       -2.01553169459      -3.847097992679E-002
  -4.40233021557        4.78220541938       -43.2000000000        2.51289176734       -2.17544202158      -3.691849115995E-002
   0.00000000000        0.00000000000       -43.2000000000        2.63189356203       2.680734967843E-002  1.292286374655E-004
 -0.519689034804       0.281241641340       -43.2000000000        2.63887217222       1.745525077952E-002 -5.201650361961E-005
  -1.03937806961       0.562483282680       -43.2000000000        2.64452588749       1.423929690100E-002 -3.507679770097E-005
  -1.55906710441       0.843724924020       -43.2000000000        2.65092733078       8.065457959366E-003 -1.343514948406E-004
  -2.07875613922        1.12496656536       -43.2000000000        2.68491872344      -3.440803611710E-002 -1.196007852797E-003
  -2.59844517402        1.40620820670       -43.2000000000        2.82504758244      -9.102681988103E-002  5.280382799391E-003
  -3.11813420882        1.68744984804       -43.2000000000        2.77986805296      -0.195321630601       9.569017104930E-003
  -3.63782324363        1.96869148938       -43.2000000000        2.72765009920      -0.368769040599       7.628969659884E-003
  -4.15751227843        2.24993313072       -43.2000000000        2.61768521590      -0.490391443487      -6.347631285322E-004
  -4.67720131323        2.53117477206       -43.2000000000        2.43772042232      -0.644790110685      -5.922774882758E-003
  -5.19689034804        2.81241641340       -43.2000000000        2.21888036481      -0.814729467832       9.529580537645E-003
  -5.71657938284        3.09365805474       -43.2000000000        1.88582063145       -1.00908129409       4.767508950453E-002
   0.00000000000        0.00000000000       -43.2000000000        2.63189356203       2.680734967843E-002  1.292286374655E-004
 -0.582849861102       9.726043971134E-002  -43.2000000000        2.63634311416       1.839983939301E-002 -1.186540788497E-004
  -1.16569972220       0.194520879423       -43.2000000000        2.64079266629       9.992329107601E-003 -3.665367951650E-004
  -1.74854958330       0.291781319134       -43.2000000000        2.64524221842       1.584818822189E-003 -6.144195114803E-004
  -2.33139944441       0.389041758845       -43.2000000000        2.64969177055      -6.822691463223E-003 -8.623022277956E-004
  -2.91424930551       0.486302198557       -43.2000000000        2.70087441556      -6.300529103219E-002  4.779999097701E-003
  -3.49709916661       0.583562638268       -43.2000000000        2.62330065426      -0.138391736466       2.215845284038E-003
  -4.07994902771       0.680823077979       -43.2000000000        2.51733293653      -0.124552463019       4.285882938422E-003
  -4.66279888881       0.778083517691       -43.2000000000        2.36095847776      -0.163508241016      -2.755983281434E-003
  -5.24564874991       0.875343957402       -43.2000000000        2.27187220628      -0.190009419275      -7.058063599215E-003
  -5.82849861102       0.972604397113       -43.2000000000        2.14036501207      -0.178743259469      -3.354725340568E-003
  -6.41134847212        1.06986483682       -43.2000000000        2.00104666492      -0.174889524393      -1.211874053878E-003
   0.00000000000        0.00000000000       -43.2000000000        2.63189356203       2.680734967843E-002  1.292286374655E-004
 -0.582849861102      -9.726043971134E-002  -43.2000000000        2.63333187808       2.025551220190E-002 -1.584297154705E-004
  -1.16569972220      -0.194520879423       -43.2000000000        2.63477019414       1.370367472536E-002 -4.460880684065E-004
  -1.74854958330      -0.291781319134       -43.2000000000        2.63620851020       7.151837248835E-003 -7.337464213425E-004
  -2.33139944441      -0.389041758845       -43.2000000000        2.63764682625       5.999997723043E-004 -1.021404774278E-003
  -2.91424930551      -0.486302198557       -43.2000000000        2.69268894660       4.342263860994E-002  3.087748777801E-003
  -3.49709916661      -0.583562638268       -43.2000000000        2.60196654200       8.029307964317E-002  3.638051712470E-003
  -4.07994902771      -0.680823077979       -43.2000000000        2.53361414311       0.137833198001       1.641728181372E-003
  -4.66279888881      -0.778083517691       -43.2000000000        2.37744062128       0.144860546395      -4.106384873495E-003
  -5.24564874991      -0.875343957402       -43.2000000000        2.25169160170       0.181542107785       8.981043603962E-003
  -5.82849861102      -0.972604397113       -43.2000000000        2.10181568682       0.207586898998       2.344096511516E-002
  -6.41134847212       -1.06986483682       -43.2000000000        1.92989825279       0.199868356335       1.923299068758E-002
   0.00000000000        0.00000000000       -43.2000000000        2.63189356203       2.680734967843E-002  1.292286374655E-004
 -0.519689034804      -0.281241641340       -43.2000000000        2.63164529246       1.951505940393E-002 -6.764697911482E-004
  -1.03937806961      -0.562483282680       -43.2000000000        2.63139702290       1.222276912944E-002 -1.482168219762E-003
  -1.55906710441      -0.843724924020       -43.2000000000        2.63114875333       4.930478854946E-003 -2.287866648376E-003
  -2.07875613922       -1.12496656536       -43.2000000000        2.63551991071       2.783716449658E-003 -1.821042196546E-003
  -2.59844517402       -1.40620820670       -43.2000000000        2.85636819745       9.713124129472E-002 -2.826297912214E-003
  -3.11813420882       -1.68744984804       -43.2000000000        2.75879942356       0.164099978262      -9.297887680418E-004
  -3.63782324363       -1.96869148938       -43.2000000000        2.70279990539       0.349643602371       5.376514473041E-003
  -4.15751227843       -2.24993313072       -43.2000000000        2.57883393303       0.572860574321      -1.959959774838E-003
  -4.67720131323       -2.53117477206       -43.2000000000        2.43632684661       0.621224117697       7.884573732055E-003
  -5.19689034804       -2.81241641340       -43.2000000000        2.21243760522       0.802624593983       2.173327590795E-003
  -5.71657938284       -3.09365805474       -43.2000000000        1.77236727202        1.09924816623       5.096825266091E-002
   0.00000000000        0.00000000000       -43.2000000000        2.63189356203       2.680734967843E-002  1.292286374655E-004
 -0.400211837779      -0.434745947216       -43.2000000000        2.63059989157       1.819309612664E-002 -1.318570547458E-003
 -0.800423675558      -0.869491894432       -43.2000000000        2.62915357830       7.712156054879E-003 -2.569183000052E-003
  -1.20063551334       -1.30423784165       -43.2000000000        2.63141648937       3.291900340163E-003 -3.029550509097E-003
  -1.60084735112       -1.73898378886       -43.2000000000        2.64089730269       4.402877943255E-003 -2.040578088195E-003
  -2.00105918889       -2.17372973608       -43.2000000000        2.86859952574      -3.007619172148E-002  1.928028672819E-003
  -2.40127102667       -2.60847568330       -43.2000000000        3.07705080406       0.216209230898      -9.928307269672E-004
  -2.80148286445       -3.04322163051       -43.2000000000        3.09270766657       0.368296661076      -2.760960292053E-003
  -3.20169470223       -3.47796757773       -43.2000000000        3.27279371665       0.734591755571      -3.576163763954E-003
  -3.60190654001       -3.91271352494       -43.2000000000        3.40996967505        1.32695863070      -7.154566957865E-003
  -4.00211837779       -4.34745947216       -43.2000000000        3.14393158934        1.91277250510      -3.964388275079E-002
  -4.40233021557       -4.78220541938       -43.2000000000        2.59513731024        1.99309213904      -1.996271955788E-002
   0.00000000000        0.00000000000       -43.2000000000        2.63189356203       2.680734967843E-002  1.292286374655E-004
 -0.237365478204      -0.541138783933       -43.2000000000        2.62969467994       1.780462088559E-002 -1.803779797163E-003
 -0.474730956408       -1.08227756787       -43.2000000000        2.62735205219       3.254780609439E-003 -2.958949499199E-003
 -0.712096434612       -1.62341635180       -43.2000000000        2.63176318887       3.534038442950E-003 -3.303729083532E-003
 -0.949461912816       -2.16455513573       -43.2000000000        2.63587046296      -4.674035710001E-002 -4.983892862614E-003
  -1.18682739102       -2.70569391966       -43.2000000000        2.95150783536      -5.119000838139E-002 -4.245994289947E-003
  -1.42419286922       -3.24683270360       -43.2000000000        2.99119326516      -0.207441631798      -2.303555541490E-003
  -1.66155834743       -3.78797148753       -43.2000000000        3.32175234949      -0.457905265261      -4.246498247674E-004
  -1.89892382563       -4.32911027146       -43.2000000000        3.66104900035       -1.10597096018      -4.245777678215E-005
  -2.13628930384       -4.87024905539       -43.2000000000        4.04217936403       -2.87520678591      -2.831116469231E-003
  -2.37365478204       -5.41138783933       -43.2000000000       0.565213403250       -3.81228539138      -3.820439110247E-003
  -2.61102026024       -5.95252662326       -43.2000000000       -3.26678275682      -0.858758031720      -2.225351920773E-003
   0.00000000000        0.00000000000       -43.2000000000        2.63189356203       2.680734967843E-002  1.292286374655E-004
 -4.879688596092E-002 -0.588890836777       -43.2000000000        2.62898936630       1.792231631168E-002 -2.029931144132E-003
 -9.759377192185E-002  -1.17778167355       -43.2000000000        2.62615493438       2.503546795070E-003 -3.124859262287E-003
 -0.146390657883       -1.76667251033       -43.2000000000        2.62782753330      -1.354774508506E-002 -4.429208483919E-003
 -0.195187543844       -2.35556334711       -43.2000000000        2.60409679867       5.150903121745E-002 -2.249531553906E-003
 -0.243984429805       -2.94445418388       -43.2000000000        2.96024853399      -4.808061892011E-002 -5.698754022282E-003
 -0.292781315766       -3.53334502066       -43.2000000000        2.71318860685      -0.269200205542      -2.358330211336E-003
 -0.341578201726       -4.12223585744       -43.2000000000        2.56181832195      -0.483511793078      -4.384166984059E-003
 -0.390375087687       -4.71112669421       -43.2000000000        2.31743785328      -0.340642510205      -6.693711250647E-003
 -0.439171973648       -5.30001753099       -43.2000000000        1.69178836534      -0.406475089284      -1.065488097327E-002
 -0.487968859609       -5.88890836777       -43.2000000000        1.09282881475      -0.460957251919      -1.649149263810E-002
 -0.536765745570       -6.47779920454       -43.2000000000       0.628066732252      -0.576357141672      -1.488020406901E-002
   0.00000000000        0.00000000000       -43.2000000000        2.63189356203       2.680734967843E-002  1.292286374655E-004
  0.145059606038      -0.572827429873       -43.2000000000        2.62858062710       1.878100396879E-002 -1.998670146185E-003
  0.290119212075       -1.14565485975       -43.2000000000        2.62519572633       3.693600556418E-003 -3.067696228859E-003
  0.435178818113       -1.71848228962       -43.2000000000        2.62471914082      -9.862499709177E-003 -4.298364240759E-003
  0.580238424151       -2.29130971949       -43.2000000000        2.60090298520       8.111422246511E-002 -2.186803388894E-004
  0.725298030189       -2.86413714937       -43.2000000000        3.00633995008       0.151597024367       2.090399414097E-003
  0.870357636226       -3.43696457924       -43.2000000000        2.83182002026       0.267823316554      -4.269059087734E-003
   1.01541724226       -4.00979200911       -43.2000000000        2.80737301320       0.498748845116      -4.279405540390E-003
   1.16047684830       -4.58261943899       -43.2000000000        2.52289104904       0.943994322214      -5.558409406613E-003
   1.30553645434       -5.15544686886       -43.2000000000        1.92636475282        1.42817309139      -7.126098633735E-003
   1.45059606038       -5.72827429873       -43.2000000000       0.996616279535        1.55173390213      -1.015018912965E-002
   1.59565566642       -6.30110172861       -43.2000000000       8.885645904158E-002   1.16655952828      -2.719159870663E-002
   0.00000000000        0.00000000000       -43.2000000000        2.63189356203       2.680734967843E-002  1.292286374655E-004
  0.323196638891      -0.494689282610       -43.2000000000        2.62861741629       2.156753971511E-002 -1.848587019281E-003
  0.646393277781      -0.989378565219       -43.2000000000        2.62457837310       6.695981102854E-003 -2.793654900563E-003
  0.969589916672       -1.48406784783       -43.2000000000        2.62269237355      -1.649296038867E-004 -3.657313703810E-003
   1.29278655556       -1.97875713044       -43.2000000000        2.63354955915      -1.150322512444E-002 -1.448677438574E-003
   1.61598319445       -2.47344641305       -43.2000000000        2.96289149444      -2.426431408117E-003 -5.679472435591E-003
   1.93917983334       -2.96813569566       -43.2000000000        3.09195159946       2.048265922877E-003 -4.921465798732E-003
   2.26237647223       -3.46282497827       -43.2000000000        3.51443573310       6.626643251825E-002 -2.382890204358E-003
   2.58557311112       -3.95751426088       -43.2000000000        4.16753751787      -0.121942937537       5.765846210657E-003
   2.90876975001       -4.45220354349       -43.2000000000        5.24796079160      -0.856866544699       2.173072851864E-003
   3.23196638891       -4.94689282610       -43.2000000000        4.93662782133       -4.04980347353       1.246081342038E-003
   3.55516302780       -5.44158210871       -43.2000000000        1.52862896979       -3.75025375084       7.028290258576E-003
   0.00000000000        0.00000000000       -43.2000000000        2.63189356203       2.680734967843E-002  1.292286374655E-004
  0.466310301007      -0.362943875680       -43.2000000000        2.62900693181       2.489382568274E-002 -1.481212294854E-003
  0.932620602014      -0.725887751361       -43.2000000000        2.62549951890       1.538867859499E-002 -2.289714961382E-003
   1.39893090302       -1.08883162704       -43.2000000000        2.62628377425       4.627919478365E-003 -1.944909260805E-003
   1.86524120403       -1.45177550272       -43.2000000000        2.63820308243      -1.536259677662E-002  7.055263347344E-004
   2.33155150503       -1.81471937840       -43.2000000000        2.90898735402      -7.450762383266E-002 -5.282625442735E-003
   2.79786180604       -2.17766325408       -43.2000000000        2.97690053477      -0.372937534431       7.697609368268E-004
   3.26417210705       -2.54060712976       -43.2000000000        2.85517222042      -0.489456967198       3.415507417497E-003
   3.73048240806       -2.90355100544       -43.2000000000        2.76798339190      -0.700439530400       1.460687726728E-002
   4.19679270906       -3.26649488112       -43.2000000000        2.74257309686      -0.968328644339       5.276626520607E-003
   4.66310301007       -3.62943875680       -43.2000000000        2.61776542594       -1.38970889396       2.902710694127E-002
   5.12941331108       -3.99238263248       -43.2000000000        2.15510278223       -1.40866345351       3.114568709830E-002
   0.00000000000        0.00000000000       -43.2000000000        2.63189356203       2.680734967843E-002  1.292286374655E-004
  0.558892006459      -0.191867868166       -43.2000000000        2.62966249696       2.785561937159E-002 -8.789139035459E-004
   1.11778401292      -0.383735736333       -43.2000000000        2.62723559497       2.650897667555E-002 -1.634070770106E-003
   1.67667601938      -0.575603604499       -43.2000000000        2.63165461902       1.675756388955E-002 -6.991180647846E-005
   2.23556802584      -0.767471472666       -43.2000000000        2.63212126002       3.160624517520E-003 -3.436645920754E-004
   2.79446003230      -0.959339340832       -43.2000000000        2.71728449059      -8.381335417654E-002 -4.083349794459E-003
   3.35335203876       -1.15120720900       -43.2000000000        2.62846047181      -0.210384575497      -1.775538977784E-003
   3.91224404522       -1.34307507716       -43.2000000000        2.47451805899      -0.247707148056      -1.994402110271E-003
   4.47113605168       -1.53494294533       -43.2000000000        2.39693770112      -0.281302544793       9.064877783019E-004
   5.03002805814       -1.72681081350       -43.2000000000        2.21518580378      -0.279052409067       1.789405539278E-002
   5.58892006459       -1.91867868166       -43.2000000000        2.04262193102      -0.290510059223       2.900504182042E-002
   6.14781207105       -2.11054654983       -43.2000000000        1.83824786299      -0.289777477786       2.567982313799E-002
   0.00000000000        0.00000000000       -43.2000000000        2.63189356203       2.680734967843E-002  1.292286374655E-004
  0.590909090909        0.00000000000       -43.2000000000        2.63055983264       3.070381677361E-002 -1.673676249756E-004
   1.18181818182      -1.172487511250E-015  -43.2000000000        2.62922610324       3.460028386879E-002 -4.639638874168E-004
   1.77272727273        0.00000000000       -43.2000000000        2.63800264913       3.381496292512E-002  1.523508273432E-003
   2.36363636364        0.00000000000       -43.2000000000        2.63353560085       2.537429570893E-002  3.970814867399E-004
   2.95454545455        0.00000000000       -43.2000000000        2.67501174695      -1.079603847190E-002 -1.038207799543E-003
   3.54545454545        0.00000000000       -43.2000000000        2.55831495807       1.437037197542E-002 -5.487759455346E-004
   4.13636363636        0.00000000000       -43.2000000000        2.43386917575       3.678896306896E-002 -3.279605496586E-003
   4.72727272727        0.00000000000       -43.2000000000        2.31908412028       2.911692481427E-002 -3.089704611027E-003
   5.31818181818        0.00000000000       -43.2000000000        2.20429906482       2.144488655958E-002 -2.899803725468E-003
   5.90909090909        0.00000000000       -43.2000000000        2.08951400935       1.377284830489E-002 -2.709902839909E-003
   6.50000000000        0.00000000000       -43.2000000000        1.97472895388       6.100810050199E-003 -2.520001954350E-003
