 12 20 1 1
 1 X [LENGU]
 2 Y [LENGU]
 3 Z [LENGU]
 4 Hx [FIELU]
 5 Hy [FIELU]
 6 Hz [FIELU]
 0
   0.00000000000        0.00000000000        2.16000000000        3.00951260090      -1.382599679745E-002 -4.221953885896E-003
  0.590909090909        0.00000000000        2.16000000000        3.02371842100      -9.776396367130E-003 -1.153064278368E-003
   1.18181818182        0.00000000000        2.16000000000        3.03192943293      -5.322575546458E-003  8.473361018458E-004
   1.77272727273        0.00000000000        2.16000000000        3.00594136998       6.935134473969E-004 -2.488725930905E-003
   2.36363636364        0.00000000000        2.16000000000        3.01246587455      -4.447266019340E-003 -3.111429378874E-003
   2.95454545455        0.00000000000        2.16000000000        2.95042088830       1.295869015652E-002  1.515105934578E-002
   3.54545454545        0.00000000000        2.16000000000        2.81507562816       1.463791906636E-002  3.689086464094E-002
   4.13636363636        0.00000000000        2.16000000000        2.67669572071       4.736340973741E-003  5.216880416201E-002
   4.72727272727        0.00000000000        2.16000000000        2.53004185346       2.281732616688E-002  8.766821430703E-002
   5.31818181818        0.00000000000        2.16000000000        2.37322726982       5.832285248055E-002  0.149297004966     
   5.90909090909        0.00000000000        2.16000000000        2.19472824058      -1.722628578454E-002  0.206592267114     
   6.50000000000        0.00000000000        2.16000000000        1.85704184969       6.473168359999E-004  0.156274778610     
   0.00000000000        0.00000000000        2.16000000000        3.00951260090      -1.382599679745E-002 -4.221953885896E-003
  0.558892006459       0.191867868166        2.16000000000        3.03440708207      -7.562458252637E-003  1.076045521485E-004
   1.11778401292       0.383735736333        2.16000000000        3.04422326524      -3.458695818291E-004  1.786415822639E-003
   1.67667601938       0.575603604499        2.16000000000        3.01162469565       7.748049605135E-003 -2.716129288735E-003
   2.23556802584       0.767471472666        2.16000000000        2.99277110811       1.723418603128E-002 -6.319890554693E-003
   2.79446003230       0.959339340832        2.16000000000        2.97406829081       6.570085835321E-002 -3.525281958810E-003
   3.35335203876        1.15120720900        2.16000000000        2.89229183946       0.191575339504       7.654903380747E-003
   3.91224404522        1.34307507716        2.16000000000        2.80551019349       0.225104543663       2.925026530292E-002
   4.47113605168        1.53494294533        2.16000000000        2.60179812538       0.306658888967       4.606675646190E-002
   5.03002805814        1.72681081350        2.16000000000        2.42225782210       0.367803290318       7.584564426247E-002
   5.58892006459        1.91867868166        2.16000000000        2.19982061409       0.385530576176       0.117098190151     
   6.14781207105        2.11054654983        2.16000000000        1.88039900150       0.367507960548       0.134703816390     
   0.00000000000        0.00000000000        2.16000000000        3.00951260090      -1.382599679745E-002 -4.221953885896E-003
  0.466310301007       0.362943875680        2.16000000000        3.04239803983      -6.027271728289E-003  8.990985458817E-004
  0.932620602014       0.725887751361        2.16000000000        3.05654603788       3.030819473155E-003  2.682818075891E-003
   1.39893090302        1.08883162704        2.16000000000        3.02710786106       1.193885998237E-002 -1.518970250201E-003
   1.86524120403        1.45177550272        2.16000000000        2.99597629425       3.114887766588E-002 -6.565415213388E-003
   2.33155150503        1.81471937840        2.16000000000        3.27654005434       5.391014595890E-002 -1.737431216493E-003
   2.79786180604        2.17766325408        2.16000000000        3.25435598732       9.715883712335E-002  9.681072748847E-003
   3.26417210705        2.54060712976        2.16000000000        3.25307181193       0.335697045316       1.581080172940E-002
   3.73048240806        2.90355100544        2.16000000000        3.09454333148       0.687274054373       1.803412808794E-002
   4.19679270906        3.26649488112        2.16000000000        2.94482681754       0.991906239701       9.319571743085E-002
   4.66310301007        3.62943875680        2.16000000000        2.69752562854        1.28807338611       0.118721894188     
   5.12941331108        3.99238263248        2.16000000000        2.10679538209        1.33298423301       0.342871562311     
   0.00000000000        0.00000000000        2.16000000000        3.00951260090      -1.382599679745E-002 -4.221953885896E-003
  0.323196638891       0.494689282610        2.16000000000        3.04682535001      -5.337198074872E-003  1.135647047316E-003
  0.646393277781       0.989378565219        2.16000000000        3.06516995217       4.430592662646E-003  3.112445768650E-003
  0.969589916672        1.48406784783        2.16000000000        3.04937410275       1.928155178363E-002  4.233737331664E-004
   1.29278655556        1.97875713044        2.16000000000        3.02519810906       2.669861023669E-002 -3.204471913719E-003
   1.61598319445        2.47344641305        2.16000000000        3.40231402290      -3.212140932725E-002 -2.573799215821E-003
   1.93917983334        2.96813569566        2.16000000000        3.55880921196      -0.107039074882       8.089574513037E-003
   2.26237647223        3.46282497827        2.16000000000        3.78317800934      -9.961128835491E-002  1.806973170861E-002
   2.58557311112        3.95751426088        2.16000000000        4.36604204303      -1.414716762707E-002  3.883736757592E-002
   2.90876975001        4.45220354349        2.16000000000        5.63153204414       0.895608397823       6.733949829781E-002
   3.23196638891        4.94689282610        2.16000000000        5.34920825342        5.28825443918       0.105522459417     
   3.55516302780        5.44158210871        2.16000000000        1.28995131242        4.20839695259       0.137491941812     
   0.00000000000        0.00000000000        2.16000000000        3.00951260090      -1.382599679745E-002 -4.221953885896E-003
  0.145059606038       0.572827429873        2.16000000000        3.04720924486      -5.567017480330E-003  7.916163558935E-004
  0.290119212075        1.14565485975        2.16000000000        3.05846114502       7.247714835702E-003  1.582287905499E-003
  0.435178818113        1.71848228962        2.16000000000        3.06055723435       1.988248718528E-002  1.112048019346E-003
  0.580238424151        2.29130971949        2.16000000000        3.06930546805       1.774463487336E-002  2.017519059067E-003
  0.725298030189        2.86413714937        2.16000000000        3.41168575752      -8.329625830642E-002  1.794613230092E-003
  0.870357636226        3.43696457924        2.16000000000        3.31571328324      -0.313666288862       1.315901156977E-002
   1.01541724226        4.00979200911        2.16000000000        3.20536697089      -0.290968249059       1.864847730751E-002
   1.16047684830        4.58261943899        2.16000000000        3.07386131309       -1.09531401138       2.305385417472E-002
   1.30553645434        5.15544686886        2.16000000000        2.11624457120       -1.62639014589       3.079008557486E-002
   1.45059606038        5.72827429873        2.16000000000       0.954244813644       -1.73725196559       4.311632371685E-002
   1.59565566642        6.30110172861        2.16000000000       0.205006966227       -1.24350782676       5.702027689447E-002
   0.00000000000        0.00000000000        2.16000000000        3.00951260090      -1.382599679745E-002 -4.221953885896E-003
 -4.879688596092E-002  0.588890836777        2.16000000000        3.04350812342      -6.691825446066E-003 -9.571246478485E-005
 -9.759377192185E-002   1.17778167355        2.16000000000        3.05025157744       6.871685000603E-003  1.390982337650E-004
 -0.146390657883        1.76667251033        2.16000000000        3.06346335622       7.479901750699E-003  1.112629028463E-003
 -0.195187543844        2.35556334711        2.16000000000        3.07822864550       1.631011622325E-002  3.731521535094E-003
 -0.243984429805        2.94445418388        2.16000000000        3.36479587413       2.050657502158E-002  1.923470711617E-003
 -0.292781315766        3.53334502066        2.16000000000        2.96243006471       3.610184875651E-003  5.772585334742E-003
 -0.341578201726        4.12223585744        2.16000000000        2.70785142662       5.482884075156E-002  6.259747906449E-003
 -0.390375087687        4.71112669421        2.16000000000        2.37199260596       0.348990008079       4.410257757161E-003
 -0.439171973648        5.30001753099        2.16000000000        1.83554646235       0.495846677325       3.672233727784E-004
 -0.487968859609        5.88890836777        2.16000000000        1.13362684351       0.549211522951      -1.527810551123E-003
 -0.536765745570        6.47779920454        2.16000000000       0.780399677245       0.260071590199       4.566736681020E-003
   0.00000000000        0.00000000000        2.16000000000        3.00951260090      -1.382599679745E-002 -4.221953885896E-003
 -0.237365478204       0.541138783933        2.16000000000        3.03533930560      -8.289353683294E-003 -1.400041123164E-003
 -0.474730956408        1.08227756787        2.16000000000        3.05308537711      -5.501035436123E-004  6.324145740879E-004
 -0.712096434612        1.62341635180        2.16000000000        3.05854584475       2.690055955420E-003  5.141345350095E-004
 -0.949461912816        2.16455513573        2.16000000000        3.05554412724       4.971709286873E-002  2.558363044104E-003
  -1.18682739102        2.70569391966        2.16000000000        3.34613738398       8.225169853170E-002  1.222140785031E-002
  -1.42419286922        3.24683270360        2.16000000000        3.44647208429       0.234255757496       8.961129461699E-003
  -1.66155834743        3.78797148753        2.16000000000        3.67376603203       0.510557355046      -6.565188397278E-003
  -1.89892382563        4.32911027146        2.16000000000        4.08410107209       0.272834464532      -8.602965222815E-003
  -2.13628930384        4.87024905539        2.16000000000        4.65805621627        3.10302503328      -2.418006786528E-002
  -2.37365478204        5.41138783933        2.16000000000        1.51663660077        5.40139498168      -3.650093541391E-002
  -2.61102026024        5.95252662326        2.16000000000       -3.31631457489       0.822620423258      -4.423406316716E-002
   0.00000000000        0.00000000000        2.16000000000        3.00951260090      -1.382599679745E-002 -4.221953885896E-003
 -0.400211837779       0.434745947216        2.16000000000        3.02447268140      -1.052554039890E-002 -3.014049020342E-003
 -0.800423675558       0.869491894432        2.16000000000        3.03694291608      -6.270837342813E-003 -1.710387014886E-003
  -1.20063551334        1.30423784165        2.16000000000        3.04941315075      -2.016134286730E-003 -4.067250094296E-004
  -1.60084735112        1.73898378886        2.16000000000        3.05354566787       1.985832893679E-002  1.068082316149E-003
  -2.00105918889        2.17372973608        2.16000000000        3.25866021408       9.184066454226E-002  2.548259857600E-003
  -2.40127102667        2.60847568330        2.16000000000        3.39641771158      -0.198708314460      -1.590245292266E-003
  -2.80148286445        3.04322163051        2.16000000000        3.67398084967      -0.458355327764      -4.314054422956E-002
  -3.20169470223        3.47796757773        2.16000000000        3.82229836616       -1.01853002332      -4.704878172315E-002
  -3.60190654001        3.91271352494        2.16000000000        3.62198408149       -1.33001473476      -4.921994088910E-002
  -4.00211837779        4.34745947216        2.16000000000        3.18878954722       -2.00852627953      -0.149061301916     
  -4.40233021557        4.78220541938        2.16000000000        2.45231818886       -2.13814583859      -0.184628595873     
   0.00000000000        0.00000000000        2.16000000000        3.00951260090      -1.382599679745E-002 -4.221953885896E-003
 -0.519689034804       0.281241641340        2.16000000000        3.01225471378      -1.322279020914E-002 -4.769328924210E-003
  -1.03937806961       0.562483282680        2.16000000000        3.01333232177      -1.122345589706E-002 -5.117668775145E-003
  -1.55906710441       0.843724924020        2.16000000000        3.02155514815      -1.159478808129E-002 -4.203874312201E-003
  -2.07875613922        1.12496656536        2.16000000000        3.01638528141      -1.222561326120E-002 -5.104910293352E-003
  -2.59844517402        1.40620820670        2.16000000000        3.16766530603      -6.687641253204E-002 -3.433854393786E-003
  -3.11813420882        1.68744984804        2.16000000000        3.10200501741      -0.317687710167      -9.254528124998E-003
  -3.63782324363        1.96869148938        2.16000000000        2.95347665819      -0.421558292976      -1.118440040493E-002
  -4.15751227843        2.24993313072        2.16000000000        2.76826748598      -0.524503601211      -2.641600001708E-002
  -4.67720131323        2.53117477206        2.16000000000        2.63035155240      -0.622009895327      -4.578708251698E-002
  -5.19689034804        2.81241641340        2.16000000000        2.35969814055      -0.743005056437      -8.820604170744E-002
  -5.71657938284        3.09365805474        2.16000000000        1.96335187348      -0.877665452982      -0.142064992630     
   0.00000000000        0.00000000000        2.16000000000        3.00951260090      -1.382599679745E-002 -4.221953885896E-003
 -0.582849861102       9.726043971134E-002   2.16000000000        3.00390270487      -1.400437421868E-002 -5.988486128711E-003
  -1.16569972220       0.194520879423        2.16000000000        3.00934541118      -1.782919793483E-002 -5.219069004716E-003
  -1.74854958330       0.291781319134        2.16000000000        3.01979534767      -1.196189398581E-002 -4.345061950783E-003
  -2.33139944441       0.389041758845        2.16000000000        3.00010800903      -5.224252876603E-003 -6.418106539843E-003
  -2.91424930551       0.486302198557        2.16000000000        2.99502288307      -4.967824005169E-002 -9.503814279510E-003
  -3.49709916661       0.583562638268        2.16000000000        2.85884971102      -6.993771223679E-002  3.558966539044E-003
  -4.07994902771       0.680823077979        2.16000000000        2.74900128667      -8.099126294684E-002  3.006982702466E-002
  -4.66279888881       0.778083517691        2.16000000000        2.63799177009      -9.959992626821E-002  5.300131512955E-002
  -5.24564874991       0.875343957402        2.16000000000        2.49386860456      -0.137467834994       5.744242387290E-002
  -5.82849861102       0.972604397113        2.16000000000        2.25628838815      -8.839881231184E-002  5.806646734570E-002
  -6.41134847212        1.06986483682        2.16000000000        2.04752457937       2.112110462466E-003  0.166853952150     
   0.00000000000        0.00000000000        2.16000000000        3.00951260090      -1.382599679745E-002 -4.221953885896E-003
 -0.582849861102      -9.726043971134E-002   2.16000000000        2.99762469930      -1.422956178476E-002 -6.876895037015E-003
  -1.16569972220      -0.194520879423        2.16000000000        3.01858416817      -3.398941693308E-002 -2.546204220263E-003
  -1.74854958330      -0.291781319134        2.16000000000        3.02354212241      -1.906624033465E-002 -3.526316851138E-003
  -2.33139944441      -0.389041758845        2.16000000000        3.00668737981      -1.603084097580E-003 -5.524117015827E-003
  -2.91424930551      -0.486302198557        2.16000000000        3.00287079491       4.304177375151E-002 -8.081839385849E-003
  -3.49709916661      -0.583562638268        2.16000000000        2.88076323719       6.228460937314E-002 -4.621628039100E-003
  -4.07994902771      -0.680823077979        2.16000000000        2.76747455992       8.112936783215E-002  1.031654629968E-002
  -4.66279888881      -0.778083517691        2.16000000000        2.63129287650       0.113061940229       3.321245651336E-002
  -5.24564874991      -0.875343957402        2.16000000000        2.46502150558       0.158178206405       4.193698891830E-002
  -5.82849861102      -0.972604397113        2.16000000000        2.36337012525       0.100838563904       4.706550690236E-002
  -6.41134847212       -1.06986483682        2.16000000000        2.39141533825       8.029422554943E-002  0.270759018352     
   0.00000000000        0.00000000000        2.16000000000        3.00951260090      -1.382599679745E-002 -4.221953885896E-003
 -0.519689034804      -0.281241641340        2.16000000000        2.99255563896      -1.436684290463E-002 -7.472095615049E-003
  -1.03937806961      -0.562483282680        2.16000000000        3.01808335924      -4.212102380201E-002 -1.872968722062E-003
  -1.55906710441      -0.843724924020        2.16000000000        3.03261787154      -3.004894723827E-002 -9.906368414509E-004
  -2.07875613922       -1.12496656536        2.16000000000        3.03603778346       6.671598910860E-003 -1.786485870651E-003
  -2.59844517402       -1.40620820670        2.16000000000        3.14740892341       7.632637275846E-002 -1.059525891648E-002
  -3.11813420882       -1.68744984804        2.16000000000        3.07060865500       0.239715154233      -8.656414305796E-003
  -3.63782324363       -1.96869148938        2.16000000000        2.95981792791       0.378058290439      -1.147527753344E-002
  -4.15751227843       -2.24993313072        2.16000000000        2.80694912225       0.485396472011      -2.018388782500E-002
  -4.67720131323       -2.53117477206        2.16000000000        2.63998096877       0.611760878605      -3.592069281384E-002
  -5.19689034804       -2.81241641340        2.16000000000        2.34011537781       0.730532113476      -5.598856436108E-002
  -5.71657938284       -3.09365805474        2.16000000000        1.97965820399       0.810510026682      -8.830427298272E-002
   0.00000000000        0.00000000000        2.16000000000        3.00951260090      -1.382599679745E-002 -4.221953885896E-003
 -0.400211837779      -0.434745947216        2.16000000000        2.99139608846      -1.296163868375E-002 -7.347327556703E-003
 -0.800423675558      -0.869491894432        2.16000000000        3.01256066134      -1.405151480471E-002 -4.083870819595E-003
  -1.20063551334       -1.30423784165        2.16000000000        3.05226446074      -3.477385766693E-002  3.586159773827E-003
  -1.60084735112       -1.73898378886        2.16000000000        3.06109180034       1.847042242202E-003  1.962822865348E-003
  -2.00105918889       -2.17372973608        2.16000000000        3.20171839697      -0.119284225615       4.545018127096E-003
  -2.40127102667       -2.60847568330        2.16000000000        3.36834246513       0.115203136895      -1.078163522708E-002
  -2.80148286445       -3.04322163051        2.16000000000        3.50009794427       0.368980275973      -2.263985219913E-002
  -3.20169470223       -3.47796757773        2.16000000000        3.85796101578       0.862672774683      -4.656552904199E-002
  -3.60190654001       -3.91271352494        2.16000000000        3.78447739506        1.30056437770      -8.807069959048E-002
  -4.00211837779       -4.34745947216        2.16000000000        3.23152718682        1.99082574673      -0.183690836655     
  -4.40233021557       -4.78220541938        2.16000000000        2.51202910927        2.34983495279      -0.286670314809     
   0.00000000000        0.00000000000        2.16000000000        3.00951260090      -1.382599679745E-002 -4.221953885896E-003
 -0.237365478204      -0.541138783933        2.16000000000        2.99782621267      -9.243914704303E-003 -6.168470192809E-003
 -0.474730956408       -1.08227756787        2.16000000000        3.01361728623       7.242710447911E-003 -4.624448567739E-003
 -0.712096434612       -1.62341635180        2.16000000000        3.04260119671      -6.071522442664E-003  8.118268442353E-004
 -0.949461912816       -2.16455513573        2.16000000000        3.07590140507      -1.718607312312E-002  6.722494210343E-003
  -1.18682739102       -2.70569391966        2.16000000000        3.31577550694      -0.110928007615      -9.417623232193E-004
  -1.42419286922       -3.24683270360        2.16000000000        3.39884041831      -0.349270298860      -3.848212013012E-003
  -1.66155834743       -3.78797148753        2.16000000000        3.53430486373      -0.552475146793      -8.780544362819E-003
  -1.89892382563       -4.32911027146        2.16000000000        3.87683356527       -1.26020195187      -2.416458336283E-002
  -2.13628930384       -4.87024905539        2.16000000000        4.55083375868       -3.04778351124      -4.525488339059E-002
  -2.37365478204       -5.41138783933        2.16000000000       9.565272051363E-002  -3.74892553963      -6.146042390936E-002
  -2.61102026024       -5.95252662326        2.16000000000       -3.45087732154       -1.00214993242      -6.745306787012E-002
   0.00000000000        0.00000000000        2.16000000000        3.00951260090      -1.382599679745E-002 -4.221953885896E-003
 -4.879688596092E-002 -0.588890836777        2.16000000000        3.00254512904      -7.312772376441E-003 -5.156931529956E-003
 -9.759377192185E-002  -1.17778167355        2.16000000000        3.01950758691       1.993068510933E-003 -3.665941955664E-003
 -0.146390657883       -1.76667251033        2.16000000000        3.03156002566       1.049054835361E-002 -1.881694469502E-003
 -0.195187543844       -2.35556334711        2.16000000000        3.05272982261      -2.356208805624E-002  3.513295950299E-003
 -0.243984429805       -2.94445418388        2.16000000000        3.30487775321      -4.762118996371E-002  3.254577699906E-003
 -0.292781315766       -3.53334502066        2.16000000000        2.99647280795       2.271048931387E-002  5.575872392881E-003
 -0.341578201726       -4.12223585744        2.16000000000        2.81318013029      -0.142587594238       3.432359229496E-003
 -0.390375087687       -4.71112669421        2.16000000000        2.58695884053      -0.312408085010       4.234628505903E-003
 -0.439171973648       -5.30001753099        2.16000000000        1.82170857687      -0.543955232597      -2.460946400989E-003
 -0.487968859609       -5.88890836777        2.16000000000        1.17897348465      -0.537333881119      -1.559250270028E-002
 -0.536765745570       -6.47779920454        2.16000000000       0.541678754500      -0.336543490899      -2.449487043496E-002
   0.00000000000        0.00000000000        2.16000000000        3.00951260090      -1.382599679745E-002 -4.221953885896E-003
  0.145059606038      -0.572827429873        2.16000000000        3.00504146975      -7.377480936153E-003 -4.422327477903E-003
  0.290119212075       -1.14565485975        2.16000000000        3.02242276612      -3.472466061152E-003 -2.820166701549E-003
  0.435178818113       -1.71848228962        2.16000000000        3.03528492859      -2.056748256880E-003 -1.209328961881E-003
  0.580238424151       -2.29130971949        2.16000000000        3.02220579874      -6.682959585796E-003 -3.610830109941E-003
  0.725298030189       -2.86413714937        2.16000000000        3.40404475163       0.131608446165       6.666375702180E-003
  0.870357636226       -3.43696457924        2.16000000000        3.23309223714       0.297399080053       1.344449863976E-002
   1.01541724226       -4.00979200911        2.16000000000        3.13565833258       0.542873979037       1.550216947954E-002
   1.16047684830       -4.58261943899        2.16000000000        2.79920434091       0.953886828548       2.018698308771E-002
   1.30553645434       -5.15544686886        2.16000000000        2.11068582134        1.67400173532       3.523554589955E-002
   1.45059606038       -5.72827429873        2.16000000000       0.935524061539        1.73896250800       4.181897148713E-002
   1.59565566642       -6.30110172861        2.16000000000       0.168247320763        1.26246722861       3.406973573353E-002
   0.00000000000        0.00000000000        2.16000000000        3.00951260090      -1.382599679745E-002 -4.221953885896E-003
  0.323196638891      -0.494689282610        2.16000000000        3.00504471756      -9.431028206938E-003 -4.044263784246E-003
  0.646393277781      -0.989378565219        2.16000000000        3.02302716608      -6.043828045849E-003 -1.884615579047E-003
  0.969589916672       -1.48406784783        2.16000000000        3.03453662594      -1.702282298656E-002 -1.329178743958E-003
   1.29278655556       -1.97875713044        2.16000000000        3.03381993007      -2.223443966027E-002 -2.727679238041E-003
   1.61598319445       -2.47344641305        2.16000000000        3.36054275796       2.820846234637E-002  1.479114818050E-002
   1.93917983334       -2.96813569566        2.16000000000        3.62635908901      -1.954809259781E-002  1.507931049768E-002
   2.26237647223       -3.46282497827        2.16000000000        3.79915923711       4.087486918770E-002  2.613247685869E-002
   2.58557311112       -3.95751426088        2.16000000000        4.51828202977      -0.100101324437       5.214610316084E-002
   2.90876975001       -4.45220354349        2.16000000000        5.68949433211      -0.968475803542       7.972923679776E-002
   3.23196638891       -4.94689282610        2.16000000000        5.48103680873       -4.81964173638       0.103899782388     
   3.55516302780       -5.44158210871        2.16000000000        1.22176902249       -4.37463913375       0.108069236619     
   0.00000000000        0.00000000000        2.16000000000        3.00951260090      -1.382599679745E-002 -4.221953885896E-003
  0.466310301007      -0.362943875680        2.16000000000        3.00360032283      -1.280161400350E-002 -3.930778062601E-003
  0.932620602014      -0.725887751361        2.16000000000        3.02125529067      -5.442370473322E-003 -9.606700688544E-004
   1.39893090302       -1.08883162704        2.16000000000        3.03133352054      -1.978107523017E-002 -4.451488572353E-004
   1.86524120403       -1.45177550272        2.16000000000        3.01580273849      -3.513363147646E-002 -1.958022399349E-003
   2.33155150503       -1.81471937840        2.16000000000        3.23699067854      -4.454195630873E-002  2.226083787926E-002
   2.79786180604       -2.17766325408        2.16000000000        3.19188930949      -0.178024333935       2.717359361457E-002
   3.26417210705       -2.54060712976        2.16000000000        3.29775232310      -0.546865903259       4.500344412269E-002
   3.73048240806       -2.90355100544        2.16000000000        3.25089330399      -0.800823280605       6.904890515491E-002
   4.19679270906       -3.26649488112        2.16000000000        3.06704629032      -0.962632437006       0.105181028665     
   4.66310301007       -3.62943875680        2.16000000000        2.66659518863       -1.24752851194       0.147302966121     
   5.12941331108       -3.99238263248        2.16000000000        2.24000021928       -1.38384809235       0.208553045560     
   0.00000000000        0.00000000000        2.16000000000        3.00951260090      -1.382599679745E-002 -4.221953885896E-003
  0.558892006459      -0.191867868166        2.16000000000        3.01149033889      -1.242917152427E-002 -2.746294916588E-003
   1.11778401292      -0.383735736333        2.16000000000        3.02035061785      -1.253074578202E-002 -7.720007703811E-004
   1.67667601938      -0.575603604499        2.16000000000        3.02441599484      -1.405631618607E-002 -2.753263285543E-004
   2.23556802584      -0.767471472666        2.16000000000        2.95552563555      -2.091860019969E-002 -3.870690808254E-003
   2.79446003230      -0.959339340832        2.16000000000        3.00912419027      -5.210993011706E-002  1.699897887170E-002
   3.35335203876       -1.15120720900        2.16000000000        2.87971365360      -0.134494162452       2.676683242511E-002
   3.91224404522       -1.34307507716        2.16000000000        2.73742039351      -0.201655145730       3.857508874588E-002
   4.47113605168       -1.53494294533        2.16000000000        2.57097763347      -0.310537589351       6.131642482876E-002
   5.03002805814       -1.72681081350        2.16000000000        2.39621587241      -0.352771489425       9.498634924491E-002
   5.58892006459       -1.91867868166        2.16000000000        2.18742797767      -0.390489313458       0.124218502400     
   6.14781207105       -2.11054654983        2.16000000000        1.92265036287      -0.417368377584       0.142825044859     
   0.00000000000        0.00000000000        2.16000000000        3.00951260090      -1.382599679745E-002 -4.221953885896E-003
  0.590909090909        0.00000000000        2.16000000000        3.02371842100      -9.776396367130E-003 -1.153064278368E-003
   1.18181818182      -1.172487511250E-015   2.16000000000        3.03192943293      -5.322575546459E-003  8.473361018458E-004
   1.77272727273        0.00000000000        2.16000000000        3.00594136998       6.935134473969E-004 -2.488725930905E-003
   2.36363636364        0.00000000000        2.16000000000        3.01246587455      -4.447266019340E-003 -3.111429378874E-003
   2.95454545455        0.00000000000        2.16000000000        2.95042088830       1.295869015652E-002  1.515105934578E-002
   3.54545454545        0.00000000000        2.16000000000        2.81507562816       1.463791906636E-002  3.689086464094E-002
   4.13636363636        0.00000000000        2.16000000000        2.67669572071       4.736340973741E-003  5.216880416201E-002
   4.72727272727        0.00000000000        2.16000000000        2.53004185346       2.281732616688E-002  8.766821430703E-002
   5.31818181818        0.00000000000        2.16000000000        2.37322726982       5.832285248055E-002  0.149297004966     
   5.90909090909        0.00000000000        2.16000000000        2.19472824058      -1.722628578454E-002  0.206592267114     
   6.50000000000        0.00000000000        2.16000000000        1.85704184969       6.473168359999E-004  0.156274778610     
