 12 20 1 1
 1 X [LENGU]
 2 Y [LENGU]
 3 Z [LENGU]
 4 Hx [FIELU]
 5 Hy [FIELU]
 6 Hz [FIELU]
 0
   0.00000000000        0.00000000000       -70.0000000000        1.76700925534       7.561505450761E-003  4.979312347631E-003
  0.590909090909        0.00000000000       -70.0000000000        1.75957405073       3.731126009346E-003  4.018764972111E-003
   1.18181818182        0.00000000000       -70.0000000000        1.74426869947       4.525681347953E-002  4.806800650770E-003
   1.77272727273        0.00000000000       -70.0000000000        1.74665847676       3.383961097213E-002  3.381177699506E-003
   2.36363636364        0.00000000000       -70.0000000000        1.76160062306      -6.593444171630E-003  1.371952598907E-003
   2.95454545455        0.00000000000       -70.0000000000        1.77848479685      -2.697956764504E-002 -4.653606964585E-003
   3.54545454545        0.00000000000       -70.0000000000        1.69519695688      -3.023037649744E-002 -5.763628375181E-003
   4.13636363636        0.00000000000       -70.0000000000        1.61891001353      -2.755797598459E-002 -6.493511110248E-003
   4.72727272727        0.00000000000       -70.0000000000        1.54262307018      -2.488557547174E-002 -7.223393845315E-003
   5.31818181818        0.00000000000       -70.0000000000        1.46772571711      -1.436847916802E-002 -7.905102186943E-003
   5.90909090909        0.00000000000       -70.0000000000        1.39408873036      -2.344009999134E-002 -1.283274200115E-002
   6.50000000000        0.00000000000       -70.0000000000        1.31121430166       1.856012115970E-002 -7.021580160843E-003
   0.00000000000        0.00000000000       -70.0000000000        1.76700925534       7.561505450761E-003  4.979312347631E-003
  0.558892006459       0.191867868166       -70.0000000000        1.76012621572       3.966526538182E-003  4.490947780638E-003
   1.11778401292       0.383735736333       -70.0000000000        1.75323762127       1.826883518152E-003  4.034084714428E-003
   1.67667601938       0.575603604499       -70.0000000000        1.75232989192       1.371540450132E-002  4.798728122479E-003
   2.23556802584       0.767471472666       -70.0000000000        1.75443487263       1.294270956999E-002  4.147819753094E-003
   2.79446003230       0.959339340832       -70.0000000000        1.81318276651       4.729821857386E-002 -2.698797446598E-003
   3.35335203876        1.15120720900       -70.0000000000        1.73366007792       0.116687213640      -2.192974262093E-003
   3.91224404522        1.34307507716       -70.0000000000        1.65350824984       0.150627024518      -3.770672782384E-003
   4.47113605168        1.53494294533       -70.0000000000        1.57820907333       0.187494670062      -5.248138227624E-003
   5.03002805814        1.72681081350       -70.0000000000        1.50290989683       0.224362315606      -6.725603672864E-003
   5.58892006459        1.91867868166       -70.0000000000        1.38069310979       0.231690374177      -1.232027962256E-002
   6.14781207105        2.11054654983       -70.0000000000        1.22900400223       0.195649512442      -1.320809868655E-002
   0.00000000000        0.00000000000       -70.0000000000        1.76700925534       7.561505450761E-003  4.979312347631E-003
  0.466310301007       0.362943875680       -70.0000000000        1.76159777117       4.839339067990E-003  5.047952043572E-003
  0.932620602014       0.725887751361       -70.0000000000        1.75961128185       1.161888861367E-002  5.848734130008E-003
   1.39893090302        1.08883162704       -70.0000000000        1.76001919313       2.354794176690E-002  6.889872592492E-003
   1.86524120403        1.45177550272       -70.0000000000        1.75621040450       2.976013928087E-002  6.489436376600E-003
   2.33155150503        1.81471937840       -70.0000000000        1.92908810963       6.674191143109E-002 -2.565721458823E-003
   2.79786180604        2.17766325408       -70.0000000000        1.89301257544       0.163813976995      -3.473826360800E-003
   3.26417210705        2.54060712976       -70.0000000000        1.86529566004       0.296604647669       7.123236565587E-004
   3.73048240806        2.90355100544       -70.0000000000        1.84931041459       0.470624368219       5.632986516434E-003
   4.19679270906        3.26649488112       -70.0000000000        1.82419825138       0.644579992001       1.064706884499E-002
   4.66310301007        3.62943875680       -70.0000000000        1.71702760314       0.867993006724       1.996602275745E-002
   5.12941331108        3.99238263248       -70.0000000000        1.55479324288       0.892281844157      -1.553781808289E-004
   0.00000000000        0.00000000000       -70.0000000000        1.76700925534       7.561505450761E-003  4.979312347631E-003
  0.323196638891       0.494689282610       -70.0000000000        1.76382925122       6.254980818085E-003  5.629417706213E-003
  0.646393277781       0.989378565219       -70.0000000000        1.76214230089       1.505486241831E-002  6.731248790391E-003
  0.969589916672        1.48406784783       -70.0000000000        1.76130487959       2.191405123103E-002  7.282440326871E-003
   1.29278655556        1.97875713044       -70.0000000000        1.76545515627       3.964662307445E-002  8.544431668308E-003
   1.61598319445        2.47344641305       -70.0000000000        1.99489816496      -6.765632514413E-003 -3.882144137424E-003
   1.93917983334        2.96813569566       -70.0000000000        2.09028179713       3.558184351985E-002 -3.221311082203E-003
   2.26237647223        3.46282497827       -70.0000000000        2.34708131641      -6.008212005425E-002 -3.556329542547E-003
   2.58557311112        3.95751426088       -70.0000000000        2.79405805127       7.176981268346E-002 -3.732966162705E-003
   2.90876975001        4.45220354349       -70.0000000000        3.34099774835       0.572932022567      -1.461193056233E-003
   3.23196638891        4.94689282610       -70.0000000000        3.33203310998        2.97996111086       4.381634442925E-003
   3.55516302780        5.44158210871       -70.0000000000        1.01316420847        2.58139236899       1.166197865543E-002
   0.00000000000        0.00000000000       -70.0000000000        1.76700925534       7.561505450761E-003  4.979312347631E-003
  0.145059606038       0.572827429873       -70.0000000000        1.76594474567       7.154290164981E-003  6.055754024494E-003
  0.290119212075        1.14565485975       -70.0000000000        1.75816078334       7.747199823937E-003  5.984483067806E-003
  0.435178818113        1.71848228962       -70.0000000000        1.75911130715       1.640516241764E-002  6.651897766160E-003
  0.580238424151        2.29130971949       -70.0000000000        1.76407932239       3.497614866439E-002  7.906292472292E-003
  0.725298030189        2.86413714937       -70.0000000000        1.97794738687      -4.562981822309E-002 -1.403685413748E-003
  0.870357636226        3.43696457924       -70.0000000000        1.86902367573      -0.233504950724      -4.530557270668E-003
   1.01541724226        4.00979200911       -70.0000000000        1.86656106551      -0.311228633282      -2.948836043130E-003
   1.16047684830        4.58261943899       -70.0000000000        1.58727715165      -0.703192968684      -1.730672896042E-003
   1.30553645434        5.15544686886       -70.0000000000        1.29309550217      -0.943965389281      -4.904979118044E-003
   1.45059606038        5.72827429873       -70.0000000000       0.597867717220       -1.01923179973      -3.256461698258E-003
   1.59565566642        6.30110172861       -70.0000000000       9.849727097724E-002 -0.700731642643      -8.248694601598E-005
   0.00000000000        0.00000000000       -70.0000000000        1.76700925534       7.561505450761E-003  4.979312347631E-003
 -4.879688596092E-002  0.588890836777       -70.0000000000        1.76475829315       3.216376294513E-003  5.737161339638E-003
 -9.759377192185E-002   1.17778167355       -70.0000000000        1.75859216349       7.033757086969E-003  5.966031538179E-003
 -0.146390657883        1.76667251033       -70.0000000000        1.76025920105       1.671205065630E-002  6.710703633188E-003
 -0.195187543844        2.35556334711       -70.0000000000        1.76474437757       2.024922056385E-002  7.016040694860E-003
 -0.243984429805        2.94445418388       -70.0000000000        1.92116211248       2.027519955333E-002 -1.930107960280E-003
 -0.292781315766        3.53334502066       -70.0000000000        1.80166689452      -9.824032165684E-002 -3.481255455369E-004
 -0.341578201726        4.12223585744       -70.0000000000        1.55807713943       3.221386780483E-002 -4.369489943725E-004
 -0.390375087687        4.71112669421       -70.0000000000        1.39177819945       0.189549669677       4.561843909993E-004
 -0.439171973648        5.30001753099       -70.0000000000        1.06639297385       0.277051357740       1.099630582495E-003
 -0.487968859609        5.88890836777       -70.0000000000       0.668329758901       0.304236657804       1.186037149796E-003
 -0.536765745570        6.47779920454       -70.0000000000       0.470507526569       0.326234446188       1.637959646241E-003
   0.00000000000        0.00000000000       -70.0000000000        1.76700925534       7.561505450761E-003  4.979312347631E-003
 -0.237365478204       0.541138783933       -70.0000000000        1.76381576731      -2.506754102501E-004  5.336443957259E-003
 -0.474730956408        1.08227756787       -70.0000000000        1.76027492780       7.825876033622E-003  6.012067471860E-003
 -0.712096434612        1.62341635180       -70.0000000000        1.76073601938       1.285998190970E-002  6.525753246084E-003
 -0.949461912816        2.16455513573       -70.0000000000        1.76770579636       8.122844451069E-003  6.549586009328E-003
  -1.18682739102        2.70569391966       -70.0000000000        1.99663472573       5.320903974919E-002  1.150953744296E-003
  -1.42419286922        3.24683270360       -70.0000000000        2.00188386597       0.138685051753       8.922452711883E-004
  -1.66155834743        3.78797148753       -70.0000000000        2.21606503905       0.297906226981       1.249203447299E-003
  -1.89892382563        4.32911027146       -70.0000000000        2.46535821020       0.738411125976       2.286559702377E-003
  -2.13628930384        4.87024905539       -70.0000000000        2.70730526374        1.78996572210       2.364933235615E-003
  -2.37365478204        5.41138783933       -70.0000000000       0.692458177622        1.74434994901       4.232719474898E-003
  -2.61102026024        5.95252662326       -70.0000000000       -1.73702623558       0.556792699505       4.661384605483E-003
   0.00000000000        0.00000000000       -70.0000000000        1.76700925534       7.561505450761E-003  4.979312347631E-003
 -0.400211837779       0.434745947216       -70.0000000000        1.76321930544      -2.871156100247E-003  4.897025823509E-003
 -0.800423675558       0.869491894432       -70.0000000000        1.76109167218      -4.774020606923E-003  5.285273157855E-003
  -1.20063551334        1.30423784165       -70.0000000000        1.76157388026       9.093424554599E-003  6.267154788560E-003
  -1.60084735112        1.73898378886       -70.0000000000        1.76356950021      -1.871798560662E-003  5.389045565145E-003
  -2.00105918889        2.17372973608       -70.0000000000        1.90911959824       0.116244753115       3.838560289800E-003
  -2.40127102667        2.60847568330       -70.0000000000        2.04777419175      -8.672256255610E-002  3.034630694456E-003
  -2.80148286445        3.04322163051       -70.0000000000        2.16857462704      -0.449313175210       5.514348549894E-003
  -3.20169470223        3.47796757773       -70.0000000000        2.22695887148      -0.640690414531       5.819263776324E-003
  -3.60190654001        3.91271352494       -70.0000000000        2.28534311591      -0.832067653852       6.124179002754E-003
  -4.00211837779        4.34745947216       -70.0000000000        2.07835159749       -1.26424143654       1.873231876307E-002
  -4.40233021557        4.78220541938       -70.0000000000        1.73736224793       -1.32853704527      -4.117222763875E-003
   0.00000000000        0.00000000000       -70.0000000000        1.76700925534       7.561505450761E-003  4.979312347631E-003
 -0.519689034804       0.281241641340       -70.0000000000        1.76303354346      -4.361096031770E-003  4.466524711454E-003
  -1.03937806961       0.562483282680       -70.0000000000        1.75799186733      -2.085480878029E-002  3.573803634864E-003
  -1.55906710441       0.843724924020       -70.0000000000        1.75979320023      -2.775273450329E-003  4.641031021818E-003
  -2.07875613922        1.12496656536       -70.0000000000        1.75697502062      -1.384832289933E-002  3.597719485833E-003
  -2.59844517402        1.40620820670       -70.0000000000        1.86714738354      -3.050531749923E-002  7.618709384651E-003
  -3.11813420882        1.68744984804       -70.0000000000        1.80053691867      -0.138198919801       6.779584830582E-003
  -3.63782324363        1.96869148938       -70.0000000000        1.74129840756      -0.253912803676       5.370531817693E-003
  -4.15751227843        2.24993313072       -70.0000000000        1.64718976654      -0.256481418464       2.940026291255E-003
  -4.67720131323        2.53117477206       -70.0000000000        1.58659251752      -0.400630910000       1.537090372687E-003
  -5.19689034804        2.81241641340       -70.0000000000        1.41773385083      -0.493199934734      -2.808074141563E-003
  -5.71657938284        3.09365805474       -70.0000000000        1.22432108397      -0.613800424710       2.860479588710E-002
   0.00000000000        0.00000000000       -70.0000000000        1.76700925534       7.561505450761E-003  4.979312347631E-003
 -0.582849861102       9.726043971134E-002  -70.0000000000        1.76327861155      -4.559037094437E-003  4.091592096499E-003
  -1.16569972220       0.194520879423       -70.0000000000        1.75799026071      -2.335940234499E-002  2.648670303746E-003
  -1.74854958330       0.291781319134       -70.0000000000        1.75637132549      -2.225178462367E-002  2.979012925012E-003
  -2.33139944441       0.389041758845       -70.0000000000        1.75675147084      -8.439876236266E-003  4.387244216534E-003
  -2.91424930551       0.486302198557       -70.0000000000        1.76192114320      -1.817124007145E-002  9.426625381834E-003
  -3.49709916661       0.583562638268       -70.0000000000        1.72012242012      -3.433688874506E-002  7.716551893367E-003
  -4.07994902771       0.680823077979       -70.0000000000        1.63383527537      -5.158461096705E-002  6.989660173899E-003
  -4.66279888881       0.778083517691       -70.0000000000        1.56221823980      -8.340715724719E-002  5.513104223407E-003
  -5.24564874991       0.875343957402       -70.0000000000        1.47345886099      -0.101288365125       4.903433993257E-003
  -5.82849861102       0.972604397113       -70.0000000000        1.37079162446      -0.101753381948       1.162327196103E-002
  -6.41134847212        1.06986483682       -70.0000000000        1.27385077269      -0.110948279770       1.403476216620E-002
   0.00000000000        0.00000000000       -70.0000000000        1.76700925534       7.561505450761E-003  4.979312347631E-003
 -0.582849861102      -9.726043971134E-002  -70.0000000000        1.76385759753      -3.745229542713E-003  3.787781564882E-003
  -1.16569972220      -0.194520879423       -70.0000000000        1.75913611678      -2.178374310091E-002  2.036730866434E-003
  -1.74854958330      -0.291781319134       -70.0000000000        1.75613416079      -2.594186125971E-002  3.123186952739E-003
  -2.33139944441      -0.389041758845       -70.0000000000        1.76132472620       1.154426552786E-003  5.903516441877E-003
  -2.91424930551      -0.486302198557       -70.0000000000        1.75576037293       2.235686278342E-002  9.900012300924E-003
  -3.49709916661      -0.583562638268       -70.0000000000        1.72166579921       6.799616453174E-002  7.943985512818E-003
  -4.07994902771      -0.680823077979       -70.0000000000        1.61800781750       5.699719773127E-002  1.066693345335E-002
  -4.66279888881      -0.778083517691       -70.0000000000        1.55233420768       9.833566959532E-002  3.919120754023E-003
  -5.24564874991      -0.875343957402       -70.0000000000        1.47676341977       0.118803225830       3.505431926227E-003
  -5.82849861102      -0.972604397113       -70.0000000000        1.41072010043       0.114191365693       5.616129471840E-003
  -6.41134847212       -1.06986483682       -70.0000000000        1.29580728789       0.106463823612      -1.241546087113E-004
   0.00000000000        0.00000000000       -70.0000000000        1.76700925534       7.561505450761E-003  4.979312347631E-003
 -0.519689034804      -0.281241641340       -70.0000000000        1.76491120095      -1.135455234786E-003  3.660526849395E-003
  -1.03937806961      -0.562483282680       -70.0000000000        1.76138011346      -1.569437839292E-002  1.927812299591E-003
  -1.55906710441      -0.843724924020       -70.0000000000        1.76021224850      -1.506196519558E-002  3.436133776959E-003
  -2.07875613922       -1.12496656536       -70.0000000000        1.76777546538       4.507773875871E-003  8.062609023320E-003
  -2.59844517402       -1.40620820670       -70.0000000000        1.87027661102       2.569826038500E-002  8.266334868516E-003
  -3.11813420882       -1.68744984804       -70.0000000000        1.75944927922       0.207961171799       7.621660065714E-003
  -3.63782324363       -1.96869148938       -70.0000000000        1.73902102071       0.294492859900       6.134640347246E-003
  -4.15751227843       -2.24993313072       -70.0000000000        1.71819032643       0.353815823828       1.933338297722E-003
  -4.67720131323       -2.53117477206       -70.0000000000        1.62604165309       0.411177115608      -2.459997056654E-003
  -5.19689034804       -2.81241641340       -70.0000000000        1.42804609578       0.537876641703       1.386585822558E-002
  -5.71657938284       -3.09365805474       -70.0000000000        1.25748486992       0.601080049509       3.475216466054E-002
   0.00000000000        0.00000000000       -70.0000000000        1.76700925534       7.561505450761E-003  4.979312347631E-003
 -0.400211837779      -0.434745947216       -70.0000000000        1.76612180588       2.115069470692E-003  3.651106825435E-003
 -0.800423675558      -0.869491894432       -70.0000000000        1.76426264234      -7.498310301027E-003  1.976560731187E-003
  -1.20063551334       -1.30423784165       -70.0000000000        1.76528218463      -3.637708440947E-003  3.537120047720E-003
  -1.60084735112       -1.73898378886       -70.0000000000        1.78040786107       1.282997893297E-002  1.049730629457E-002
  -2.00105918889       -2.17372973608       -70.0000000000        1.84731549278      -9.082367392567E-002 -1.123788666869E-003
  -2.40127102667       -2.60847568330       -70.0000000000        1.99499357925       9.658850582173E-002  7.431749633011E-003
  -2.80148286445       -3.04322163051       -70.0000000000        2.10322500412       0.312396347955       5.129243636289E-003
  -3.20169470223       -3.47796757773       -70.0000000000        2.20145959790       0.522699611112       3.360780771939E-003
  -3.60190654001       -3.91271352494       -70.0000000000        2.27322380621       0.875403310270      -2.385343438836E-003
  -4.00211837779       -4.34745947216       -70.0000000000        2.06911576579        1.29726248729       1.665792931740E-002
  -4.40233021557       -4.78220541938       -70.0000000000        1.70647784329        1.33353999436       1.922386035024E-002
   0.00000000000        0.00000000000       -70.0000000000        1.76700925534       7.561505450761E-003  4.979312347631E-003
 -0.237365478204      -0.541138783933       -70.0000000000        1.76742857972       5.955800024772E-003  3.785618479037E-003
 -0.474730956408       -1.08227756787       -70.0000000000        1.76768777324       3.663414949586E-003  2.534850401043E-003
 -0.712096434612       -1.62341635180       -70.0000000000        1.76793761161       3.592979701631E-003  2.115999493465E-003
 -0.949461912816       -2.16455513573       -70.0000000000        1.79359349040       2.691582123000E-002  1.121298744238E-002
  -1.18682739102       -2.70569391966       -70.0000000000        1.98641795217      -5.977075028361E-002 -4.819399681009E-004
  -1.42419286922       -3.24683270360       -70.0000000000        2.04753035039      -0.176652026823       5.386804100508E-003
  -1.66155834743       -3.78797148753       -70.0000000000        2.14060047263      -0.314973131886       7.598228781155E-003
  -1.89892382563       -4.32911027146       -70.0000000000        2.42131361519      -0.722234765341       3.945633776806E-003
  -2.13628930384       -4.87024905539       -70.0000000000        2.70005004392       -1.99832371737       4.039539822941E-003
  -2.37365478204       -5.41138783933       -70.0000000000      -8.503876973508E-002  -2.04578604101       4.647826033257E-003
  -2.61102026024       -5.95252662326       -70.0000000000       -1.73221441427      -0.616569920331       5.746889313323E-003
   0.00000000000        0.00000000000       -70.0000000000        1.76700925534       7.561505450761E-003  4.979312347631E-003
 -4.879688596092E-002 -0.588890836777       -70.0000000000        1.76868991326       9.970533676845E-003  4.049485385370E-003
 -9.759377192185E-002  -1.17778167355       -70.0000000000        1.76971882881       1.144859870132E-002  2.999833936331E-003
 -0.146390657883       -1.76667251033       -70.0000000000        1.77093127911       1.146783539567E-002  1.817457554923E-003
 -0.195187543844       -2.35556334711       -70.0000000000        1.79855697446       5.746518539285E-002  1.200807375741E-002
 -0.243984429805       -2.94445418388       -70.0000000000        1.99887846707      -3.890272627097E-002 -7.780670019115E-003
 -0.292781315766       -3.53334502066       -70.0000000000        1.92727117239      -0.192626093763      -1.819582986295E-003
 -0.341578201726       -4.12223585744       -70.0000000000        1.74242243367      -0.321768030921      -3.776036774317E-004
 -0.390375087687       -4.71112669421       -70.0000000000        1.49194461980      -0.266386594787       6.331420467544E-004
 -0.439171973648       -5.30001753099       -70.0000000000        1.10693346975      -0.308719610884       4.428310986795E-003
 -0.487968859609       -5.88890836777       -70.0000000000       0.808512754868      -0.329847725162       3.444900158333E-003
 -0.536765745570       -6.47779920454       -70.0000000000       0.531843931030      -0.346906698824       2.040310935760E-003
   0.00000000000        0.00000000000       -70.0000000000        1.76700925534       7.561505450761E-003  4.979312347631E-003
  0.145059606038      -0.572827429873       -70.0000000000        1.76620533886       8.633625942254E-003  3.758903007458E-003
  0.290119212075       -1.14565485975       -70.0000000000        1.76227594846       1.900339849855E-002  2.740880368888E-003
  0.435178818113       -1.71848228962       -70.0000000000        1.76711396630       4.605659257816E-003  2.016679214012E-005
  0.580238424151       -2.29130971949       -70.0000000000        1.77476941464      -1.893345028196E-002 -3.953093191423E-003
  0.725298030189       -2.86413714937       -70.0000000000        2.03394963267       0.151393932062      -1.872882025320E-004
  0.870357636226       -3.43696457924       -70.0000000000        1.92836213236       0.206325070004      -8.943777385069E-003
   1.01541724226       -4.00979200911       -70.0000000000        1.79496864666       0.466974265866      -8.167276768263E-003
   1.16047684830       -4.58261943899       -70.0000000000        1.62992729306       0.704026069759      -5.830378568550E-003
   1.30553645434       -5.15544686886       -70.0000000000        1.30344990633       0.933776891614      -2.827636729126E-003
   1.45059606038       -5.72827429873       -70.0000000000       0.640831360192       0.996040663032      -4.532675253825E-003
   1.59565566642       -6.30110172861       -70.0000000000       4.808905016910E-002  0.732044258218      -1.183642337341E-002
   0.00000000000        0.00000000000       -70.0000000000        1.76700925534       7.561505450761E-003  4.979312347631E-003
  0.323196638891      -0.494689282610       -70.0000000000        1.76350669824       6.750320794494E-003  3.545197651100E-003
  0.646393277781      -0.989378565219       -70.0000000000        1.75837026598       2.574036965184E-002  2.701930309421E-003
  0.969589916672       -1.48406784783       -70.0000000000        1.76214827173       3.875502708773E-003 -8.272824160939E-004
   1.29278655556       -1.97875713044       -70.0000000000        1.76055640613      -1.671523086568E-002 -5.144901071126E-003
   1.61598319445       -2.47344641305       -70.0000000000        1.99360903448       1.153619329163E-002 -9.722176579227E-003
   1.93917983334       -2.96813569566       -70.0000000000        2.08286283544       3.374790813415E-002 -9.562006723190E-003
   2.26237647223       -3.46282497827       -70.0000000000        2.34159734815       7.085520946894E-002 -6.323131777277E-003
   2.58557311112       -3.95751426088       -70.0000000000        2.78837809659      -5.838407716939E-002 -4.315588153366E-003
   2.90876975001       -4.45220354349       -70.0000000000        3.41774576617      -0.555308046205      -3.540069451738E-003
   3.23196638891       -4.94689282610       -70.0000000000        3.39346464872       -2.92264269893      -6.880802853407E-003
   3.55516302780       -5.44158210871       -70.0000000000       0.989837665725       -2.37883087940      -1.296061149934E-002
   0.00000000000        0.00000000000       -70.0000000000        1.76700925534       7.561505450761E-003  4.979312347631E-003
  0.466310301007      -0.362943875680       -70.0000000000        1.76136112035       5.202760345017E-003  3.518800450510E-003
  0.932620602014      -0.725887751361       -70.0000000000        1.75439064206       3.021477885658E-002  2.945538264546E-003
   1.39893090302       -1.08883162704       -70.0000000000        1.75697386203       1.176855107887E-002 -2.297955476297E-004
   1.86524120403       -1.45177550272       -70.0000000000        1.75667768376      -1.387523456092E-002 -4.476378937298E-003
   2.33155150503       -1.81471937840       -70.0000000000        1.92864203676      -4.158674786642E-002 -7.482140890097E-003
   2.79786180604       -2.17766325408       -70.0000000000        2.03181059369      -0.237416756398      -6.039899449338E-003
   3.26417210705       -2.54060712976       -70.0000000000        2.02012150810      -0.425496680271      -6.119467714476E-003
   3.73048240806       -2.90355100544       -70.0000000000        1.93464110092      -0.518988761210      -1.022656546135E-002
   4.19679270906       -3.26649488112       -70.0000000000        1.83011304678      -0.655702631221      -1.531055082305E-002
   4.66310301007       -3.62943875680       -70.0000000000        1.72721177062      -0.898469357333      -2.368378038788E-002
   5.12941331108       -3.99238263248       -70.0000000000        1.53870879262      -0.914452079679      -3.108097418787E-002
   0.00000000000        0.00000000000       -70.0000000000        1.76700925534       7.561505450761E-003  4.979312347631E-003
  0.558892006459      -0.191867868166       -70.0000000000        1.76000111183       4.158646781398E-003  3.682571951967E-003
   1.11778401292      -0.383735736333       -70.0000000000        1.74929138752       3.785522673713E-002  3.713938924897E-003
   1.67667601938      -0.575603604499       -70.0000000000        1.75190775144       2.706730421542E-002  1.676738417904E-003
   2.23556802584      -0.767471472666       -70.0000000000        1.76278578142      -2.326708020913E-002 -2.163030857227E-003
   2.79446003230      -0.959339340832       -70.0000000000        1.79893158924      -6.514440764716E-002 -7.394759848047E-003
   3.35335203876       -1.15120720900       -70.0000000000        1.72266582438      -0.145135420200      -6.568670440582E-003
   3.91224404522       -1.34307507716       -70.0000000000        1.63586329463      -0.168439188431      -1.122699673354E-002
   4.47113605168       -1.53494294533       -70.0000000000        1.55379597852      -0.200115139224      -1.278738828226E-002
   5.03002805814       -1.72681081350       -70.0000000000        1.47747250653      -0.240770334239      -1.503861802142E-002
   5.58892006459       -1.91867868166       -70.0000000000        1.39190267236      -0.270997823685      -1.851405869712E-002
   6.14781207105       -2.11054654983       -70.0000000000        1.21666730208      -0.216850343223      -2.372834870106E-002
   0.00000000000        0.00000000000       -70.0000000000        1.76700925534       7.561505450761E-003  4.979312347631E-003
  0.590909090909        0.00000000000       -70.0000000000        1.75957405073       3.731126009346E-003  4.018764972111E-003
   1.18181818182      -1.172487511250E-015  -70.0000000000        1.74426869947       4.525681347953E-002  4.806800650770E-003
   1.77272727273        0.00000000000       -70.0000000000        1.74665847676       3.383961097213E-002  3.381177699506E-003
   2.36363636364        0.00000000000       -70.0000000000        1.76160062306      -6.593444171630E-003  1.371952598907E-003
   2.95454545455        0.00000000000       -70.0000000000        1.77848479685      -2.697956764504E-002 -4.653606964585E-003
   3.54545454545        0.00000000000       -70.0000000000        1.69519695688      -3.023037649744E-002 -5.763628375181E-003
   4.13636363636        0.00000000000       -70.0000000000        1.61891001353      -2.755797598459E-002 -6.493511110248E-003
   4.72727272727        0.00000000000       -70.0000000000        1.54262307018      -2.488557547174E-002 -7.223393845315E-003
   5.31818181818        0.00000000000       -70.0000000000        1.46772571711      -1.436847916802E-002 -7.905102186943E-003
   5.90909090909        0.00000000000       -70.0000000000        1.39408873036      -2.344009999134E-002 -1.283274200115E-002
   6.50000000000        0.00000000000       -70.0000000000        1.31121430166       1.856012115970E-002 -7.021580160843E-003
