 12 20 1 1
 1 X [LENGU]
 2 Y [LENGU]
 3 Z [LENGU]
 4 Hx [FIELU]
 5 Hy [FIELU]
 6 Hz [FIELU]
 0
   0.00000000000        0.00000000000        36.7200000000       8.185833533474E-002 -4.605761411595E-003 -3.971384645053E-004
  0.590909090909        0.00000000000        36.7200000000       8.380710457320E-002 -4.113172089232E-003 -1.728230291509E-004
   1.18181818182        0.00000000000        36.7200000000       8.575587381165E-002 -3.620582766869E-003  5.149240620349E-005
   1.77272727273        0.00000000000        36.7200000000       8.503857379763E-002 -2.079480439613E-003  3.286132137691E-004
   2.36363636364        0.00000000000        36.7200000000       8.178726430686E-002  5.386293250105E-004  6.345514945524E-004
   2.95454545455        0.00000000000        36.7200000000       8.846129520267E-002 -1.134530755492E-003  1.413668516520E-003
   3.54545454545        0.00000000000        36.7200000000       8.923151732502E-002 -1.770720418670E-003  9.212355722030E-004
   4.13636363636        0.00000000000        36.7200000000       8.797458101941E-002 -2.466636730332E-003  5.528990670666E-004
   4.72727272727        0.00000000000        36.7200000000       8.397903149902E-002 -1.619772429167E-003  2.866824838891E-004
   5.31818181818        0.00000000000        36.7200000000       8.619943426881E-002 -9.443995843655E-004  2.432014910320E-004
   5.90909090909        0.00000000000        36.7200000000       8.382141546156E-002 -2.032014299928E-003  7.043814800784E-004
   6.50000000000        0.00000000000        36.7200000000       8.077223739688E-002 -2.117034927447E-003  2.688471106464E-004
   0.00000000000        0.00000000000        36.7200000000       8.185833533474E-002 -4.605761411595E-003 -3.971384645053E-004
  0.558892006459       0.191867868166        36.7200000000       8.372810424881E-002 -4.332637903978E-003 -1.280750633610E-004
   1.11778401292       0.383735736333        36.7200000000       8.559787316288E-002 -4.059514396361E-003  1.409883377834E-004
   1.67667601938       0.575603604499        36.7200000000       8.395816780154E-002 -2.016598616922E-003  3.760408563507E-004
   2.23556802584       0.767471472666        36.7200000000       8.417288391564E-002  8.298665577930E-005  3.943662359439E-004
   2.79446003230       0.959339340832        36.7200000000       8.916420979157E-002  1.108594588563E-003  1.267732954487E-003
   3.35335203876        1.15120720900        36.7200000000       9.069827597979E-002  2.531911353653E-003  5.772536062106E-004
   3.91224404522        1.34307507716        36.7200000000       8.788513041793E-002  3.389361102420E-003  5.694714121004E-004
   4.47113605168        1.53494294533        36.7200000000       8.557064927578E-002  4.160138962008E-003  3.001149687809E-004
   5.03002805814        1.72681081350        36.7200000000       8.215975884585E-002  2.046945959702E-003  8.528893458288E-004
   5.58892006459        1.91867868166        36.7200000000       7.754463180437E-002  5.427563753665E-004  1.123560412729E-004
   6.14781207105        2.11054654983        36.7200000000       6.921790991178E-002  4.417030559029E-003  4.549784182972E-004
   0.00000000000        0.00000000000        36.7200000000       8.185833533474E-002 -4.605761411595E-003 -3.971384645053E-004
  0.466310301007       0.362943875680        36.7200000000       8.344648545013E-002 -4.581700888722E-003 -1.124842920338E-004
  0.932620602014       0.725887751361        36.7200000000       8.503463556551E-002 -4.557640365849E-003  1.721698804377E-004
   1.39893090302        1.08883162704        36.7200000000       8.433782550624E-002 -2.111220147842E-003  2.631619921103E-004
   1.86524120403        1.45177550272        36.7200000000       8.750449953201E-002  2.315600581037E-004  9.369487677100E-005
   2.33155150503        1.81471937840        36.7200000000       9.320650540208E-002  1.351680117629E-003  1.042093837266E-003
   2.79786180604        2.17766325408        36.7200000000       9.565843770060E-002  5.026077294078E-003  8.216646158201E-004
   3.26417210705        2.54060712976        36.7200000000       9.288660819208E-002  1.133361370986E-002  1.195371795052E-004
   3.73048240806        2.90355100544        36.7200000000       9.876564136290E-002  1.255292157034E-002  2.466157119668E-004
   4.19679270906        3.26649488112        36.7200000000       9.113457688770E-002  1.557506048974E-002  2.330930486055E-005
   4.66310301007        3.62943875680        36.7200000000       8.535421561867E-002  2.580941172276E-002  7.711092430937E-005
   5.12941331108        3.99238263248        36.7200000000       7.773785146122E-002  2.684498462745E-002  1.903660015549E-004
   0.00000000000        0.00000000000        36.7200000000       8.185833533474E-002 -4.605761411595E-003 -3.971384645053E-004
  0.323196638891       0.494689282610        36.7200000000       8.302026028637E-002 -4.734487191937E-003 -1.358340688643E-004
  0.646393277781       0.989378565219        36.7200000000       8.429689957544E-002 -4.450640315464E-003  9.170044004759E-005
  0.969589916672        1.48406784783        36.7200000000       8.628448407805E-002 -3.304148487569E-003 -3.788552994469E-005
   1.29278655556        1.97875713044        36.7200000000       8.862820345956E-002 -1.726053643893E-003 -3.591463599017E-004
   1.61598319445        2.47344641305        36.7200000000       9.426733825289E-002  1.506289791728E-003  2.510784845540E-004
   1.93917983334        2.96813569566        36.7200000000       0.100159498387       3.518487254963E-003  2.230369272046E-004
   2.26237647223        3.46282497827        36.7200000000       0.100577242481       2.983125813671E-003 -2.285835145089E-004
   2.58557311112        3.95751426088        36.7200000000       0.114516713917       8.749377491986E-003  1.053738704877E-004
   2.90876975001        4.45220354349        36.7200000000       0.139211923489       1.944736842938E-002 -3.716004481478E-004
   3.23196638891        4.94689282610        36.7200000000       0.136422096824       8.618243294638E-002 -5.765524049581E-004
   3.55516302780        5.44158210871        36.7200000000       5.771381228742E-002  7.190611996999E-002  8.560297694711E-006
   0.00000000000        0.00000000000        36.7200000000       8.185833533474E-002 -4.605761411595E-003 -3.971384645053E-004
  0.145059606038       0.572827429873        36.7200000000       8.253920065138E-002 -4.617690002689E-003 -2.084243839039E-004
  0.290119212075        1.14565485975        36.7200000000       8.305588443167E-002 -5.293323669936E-003 -2.409527016335E-004
  0.435178818113        1.71848228962        36.7200000000       8.388404099512E-002 -4.251162464019E-003 -3.249107375849E-004
  0.580238424151        2.29130971949        36.7200000000       8.497073687748E-002 -3.188861787937E-003 -6.589834937657E-004
  0.725298030189        2.86413714937        36.7200000000       0.102437901748       2.578955959748E-002 -2.464448287989E-003
  0.870357636226        3.43696457924        36.7200000000       8.968216603675E-002  6.693482414597E-004 -9.520112509778E-004
   1.01541724226        4.00979200911        36.7200000000       8.793490470439E-002 -3.861745115406E-003 -2.552731972871E-004
   1.16047684830        4.58261943899        36.7200000000       8.272309039830E-002 -1.206555137062E-002 -1.032996114943E-003
   1.30553645434        5.15544686886        36.7200000000       7.160800221680E-002 -2.302026121514E-002 -2.914032311283E-003
   1.45059606038        5.72827429873        36.7200000000       4.908594689775E-002 -2.416007978861E-002 -7.429265144175E-003
   1.59565566642        6.30110172861        36.7200000000       3.322895718760E-002 -1.876036310387E-002 -1.729162883957E-002
   0.00000000000        0.00000000000        36.7200000000       8.185833533474E-002 -4.605761411595E-003 -3.971384645053E-004
 -4.879688596092E-002  0.588890836777        36.7200000000       8.197192761618E-002 -4.544308814595E-003 -2.978053065565E-004
 -9.759377192185E-002   1.17778167355        36.7200000000       8.167927081887E-002 -6.135116053210E-003 -6.020284072836E-004
 -0.146390657883        1.76667251033        36.7200000000       8.212349206360E-002 -5.690528984890E-003 -7.857984625777E-004
 -0.195187543844        2.35556334711        36.7200000000       8.307388123468E-002 -4.442464832250E-003 -7.728402671727E-004
 -0.243984429805        2.94445418388        36.7200000000       8.714287117585E-002  6.761113969634E-003 -1.812255765482E-003
 -0.292781315766        3.53334502066        36.7200000000       8.049866791961E-002  4.748862389863E-003 -1.524060622895E-003
 -0.341578201726        4.12223585744        36.7200000000       7.992746803142E-002  9.834816562619E-003 -1.175603286846E-003
 -0.390375087687        4.71112669421        36.7200000000       7.782289960743E-002  1.339961641686E-002 -6.434295801945E-004
 -0.439171973648        5.30001753099        36.7200000000       6.580219809214E-002  1.239673953413E-002 -2.748213415389E-005
 -0.487968859609        5.88890836777        36.7200000000       5.607646722482E-002  1.155027928355E-002  2.623434884004E-003
 -0.536765745570        6.47779920454        36.7200000000       4.614677270538E-002  1.351548681796E-002  5.609913547736E-003
   0.00000000000        0.00000000000        36.7200000000       8.185833533474E-002 -4.605761411595E-003 -3.971384645053E-004
 -0.237365478204       0.541138783933        36.7200000000       8.137991401628E-002 -4.522295618011E-003 -3.942910269646E-004
 -0.474730956408        1.08227756787        36.7200000000       8.031846543058E-002 -6.718888443554E-003 -8.942321435991E-004
 -0.712096434612        1.62341635180        36.7200000000       8.028706371756E-002 -6.942581362442E-003 -1.149358645287E-003
 -0.949461912816        2.16455513573        36.7200000000       8.176929245888E-002 -6.272735690491E-003 -9.758602261614E-004
  -1.18682739102        2.70569391966        36.7200000000       8.575697430540E-002  5.236296453388E-003 -1.934063409366E-003
  -1.42419286922        3.24683270360        36.7200000000       8.645737567115E-002  7.620143937638E-003 -1.645812023850E-003
  -1.66155834743        3.78797148753        36.7200000000       9.361377290692E-002  1.190091571872E-002 -1.760404162989E-003
  -1.89892382563        4.32911027146        36.7200000000       9.906011277945E-002  2.367747187923E-002 -1.021176155478E-003
  -2.13628930384        4.87024905539        36.7200000000       0.110292885993       5.993689849152E-002  5.659963193182E-004
  -2.37365478204        5.41138783933        36.7200000000       7.418740559126E-002  6.313187017832E-002  1.869964712925E-003
  -2.61102026024        5.95252662326        36.7200000000      -3.067211405836E-002  1.947478684631E-002  2.938498389054E-003
   0.00000000000        0.00000000000        36.7200000000       8.185833533474E-002 -4.605761411595E-003 -3.971384645053E-004
 -0.400211837779       0.434745947216        36.7200000000       8.082731371128E-002 -4.554035884358E-003 -4.874258201920E-004
 -0.800423675558       0.869491894432        36.7200000000       7.925836032568E-002 -6.608342421602E-003 -1.050188740864E-003
  -1.20063551334        1.30423784165        36.7200000000       7.896571008274E-002 -7.836427881077E-003 -1.259439255255E-003
  -1.60084735112        1.73898378886        36.7200000000       8.105679641159E-002 -7.312139155543E-003 -1.017796147089E-003
  -2.00105918889        2.17372973608        36.7200000000       6.864367624949E-002  1.208739211486E-002 -3.941555767243E-003
  -2.40127102667        2.60847568330        36.7200000000       8.386090183244E-002 -3.681986419100E-003 -1.697716037781E-003
  -2.80148286445        3.04322163051        36.7200000000       8.980695654419E-002 -7.359516592368E-003 -1.452230134109E-003
  -3.20169470223        3.47796757773        36.7200000000       9.366382491108E-002 -9.334266941969E-003 -8.325086202674E-004
  -3.60190654001        3.91271352494        36.7200000000       9.442523059698E-002 -2.466457112135E-002 -3.802065261590E-004
  -4.00211837779        4.34745947216        36.7200000000       8.732709362519E-002 -3.702492242425E-002 -1.056654924170E-004
  -4.40233021557        4.78220541938        36.7200000000       7.853330694935E-002 -4.189681390904E-002 -2.428540203231E-005
   0.00000000000        0.00000000000        36.7200000000       8.185833533474E-002 -4.605761411595E-003 -3.971384645053E-004
 -0.519689034804       0.281241641340        36.7200000000       8.037400951868E-002 -4.636090063275E-003 -5.671170862572E-004
  -1.03937806961       0.562483282680        36.7200000000       7.926405446697E-002 -5.286704034093E-003 -8.467269391260E-004
  -1.55906710441       0.843724924020        36.7200000000       7.975791831548E-002 -5.860118513076E-003 -8.373800768306E-004
  -2.07875613922        1.12496656536        36.7200000000       8.044599899954E-002 -7.528530336299E-003 -9.680069630376E-004
  -2.59844517402        1.40620820670        36.7200000000       8.053097894165E-002 -3.665351378588E-003 -1.311858525100E-003
  -3.11813420882        1.68744984804        36.7200000000       8.211458944908E-002 -6.503242358920E-003 -1.312786016201E-003
  -3.63782324363        1.96869148938        36.7200000000       8.231781516875E-002 -9.497511262769E-003 -1.150761708911E-003
  -4.15751227843        2.24993313072        36.7200000000       7.841540211784E-002 -1.172838074082E-002 -1.101757510708E-003
  -4.67720131323        2.53117477206        36.7200000000       7.619957792273E-002 -1.396463287045E-002 -9.411336474755E-004
  -5.19689034804        2.81241641340        36.7200000000       7.180756100818E-002 -1.656498642702E-002 -6.473466486319E-004
  -5.71657938284        3.09365805474        36.7200000000       6.595447365280E-002 -1.896329900100E-002 -1.064609251253E-003
   0.00000000000        0.00000000000        36.7200000000       8.185833533474E-002 -4.605761411595E-003 -3.971384645053E-004
 -0.582849861102       9.726043971134E-002   36.7200000000       8.006912398150E-002 -4.759566311276E-003 -6.247290399446E-004
  -1.16569972220       0.194520879423        36.7200000000       7.944171576897E-002 -4.633798328064E-003 -7.150488415415E-004
  -1.74854958330       0.291781319134        36.7200000000       8.022529918165E-002 -4.753748526350E-003 -5.969923198445E-004
  -2.33139944441       0.389041758845        36.7200000000       8.098997357874E-002 -5.455122648844E-003 -5.617419751887E-004
  -2.91424930551       0.486302198557        36.7200000000       7.890240343890E-002 -4.610958272836E-003 -1.109616239601E-003
  -3.49709916661       0.583562638268        36.7200000000       7.888918424382E-002 -4.934738732941E-003 -1.129715912572E-003
  -4.07994902771       0.680823077979        36.7200000000       7.762773749899E-002 -5.226526730019E-003 -1.102272223472E-003
  -4.66279888881       0.778083517691        36.7200000000       7.642742252366E-002 -5.829920237415E-003 -1.017957868923E-003
  -5.24564874991       0.875343957402        36.7200000000       7.510962516536E-002 -5.950264892134E-003 -1.196169819073E-003
  -5.82849861102       0.972604397113        36.7200000000       7.306212710756E-002 -5.009420508889E-003 -1.097128674874E-003
  -6.41134847212        1.06986483682        36.7200000000       6.950625617134E-002 -4.635160944739E-003 -1.023168612489E-003
   0.00000000000        0.00000000000        36.7200000000       8.185833533474E-002 -4.605761411595E-003 -3.971384645053E-004
 -0.582849861102      -9.726043971134E-002   36.7200000000       7.994569617849E-002 -4.911084060957E-003 -6.540185321307E-004
  -1.16569972220      -0.194520879423        36.7200000000       7.949370465781E-002 -4.654729773464E-003 -7.092335043911E-004
  -1.74854958330      -0.291781319134        36.7200000000       8.005621092004E-002 -4.827154952029E-003 -6.237811881105E-004
  -2.33139944441      -0.389041758845        36.7200000000       8.048921791447E-002 -4.961013201115E-003 -5.312948210022E-004
  -2.91424930551      -0.486302198557        36.7200000000       7.967243520593E-002 -3.009419619766E-003 -1.012203127300E-003
  -3.49709916661      -0.583562638268        36.7200000000       7.913847907989E-002 -3.719046398689E-004 -1.096967382655E-003
  -4.07994902771      -0.680823077979        36.7200000000       7.768363410942E-002  2.386939772098E-004 -1.051328252313E-003
  -4.66279888881      -0.778083517691        36.7200000000       7.656000545754E-002 -1.650565986683E-003 -1.251133755691E-003
  -5.24564874991      -0.875343957402        36.7200000000       7.639271359479E-002 -2.230337939507E-003 -1.353550449649E-003
  -5.82849861102      -0.972604397113        36.7200000000       7.341530356890E-002 -2.092724402959E-003 -1.166773714716E-003
  -6.41134847212       -1.06986483682        36.7200000000       6.898309997449E-002 -1.825960215631E-003 -9.404831456100E-004
   0.00000000000        0.00000000000        36.7200000000       8.185833533474E-002 -4.605761411595E-003 -3.971384645053E-004
 -0.519689034804      -0.281241641340        36.7200000000       7.998559028840E-002 -5.015837669802E-003 -6.457679890183E-004
  -1.03937806961      -0.562483282680        36.7200000000       7.983214431062E-002 -4.946403094098E-003 -6.699699796224E-004
  -1.55906710441      -0.843724924020        36.7200000000       7.974432050787E-002 -4.837694059805E-003 -6.725914791886E-004
  -2.07875613922       -1.12496656536        36.7200000000       8.011929582261E-002 -5.036734300208E-003 -5.949085456453E-004
  -2.59844517402       -1.40620820670        36.7200000000       8.205942598689E-002 -3.070792458132E-003 -9.246821525378E-004
  -3.11813420882       -1.68744984804        36.7200000000       8.415162751868E-002  1.760048443201E-003 -8.747931148472E-004
  -3.63782324363       -1.96869148938        36.7200000000       8.112941754502E-002  5.439578005973E-003 -9.523795909034E-004
  -4.15751227843       -2.24993313072        36.7200000000       7.845414824590E-002  6.676953594532E-003 -9.432042980598E-004
  -4.67720131323       -2.53117477206        36.7200000000       7.633111442160E-002  8.484344344601E-003 -1.041321796861E-003
  -5.19689034804       -2.81241641340        36.7200000000       7.065448007913E-002  1.127151222405E-002 -1.133020227875E-003
  -5.71657938284       -3.09365805474        36.7200000000       6.226001736664E-002  1.530123698897E-002  4.825860573268E-004
   0.00000000000        0.00000000000        36.7200000000       8.185833533474E-002 -4.605761411595E-003 -3.971384645053E-004
 -0.400211837779      -0.434745947216        36.7200000000       8.019720966721E-002 -5.110718547654E-003 -6.028480416932E-004
 -0.800423675558      -0.869491894432        36.7200000000       8.172347367400E-002 -6.345116680267E-003 -5.411311705115E-004
  -1.20063551334       -1.30423784165        36.7200000000       8.093651357775E-002 -5.822946197046E-003 -6.067671120965E-004
  -1.60084735112       -1.73898378886        36.7200000000       8.036075356365E-002 -3.639316303803E-003 -3.757532802480E-004
  -2.00105918889       -2.17372973608        36.7200000000       7.515127673328E-002 -1.842246530458E-002 -1.433386587009E-003
  -2.40127102667       -2.60847568330        36.7200000000       8.721194998029E-002 -1.296817440420E-003 -5.814786072808E-004
  -2.80148286445       -3.04322163051        36.7200000000       9.201766737998E-002  1.122496421252E-003 -5.975606199741E-004
  -3.20169470223       -3.47796757773        36.7200000000       9.586149792883E-002  6.717383383804E-003 -6.307867697633E-004
  -3.60190654001       -3.91271352494        36.7200000000       9.629852160669E-002  2.225107953706E-002 -3.520013687164E-004
  -4.00211837779       -4.34745947216        36.7200000000       8.836275967191E-002  3.437335584319E-002  1.322819276570E-004
  -4.40233021557       -4.78220541938        36.7200000000       7.918240334238E-002  3.476303927970E-002 -3.174232610758E-004
   0.00000000000        0.00000000000        36.7200000000       8.185833533474E-002 -4.605761411595E-003 -3.971384645053E-004
 -0.237365478204      -0.541138783933        36.7200000000       8.063538293134E-002 -5.050151106132E-003 -5.500831780274E-004
 -0.474730956408       -1.08227756787        36.7200000000       7.998611737957E-002 -4.783866707034E-003 -3.726339226999E-004
 -0.712096434612       -1.62341635180        36.7200000000       8.258756938165E-002 -4.847113561783E-003 -1.763375011350E-004
 -0.949461912816       -2.16455513573        36.7200000000       8.109926942811E-002 -2.479921297598E-003 -7.462024630785E-005
  -1.18682739102       -2.70569391966        36.7200000000       8.369175721781E-002 -8.578027560443E-003 -4.292015138124E-004
  -1.42419286922       -3.24683270360        36.7200000000       8.428947657823E-002 -9.929607634295E-003 -3.443364393920E-004
  -1.66155834743       -3.78797148753        36.7200000000       8.689816540600E-002 -1.432209834598E-002 -4.557941405068E-004
  -1.89892382563       -4.32911027146        36.7200000000       9.815582915749E-002 -2.652535098077E-002 -2.241093697903E-004
  -2.13628930384       -4.87024905539        36.7200000000       0.109401535006      -5.928322142535E-002  2.009228555395E-004
  -2.37365478204       -5.41138783933        36.7200000000       2.076240224391E-002 -0.147816597669       6.110682809865E-004
  -2.61102026024       -5.95252662326        36.7200000000      -2.766609090472E-002 -2.386831720695E-002  8.768650339735E-004
   0.00000000000        0.00000000000        36.7200000000       8.185833533474E-002 -4.605761411595E-003 -3.971384645053E-004
 -4.879688596092E-002 -0.588890836777        36.7200000000       8.125262720865E-002 -4.840698767324E-003 -4.931912897303E-004
 -9.759377192185E-002  -1.17778167355        36.7200000000       8.043955980121E-002 -3.506982301932E-003 -1.932909119626E-004
 -0.146390657883       -1.76667251033        36.7200000000       8.152383098386E-002 -3.650931032908E-003 -1.028883108467E-005
 -0.195187543844       -2.35556334711        36.7200000000       8.149574649784E-002 -3.631010323980E-003 -8.030136144057E-005
 -0.243984429805       -2.94445418388        36.7200000000       8.572165363747E-002 -7.614959022947E-003 -4.984487223998E-004
 -0.292781315766       -3.53334502066        36.7200000000       8.755606620215E-002 -9.157451759365E-003 -2.397055426631E-004
 -0.341578201726       -4.12223585744        36.7200000000       7.841457618804E-002 -9.657933007253E-003 -2.856832698587E-004
 -0.390375087687       -4.71112669421        36.7200000000       7.141989275367E-002 -1.191225786624E-002 -1.826012392751E-004
 -0.439171973648       -5.30001753099        36.7200000000       6.256442773915E-002 -1.558043395896E-002 -3.871205760283E-004
 -0.487968859609       -5.88890836777        36.7200000000       5.182037034697E-002 -1.511596701263E-002  3.764789712262E-004
 -0.536765745570       -6.47779920454        36.7200000000       4.085972391779E-002 -1.328492360801E-002  1.225603686377E-003
   0.00000000000        0.00000000000        36.7200000000       8.185833533474E-002 -4.605761411595E-003 -3.971384645053E-004
  0.145059606038      -0.572827429873        36.7200000000       8.198205450417E-002 -4.505058942129E-003 -4.383374956676E-004
  0.290119212075       -1.14565485975        36.7200000000       8.189164223327E-002 -2.911855033940E-003 -9.215192247318E-005
  0.435178818113       -1.71848228962        36.7200000000       7.961630445339E-002 -3.522658935264E-003 -1.392926551380E-004
  0.580238424151       -2.29130971949        36.7200000000       8.185041124039E-002 -2.050006637904E-003  6.098403330726E-004
  0.725298030189       -2.86413714937        36.7200000000       9.238027347900E-002 -2.142855592985E-002 -1.658958979310E-003
  0.870357636226       -3.43696457924        36.7200000000       9.018409465223E-002 -4.040292302412E-003 -2.956024339136E-004
   1.01541724226       -4.00979200911        36.7200000000       8.766330200117E-002 -4.051923651179E-003  1.147772183073E-004
   1.16047684830       -4.58261943899        36.7200000000       8.203322111365E-002  7.931550683542E-003 -5.713425544596E-004
   1.30553645434       -5.15544686886        36.7200000000       6.894813649135E-002  1.996583576436E-002 -2.469140455697E-003
   1.45059606038       -5.72827429873        36.7200000000       4.816021421561E-002  2.266517281299E-002 -6.155143894923E-003
   1.59565566642       -6.30110172861        36.7200000000       3.218126514475E-002  2.035721349834E-002 -1.695052989253E-002
   0.00000000000        0.00000000000        36.7200000000       8.185833533474E-002 -4.605761411595E-003 -3.971384645053E-004
  0.323196638891      -0.494689282610        36.7200000000       8.274462005220E-002 -4.079603413594E-003 -3.914660555702E-004
  0.646393277781      -0.989378565219        36.7200000000       8.335574972112E-002 -2.747149537439E-003 -7.562028433170E-005
  0.969589916672       -1.48406784783        36.7200000000       8.194471212328E-002 -3.120899359865E-003 -8.843019923039E-005
   1.29278655556       -1.97875713044        36.7200000000       7.806683178777E-002  3.542537964398E-003  1.632530752965E-003
   1.61598319445       -2.47344641305        36.7200000000       9.185159710558E-002 -6.358027003367E-003  1.112922136496E-004
   1.93917983334       -2.96813569566        36.7200000000       9.335853517353E-002 -4.900444612972E-003  1.576008571436E-004
   2.26237647223       -3.46282497827        36.7200000000       0.102463409799      -6.132851543333E-003 -7.424972600368E-005
   2.58557311112       -3.95751426088        36.7200000000       0.115005070629      -9.088202748114E-003 -1.986421573976E-004
   2.90876975001       -4.45220354349        36.7200000000       0.135535800382      -2.419407681140E-002 -4.676284900495E-004
   3.23196638891       -4.94689282610        36.7200000000       0.133943117944      -9.213168725469E-002 -6.586129112977E-004
   3.55516302780       -5.44158210871        36.7200000000       6.100501631750E-002 -7.945604458869E-002 -6.255651433051E-004
   0.00000000000        0.00000000000        36.7200000000       8.185833533474E-002 -4.605761411595E-003 -3.971384645053E-004
  0.466310301007      -0.362943875680        36.7200000000       8.334589071842E-002 -3.852377556923E-003 -3.277598431348E-004
  0.932620602014      -0.725887751361        36.7200000000       8.467322350047E-002 -3.030714208643E-003 -1.454874570455E-004
   1.39893090302       -1.08883162704        36.7200000000       8.488895424879E-002 -2.413847214421E-003 -2.437625738613E-006
   1.86524120403       -1.45177550272        36.7200000000       8.097864688889E-002  9.569953016086E-005  6.364369980331E-004
   2.33155150503       -1.81471937840        36.7200000000       9.242519076381E-002 -6.297505948928E-003  9.927881285259E-004
   2.79786180604       -2.17766325408        36.7200000000       9.368332884750E-002 -7.309004174832E-003  2.638670400493E-004
   3.26417210705       -2.54060712976        36.7200000000       9.626476539435E-002 -1.234227022046E-002  3.940756253960E-004
   3.73048240806       -2.90355100544        36.7200000000       9.431590426476E-002 -1.795815759949E-002  2.930317232793E-004
   4.19679270906       -3.26649488112        36.7200000000       9.054920148482E-002 -2.429722306847E-002  3.655885752080E-004
   4.66310301007       -3.62943875680        36.7200000000       8.687328681919E-002 -3.052816266210E-002 -2.894708355029E-004
   5.12941331108       -3.99238263248        36.7200000000       7.929818261602E-002 -3.202535842456E-002 -2.524983134595E-004
   0.00000000000        0.00000000000        36.7200000000       8.185833533474E-002 -4.605761411595E-003 -3.971384645053E-004
  0.558892006459      -0.191867868166        36.7200000000       8.367492551233E-002 -3.947085970875E-003 -2.418790529742E-004
   1.11778401292      -0.383735736333        36.7200000000       8.549151568991E-002 -3.288410530156E-003 -8.661964144296E-005
   1.67667601938      -0.575603604499        36.7200000000       8.588493776270E-002 -1.500177635423E-003  3.721135434666E-004
   2.23556802584      -0.767471472666        36.7200000000       8.474240360123E-002 -1.041220771884E-003  3.119319067170E-004
   2.79446003230      -0.959339340832        36.7200000000       8.813192187761E-002 -3.520783960598E-003  1.506988508711E-003
   3.35335203876       -1.15120720900        36.7200000000       9.016982017616E-002 -5.729956089609E-003  1.110055169716E-003
   3.91224404522       -1.34307507716        36.7200000000       9.125989213625E-002 -7.870434772560E-003  6.613571062626E-004
   4.47113605168       -1.53494294533        36.7200000000       8.732062691929E-002 -9.467085963175E-003  5.529884406060E-004
   5.03002805814       -1.72681081350        36.7200000000       8.203848216178E-002 -8.537988742305E-003  3.805881937148E-004
   5.58892006459       -1.91867868166        36.7200000000       7.830848731677E-002 -6.861349760714E-003  5.930384482357E-004
   6.14781207105       -2.11054654983        36.7200000000       7.291703522196E-002 -5.501822619337E-003  1.622620272299E-004
   0.00000000000        0.00000000000        36.7200000000       8.185833533474E-002 -4.605761411595E-003 -3.971384645053E-004
  0.590909090909        0.00000000000        36.7200000000       8.380710457320E-002 -4.113172089232E-003 -1.728230291509E-004
   1.18181818182      -1.172487511250E-015   36.7200000000       8.575587381165E-002 -3.620582766869E-003  5.149240620349E-005
   1.77272727273        0.00000000000        36.7200000000       8.503857379763E-002 -2.079480439613E-003  3.286132137691E-004
   2.36363636364        0.00000000000        36.7200000000       8.178726430686E-002  5.386293250105E-004  6.345514945524E-004
   2.95454545455        0.00000000000        36.7200000000       8.846129520267E-002 -1.134530755492E-003  1.413668516520E-003
   3.54545454545        0.00000000000        36.7200000000       8.923151732502E-002 -1.770720418670E-003  9.212355722030E-004
   4.13636363636        0.00000000000        36.7200000000       8.797458101941E-002 -2.466636730332E-003  5.528990670666E-004
   4.72727272727        0.00000000000        36.7200000000       8.397903149902E-002 -1.619772429167E-003  2.866824838891E-004
   5.31818181818        0.00000000000        36.7200000000       8.619943426881E-002 -9.443995843655E-004  2.432014910320E-004
   5.90909090909        0.00000000000        36.7200000000       8.382141546156E-002 -2.032014299928E-003  7.043814800784E-004
   6.50000000000        0.00000000000        36.7200000000       8.077223739688E-002 -2.117034927447E-003  2.688471106464E-004
