 12 20 1 1
 1 X [LENGU]
 2 Y [LENGU]
 3 Z [LENGU]
 4 Hx [FIELU]
 5 Hy [FIELU]
 6 Hz [FIELU]
 0
   0.00000000000        0.00000000000        95.0400000000        2.65107437902      -3.181989929942E-002  2.192248197233E-002
  0.590909090909        0.00000000000        95.0400000000        2.64910813434      -3.181049644952E-002  2.330887937293E-002
   1.18181818182        0.00000000000        95.0400000000        2.64560483529      -1.886093543237E-002  2.535116736364E-002
   1.77272727273        0.00000000000        95.0400000000        2.64141566078      -3.334138027438E-003  2.638560090777E-002
   2.36363636364        0.00000000000        95.0400000000        2.66699835594       1.955498149402E-002  2.607060388653E-002
   2.95454545455        0.00000000000        95.0400000000        2.09863563683       4.695078181594E-003  4.748912710142E-002
   3.54545454545        0.00000000000        95.0400000000        2.01365699528      -7.462967089942E-002  3.576914809085E-002
   4.13636363636        0.00000000000        95.0400000000        1.92003485079      -7.044036732175E-002  2.281628662830E-002
   4.72727272727        0.00000000000        95.0400000000        1.83070914158      -1.493984487225E-002  1.258820063819E-002
   5.31818181818        0.00000000000        95.0400000000        1.73781189723      -4.125456349995E-003  1.061024534801E-002
   5.90909090909        0.00000000000        95.0400000000        1.65114319387      -7.783884671466E-003  1.082088661021E-002
   6.50000000000        0.00000000000        95.0400000000        1.55105684580      -1.426619970131E-002  7.745622811695E-003
   0.00000000000        0.00000000000        95.0400000000        2.65107437902      -3.181989929942E-002  2.192248197233E-002
  0.558892006459       0.191867868166        95.0400000000        2.64532558324      -4.273547595268E-002  1.983113458224E-002
   1.11778401292       0.383735736333        95.0400000000        2.65218013325      -3.060143964782E-002  2.127049354624E-002
   1.67667601938       0.575603604499        95.0400000000        2.66653062427      -9.250366344384E-003  2.314166369493E-002
   2.23556802584       0.767471472666        95.0400000000        2.69592985774       3.499875421330E-002  2.673301733750E-002
   2.79446003230       0.959339340832        95.0400000000        2.17332897825      -9.881288329752E-002  3.895577672120E-002
   3.35335203876        1.15120720900        95.0400000000        2.08381431821      -1.823315532869E-002  3.540722218166E-002
   3.91224404522        1.34307507716        95.0400000000        1.98190501446       9.908730829921E-002  2.905357533330E-002
   4.47113605168        1.53494294533        95.0400000000        1.91913620267       0.188355187739       1.535305574984E-002
   5.03002805814        1.72681081350        95.0400000000        1.81188042961       0.216773351390       1.284626329654E-002
   5.58892006459        1.91867868166        95.0400000000        1.63814621544       0.226002252060       9.387195781436E-003
   6.14781207105        2.11054654983        95.0400000000        1.46586595195       0.254807687365       7.098021187443E-003
   0.00000000000        0.00000000000        95.0400000000        2.65107437902      -3.181989929942E-002  2.192248197233E-002
  0.466310301007       0.362943875680        95.0400000000        2.65231240923      -4.457354556693E-002  1.792319681716E-002
  0.932620602014       0.725887751361        95.0400000000        2.66953001766      -3.124282812528E-002  1.861213679460E-002
   1.39893090302        1.08883162704        95.0400000000        2.68539566010      -1.263536057920E-002  2.124866486352E-002
   1.86524120403        1.45177550272        95.0400000000        2.73706453157       3.977059539548E-002  2.541584415020E-002
   2.33155150503        1.81471937840        95.0400000000        2.49877608478      -0.234186158280       3.941957704008E-002
   2.79786180604        2.17766325408        95.0400000000        2.46583201265      -6.897354349251E-002  3.896929653887E-002
   3.26417210705        2.54060712976        95.0400000000        2.40270766436       0.133944139787       2.441920914348E-002
   3.73048240806        2.90355100544        95.0400000000        2.38367570775       0.418331267354      -7.332488689524E-004
   4.19679270906        3.26649488112        95.0400000000        2.35970449344       0.717398383400      -2.486970860161E-002
   4.66310301007        3.62943875680        95.0400000000        2.20159021294        1.10403988110      -4.204384561955E-002
   5.12941331108        3.99238263248        95.0400000000        1.85942032842        1.11128829010      -3.531072819938E-002
   0.00000000000        0.00000000000        95.0400000000        2.65107437902      -3.181989929942E-002  2.192248197233E-002
  0.323196638891       0.494689282610        95.0400000000        2.66057311232      -4.502107236862E-002  1.648185646909E-002
  0.646393277781       0.989378565219        95.0400000000        2.66715141122      -4.185058884366E-002  1.718443042073E-002
  0.969589916672        1.48406784783        95.0400000000        2.69682067376      -1.531015127440E-002  2.056824259662E-002
   1.29278655556        1.97875713044        95.0400000000        2.75229807008      -5.910484689301E-003  2.086807450325E-002
   1.61598319445        2.47344641305        95.0400000000        2.79366301945      -0.299442171851       3.567431495396E-002
   1.93917983334        2.96813569566        95.0400000000        2.96913762283      -0.327740609876       2.805402598780E-002
   2.26237647223        3.46282497827        95.0400000000        3.13117692167      -0.293514976686       1.102706380973E-002
   2.58557311112        3.95751426088        95.0400000000        3.74438535889      -0.108343920127      -2.815554010177E-003
   2.90876975001        4.45220354349        95.0400000000        4.63592317110       0.607054072362      -6.201503007159E-003
   3.23196638891        4.94689282610        95.0400000000        4.34953796734        3.47125566416      -1.479257372706E-003
   3.55516302780        5.44158210871        95.0400000000        1.24235615617        3.35694467488      -4.276073931161E-003
   0.00000000000        0.00000000000        95.0400000000        2.65107437902      -3.181989929942E-002  2.192248197233E-002
  0.145059606038       0.572827429873        95.0400000000        2.65862828874      -5.362304076938E-002  1.531439940485E-002
  0.290119212075        1.14565485975        95.0400000000        2.66367090978      -4.978983972819E-002  1.599359985307E-002
  0.435178818113        1.71848228962        95.0400000000        2.68968874371      -3.271481636455E-002  1.891995571133E-002
  0.580238424151        2.29130971949        95.0400000000        2.72647749752      -7.225462564334E-002  1.785399007658E-002
  0.725298030189        2.86413714937        95.0400000000        3.01991963874      -0.366431532826       2.629386600870E-002
  0.870357636226        3.43696457924        95.0400000000        2.77537173556      -0.351078697020       2.404892780984E-002
   1.01541724226        4.00979200911        95.0400000000        2.66823428369      -0.569546275234       1.234525993077E-002
   1.16047684830        4.58261943899        95.0400000000        2.25472900486       -1.09636191727       8.066570856942E-005
   1.30553645434        5.15544686886        95.0400000000        1.86369904897       -1.33121402754      -7.112550571124E-003
   1.45059606038        5.72827429873        95.0400000000       0.889347923988       -1.49196809635       7.394585597940E-003
   1.59565566642        6.30110172861        95.0400000000      -6.320865797668E-003  -1.09708312383       1.098718071711E-002
   0.00000000000        0.00000000000        95.0400000000        2.65107437902      -3.181989929942E-002  2.192248197233E-002
 -4.879688596092E-002  0.588890836777        95.0400000000        2.65609683462      -6.090635337546E-002  1.430425439641E-002
 -9.759377192185E-002   1.17778167355        95.0400000000        2.65877521363      -6.237641727482E-002  1.420635998828E-002
 -0.146390657883        1.76667251033        95.0400000000        2.67214411618      -5.632575915447E-002  1.633143741285E-002
 -0.195187543844        2.35556334711        95.0400000000        2.69423580960      -9.505386160213E-002  1.587829441309E-002
 -0.243984429805        2.94445418388        95.0400000000        2.96251838711       4.027882345493E-002  2.100933089331E-002
 -0.292781315766        3.53334502066        95.0400000000        2.69386229855       0.113422545507       1.550514834630E-002
 -0.341578201726        4.12223585744        95.0400000000        2.32555412310       0.155431745533       1.256110355393E-002
 -0.390375087687        4.71112669421        95.0400000000        2.00903130085       0.232639775352       7.972827537461E-003
 -0.439171973648        5.30001753099        95.0400000000        1.54880175949       0.389990752384       5.815747706272E-003
 -0.487968859609        5.88890836777        95.0400000000        1.11914440427       0.459416381475       2.976158326864E-003
 -0.536765745570        6.47779920454        95.0400000000       0.664240128128       0.495484292722      -2.104992075488E-003
   0.00000000000        0.00000000000        95.0400000000        2.65107437902      -3.181989929942E-002  2.192248197233E-002
 -0.237365478204       0.541138783933        95.0400000000        2.65345518909      -6.589826376188E-002  1.355566412889E-002
 -0.474730956408        1.08227756787        95.0400000000        2.65299484743      -7.824637050550E-002  1.201638599758E-002
 -0.712096434612        1.62341635180        95.0400000000        2.65698429348      -7.377287751598E-002  1.286001136582E-002
 -0.949461912816        2.16455513573        95.0400000000        2.66947129365      -8.208054329428E-002  1.317076713896E-002
  -1.18682739102        2.70569391966        95.0400000000        2.87456065547       0.182494655064       8.193499226046E-003
  -1.42419286922        3.24683270360        95.0400000000        2.97332876442       0.322972171601       5.995770688507E-003
  -1.66155834743        3.78797148753        95.0400000000        3.13324275689       0.537402274403       7.797259907046E-003
  -1.89892382563        4.32911027146        95.0400000000        3.40285844055        1.12247874342       9.687106097030E-003
  -2.13628930384        4.87024905539        95.0400000000        3.73608498045        2.61599619774       5.629217437341E-003
  -2.37365478204        5.41138783933        95.0400000000       0.701551467338        3.96274661893       6.859011843723E-003
  -2.61102026024        5.95252662326        95.0400000000       -2.50169819452       0.786462140736       5.460144911022E-003
   0.00000000000        0.00000000000        95.0400000000        2.65107437902      -3.181989929942E-002  2.192248197233E-002
 -0.400211837779       0.434745947216        95.0400000000        2.65098961543      -6.805782098081E-002  1.314974997336E-002
 -0.800423675558       0.869491894432        95.0400000000        2.64695620353      -9.567994373999E-002  9.660995543834E-003
  -1.20063551334        1.30423784165        95.0400000000        2.64456616287      -9.965454479553E-002  8.703120701520E-003
  -1.60084735112        1.73898378886        95.0400000000        2.64588477757      -0.107978436759       7.423950749593E-003
  -2.00105918889        2.17372973608        95.0400000000        2.40688811025       0.506243699984      -1.445311627332E-002
  -2.40127102667        2.60847568330        95.0400000000        2.76379443708       3.996797315462E-002 -9.117333420782E-003
  -2.80148286445        3.04322163051        95.0400000000        2.79412270258      -0.199818959241       1.144338205321E-002
  -3.20169470223        3.47796757773        95.0400000000        2.93792835757      -0.569375521085       2.440868666963E-002
  -3.60190654001        3.91271352494        95.0400000000        2.98806976035       -1.05313568645       3.418650126305E-002
  -4.00211837779        4.34745947216        95.0400000000        2.81543327386       -1.78267007825       3.921108680295E-002
  -4.40233021557        4.78220541938        95.0400000000        2.42236700746       -1.76133488775       2.736529327436E-002
   0.00000000000        0.00000000000        95.0400000000        2.65107437902      -3.181989929942E-002  2.192248197233E-002
 -0.519689034804       0.281241641340        95.0400000000        2.64896729679      -6.715100349860E-002  1.313049902697E-002
  -1.03937806961       0.562483282680        95.0400000000        2.64226230219      -9.715051371253E-002  8.970472865089E-003
  -1.55906710441       0.843724924020        95.0400000000        2.63506443328      -0.129321657573       4.333940237856E-003
  -2.07875613922        1.12496656536        95.0400000000        2.62880123065      -9.934610273204E-002  6.312258563481E-003
  -2.59844517402        1.40620820670        95.0400000000        2.40291811170       3.303782843464E-002 -2.385218611563E-002
  -3.11813420882        1.68744984804        95.0400000000        2.32412946176      -8.986214611176E-002 -2.081898026835E-002
  -3.63782324363        1.96869148938        95.0400000000        2.23211348243      -0.214873746399      -1.105401390591E-002
  -4.15751227843        2.24993313072        95.0400000000        2.13253205055      -0.353194760171       2.073642088557E-004
  -4.67720131323        2.53117477206        95.0400000000        2.04340121699      -0.502590842270       3.996511587569E-003
  -5.19689034804        2.81241641340        95.0400000000        1.82586390357      -0.659641563422       4.101337212750E-003
  -5.71657938284        3.09365805474        95.0400000000        1.54431733804      -0.891774690816       1.137307599855E-002
   0.00000000000        0.00000000000        95.0400000000        2.65107437902      -3.181989929942E-002  2.192248197233E-002
 -0.582849861102       9.726043971134E-002   95.0400000000        2.64744444270      -5.086848605092E-002  1.713580601038E-002
  -1.16569972220       0.194520879423        95.0400000000        2.63847202470      -9.025499642075E-002  9.790743689932E-003
  -1.74854958330       0.291781319134        95.0400000000        2.62884054232      -9.855187282227E-002  6.779107338460E-003
  -2.33139944441       0.389041758845        95.0400000000        2.62108621394      -0.103028091017       4.735510300624E-003
  -2.91424930551       0.486302198557        95.0400000000        2.22727573753      -6.036965414354E-002 -2.668680243670E-002
  -3.49709916661       0.583562638268        95.0400000000        2.13183543038      -5.219977780867E-002 -2.131171508688E-002
  -4.07994902771       0.680823077979        95.0400000000        2.04612556725      -8.906324085346E-002 -1.224815931843E-002
  -4.66279888881       0.778083517691        95.0400000000        1.95729732165      -0.111840720334      -1.490446920719E-003
  -5.24564874991       0.875343957402        95.0400000000        1.86466344138      -0.146994265224       3.915831236026E-004
  -5.82849861102       0.972604397113        95.0400000000        1.76672463799      -0.156048472625       1.763333233472E-003
  -6.41134847212        1.06986483682        95.0400000000        1.62212757417      -0.104735623796       1.093857836773E-002
   0.00000000000        0.00000000000        95.0400000000        2.65107437902      -3.181989929942E-002  2.192248197233E-002
 -0.582849861102      -9.726043971134E-002   95.0400000000        2.64635492539      -2.841399401263E-002  2.265251831480E-002
  -1.16569972220      -0.194520879423        95.0400000000        2.63588016193      -3.554758229340E-002  1.901492641943E-002
  -1.74854958330      -0.291781319134        95.0400000000        2.62317432800      -5.831438394112E-002  1.116310725764E-002
  -2.33139944441      -0.389041758845        95.0400000000        2.62126725059      -7.962008527637E-002  6.451187312022E-003
  -2.91424930551      -0.486302198557        95.0400000000        2.26807087847      -5.213617140614E-002 -2.140634570428E-002
  -3.49709916661      -0.583562638268        95.0400000000        2.16704386489       5.277307793318E-002 -1.278505347270E-002
  -4.07994902771      -0.680823077979        95.0400000000        2.07035139265       0.124447060511      -6.166531857770E-003
  -4.66279888881      -0.778083517691        95.0400000000        1.98380024706       0.131728637943       3.122300808014E-003
  -5.24564874991      -0.875343957402        95.0400000000        1.89439328274       0.130513816699       6.229427051840E-003
  -5.82849861102      -0.972604397113        95.0400000000        1.80060905294       0.150591098324       8.863446985310E-003
  -6.41134847212       -1.06986483682        95.0400000000        1.64061417496       0.161670693026       9.827222371704E-003
   0.00000000000        0.00000000000        95.0400000000        2.65107437902      -3.181989929942E-002  2.192248197233E-002
 -0.519689034804      -0.281241641340        95.0400000000        2.64348009569      -7.942085832384E-003  2.525369927671E-002
  -1.03937806961      -0.562483282680        95.0400000000        2.63417570518       1.758166677026E-003  2.472442824584E-002
  -1.55906710441      -0.843724924020        95.0400000000        2.61514169253      -3.674724082807E-002  1.272437926853E-002
  -2.07875613922       -1.12496656536        95.0400000000        2.62605968201      -4.964343659173E-002  9.292344704813E-003
  -2.59844517402       -1.40620820670        95.0400000000        2.49810664518      -5.828762598420E-002 -1.106379223052E-002
  -3.11813420882       -1.68744984804        95.0400000000        2.42886460748       0.130435648155      -8.253553481516E-003
  -3.63782324363       -1.96869148938        95.0400000000        2.34624045968       0.297690837866      -3.474349442937E-003
  -4.15751227843       -2.24993313072        95.0400000000        2.28493865499       0.379516778697       7.498310364697E-003
  -4.67720131323       -2.53117477206        95.0400000000        2.15523161370       0.481456341754       1.677281030258E-002
  -5.19689034804       -2.81241641340        95.0400000000        1.86811942295       0.598054269291       2.018825333162E-002
  -5.71657938284       -3.09365805474        95.0400000000        1.62731282571       0.823154671087       4.697924738473E-002
   0.00000000000        0.00000000000        95.0400000000        2.65107437902      -3.181989929942E-002  2.192248197233E-002
 -0.400211837779      -0.434745947216        95.0400000000        2.64200529794       1.306745268920E-002  2.764749126984E-002
 -0.800423675558      -0.869491894432        95.0400000000        2.63234711151       9.127300121632E-004  2.474358225367E-002
  -1.20063551334       -1.30423784165        95.0400000000        2.61381102159       4.334280852298E-003  1.967644229022E-002
  -1.60084735112       -1.73898378886        95.0400000000        2.61017836773      -9.390711845967E-002  8.995908046218E-003
  -2.00105918889       -2.17372973608        95.0400000000        2.60809493828      -0.261413639049       1.684806696970E-002
  -2.40127102667       -2.60847568330        95.0400000000        2.91895025749      -1.601124937991E-002  3.027305799285E-003
  -2.80148286445       -3.04322163051        95.0400000000        3.07535570710       0.111784554355       1.036245094449E-002
  -3.20169470223       -3.47796757773        95.0400000000        3.02895952017       0.489950907507       1.555693396885E-002
  -3.60190654001       -3.91271352494        95.0400000000        2.97804475979        1.14180833149      -8.742719679142E-003
  -4.00211837779       -4.34745947216        95.0400000000        2.75884987096        1.78292117954      -1.992535915523E-002
  -4.40233021557       -4.78220541938        95.0400000000        2.26437559462        1.82301461323      -6.365108212308E-003
   0.00000000000        0.00000000000        95.0400000000        2.65107437902      -3.181989929942E-002  2.192248197233E-002
 -0.237365478204      -0.541138783933        95.0400000000        2.64285943719       1.800567722480E-002  2.831040179461E-002
 -0.474730956408       -1.08227756787        95.0400000000        2.63398120862       4.139702565206E-003  2.554657823440E-002
 -0.712096434612       -1.62341635180        95.0400000000        2.61669724820       5.966456524460E-003  2.145096688666E-002
 -0.949461912816       -2.16455513573        95.0400000000        2.60015368944      -0.111488270384       1.954885299511E-002
  -1.18682739102       -2.70569391966        95.0400000000        2.79396472652      -0.138153781499       8.976217519886E-003
  -1.42419286922       -3.24683270360        95.0400000000        2.75014846508      -0.391870654827       1.328845666801E-002
  -1.66155834743       -3.78797148753        95.0400000000        2.92051245104      -0.505982954479       1.733208803680E-002
  -1.89892382563       -4.32911027146        95.0400000000        3.29694104535      -0.991097073880       1.306025504529E-002
  -2.13628930384       -4.87024905539        95.0400000000        3.65632195867       -2.92099503699      -1.260864866208E-003
  -2.37365478204       -5.41138783933        95.0400000000        2.14768524012       -3.27907619504      -6.138450123718E-003
  -2.61102026024       -5.95252662326        95.0400000000       -2.54451390370      -0.746176756941      -1.222131063421E-002
   0.00000000000        0.00000000000        95.0400000000        2.65107437902      -3.181989929942E-002  2.192248197233E-002
 -4.879688596092E-002 -0.588890836777        95.0400000000        2.64455986225       2.139476412656E-002  2.899344381268E-002
 -9.759377192185E-002  -1.17778167355        95.0400000000        2.63908904322       1.109946769779E-002  2.706340072724E-002
 -0.146390657883       -1.76667251033        95.0400000000        2.62520491298       3.576928869591E-003  2.426631204164E-002
 -0.195187543844       -2.35556334711        95.0400000000        2.61531717646      -1.227006960824E-002  2.244006686566E-002
 -0.243984429805       -2.94445418388        95.0400000000        2.86059864329      -9.866641775920E-003  3.287163657459E-002
 -0.292781315766       -3.53334502066        95.0400000000        2.82552195945      -0.251898003651       3.138262466398E-002
 -0.341578201726       -4.12223585744        95.0400000000        2.66989422089      -0.251849786667       2.517322738186E-002
 -0.390375087687       -4.71112669421        95.0400000000        2.14684025717      -0.301945368350       1.441242845412E-002
 -0.439171973648       -5.30001753099        95.0400000000        1.58092843729      -0.416533269232      -2.721944983666E-003
 -0.487968859609       -5.88890836777        95.0400000000        1.04538145522      -0.425496905778      -2.371558352987E-003
 -0.536765745570       -6.47779920454        95.0400000000       0.638606021526      -0.441163387105       6.414265567298E-003
   0.00000000000        0.00000000000        95.0400000000        2.65107437902      -3.181989929942E-002  2.192248197233E-002
  0.145059606038      -0.572827429873        95.0400000000        2.64670997103       2.516743656464E-002  2.990103689149E-002
  0.290119212075       -1.14565485975        95.0400000000        2.64435156613       2.088970688495E-002  2.887974782107E-002
  0.435178818113       -1.71848228962        95.0400000000        2.63765717589       1.226373216388E-002  2.762762315162E-002
  0.580238424151       -2.29130971949        95.0400000000        2.62541595706      -5.975773645481E-003  2.516961784568E-002
  0.725298030189       -2.86413714937        95.0400000000        2.93081606564       0.318729849592       4.590085584558E-002
  0.870357636226       -3.43696457924        95.0400000000        2.99552566261       0.225715016594       2.883962298199E-002
   1.01541724226       -4.00979200911        95.0400000000        2.83154699850       0.352395298834       2.225843707560E-002
   1.16047684830       -4.58261943899        95.0400000000        2.36938606763       0.971801518458       2.830112865419E-002
   1.30553645434       -5.15544686886        95.0400000000        1.79777988405        1.36973858886       2.906985278112E-002
   1.45059606038       -5.72827429873        95.0400000000       0.835640471527        1.44307866497       1.702441735831E-002
   1.59565566642       -6.30110172861        95.0400000000       3.144026994795E-002   1.08689729554       1.953860003226E-002
   0.00000000000        0.00000000000        95.0400000000        2.65107437902      -3.181989929942E-002  2.192248197233E-002
  0.323196638891      -0.494689282610        95.0400000000        2.64907676590       2.891486694133E-002  3.093482923821E-002
  0.646393277781      -0.989378565219        95.0400000000        2.64940941628       3.246079224137E-002  3.081785120699E-002
  0.969589916672       -1.48406784783        95.0400000000        2.64737500983       2.319180448885E-002  3.011416574912E-002
   1.29278655556       -1.97875713044        95.0400000000        2.63337950034      -8.573165933202E-003  2.628115812323E-002
   1.61598319445       -2.47344641305        95.0400000000        2.80084373315       0.284759499956       5.692831207615E-002
   1.93917983334       -2.96813569566        95.0400000000        2.93559757792       0.375820065781       3.939680183525E-002
   2.26237647223       -3.46282497827        95.0400000000        3.12470715340       0.332319893113       2.771417837018E-002
   2.58557311112       -3.95751426088        95.0400000000        3.68829300276       0.132129095834       2.662470390438E-002
   2.90876975001       -4.45220354349        95.0400000000        4.61797902655      -0.662224467782       1.731223120294E-002
   3.23196638891       -4.94689282610        95.0400000000        4.07799573532       -3.86160138159       6.677160938201E-003
   3.55516302780       -5.44158210871        95.0400000000        1.24689125062       -3.49377332948       9.713717567577E-003
   0.00000000000        0.00000000000        95.0400000000        2.65107437902      -3.181989929942E-002  2.192248197233E-002
  0.466310301007      -0.362943875680        95.0400000000        2.65206471593       2.147996433394E-002  3.062006282255E-002
  0.932620602014      -0.725887751361        95.0400000000        2.65021815857       2.655174128182E-002  3.121227178761E-002
   1.39893090302       -1.08883162704        95.0400000000        2.64807548372       1.683579355607E-002  3.010101849501E-002
   1.86524120403       -1.45177550272        95.0400000000        2.63917517882      -3.083246077910E-003  2.690226599053E-002
   2.33155150503       -1.81471937840        95.0400000000        2.55427770945       0.239723795647       5.724385468421E-002
   2.79786180604       -2.17766325408        95.0400000000        2.56027385284       8.663481175199E-002  3.552635464990E-002
   3.26417210705       -2.54060712976        95.0400000000        2.49089594449      -9.425808312503E-002  2.865891598049E-002
   3.73048240806       -2.90355100544        95.0400000000        2.41308934247      -0.305398026375       1.928130169920E-002
   4.19679270906       -3.26649488112        95.0400000000        2.39778198584      -0.648857028186       1.657430787524E-002
   4.66310301007       -3.62943875680        95.0400000000        2.27265086100       -1.13325369028       3.296884758725E-002
   5.12941331108       -3.99238263248        95.0400000000        1.93867613974       -1.19787897563       3.226306915166E-002
   0.00000000000        0.00000000000        95.0400000000        2.65107437902      -3.181989929942E-002  2.192248197233E-002
  0.558892006459      -0.191867868166        95.0400000000        2.65191998482      -8.289307400550E-003  2.743687890094E-002
   1.11778401292      -0.383735736333        95.0400000000        2.64858253681       2.597870313591E-003  2.936413262598E-002
   1.67667601938      -0.575603604499        95.0400000000        2.64404984694       7.762719031773E-003  2.879166695828E-002
   2.23556802584      -0.767471472666        95.0400000000        2.64152603520       4.429847194099E-003  2.635868258546E-002
   2.79446003230      -0.959339340832        95.0400000000        2.19795322197       0.106942104986       5.603323410327E-002
   3.35335203876       -1.15120720900        95.0400000000        2.06943684871      -2.069322337568E-002  4.850357050141E-002
   3.91224404522       -1.34307507716        95.0400000000        1.99659274103      -0.142679803289       3.346292173585E-002
   4.47113605168       -1.53494294533        95.0400000000        1.90134509879      -0.228787399893       2.630082606728E-002
   5.03002805814       -1.72681081350        95.0400000000        1.80723332753      -0.245363932258       2.206006051354E-002
   5.58892006459       -1.91867868166        95.0400000000        1.66848430005      -0.270688230050       2.288661201607E-002
   6.14781207105       -2.11054654983        95.0400000000        1.47569157180      -0.263486562529       1.908413012188E-002
   0.00000000000        0.00000000000        95.0400000000        2.65107437902      -3.181989929942E-002  2.192248197233E-002
  0.590909090909        0.00000000000        95.0400000000        2.64910813434      -3.181049644952E-002  2.330887937293E-002
   1.18181818182      -1.172487511250E-015   95.0400000000        2.64560483529      -1.886093543237E-002  2.535116736364E-002
   1.77272727273        0.00000000000        95.0400000000        2.64141566078      -3.334138027438E-003  2.638560090777E-002
   2.36363636364        0.00000000000        95.0400000000        2.66699835594       1.955498149402E-002  2.607060388653E-002
   2.95454545455        0.00000000000        95.0400000000        2.09863563683       4.695078181594E-003  4.748912710142E-002
   3.54545454545        0.00000000000        95.0400000000        2.01365699528      -7.462967089942E-002  3.576914809085E-002
   4.13636363636        0.00000000000        95.0400000000        1.92003485079      -7.044036732175E-002  2.281628662830E-002
   4.72727272727        0.00000000000        95.0400000000        1.83070914158      -1.493984487225E-002  1.258820063819E-002
   5.31818181818        0.00000000000        95.0400000000        1.73781189723      -4.125456349995E-003  1.061024534801E-002
   5.90909090909        0.00000000000        95.0400000000        1.65114319387      -7.783884671466E-003  1.082088661021E-002
   6.50000000000        0.00000000000        95.0400000000        1.55105684580      -1.426619970131E-002  7.745622811695E-003
