 12 20 1 1
 1 X [LENGU]
 2 Y [LENGU]
 3 Z [LENGU]
 4 Hx [FIELU]
 5 Hy [FIELU]
 6 Hz [FIELU]
 0
   0.00000000000        0.00000000000       -43.2000000000       9.230239063878E-002  1.847870854918E-003  1.517951145407E-003
  0.590909090909        0.00000000000       -43.2000000000       9.219522150287E-002  1.465316530092E-003  1.514820072363E-003
   1.18181818182        0.00000000000       -43.2000000000       9.208805236696E-002  1.082762205267E-003  1.511688999320E-003
   1.77272727273        0.00000000000       -43.2000000000       9.212712981522E-002  1.080077212481E-003  1.459362535127E-003
   2.36363636364        0.00000000000       -43.2000000000       9.207266526122E-002  3.311842961067E-005  1.371653394786E-003
   2.95454545455        0.00000000000       -43.2000000000       0.105350677211      -1.802583394716E-003  5.012955414341E-004
   3.54545454545        0.00000000000       -43.2000000000       0.103005795924      -1.769367974123E-003  3.774266981813E-004
   4.13636363636        0.00000000000       -43.2000000000       0.100011017234      -1.899817051222E-003  1.865234276760E-004
   4.72727272727        0.00000000000       -43.2000000000       9.711379918287E-002 -2.110847687829E-003  1.160399773567E-004
   5.31818181818        0.00000000000       -43.2000000000       9.421658113186E-002 -2.321878324435E-003  4.555652703739E-005
   5.90909090909        0.00000000000       -43.2000000000       9.131936308085E-002 -2.532908961042E-003 -2.492692328192E-005
   6.50000000000        0.00000000000       -43.2000000000       8.842214502985E-002 -2.743939597648E-003 -9.541037360123E-005
   0.00000000000        0.00000000000       -43.2000000000       9.230239063878E-002  1.847870854918E-003  1.517951145407E-003
  0.558892006459       0.191867868166       -43.2000000000       9.210411733519E-002  1.870016263100E-003  1.503658676011E-003
   1.11778401292       0.383735736333       -43.2000000000       9.190584403161E-002  1.892161671282E-003  1.489366206614E-003
   1.67667601938       0.575603604499       -43.2000000000       9.178576094679E-002  1.890192635177E-003  1.471699818028E-003
   2.23556802584       0.767471472666       -43.2000000000       9.170850074036E-002  1.864351983245E-003  1.468328070402E-003
   2.79446003230       0.959339340832       -43.2000000000       0.105424711671       2.184237312762E-003  6.183612549403E-004
   3.35335203876        1.15120720900       -43.2000000000       0.103015210912       4.558776993416E-003  6.629490324773E-004
   3.91224404522        1.34307507716       -43.2000000000       0.100269384709       5.118312887752E-003  4.504092796682E-004
   4.47113605168        1.53494294533       -43.2000000000       9.732583646616E-002  5.945521873736E-003  5.674461426249E-004
   5.03002805814        1.72681081350       -43.2000000000       9.464873555918E-002  7.073608568174E-003  5.676700876082E-004
   5.58892006459        1.91867868166       -43.2000000000       9.002370327779E-002  5.063155704000E-003  8.967634668897E-004
   6.14781207105        2.11054654983       -43.2000000000       8.072253346261E-002  1.643292911396E-003  1.748082705585E-003
   0.00000000000        0.00000000000       -43.2000000000       9.230239063878E-002  1.847870854918E-003  1.517951145407E-003
  0.466310301007       0.362943875680       -43.2000000000       9.195314677038E-002  2.030952355238E-003  1.509028279834E-003
  0.932620602014       0.725887751361       -43.2000000000       9.166206347558E-002  2.853376673027E-003  1.537857260104E-003
   1.39893090302        1.08883162704       -43.2000000000       9.141088436272E-002  3.147738219818E-003  1.518959674106E-003
   1.86524120403        1.45177550272       -43.2000000000       9.119216867637E-002  4.083280202022E-003  1.535801821214E-003
   2.33155150503        1.81471937840       -43.2000000000       0.106634291984       4.221584545080E-003  8.565324476462E-004
   2.79786180604        2.17766325408       -43.2000000000       0.105345534650       8.810105679321E-003  8.092216289215E-004
   3.26417210705        2.54060712976       -43.2000000000       0.104276682572       1.334910648339E-002  7.205514312727E-004
   3.73048240806        2.90355100544       -43.2000000000       0.105734315219       1.873432526981E-002  7.405243508486E-004
   4.19679270906        3.26649488112       -43.2000000000       0.105315959353       2.543367154083E-002  6.569462234601E-004
   4.66310301007        3.62943875680       -43.2000000000       9.963499862572E-002  3.364383303016E-002  1.225593697920E-003
   5.12941331108        3.99238263248       -43.2000000000       8.987552877740E-002  3.527844669249E-002  3.374024127255E-004
   0.00000000000        0.00000000000       -43.2000000000       9.230239063878E-002  1.847870854918E-003  1.517951145407E-003
  0.323196638891       0.494689282610       -43.2000000000       9.185367475769E-002  2.322127474880E-003  1.524226648398E-003
  0.646393277781       0.989378565219       -43.2000000000       9.148655883656E-002  3.693389490036E-003  1.583468429377E-003
  0.969589916672        1.48406784783       -43.2000000000       9.117303499004E-002  4.719147612648E-003  1.622143728448E-003
   1.29278655556        1.97875713044       -43.2000000000       9.062947008815E-002  6.407405930330E-003  1.622000951803E-003
   1.61598319445        2.47344641305       -43.2000000000       0.104636823250       4.719730260807E-004  1.176608584880E-003
   1.93917983334        2.96813569566       -43.2000000000       0.111264616242      -2.611487988062E-004  8.995922122147E-004
   2.26237647223        3.46282497827       -43.2000000000       0.120443767529      -1.922985916266E-003  7.866473640082E-004
   2.58557311112        3.95751426088       -43.2000000000       0.139349744865       4.997263320384E-003  1.126816513760E-003
   2.90876975001        4.45220354349       -43.2000000000       0.165774665158       2.457803343231E-002  1.062478465405E-003
   3.23196638891        4.94689282610       -43.2000000000       0.160943538925       0.104727334191       1.159140177933E-003
   3.55516302780        5.44158210871       -43.2000000000       7.081437193109E-002  9.821014195956E-002  1.318743344866E-003
   0.00000000000        0.00000000000       -43.2000000000       9.230239063878E-002  1.847870854918E-003  1.517951145407E-003
  0.145059606038       0.572827429873       -43.2000000000       9.180570514462E-002  2.593536366720E-003  1.540612466835E-003
  0.290119212075        1.14565485975       -43.2000000000       9.139061961043E-002  4.236207273716E-003  1.616240066250E-003
  0.435178818113        1.71848228962       -43.2000000000       9.148455848004E-002  3.894843376631E-003  1.611346188902E-003
  0.580238424151        2.29130971949       -43.2000000000       9.113792083844E-002  4.790125306093E-003  1.601711635904E-003
  0.725298030189        2.86413714937       -43.2000000000       9.775669401823E-002 -1.200848955174E-002  6.392514363598E-004
  0.870357636226        3.43696457924       -43.2000000000       9.759269921214E-002 -8.052956546826E-003  1.270236046984E-003
   1.01541724226        4.00979200911       -43.2000000000       9.477409086946E-002 -2.002818162488E-002  8.596085205845E-004
   1.16047684830        4.58261943899       -43.2000000000       9.664467462214E-002 -2.592365756527E-002  1.017390125581E-004
   1.30553645434        5.15544686886       -43.2000000000       7.803103057005E-002 -3.867959723022E-002  5.520511983351E-004
   1.45059606038        5.72827429873       -43.2000000000       5.077311417649E-002 -4.581487301324E-002  1.851707950342E-003
   1.59565566642        6.30110172861       -43.2000000000       3.145610442858E-002 -3.678130444916E-002  2.714320630855E-003
   0.00000000000        0.00000000000       -43.2000000000       9.230239063878E-002  1.847870854918E-003  1.517951145407E-003
 -4.879688596092E-002  0.588890836777       -43.2000000000       9.180271648990E-002  2.686936377122E-003  1.548802861392E-003
 -9.759377192185E-002   1.17778167355       -43.2000000000       9.148175547768E-002  4.044487284391E-003  1.617258730597E-003
 -0.146390657883        1.76667251033       -43.2000000000       9.168706008718E-002  3.350801940740E-003  1.602465771822E-003
 -0.195187543844        2.35556334711       -43.2000000000       9.214697486689E-002  1.560205694292E-003  1.510647783283E-003
 -0.243984429805        2.94445418388       -43.2000000000       0.104035643228      -5.268755839438E-003  2.007189960692E-003
 -0.292781315766        3.53334502066       -43.2000000000       9.697396137437E-002 -5.277058380645E-004  1.117503032067E-003
 -0.341578201726        4.12223585744       -43.2000000000       9.149089048371E-002  1.068703417338E-002  5.156468847615E-004
 -0.390375087687        4.71112669421       -43.2000000000       8.659549862972E-002  7.117914366407E-003 -8.481284861421E-004
 -0.439171973648        5.30001753099       -43.2000000000       7.228787831616E-002  6.646201121043E-003 -1.500878004538E-003
 -0.487968859609        5.88890836777       -43.2000000000       5.588068949977E-002  8.189766093165E-003 -2.218323570289E-003
 -0.536765745570        6.47779920454       -43.2000000000       4.274351416734E-002  1.013718824491E-002 -2.759974935402E-003
   0.00000000000        0.00000000000       -43.2000000000       9.230239063878E-002  1.847870854918E-003  1.517951145407E-003
 -0.237365478204       0.541138783933       -43.2000000000       9.184503266064E-002  2.592206165708E-003  1.547910275731E-003
 -0.474730956408        1.08227756787       -43.2000000000       9.157226066897E-002  3.832136135040E-003  1.614544545784E-003
 -0.712096434612        1.62341635180       -43.2000000000       9.192227615030E-002  2.904835043271E-003  1.592331917578E-003
 -0.949461912816        2.16455513573       -43.2000000000       9.349091331680E-002 -2.648911487855E-003  1.361134401591E-003
  -1.18682739102        2.70569391966       -43.2000000000       0.106860855471      -6.274595556620E-003  2.354021627538E-003
  -1.42419286922        3.24683270360       -43.2000000000       0.109408403593      -4.540410519721E-003  1.518861729970E-003
  -1.66155834743        3.78797148753       -43.2000000000       0.117787757430       2.824338746774E-003  7.690892519157E-004
  -1.89892382563        4.32911027146       -43.2000000000       0.132392770739       1.982141319097E-002 -6.015009188055E-004
  -2.13628930384        4.87024905539       -43.2000000000       0.137861625706       6.636420941869E-002 -1.656736353528E-003
  -2.37365478204        5.41138783933       -43.2000000000       3.285148474066E-002  0.108955284053      -2.328481887554E-003
  -2.61102026024        5.95252662326       -43.2000000000      -4.916198582269E-002  1.824589068711E-002 -2.611959884766E-003
   0.00000000000        0.00000000000       -43.2000000000       9.230239063878E-002  1.847870854918E-003  1.517951145407E-003
 -0.400211837779       0.434745947216       -43.2000000000       9.192806804314E-002  2.319611220775E-003  1.538031435360E-003
 -0.800423675558       0.869491894432       -43.2000000000       9.163534540746E-002  3.688356981827E-003  1.611078003300E-003
  -1.20063551334        1.30423784165       -43.2000000000       9.194885255108E-002  2.881866994479E-003  1.595201038162E-003
  -1.60084735112        1.73898378886       -43.2000000000       9.305704518469E-002 -4.077340932548E-004  1.464939636665E-003
  -2.00105918889        2.17372973608       -43.2000000000       0.105601003515      -4.970944816295E-004  1.713332535487E-003
  -2.40127102667        2.60847568330       -43.2000000000       0.111976463262      -1.276916720582E-002  1.957634988128E-003
  -2.80148286445        3.04322163051       -43.2000000000       0.109253477952      -2.169074334277E-002  1.348562832067E-003
  -3.20169470223        3.47796757773       -43.2000000000       0.122987272070      -2.608348013625E-002  7.733819843207E-004
  -3.60190654001        3.91271352494       -43.2000000000       0.123807080207      -4.180351418020E-002  1.439601596354E-004
  -4.00211837779        4.34745947216       -43.2000000000       0.112283577274      -5.833158872464E-002 -8.140337470289E-004
  -4.40233021557        4.78220541938       -43.2000000000       0.100349217844      -6.192564379529E-002 -9.557120289293E-004
   0.00000000000        0.00000000000       -43.2000000000       9.230239063878E-002  1.847870854918E-003  1.517951145407E-003
 -0.519689034804       0.281241641340       -43.2000000000       9.207025702299E-002  2.200249821064E-003  1.538043253065E-003
  -1.03937806961       0.562483282680       -43.2000000000       9.186485825172E-002  2.846517408984E-003  1.575488864417E-003
  -1.55906710441       0.843724924020       -43.2000000000       9.184408308032E-002  3.181656651548E-003  1.605875149694E-003
  -2.07875613922        1.12496656536       -43.2000000000       9.242055133013E-002  2.023068359578E-003  1.572784502529E-003
  -2.59844517402        1.40620820670       -43.2000000000       0.109264877409      -5.954194886992E-003  1.541914407723E-003
  -3.11813420882        1.68744984804       -43.2000000000       0.109066163136      -9.636530269463E-003  1.416971455262E-003
  -3.63782324363        1.96869148938       -43.2000000000       0.108107473396      -1.414199220281E-002  1.028431683298E-003
  -4.15751227843        2.24993313072       -43.2000000000       0.104978421013      -1.794150040411E-002  7.143136467137E-004
  -4.67720131323        2.53117477206       -43.2000000000       0.100630963321      -2.224870996933E-002  1.591728931558E-004
  -5.19689034804        2.81241641340       -43.2000000000       9.396649409659E-002 -2.607844230511E-002  7.174789886008E-004
  -5.71657938284        3.09365805474       -43.2000000000       8.438794469999E-002 -3.132797819471E-002  1.729472886595E-003
   0.00000000000        0.00000000000       -43.2000000000       9.230239063878E-002  1.847870854918E-003  1.517951145407E-003
 -0.582849861102       9.726043971134E-002  -43.2000000000       9.223972561978E-002  2.066054939582E-003  1.537256680107E-003
  -1.16569972220       0.194520879423       -43.2000000000       9.217706060078E-002  2.284239024247E-003  1.556562214807E-003
  -1.74854958330       0.291781319134       -43.2000000000       9.211439558178E-002  2.502423108912E-003  1.575867749508E-003
  -2.33139944441       0.389041758845       -43.2000000000       9.205173056279E-002  2.720607193577E-003  1.595173284208E-003
  -2.91424930551       0.486302198557       -43.2000000000       0.106540955871      -3.349267468862E-003  1.396711290792E-003
  -3.49709916661       0.583562638268       -43.2000000000       0.103621732445      -4.412020257037E-003  1.459556725588E-003
  -4.07994902771       0.680823077979       -43.2000000000       0.102905805387      -5.089009096283E-003  1.324884560746E-003
  -4.66279888881       0.778083517691       -43.2000000000       9.805316061059E-002 -7.106873054616E-003  8.563760356788E-004
  -5.24564874991       0.875343957402       -43.2000000000       9.587052593946E-002 -8.110696765299E-003  1.848528794541E-004
  -5.82849861102       0.972604397113       -43.2000000000       9.216954052256E-002 -7.802687559537E-003  1.735660054321E-004
  -6.41134847212        1.06986483682       -43.2000000000       8.811657169524E-002 -7.740342090335E-003  1.065762495605E-004
   0.00000000000        0.00000000000       -43.2000000000       9.230239063878E-002  1.847870854918E-003  1.517951145407E-003
 -0.582849861102      -9.726043971134E-002  -43.2000000000       9.241598494372E-002  1.908216427053E-003  1.534378052908E-003
  -1.16569972220      -0.194520879423       -43.2000000000       9.252957924867E-002  1.968561999188E-003  1.550804960409E-003
  -1.74854958330      -0.291781319134       -43.2000000000       9.264317355362E-002  2.028907571323E-003  1.567231867910E-003
  -2.33139944441      -0.389041758845       -43.2000000000       9.275676785857E-002  2.089253143459E-003  1.583658775411E-003
  -2.91424930551      -0.486302198557       -43.2000000000       0.104524174182       7.711679814206E-004  1.387420030810E-003
  -3.49709916661      -0.583562638268       -43.2000000000       0.102118630947       1.824201630660E-003  1.483204343796E-003
  -4.07994902771      -0.680823077979       -43.2000000000       0.101447159779       2.097651593698E-003  1.151010767548E-003
  -4.66279888881      -0.778083517691       -43.2000000000       9.689442113191E-002  2.001367982737E-003  9.188957800149E-004
  -5.24564874991      -0.875343957402       -43.2000000000       9.382971685209E-002  2.299043095029E-003  6.497865028385E-004
  -5.82849861102      -0.972604397113       -43.2000000000       8.941515894021E-002  2.536239862570E-003  9.972330777990E-004
  -6.41134847212       -1.06986483682       -43.2000000000       8.422512465864E-002  1.818620930562E-003  8.306592080714E-004
   0.00000000000        0.00000000000       -43.2000000000       9.230239063878E-002  1.847870854918E-003  1.517951145407E-003
 -0.519689034804      -0.281241641340       -43.2000000000       9.250697887295E-002  1.527386796310E-003  1.543155134566E-003
  -1.03937806961      -0.562483282680       -43.2000000000       9.271156710713E-002  1.206902737702E-003  1.568359123724E-003
  -1.55906710441      -0.843724924020       -43.2000000000       9.291615534130E-002  8.864186790949E-004  1.593563112883E-003
  -2.07875613922       -1.12496656536       -43.2000000000       9.351377647358E-002  1.744714030823E-003  1.631492177706E-003
  -2.59844517402       -1.40620820670       -43.2000000000       0.104035539817       3.391738976731E-003  1.460292184321E-003
  -3.11813420882       -1.68744984804       -43.2000000000       0.101944567989       4.148623310668E-003  1.839821613239E-003
  -3.63782324363       -1.96869148938       -43.2000000000       0.102431977361       9.307181067564E-003  1.475529476027E-003
  -4.15751227843       -2.24993313072       -43.2000000000       0.100039333321       1.436020455773E-002  8.641019927454E-004
  -4.67720131323       -2.53117477206       -43.2000000000       9.660901947116E-002  1.517012679531E-002  9.398955480678E-004
  -5.19689034804       -2.81241641340       -43.2000000000       9.009946812028E-002  1.887393530318E-002  3.651887483049E-004
  -5.71657938284       -3.09365805474       -43.2000000000       7.748748869320E-002  2.624877381183E-002  4.219870024695E-004
   0.00000000000        0.00000000000       -43.2000000000       9.230239063878E-002  1.847870854918E-003  1.517951145407E-003
 -0.400211837779      -0.434745947216       -43.2000000000       9.254553241426E-002  1.091478496462E-003  1.554775634772E-003
 -0.800423675558      -0.869491894432       -43.2000000000       9.283506537893E-002  2.198446105682E-004  1.562192935419E-003
  -1.20063551334       -1.30423784165       -43.2000000000       9.335849642004E-002  3.817079400575E-004  1.599987744303E-003
  -1.60084735112       -1.73898378886       -43.2000000000       9.423390457895E-002  1.780480402211E-003  1.693705450004E-003
  -2.00105918889       -2.17372973608       -43.2000000000       9.630589581793E-002 -4.746489129056E-003  2.583967417623E-003
  -2.40127102667       -2.60847568330       -43.2000000000       0.107808951315       5.033667580511E-003  1.740131089780E-003
  -2.80148286445       -3.04322163051       -43.2000000000       0.109709229784       8.653745065031E-003  1.144014278125E-003
  -3.20169470223       -3.47796757773       -43.2000000000       0.114821271224       1.807928444916E-002  8.542996140691E-004
  -3.60190654001       -3.91271352494       -43.2000000000       0.119300965199       3.357935111799E-002  6.644811653613E-004
  -4.00211837779       -4.34745947216       -43.2000000000       0.112920727283       4.879163432282E-002 -7.379859482394E-004
  -4.40233021557       -4.78220541938       -43.2000000000       9.836610425307E-002  5.062242273850E-002 -4.202842405413E-004
   0.00000000000        0.00000000000       -43.2000000000       9.230239063878E-002  1.847870854918E-003  1.517951145407E-003
 -0.237365478204      -0.541138783933       -43.2000000000       9.255773777146E-002  7.375370452901E-004  1.562405630164E-003
 -0.474730956408       -1.08227756787       -43.2000000000       9.296910587317E-002 -6.513555459653E-004  1.496131477837E-003
 -0.712096434612       -1.62341635180       -43.2000000000       9.370637761338E-002  1.157045635058E-005  1.579574697271E-003
 -0.949461912816       -2.16455513573       -43.2000000000       9.390086756827E-002  2.251700352444E-004  1.577406933126E-003
  -1.18682739102       -2.70569391966       -43.2000000000       0.102509169561      -2.845763317823E-003  1.871834157034E-003
  -1.42419286922       -3.24683270360       -43.2000000000       0.104640236884      -6.962785439612E-003  1.633410765114E-003
  -1.66155834743       -3.78797148753       -43.2000000000       0.114358553026      -1.394315343268E-002  1.083195675990E-003
  -1.89892382563       -4.32911027146       -43.2000000000       0.124346365511      -3.138619167563E-002  6.655682312815E-004
  -2.13628930384       -4.87024905539       -43.2000000000       0.135084925907      -7.938946360306E-002  3.087761852851E-004
  -2.37365478204       -5.41138783933       -43.2000000000       4.211593040169E-002 -0.105163306704       2.307687147770E-004
  -2.61102026024       -5.95252662326       -43.2000000000      -6.036158059401E-002 -2.683231017137E-002  2.050246246999E-004
   0.00000000000        0.00000000000       -43.2000000000       9.230239063878E-002  1.847870854918E-003  1.517951145407E-003
 -4.879688596092E-002 -0.588890836777       -43.2000000000       9.255393827296E-002  4.749377639659E-004  1.557823281883E-003
 -9.759377192185E-002  -1.17778167355       -43.2000000000       9.300327162102E-002 -1.176797691305E-003  1.449262674421E-003
 -0.146390657883       -1.76667251033       -43.2000000000       9.350778645707E-002 -1.119824045724E-003  1.480835553100E-003
 -0.195187543844       -2.35556334711       -43.2000000000       9.385408392196E-002 -6.725904857906E-004  1.392403600096E-003
 -0.243984429805       -2.94445418388       -43.2000000000       0.104842019179      -5.340461815294E-003  1.359640513430E-003
 -0.292781315766       -3.53334502066       -43.2000000000       9.733757752446E-002 -1.066463197143E-002  7.969864130463E-004
 -0.341578201726       -4.12223585744       -43.2000000000       9.328941896972E-002 -1.649113688601E-002  4.780450227231E-004
 -0.390375087687       -4.71112669421       -43.2000000000       8.712870340346E-002 -1.240454422688E-002  3.224299206097E-004
 -0.439171973648       -5.30001753099       -43.2000000000       7.069675466984E-002 -1.384343002204E-002 -5.866406710055E-005
 -0.487968859609       -5.88890836777       -43.2000000000       5.484326568588E-002 -1.512784205137E-002 -2.948348648932E-004
 -0.536765745570       -6.47779920454       -43.2000000000       4.238098064151E-002 -1.809795548593E-002 -2.563902364845E-004
   0.00000000000        0.00000000000       -43.2000000000       9.230239063878E-002  1.847870854918E-003  1.517951145407E-003
  0.145059606038      -0.572827429873       -43.2000000000       9.252839286311E-002  3.474216613275E-004  1.545425387534E-003
  0.290119212075       -1.14565485975       -43.2000000000       9.295950549214E-002 -1.484719514395E-003  1.423587869485E-003
  0.435178818113       -1.71848228962       -43.2000000000       9.333951003426E-002 -2.168151943625E-003  1.372283123857E-003
  0.580238424151       -2.29130971949       -43.2000000000       9.377164869847E-002 -1.778411941292E-003  1.243807122519E-003
  0.725298030189       -2.86413714937       -43.2000000000       0.106037758589       4.260249233750E-003  1.701275173821E-003
  0.870357636226       -3.43696457924       -43.2000000000       0.100823444909       2.462642559056E-003  7.241694465461E-004
   1.01541724226       -4.00979200911       -43.2000000000       0.100133682777       9.386924228609E-003  4.536038929466E-004
   1.16047684830       -4.58261943899       -43.2000000000       9.340609203680E-002  2.118185922588E-002  1.799573580238E-004
   1.30553645434       -5.15544686886       -43.2000000000       7.780392164806E-002  3.470377340439E-002  5.166121963077E-005
   1.45059606038       -5.72827429873       -43.2000000000       5.301425189151E-002  3.874755504034E-002 -3.369729589525E-005
   1.59565566642       -6.30110172861       -43.2000000000       2.848525408968E-002  2.938341213384E-002 -6.477267754696E-004
   0.00000000000        0.00000000000       -43.2000000000       9.230239063878E-002  1.847870854918E-003  1.517951145407E-003
  0.323196638891      -0.494689282610       -43.2000000000       9.245206130726E-002  4.478233265980E-004  1.546718716784E-003
  0.646393277781      -0.989378565219       -43.2000000000       9.284255022572E-002 -1.541752907802E-003  1.421889326529E-003
  0.969589916672       -1.48406784783       -43.2000000000       9.312176829058E-002 -2.727872306715E-003  1.310413248972E-003
   1.29278655556       -1.97875713044       -43.2000000000       9.351745837989E-002 -3.354463484693E-003  1.155915704680E-003
   1.61598319445       -2.47344641305       -43.2000000000       0.108146869145      -5.750020863546E-003  4.898339522559E-004
   1.93917983334       -2.96813569566       -43.2000000000       0.111222430227      -6.094593593880E-003  4.156870574746E-004
   2.26237647223       -3.46282497827       -43.2000000000       0.123348783051      -4.194903576497E-003  3.282413221567E-004
   2.58557311112       -3.95751426088       -43.2000000000       0.141328312645      -8.248923183325E-003  3.820056860832E-004
   2.90876975001       -4.45220354349       -43.2000000000       0.170438663843      -2.605611101983E-002  3.844604098516E-004
   3.23196638891       -4.94689282610       -43.2000000000       0.162020464131      -0.110315406554       3.626200737784E-004
   3.55516302780       -5.44158210871       -43.2000000000       7.144260970246E-002 -0.101503877715       5.183205307941E-004
   0.00000000000        0.00000000000       -43.2000000000       9.230239063878E-002  1.847870854918E-003  1.517951145407E-003
  0.466310301007      -0.362943875680       -43.2000000000       9.236020807531E-002  6.982092795255E-004  1.544452514170E-003
  0.932620602014      -0.725887751361       -43.2000000000       9.260669373189E-002 -9.201277973566E-004  1.451357855129E-003
   1.39893090302       -1.08883162704       -43.2000000000       9.295354028751E-002 -2.296123137381E-003  1.304507878867E-003
   1.86524120403       -1.45177550272       -43.2000000000       9.310488648438E-002 -2.932865306260E-003  1.242656238444E-003
   2.33155150503       -1.81471937840       -43.2000000000       0.107953196019      -7.424814587521E-003  2.310683050929E-004
   2.79786180604       -2.17766325408       -43.2000000000       0.111430940440      -1.464560039736E-002  3.170849451612E-004
   3.26417210705       -2.54060712976       -43.2000000000       0.108823451310      -1.827096874842E-002  4.218750687961E-004
   3.73048240806       -2.90355100544       -43.2000000000       0.106413524079      -2.363252124767E-002  5.932839161734E-004
   4.19679270906       -3.26649488112       -43.2000000000       0.106470605656      -3.005974081649E-002  3.183175161511E-004
   4.66310301007       -3.62943875680       -43.2000000000       0.102525941960      -3.996482846197E-002  1.050856860889E-003
   5.12941331108       -3.99238263248       -43.2000000000       9.046151280455E-002 -3.999022553991E-002  1.135032111961E-003
   0.00000000000        0.00000000000       -43.2000000000       9.230239063878E-002  1.847870854918E-003  1.517951145407E-003
  0.558892006459      -0.191867868166       -43.2000000000       9.227630119084E-002  1.037875100631E-003  1.530305696947E-003
   1.11778401292      -0.383735736333       -43.2000000000       9.230973048509E-002  8.002733216661E-005  1.504931556583E-003
   1.67667601938      -0.575603604499       -43.2000000000       9.263532354317E-002 -9.581011378839E-004  1.344503675678E-003
   2.23556802584      -0.767471472666       -43.2000000000       9.269448601023E-002 -2.166990314723E-003  1.259241522055E-003
   2.79446003230      -0.959339340832       -43.2000000000       0.106201090418      -5.430478951880E-003  3.121593830445E-004
   3.35335203876       -1.15120720900       -43.2000000000       0.104850121971      -8.415544733689E-003  2.626671660168E-004
   3.91224404522       -1.34307507716       -43.2000000000       0.101183930903      -9.165309451325E-003  1.031448943767E-004
   4.47113605168       -1.53494294533       -43.2000000000       0.100694444025      -9.983887970313E-003 -2.984674458565E-005
   5.03002805814       -1.72681081350       -43.2000000000       9.516194546716E-002 -8.964191386406E-003  6.569561094442E-004
   5.58892006459       -1.91867868166       -43.2000000000       8.993757085243E-002 -8.446001177115E-003  1.140120956337E-003
   6.14781207105       -2.11054654983       -43.2000000000       8.359738350231E-002 -7.623059837881E-003  9.946959702270E-004
   0.00000000000        0.00000000000       -43.2000000000       9.230239063878E-002  1.847870854918E-003  1.517951145407E-003
  0.590909090909        0.00000000000       -43.2000000000       9.219522150287E-002  1.465316530092E-003  1.514820072363E-003
   1.18181818182      -1.172487511250E-015  -43.2000000000       9.208805236696E-002  1.082762205267E-003  1.511688999320E-003
   1.77272727273        0.00000000000       -43.2000000000       9.212712981522E-002  1.080077212481E-003  1.459362535127E-003
   2.36363636364        0.00000000000       -43.2000000000       9.207266526122E-002  3.311842961067E-005  1.371653394786E-003
   2.95454545455        0.00000000000       -43.2000000000       0.105350677211      -1.802583394716E-003  5.012955414341E-004
   3.54545454545        0.00000000000       -43.2000000000       0.103005795924      -1.769367974123E-003  3.774266981813E-004
   4.13636363636        0.00000000000       -43.2000000000       0.100011017234      -1.899817051222E-003  1.865234276760E-004
   4.72727272727        0.00000000000       -43.2000000000       9.711379918287E-002 -2.110847687829E-003  1.160399773567E-004
   5.31818181818        0.00000000000       -43.2000000000       9.421658113186E-002 -2.321878324435E-003  4.555652703739E-005
   5.90909090909        0.00000000000       -43.2000000000       9.131936308085E-002 -2.532908961042E-003 -2.492692328192E-005
   6.50000000000        0.00000000000       -43.2000000000       8.842214502985E-002 -2.743939597648E-003 -9.541037360123E-005
