 12 20 1 1
 1 X [LENGU]
 2 Y [LENGU]
 3 Z [LENGU]
 4 Hx [FIELU]
 5 Hy [FIELU]
 6 Hz [FIELU]
 0
   0.00000000000        0.00000000000        95.0400000000       0.920574341094      -5.216219651837E-002  2.472901926430E-002
  0.590909090909        0.00000000000        95.0400000000       0.920342659941      -3.013399039184E-002  3.045452444622E-002
   1.18181818182        0.00000000000        95.0400000000       0.919064006033       8.362714567704E-003  3.645675232914E-002
   1.77272727273        0.00000000000        95.0400000000       0.922150287614       5.485932797291E-002  4.197139568582E-002
   2.36363636364        0.00000000000        95.0400000000       0.954359096760       4.261848789356E-002  3.733805134492E-002
   2.95454545455        0.00000000000        95.0400000000       0.235360365694       2.360701600316E-002  5.830993587150E-002
   3.54545454545        0.00000000000        95.0400000000       0.217239089336      -2.672437648068E-002  4.797570559272E-002
   4.13636363636        0.00000000000        95.0400000000       0.215772709892      -4.369675428179E-002  3.659944222895E-002
   4.72727272727        0.00000000000        95.0400000000       0.199934826981      -1.368301951170E-002  2.131080319981E-002
   5.31818181818        0.00000000000        95.0400000000       0.186060944798      -5.241358996131E-003  1.724969531739E-002
   5.90909090909        0.00000000000        95.0400000000       0.178608398480      -1.315627066357E-003  1.558184113407E-002
   6.50000000000        0.00000000000        95.0400000000       0.172398154361      -1.121868158981E-003  1.356509423967E-002
   0.00000000000        0.00000000000        95.0400000000       0.920574341094      -5.216219651837E-002  2.472901926430E-002
  0.558892006459       0.191867868166        95.0400000000       0.919543461178      -2.992003869016E-002  2.858589216545E-002
   1.11778401292       0.383735736333        95.0400000000       0.926415034166      -1.430713169833E-002  3.127014889459E-002
   1.67667601938       0.575603604499        95.0400000000       0.944066225297      -2.286505985735E-003  3.248448064761E-002
   2.23556802584       0.767471472666        95.0400000000       0.980664819118       2.872882523899E-002  3.466759646536E-002
   2.79446003230       0.959339340832        95.0400000000       0.262755306476      -0.138588680114       5.138428022893E-002
   3.35335203876        1.15120720900        95.0400000000       0.248469263929      -0.111662084897       4.746563971825E-002
   3.91224404522        1.34307507716        95.0400000000       0.223223332079      -6.947379989355E-002  4.087424211536E-002
   4.47113605168        1.53494294533        95.0400000000       0.221730240732      -3.897478954846E-002  2.406770775050E-002
   5.03002805814        1.72681081350        95.0400000000       0.218019233788      -3.728516848490E-002  1.542606331970E-002
   5.58892006459        1.91867868166        95.0400000000       0.204136810005      -2.169253418348E-002  1.211142682249E-002
   6.14781207105        2.11054654983        95.0400000000       0.187385872774       6.421146889861E-003  9.976595062838E-003
   0.00000000000        0.00000000000        95.0400000000       0.920574341094      -5.216219651837E-002  2.472901926430E-002
  0.466310301007       0.362943875680        95.0400000000       0.928682606131      -4.533298943628E-002  2.485152897211E-002
  0.932620602014       0.725887751361        95.0400000000       0.947372999875      -5.146289383453E-002  2.376244191834E-002
   1.39893090302        1.08883162704        95.0400000000       0.962094067266      -3.869635757336E-002  2.635737442285E-002
   1.86524120403        1.45177550272        95.0400000000        1.01025559504      -1.707838648010E-002  2.735433514445E-002
   2.33155150503        1.81471937840        95.0400000000       0.456226628426      -0.297851507975       5.135147355660E-002
   2.79786180604        2.17766325408        95.0400000000       0.454483027442      -0.255602703169       4.878357574902E-002
   3.26417210705        2.54060712976        95.0400000000       0.445567541505      -0.198321565523       3.654195938074E-002
   3.73048240806        2.90355100544        95.0400000000       0.425913832035      -0.103711479251       1.742192945813E-002
   4.19679270906        3.26649488112        95.0400000000       0.397225164801      -1.054753827296E-002 -2.035070090369E-003
   4.66310301007        3.62943875680        95.0400000000       0.383598258437       0.105898901592      -6.728813199516E-003
   5.12941331108        3.99238263248        95.0400000000       0.309680339079       0.122695184674      -1.850098904720E-003
   0.00000000000        0.00000000000        95.0400000000       0.920574341094      -5.216219651837E-002  2.472901926430E-002
  0.323196638891       0.494689282610        95.0400000000       0.938660757154      -6.412518262436E-002  2.085150828863E-002
  0.646393277781       0.989378565219        95.0400000000       0.946604711984      -6.750904003458E-002  2.168136607333E-002
  0.969589916672        1.48406784783        95.0400000000       0.973366839262      -5.570796493214E-002  2.359835942832E-002
   1.29278655556        1.97875713044        95.0400000000        1.02273708970      -6.046329772486E-002  2.181809102911E-002
   1.61598319445        2.47344641305        95.0400000000       0.698161278834      -0.315367547736       4.287988128516E-002
   1.93917983334        2.96813569566        95.0400000000       0.723071617740      -0.354214010013       3.698241120182E-002
   2.26237647223        3.46282497827        95.0400000000       0.686668112096      -0.294651268086       2.209593559995E-002
   2.58557311112        3.95751426088        95.0400000000       0.779264504205      -0.223947922072       8.118322367056E-003
   2.90876975001        4.45220354349        95.0400000000       0.960537358193      -1.469733225985E-002  2.165268800974E-003
   3.23196638891        4.94689282610        95.0400000000       0.900770656677       0.625857043386       3.241215395423E-003
   3.55516302780        5.44158210871        95.0400000000       0.229006250629       0.614776697415       1.733882982053E-003
   0.00000000000        0.00000000000        95.0400000000       0.920574341094      -5.216219651837E-002  2.472901926430E-002
  0.145059606038       0.572827429873        95.0400000000       0.937713244124      -7.571071773158E-002  1.927076592961E-002
  0.290119212075        1.14565485975        95.0400000000       0.944095423610      -7.886494731772E-002  1.982323173444E-002
  0.435178818113        1.71848228962        95.0400000000       0.968627445335      -7.330112614500E-002  2.139220242047E-002
  0.580238424151        2.29130971949        95.0400000000        1.00549219641      -0.106822424458       1.929182466716E-002
  0.725298030189        2.86413714937        95.0400000000        1.01283443621      -0.293174660066       3.556704675509E-002
  0.870357636226        3.43696457924        95.0400000000       0.811367747484      -0.204686345676       2.570830445207E-002
   1.01541724226        4.00979200911        95.0400000000       0.735688649510      -0.236174868109       1.343413511860E-002
   1.16047684830        4.58261943899        95.0400000000       0.602429171818      -0.331895314820       1.841553772049E-003
   1.30553645434        5.15544686886        95.0400000000       0.475574938852      -0.370722927212      -6.393969482070E-003
   1.45059606038        5.72827429873        95.0400000000       0.247594267596      -0.395164974577       4.228192988456E-003
   1.59565566642        6.30110172861        95.0400000000       2.894932488453E-002 -0.300030844429       4.248983980364E-003
   0.00000000000        0.00000000000        95.0400000000       0.920574341094      -5.216219651837E-002  2.472901926430E-002
 -4.879688596092E-002  0.588890836777        95.0400000000       0.935824074447      -8.452858411894E-002  1.792015285363E-002
 -9.759377192185E-002   1.17778167355        95.0400000000       0.940278086764      -9.412205275971E-002  1.736909488569E-002
 -0.146390657883        1.76667251033        95.0400000000       0.954212553750      -9.178416355457E-002  1.888027157351E-002
 -0.195187543844        2.35556334711        95.0400000000       0.978602496027      -0.125112783635       1.743810263051E-002
 -0.243984429805        2.94445418388        95.0400000000       0.876222933874       8.597780922426E-003  1.866260452010E-002
 -0.292781315766        3.53334502066        95.0400000000       0.779183812363       1.720271868393E-002  1.296959548457E-002
 -0.341578201726        4.12223585744        95.0400000000       0.667474158364       3.416447607115E-002  1.100541702217E-002
 -0.390375087687        4.71112669421        95.0400000000       0.561630751256       5.469800259627E-002  7.430245006408E-003
 -0.439171973648        5.30001753099        95.0400000000       0.429530105038       7.851990498203E-002  6.035580974744E-003
 -0.487968859609        5.88890836777        95.0400000000       0.311507302471       9.485670629969E-002  4.616188494033E-003
 -0.536765745570        6.47779920454        95.0400000000       0.194712996716       0.103741283847       9.668336972181E-004
   0.00000000000        0.00000000000        95.0400000000       0.920574341094      -5.216219651837E-002  2.472901926430E-002
 -0.237365478204       0.541138783933        95.0400000000       0.933410251267      -8.974556424024E-002  1.689531905681E-002
 -0.474730956408        1.08227756787        95.0400000000       0.935566369126      -0.111627012248       1.458489933451E-002
 -0.712096434612        1.62341635180        95.0400000000       0.940291825446      -0.112428055638       1.471216668325E-002
 -0.949461912816        2.16455513573        95.0400000000       0.957039591556      -0.109354548598       1.552819122587E-002
  -1.18682739102        2.70569391966        95.0400000000       0.771276629841       0.144685000238       3.564531404971E-003
  -1.42419286922        3.24683270360        95.0400000000       0.774658784706       0.183645387927      -4.337074484462E-003
  -1.66155834743        3.78797148753        95.0400000000       0.777306866951       0.204131485965       1.656404606163E-004
  -1.89892382563        4.32911027146        95.0400000000       0.791797620715       0.322101028056       1.652544426779E-003
  -2.13628930384        4.87024905539        95.0400000000       0.829376734844       0.623404881792      -8.475768441039E-004
  -2.37365478204        5.41138783933        95.0400000000       0.172871319609       0.900894483233      -9.061378940559E-004
  -2.61102026024        5.95252662326        95.0400000000      -0.515618446053       0.212038342850      -6.280350292790E-004
   0.00000000000        0.00000000000        95.0400000000       0.920574341094      -5.216219651837E-002  2.472901926430E-002
 -0.400211837779       0.434745947216        95.0400000000       0.930733349782      -9.079631734957E-002  1.630732118297E-002
 -0.800423675558       0.869491894432        95.0400000000       0.930470858411      -0.129482891803       1.177235587010E-002
  -1.20063551334        1.30423784165        95.0400000000       0.931168344114      -0.128688318424       1.097221578411E-002
  -1.60084735112        1.73898378886        95.0400000000       0.938651214722      -0.115887225399       1.129621116496E-002
  -2.00105918889        2.17372973608        95.0400000000       0.438510938895       0.448510845070      -2.444849095730E-002
  -2.40127102667        2.60847568330        95.0400000000       0.596481163334       0.177209973690      -1.974171312541E-002
  -2.80148286445        3.04322163051        95.0400000000       0.596377988406       0.108595116560      -9.932375543832E-003
  -3.20169470223        3.47796757773        95.0400000000       0.602019893129      -1.191823846938E-003 -7.666953862772E-004
  -3.60190654001        3.91271352494        95.0400000000       0.596620757341      -0.126588667112       3.845594822683E-003
  -4.00211837779        4.34745947216        95.0400000000       0.578130453851      -0.306710350729       3.686391011446E-003
  -4.40233021557        4.78220541938        95.0400000000       0.491410465181      -0.307875969336       1.206974319616E-003
   0.00000000000        0.00000000000        95.0400000000       0.920574341094      -5.216219651837E-002  2.472901926430E-002
 -0.519689034804       0.281241641340        95.0400000000       0.928083453803      -8.756697804339E-002  1.621987792546E-002
  -1.03937806961       0.562483282680        95.0400000000       0.926735213983      -0.115323333228       1.201204033708E-002
  -1.55906710441       0.843724924020        95.0400000000       0.926677490499      -0.135997353739       8.219216002875E-003
  -2.07875613922        1.12496656536        95.0400000000       0.919979224825      -0.108901448806       1.010903462205E-002
  -2.59844517402        1.40620820670        95.0400000000       0.440188449991       9.501289391210E-002 -2.985869157255E-002
  -3.11813420882        1.68744984804        95.0400000000       0.419086361028       7.235277592565E-002 -2.992329680751E-002
  -3.63782324363        1.96869148938        95.0400000000       0.399357489406       4.076870628622E-002 -2.350554827383E-002
  -4.15751227843        2.24993313072        95.0400000000       0.376732950859       1.049469221140E-003 -1.393836413739E-002
  -4.67720131323        2.53117477206        95.0400000000       0.349193052878      -3.637338159967E-002 -7.939690438428E-003
  -5.19689034804        2.81241641340        95.0400000000       0.330522626130      -8.569988481827E-002 -4.052791092348E-003
  -5.71657938284        3.09365805474        95.0400000000       0.288045230512      -0.135392954129      -1.460078196738E-003
   0.00000000000        0.00000000000        95.0400000000       0.920574341094      -5.216219651837E-002  2.472901926430E-002
 -0.582849861102       9.726043971134E-002   95.0400000000       0.921290132790      -6.996101472118E-002  1.903356690911E-002
  -1.16569972220       0.194520879423        95.0400000000       0.923429393307      -8.323769249932E-002  1.442176359494E-002
  -1.74854958330       0.291781319134        95.0400000000       0.917509351015      -9.409366668206E-002  1.156804862261E-002
  -2.33139944441       0.389041758845        95.0400000000       0.905807986359      -0.114299412248       7.996505671592E-003
  -2.91424930551       0.486302198557        95.0400000000       0.362666072217      -2.572474230072E-002 -3.553003783595E-002
  -3.49709916661       0.583562638268        95.0400000000       0.336048091703      -6.110884171241E-003 -3.236745688490E-002
  -4.07994902771       0.680823077979        95.0400000000       0.324071052228      -1.720623355121E-002 -2.636809641457E-002
  -4.66279888881       0.778083517691        95.0400000000       0.317810896637      -1.892987704945E-002 -1.672420315432E-002
  -5.24564874991       0.875343957402        95.0400000000       0.300344923987      -2.590455373716E-002 -1.024536643309E-002
  -5.82849861102       0.972604397113        95.0400000000       0.289639839249      -2.472863867053E-002 -8.122385568438E-003
  -6.41134847212        1.06986483682        95.0400000000       0.277429317527      -1.824086864572E-002 -2.648606632270E-003
   0.00000000000        0.00000000000        95.0400000000       0.920574341094      -5.216219651837E-002  2.472901926430E-002
 -0.582849861102      -9.726043971134E-002   95.0400000000       0.914084068388      -4.052966307994E-002  2.353554570099E-002
  -1.16569972220      -0.194520879423        95.0400000000       0.908588953640      -3.881269305591E-002  2.121625363731E-002
  -1.74854958330      -0.291781319134        95.0400000000       0.901557241217      -5.361934379533E-002  1.516011859123E-002
  -2.33139944441      -0.389041758845        95.0400000000       0.890122378488      -9.045689540517E-002  8.962790899627E-003
  -2.91424930551      -0.486302198557        95.0400000000       0.405243200263      -9.334562399361E-002 -3.005418996591E-002
  -3.49709916661      -0.583562638268        95.0400000000       0.377774918597      -4.097598892479E-002 -2.518181864544E-002
  -4.07994902771      -0.680823077979        95.0400000000       0.350174514418      -3.631221031147E-003 -2.174832508204E-002
  -4.66279888881      -0.778083517691        95.0400000000       0.342306925920      -2.227332315863E-003 -1.259911622313E-002
  -5.24564874991      -0.875343957402        95.0400000000       0.328279421867      -5.518689805959E-003 -6.483796211602E-003
  -5.82849861102      -0.972604397113        95.0400000000       0.319809390061      -2.200724918362E-003 -3.898544719171E-003
  -6.41134847212       -1.06986483682        95.0400000000       0.299301811568       1.457766416298E-002 -1.699693217353E-003
   0.00000000000        0.00000000000        95.0400000000       0.920574341094      -5.216219651837E-002  2.472901926430E-002
 -0.519689034804      -0.281241641340        95.0400000000       0.911539317257      -1.624520311880E-002  2.657208562101E-002
  -1.03937806961      -0.562483282680        95.0400000000       0.900373076479      -9.849793956287E-003  2.559857852162E-002
  -1.55906710441      -0.843724924020        95.0400000000       0.875995453462      -3.457217698642E-002  1.464524085195E-002
  -2.07875613922       -1.12496656536        95.0400000000       0.880729594043      -5.936751339135E-002  1.096235659663E-002
  -2.59844517402       -1.40620820670        95.0400000000       0.530366925673      -0.129214097168      -1.951018060922E-002
  -3.11813420882       -1.68744984804        95.0400000000       0.493437571793      -7.327196298019E-002 -1.803988286279E-002
  -3.63782324363       -1.96869148938        95.0400000000       0.460146828915      -2.327907509411E-002 -1.533224756100E-002
  -4.15751227843       -2.24993313072        95.0400000000       0.442998845601       9.988559089807E-003 -8.769478304667E-003
  -4.67720131323       -2.53117477206        95.0400000000       0.424759574688       3.742470148122E-002 -3.465023725700E-004
  -5.19689034804       -2.81241641340        95.0400000000       0.374095428588       7.107561619436E-002  2.345743066486E-003
  -5.71657938284       -3.09365805474        95.0400000000       0.328175600489       0.129771489299       8.557971776996E-003
   0.00000000000        0.00000000000        95.0400000000       0.920574341094      -5.216219651837E-002  2.472901926430E-002
 -0.400211837779      -0.434745947216        95.0400000000       0.909731122584       2.409402957326E-003  2.911218881978E-002
 -0.800423675558      -0.869491894432        95.0400000000       0.900963592241      -9.458192109534E-003  2.600844122991E-002
  -1.20063551334       -1.30423784165        95.0400000000       0.856632383778      -2.448932916186E-003  1.870095706915E-002
  -1.60084735112       -1.73898378886        95.0400000000       0.866044230822      -6.655160229670E-002  1.076327796933E-002
  -2.00105918889       -2.17372973608        95.0400000000       0.661654600752      -0.240619205912      -5.159920464193E-003
  -2.40127102667       -2.60847568330        95.0400000000       0.664611182441      -0.120341625635      -4.119824223391E-003
  -2.80148286445       -3.04322163051        95.0400000000       0.671675436231      -6.652577693020E-002  7.537745442653E-004
  -3.20169470223       -3.47796757773        95.0400000000       0.652505726964       2.455229477717E-002  2.298617740649E-003
  -3.60190654001       -3.91271352494        95.0400000000       0.636396306726       0.180904562969      -4.764299627251E-003
  -4.00211837779       -4.34745947216        95.0400000000       0.591607022313       0.331923336762      -6.741361197859E-003
  -4.40233021557       -4.78220541938        95.0400000000       0.483088140399       0.344934516432      -3.324783909555E-003
   0.00000000000        0.00000000000        95.0400000000       0.920574341094      -5.216219651837E-002  2.472901926430E-002
 -0.237365478204      -0.541138783933        95.0400000000       0.911075748224       6.896219578830E-003  2.981723280191E-002
 -0.474730956408       -1.08227756787        95.0400000000       0.903630253276      -6.704169600159E-003  2.694175960440E-002
 -0.712096434612       -1.62341635180        95.0400000000       0.867434483498      -7.684168190170E-004  2.132633236868E-002
 -0.949461912816       -2.16455513573        95.0400000000       0.851667566461      -6.247647010024E-002  1.891636347902E-002
  -1.18682739102       -2.70569391966        95.0400000000       0.738891246595      -7.149772472189E-002  4.303639531269E-003
  -1.42419286922       -3.24683270360        95.0400000000       0.696423497524      -0.124093668882       9.231703220727E-003
  -1.66155834743       -3.78797148753        95.0400000000       0.705490960370      -0.147595387894       1.379649075629E-002
  -1.89892382563       -4.32911027146        95.0400000000       0.775745963678      -0.253832475647       1.158668071131E-002
  -2.13628930384       -4.87024905539        95.0400000000       0.826603581754      -0.651814145078       2.009700464254E-003
  -2.37365478204       -5.41138783933        95.0400000000       0.491632579216      -0.721761038727       1.144940116389E-004
  -2.61102026024       -5.95252662326        95.0400000000      -0.511667814027      -0.175891976495      -1.445766558441E-003
   0.00000000000        0.00000000000        95.0400000000       0.920574341094      -5.216219651837E-002  2.472901926430E-002
 -4.879688596092E-002 -0.588890836777        95.0400000000       0.913312409252       1.022424317143E-002  3.059717287658E-002
 -9.759377192185E-002  -1.17778167355        95.0400000000       0.908077888548      -2.128960197469E-003  2.827244901452E-002
 -0.146390657883       -1.76667251033        95.0400000000       0.892947961644      -3.562033135594E-003  2.586932445671E-002
 -0.195187543844       -2.35556334711        95.0400000000       0.880325057353      -1.128741145635E-002  2.429739813945E-002
 -0.243984429805       -2.94445418388        95.0400000000       0.787727918382       5.153313921139E-002  2.868484175954E-002
 -0.292781315766       -3.53334502066        95.0400000000       0.746735978277       8.747371119775E-004  2.885795782739E-002
 -0.341578201726       -4.12223585744        95.0400000000       0.672933071273      -1.643939989565E-002  2.310234742237E-002
 -0.390375087687       -4.71112669421        95.0400000000       0.541248022773      -3.606692242579E-002  1.445652471047E-002
 -0.439171973648       -5.30001753099        95.0400000000       0.403754590748      -6.384135003715E-002  2.023053703292E-003
 -0.487968859609       -5.88890836777        95.0400000000       0.278616658575      -6.328583096805E-002  1.826805486171E-003
 -0.536765745570       -6.47779920454        95.0400000000       0.180009228308      -6.702499356563E-002  4.842806130846E-003
   0.00000000000        0.00000000000        95.0400000000       0.920574341094      -5.216219651837E-002  2.472901926430E-002
  0.145059606038      -0.572827429873        95.0400000000       0.915875654117       1.409420589838E-002  3.167090384997E-002
  0.290119212075       -1.14565485975        95.0400000000       0.913915625253       7.340792924004E-003  3.022301180789E-002
  0.435178818113       -1.71848228962        95.0400000000       0.910704225120       6.065649096925E-004  2.948010763784E-002
  0.580238424151       -2.29130971949        95.0400000000       0.905263736732      -2.862266723246E-003  2.971473346649E-002
  0.725298030189       -2.86413714937        95.0400000000       0.842493263834       0.283166773712       4.674697666319E-002
  0.870357636226       -3.43696457924        95.0400000000       0.762970965409       0.162654629923       3.001766404156E-002
   1.01541724226       -4.00979200911        95.0400000000       0.684430040002       0.180213733575       2.411053150631E-002
   1.16047684830       -4.58261943899        95.0400000000       0.572265174645       0.305887750065       2.871168622346E-002
   1.30553645434       -5.15544686886        95.0400000000       0.439520267735       0.375776845941       2.562157464399E-002
   1.45059606038       -5.72827429873        95.0400000000       0.214395609344       0.375594802115       1.473689178755E-002
   1.59565566642       -6.30110172861        95.0400000000       3.095730031277E-002  0.295717356821       1.077838133835E-002
   0.00000000000        0.00000000000        95.0400000000       0.920574341094      -5.216219651837E-002  2.472901926430E-002
  0.323196638891      -0.494689282610        95.0400000000       0.918487715463       1.808673724954E-002  3.292207031046E-002
  0.646393277781      -0.989378565219        95.0400000000       0.920503906444       2.040669199422E-002  3.255410744380E-002
  0.969589916672       -1.48406784783        95.0400000000       0.919751948038       1.399434011528E-002  3.284167728015E-002
   1.29278655556       -1.97875713044        95.0400000000       0.916840235093       1.145835524710E-002  3.520796934386E-002
   1.61598319445       -2.47344641305        95.0400000000       0.687032578299       0.262002873436       5.501534006739E-002
   1.93917983334       -2.96813569566        95.0400000000       0.674567001401       0.273941087949       4.261576161188E-002
   2.26237647223       -3.46282497827        95.0400000000       0.679957852178       0.256047862335       3.425325617967E-002
   2.58557311112       -3.95751426088        95.0400000000       0.780147139906       0.194123436039       3.269384929613E-002
   2.90876975001       -4.45220354349        95.0400000000       0.970436642416      -1.108936250573E-002  2.454146099866E-002
   3.23196638891       -4.94689282610        95.0400000000       0.850430334012      -0.716804999274       1.346322244471E-002
   3.55516302780       -5.44158210871        95.0400000000       0.234609803261      -0.654800668677       8.343238639508E-003
   0.00000000000        0.00000000000        95.0400000000       0.920574341094      -5.216219651837E-002  2.472901926430E-002
  0.466310301007      -0.362943875680        95.0400000000       0.920214663762       7.497380450956E-003  3.280989946328E-002
  0.932620602014      -0.725887751361        95.0400000000       0.924275379282       2.743981999358E-002  3.591462185683E-002
   1.39893090302       -1.08883162704        95.0400000000       0.927051810375       3.149582055867E-002  3.783903604315E-002
   1.86524120403       -1.45177550272        95.0400000000       0.920953260049       3.615219352417E-002  3.917044966721E-002
   2.33155150503       -1.81471937840        95.0400000000       0.507154408946       0.276539052396       6.086774086272E-002
   2.79786180604       -2.17766325408        95.0400000000       0.465126188792       0.215680614287       4.657350824660E-002
   3.26417210705       -2.54060712976        95.0400000000       0.445687647735       0.168544254390       3.923918572443E-002
   3.73048240806       -2.90355100544        95.0400000000       0.436634642593       0.109872741399       2.867697728356E-002
   4.19679270906       -3.26649488112        95.0400000000       0.424730725624       1.018710727092E-002  2.224741221089E-002
   4.66310301007       -3.62943875680        95.0400000000       0.410345754837      -0.126953881147       2.018289891686E-002
   5.12941331108       -3.99238263248        95.0400000000       0.335980576558      -0.148384836986       1.637766913858E-002
   0.00000000000        0.00000000000        95.0400000000       0.920574341094      -5.216219651837E-002  2.472901926430E-002
  0.558892006459      -0.191867868166        95.0400000000       0.919839107268      -1.783939473205E-002  3.199972423925E-002
   1.11778401292      -0.383735736333        95.0400000000       0.925740472048       2.106268533342E-002  3.849757469398E-002
   1.67667601938      -0.575603604499        95.0400000000       0.925910264364       4.988965012281E-002  4.147700090370E-002
   2.23556802584      -0.767471472666        95.0400000000       0.926296244458       6.275917126405E-002  4.180795619578E-002
   2.79446003230      -0.959339340832        95.0400000000       0.308515579877       0.165561128802       6.274757129030E-002
   3.35335203876       -1.15120720900        95.0400000000       0.260307873694       0.117569488873       5.581266959866E-002
   3.91224404522       -1.34307507716        95.0400000000       0.253587979841       6.645169721198E-002  4.269412307178E-002
   4.47113605168       -1.53494294533        95.0400000000       0.237694507801       2.649553610998E-002  3.106213961485E-002
   5.03002805814       -1.72681081350        95.0400000000       0.223480443900       2.741414791928E-002  2.153198668883E-002
   5.58892006459       -1.91867868166        95.0400000000       0.213099727558       1.300312040629E-002  1.789566863595E-002
   6.14781207105       -2.11054654983        95.0400000000       0.189752363363      -1.647540674976E-002  1.304583194730E-002
   0.00000000000        0.00000000000        95.0400000000       0.920574341094      -5.216219651837E-002  2.472901926430E-002
  0.590909090909        0.00000000000        95.0400000000       0.920342659941      -3.013399039184E-002  3.045452444622E-002
   1.18181818182      -1.172487511250E-015   95.0400000000       0.919064006033       8.362714567704E-003  3.645675232914E-002
   1.77272727273        0.00000000000        95.0400000000       0.922150287614       5.485932797291E-002  4.197139568582E-002
   2.36363636364        0.00000000000        95.0400000000       0.954359096760       4.261848789356E-002  3.733805134492E-002
   2.95454545455        0.00000000000        95.0400000000       0.235360365694       2.360701600316E-002  5.830993587150E-002
   3.54545454545        0.00000000000        95.0400000000       0.217239089336      -2.672437648068E-002  4.797570559272E-002
   4.13636363636        0.00000000000        95.0400000000       0.215772709892      -4.369675428179E-002  3.659944222895E-002
   4.72727272727        0.00000000000        95.0400000000       0.199934826981      -1.368301951170E-002  2.131080319981E-002
   5.31818181818        0.00000000000        95.0400000000       0.186060944798      -5.241358996131E-003  1.724969531739E-002
   5.90909090909        0.00000000000        95.0400000000       0.178608398480      -1.315627066357E-003  1.558184113407E-002
   6.50000000000        0.00000000000        95.0400000000       0.172398154361      -1.121868158981E-003  1.356509423967E-002
