 12 20 1 1
 1 X [LENGU]
 2 Y [LENGU]
 3 Z [LENGU]
 4 Hx [FIELU]
 5 Hy [FIELU]
 6 Hz [FIELU]
 0
   0.00000000000        0.00000000000       -2.16000000000        6.40386515657      -2.185868627548E-002 -1.289069897656E-002
  0.590909090909        0.00000000000       -2.16000000000        6.43075653294      -1.856410853734E-002 -7.550206157554E-003
   1.18181818182        0.00000000000       -2.16000000000        6.45804765779      -9.796753263662E-003 -1.993632485339E-003
   1.77272727273        0.00000000000       -2.16000000000        6.42433561563       5.839643329205E-004 -5.490692005243E-003
   2.36363636364        0.00000000000       -2.16000000000        6.40662709563       2.481731789869E-003 -9.441927120734E-003
   2.95454545455        0.00000000000       -2.16000000000        6.17381109201       1.954791255247E-003 -3.865189578861E-002
   3.54545454545        0.00000000000       -2.16000000000        5.90890010102      -8.999382050079E-002 -8.437307282849E-002
   4.13636363636        0.00000000000       -2.16000000000        5.63037674559      -7.036974091777E-002 -0.123227328047     
   4.72727272727        0.00000000000       -2.16000000000        5.34441559877      -7.582767285695E-003 -0.154177367942     
   5.31818181818        0.00000000000       -2.16000000000        4.99329741666       1.783978523354E-002 -0.189347923993     
   5.90909090909        0.00000000000       -2.16000000000        4.61989234663      -2.771125167073E-002 -0.313723728944     
   6.50000000000        0.00000000000       -2.16000000000        4.25099142404       3.494762876467E-002 -0.377440193312     
   0.00000000000        0.00000000000       -2.16000000000        6.40386515657      -2.185868627548E-002 -1.289069897656E-002
  0.558892006459       0.191867868166       -2.16000000000        6.45351480401      -1.384055189450E-002 -4.737241237933E-003
   1.11778401292       0.383735736333       -2.16000000000        6.48651507357       9.194548551357E-004  6.934384120369E-004
   1.67667601938       0.575603604499       -2.16000000000        6.43949428160       1.653411155129E-002 -5.122002330179E-003
   2.23556802584       0.767471472666       -2.16000000000        6.37230512356       4.891211504217E-002 -1.544643267569E-002
   2.79446003230       0.959339340832       -2.16000000000        6.30861922132       0.138149297627      -2.096227933952E-002
   3.35335203876        1.15120720900       -2.16000000000        6.02220104336       0.423344613308      -5.970097579051E-002
   3.91224404522        1.34307507716       -2.16000000000        5.77031047118       0.593745199412      -9.773134036913E-002
   4.47113605168        1.53494294533       -2.16000000000        5.50338459918       0.726592945714      -0.127127378646     
   5.03002805814        1.72681081350       -2.16000000000        5.11626711402       0.833500076229      -0.163665836438     
   5.58892006459        1.91867868166       -2.16000000000        4.66634090622       0.902619912765      -0.218037301829     
   6.14781207105        2.11054654983       -2.16000000000        4.02669743193       0.805460483962      -0.265973627113     
   0.00000000000        0.00000000000       -2.16000000000        6.40386515657      -2.185868627548E-002 -1.289069897656E-002
  0.466310301007       0.362943875680       -2.16000000000        6.46920663069      -1.011079594230E-002 -2.967799221018E-003
  0.932620602014       0.725887751361       -2.16000000000        6.49885545596       1.191563647703E-002  1.009648770467E-003
   1.39893090302        1.08883162704       -2.16000000000        6.46537252590       3.943476504458E-002 -3.890745385720E-003
   1.86524120403        1.45177550272       -2.16000000000        6.39331399428       7.245262028661E-002 -1.450792516061E-002
   2.33155150503        1.81471937840       -2.16000000000        6.96921855330       0.123127846725      -1.413222850407E-002
   2.79786180604        2.17766325408       -2.16000000000        6.99496145458       0.609178213755      -1.757377351122E-002
   3.26417210705        2.54060712976       -2.16000000000        7.09554413869        1.47590781529      -3.376051338772E-002
   3.73048240806        2.90355100544       -2.16000000000        6.76952257657        1.73931268109      -7.012517013351E-002
   4.19679270906        3.26649488112       -2.16000000000        6.32305305256        2.06792519019      -0.150713881300     
   4.66310301007        3.62943875680       -2.16000000000        5.67437475512        2.65207723299      -0.274477392009     
   5.12941331108        3.99238263248       -2.16000000000        4.84019035789        3.03037723622      -0.496101837150     
   0.00000000000        0.00000000000       -2.16000000000        6.40386515657      -2.185868627548E-002 -1.289069897656E-002
  0.323196638891       0.494689282610       -2.16000000000        6.47601025440      -7.737675552859E-003 -2.440837931694E-003
  0.646393277781       0.989378565219       -2.16000000000        6.47029327700       2.909609878356E-002 -4.447076907415E-003
  0.969589916672        1.48406784783       -2.16000000000        6.48460123720       5.438832080077E-002 -3.508550886836E-003
   1.29278655556        1.97875713044       -2.16000000000        6.47060468835       4.910396581150E-002 -5.733494789176E-003
   1.61598319445        2.47344641305       -2.16000000000        7.24418135208      -6.475738932478E-002 -1.135216155066E-002
   1.93917983334        2.96813569566       -2.16000000000        7.54761785975      -0.441369326805       9.941284023219E-003
   2.26237647223        3.46282497827       -2.16000000000        8.18729010420      -0.391939231420       1.298392306023E-002
   2.58557311112        3.95751426088       -2.16000000000        9.76637732289       9.013308534476E-002 -2.319398279641E-002
   2.90876975001        4.45220354349       -2.16000000000        12.0888822508        2.11457328641      -0.103569635109     
   3.23196638891        4.94689282610       -2.16000000000        11.3320124606        9.63789395109      -0.182668533060     
   3.55516302780        5.44158210871       -2.16000000000        2.73005024094        9.11934854462      -0.223983832483     
   0.00000000000        0.00000000000       -2.16000000000        6.40386515657      -2.185868627548E-002 -1.289069897656E-002
  0.145059606038       0.572827429873       -2.16000000000        6.47414342847      -7.303838449522E-003 -3.156687502137E-003
  0.290119212075        1.14565485975       -2.16000000000        6.46538758960       3.053048673426E-002 -6.051389118873E-003
  0.435178818113        1.71848228962       -2.16000000000        6.50657479516       2.669485208574E-002 -1.717121853703E-003
  0.580238424151        2.29130971949       -2.16000000000        6.54230661415       3.916479530246E-002  3.531228120332E-003
  0.725298030189        2.86413714937       -2.16000000000        7.24664734428      -0.195885693202       1.890390282093E-003
  0.870357636226        3.43696457924       -2.16000000000        7.01580861745      -0.748173520906       2.597665381775E-002
   1.01541724226        4.00979200911       -2.16000000000        6.73287280795       -1.07914724245       1.481597121806E-003
   1.16047684830        4.58261943899       -2.16000000000        6.10899438503       -2.78614540811       5.036924857475E-003
   1.30553645434        5.15544686886       -2.16000000000        4.44770469561       -3.48901354386      -2.874927942974E-002
   1.45059606038        5.72827429873       -2.16000000000        2.03730272941       -3.69464517708      -3.158889908834E-002
   1.59565566642        6.30110172861       -2.16000000000       0.263026426972       -2.43350710586      -1.110442214712E-002
   0.00000000000        0.00000000000       -2.16000000000        6.40386515657      -2.185868627548E-002 -1.289069897656E-002
 -4.879688596092E-002  0.588890836777       -2.16000000000        6.46380845246      -8.856297614116E-003 -5.037774523839E-003
 -9.759377192185E-002   1.17778167355       -2.16000000000        6.46723115903       2.237241205154E-002 -6.277847113981E-003
 -0.146390657883        1.76667251033       -2.16000000000        6.50996163196       1.273532767936E-002 -1.592121234724E-003
 -0.195187543844        2.35556334711       -2.16000000000        6.53149812913       3.798778846816E-002  3.899320406019E-003
 -0.243984429805        2.94445418388       -2.16000000000        7.17457065432       3.848867793039E-002  3.641694919129E-003
 -0.292781315766        3.53334502066       -2.16000000000        5.97120429564       6.312716395124E-002  1.311928908797E-002
 -0.341578201726        4.12223585744       -2.16000000000        5.80843119611       0.713057068012      -1.478920888742E-003
 -0.390375087687        4.71112669421       -2.16000000000        4.86085070147       0.818228404876       2.237938948511E-002
 -0.439171973648        5.30001753099       -2.16000000000        3.96503089311        1.02473154008       1.710097087517E-002
 -0.487968859609        5.88890836777       -2.16000000000        2.56626053706       0.954418577951      -1.114973483924E-002
 -0.536765745570        6.47779920454       -2.16000000000        1.33076252503        1.00471684414      -3.794656483653E-002
   0.00000000000        0.00000000000       -2.16000000000        6.40386515657      -2.185868627548E-002 -1.289069897656E-002
 -0.237365478204       0.541138783933       -2.16000000000        6.44612528139      -1.222682000727E-002 -7.880254029927E-003
 -0.474730956408        1.08227756787       -2.16000000000        6.47341313076       6.305854736358E-003 -5.437703398247E-003
 -0.712096434612        1.62341635180       -2.16000000000        6.49426489557       9.994324055351E-003 -3.246024066139E-003
 -0.949461912816        2.16455513573       -2.16000000000        6.44621105189       0.246298578575       1.276477533608E-003
  -1.18682739102        2.70569391966       -2.16000000000        7.12958976176       0.166119771117       2.627421077404E-002
  -1.42419286922        3.24683270360       -2.16000000000        7.21565345470       0.401501003978       1.403532693402E-002
  -1.66155834743        3.78797148753       -2.16000000000        7.70404094514        1.00697340574       6.084783290303E-004
  -1.89892382563        4.32911027146       -2.16000000000        8.72866199121        2.10185744762       4.337117307652E-002
  -2.13628930384        4.87024905539       -2.16000000000        9.84044465289        7.04692959185       0.102179375348     
  -2.37365478204        5.41138783933       -2.16000000000       0.803674546223        7.50315377189       0.120849751180     
  -2.61102026024        5.95252662326       -2.16000000000       -7.07350203027        1.88856664622       0.113820193680     
   0.00000000000        0.00000000000       -2.16000000000        6.40386515657      -2.185868627548E-002 -1.289069897656E-002
 -0.400211837779       0.434745947216       -2.16000000000        6.42353946598      -1.679615525680E-002 -1.130754229308E-002
 -0.800423675558       0.869491894432       -2.16000000000        6.45002121834      -8.466878823401E-003 -8.842667421790E-003
  -1.20063551334        1.30423784165       -2.16000000000        6.47120079052       1.176214586602E-002 -6.420695274070E-003
  -1.60084735112        1.73898378886       -2.16000000000        6.48772152931       4.286969890230E-002 -1.572643738213E-003
  -2.00105918889        2.17372973608       -2.16000000000        6.94213926807       0.194958855248       2.486721120984E-003
  -2.40127102667        2.60847568330       -2.16000000000        7.31113229847      -0.332292811866      -1.133224249083E-002
  -2.80148286445        3.04322163051       -2.16000000000        7.42429688149      -0.833723555938       2.975791114634E-002
  -3.20169470223        3.47796757773       -2.16000000000        7.89423714009       -1.74385031758       0.114383475596     
  -3.60190654001        3.91271352494       -2.16000000000        7.86557330428       -2.81595294911       0.213312496496     
  -4.00211837779        4.34745947216       -2.16000000000        6.54861969163       -4.03994171665       0.438988090382     
  -4.40233021557        4.78220541938       -2.16000000000        4.89871714170       -4.64304969875       0.604212703380     
   0.00000000000        0.00000000000       -2.16000000000        6.40386515657      -2.185868627548E-002 -1.289069897656E-002
 -0.519689034804       0.281241641340       -2.16000000000        6.41026037238      -1.642488977686E-002 -1.342481419215E-002
  -1.03937806961       0.562483282680       -2.16000000000        6.43612462138      -2.487795330783E-002 -9.962904438426E-003
  -1.55906710441       0.843724924020       -2.16000000000        6.42790181736      -2.161667914104E-003 -1.189243993612E-002
  -2.07875613922        1.12496656536       -2.16000000000        6.43150239305      -2.720943314195E-002 -1.150741442666E-002
  -2.59844517402        1.40620820670       -2.16000000000        6.69556372807      -0.201921399637       2.856363369485E-002
  -3.11813420882        1.68744984804       -2.16000000000        6.49540652218      -0.644678402327       3.646393016927E-002
  -3.63782324363        1.96869148938       -2.16000000000        6.24934745100      -0.935746145019       4.375638141868E-002
  -4.15751227843        2.24993313072       -2.16000000000        5.86994379701       -1.15167221517       9.854471897743E-002
  -4.67720131323        2.53117477206       -2.16000000000        5.52787226129       -1.40449265903       0.169199130089     
  -5.19689034804        2.81241641340       -2.16000000000        4.92968116535       -1.59832178246       0.265426577414     
  -5.71657938284        3.09365805474       -2.16000000000        4.26739640448       -1.81070441703       0.289389922909     
   0.00000000000        0.00000000000       -2.16000000000        6.40386515657      -2.185868627548E-002 -1.289069897656E-002
 -0.582849861102       9.726043971134E-002  -2.16000000000        6.39628825790      -1.664246046157E-002 -1.548420641996E-002
  -1.16569972220       0.194520879423       -2.16000000000        6.45594466763      -4.786605725346E-002 -5.290335168463E-003
  -1.74854958330       0.291781319134       -2.16000000000        6.42235542869      -1.465116792949E-003 -1.189876836454E-002
  -2.33139944441       0.389041758845       -2.16000000000        6.39592558949      -1.134072267100E-002 -1.432118908418E-002
  -2.91424930551       0.486302198557       -2.16000000000        6.36482879761      -9.340627698208E-002  3.202198077967E-002
  -3.49709916661       0.583562638268       -2.16000000000        6.01480904076      -0.124332682684       4.059592172968E-002
  -4.07994902771       0.680823077979       -2.16000000000        5.72286098247      -0.213144561644       4.134099874802E-002
  -4.66279888881       0.778083517691       -2.16000000000        5.39658182541      -0.287810672974       6.568342811891E-002
  -5.24564874991       0.875343957402       -2.16000000000        5.04323713237      -0.318464558238       8.660749923089E-002
  -5.82849861102       0.972604397113       -2.16000000000        4.71071609316      -0.350783544040       0.207134585936     
  -6.41134847212        1.06986483682       -2.16000000000        4.49126704156      -0.254385359117       5.472314615267E-002
   0.00000000000        0.00000000000       -2.16000000000        6.40386515657      -2.185868627548E-002 -1.289069897656E-002
 -0.582849861102      -9.726043971134E-002  -2.16000000000        6.39837656955      -2.829520548048E-002 -1.413467033858E-002
  -1.16569972220      -0.194520879423       -2.16000000000        6.45896905102      -5.992583043984E-002 -3.744011912798E-003
  -1.74854958330      -0.291781319134       -2.16000000000        6.43141084893      -1.367247245212E-002 -1.003605797956E-002
  -2.33139944441      -0.389041758845       -2.16000000000        6.38507387254       8.009825125250E-003 -1.442976160611E-002
  -2.91424930551      -0.486302198557       -2.16000000000        6.41406433790       9.668156208954E-002  1.678535027117E-002
  -3.49709916661      -0.583562638268       -2.16000000000        6.21089965154       0.370398217454       3.265501929926E-002
  -4.07994902771      -0.680823077979       -2.16000000000        5.76481412741       0.398586001843       5.242036550209E-002
  -4.66279888881      -0.778083517691       -2.16000000000        5.42153532734       0.383529669611       7.836891043616E-002
  -5.24564874991      -0.875343957402       -2.16000000000        5.10428017762       0.379759394143       0.143128287345     
  -5.82849861102      -0.972604397113       -2.16000000000        4.71082428243       0.335034510719       0.207123586350     
  -6.41134847212       -1.06986483682       -2.16000000000        4.22437687579       0.216092231782       7.675647572775E-002
   0.00000000000        0.00000000000       -2.16000000000        6.40386515657      -2.185868627548E-002 -1.289069897656E-002
 -0.519689034804      -0.281241641340       -2.16000000000        6.39778849212      -3.691720088557E-002 -1.332173778441E-002
  -1.03937806961      -0.562483282680       -2.16000000000        6.46417513960      -8.577278514180E-002 -4.521399469584E-004
  -1.55906710441      -0.843724924020       -2.16000000000        6.45244318855      -3.931864990348E-002 -6.430218008671E-003
  -2.07875613922       -1.12496656536       -2.16000000000        6.43903109608       1.525392784096E-002 -8.142976713853E-003
  -2.59844517402       -1.40620820670       -2.16000000000        6.72876827842       0.177403312904       1.197363459292E-002
  -3.11813420882       -1.68744984804       -2.16000000000        6.54661244670       0.540496491943       1.541971988122E-002
  -3.63782324363       -1.96869148938       -2.16000000000        6.32299712780       0.908226637887       4.761784793204E-002
  -4.15751227843       -2.24993313072       -2.16000000000        6.02010622848        1.25798153608       0.122461216187     
  -4.67720131323       -2.53117477206       -2.16000000000        5.63535452437        1.37620522085       0.157295972692     
  -5.19689034804       -2.81241641340       -2.16000000000        4.85886650142        1.65568457969       0.217968169156     
  -5.71657938284       -3.09365805474       -2.16000000000        4.08221020444        1.73976772716       0.222516453488     
   0.00000000000        0.00000000000       -2.16000000000        6.40386515657      -2.185868627548E-002 -1.289069897656E-002
 -0.400211837779      -0.434745947216       -2.16000000000        6.38695189710      -3.612762115196E-002 -1.470076433513E-002
 -0.800423675558      -0.869491894432       -2.16000000000        6.47068890725      -0.122188318463       4.147668675859E-003
  -1.20063551334       -1.30423784165       -2.16000000000        6.47862307084      -7.359483469745E-002  1.139740163287E-003
  -1.60084735112       -1.73898378886       -2.16000000000        6.49992907926       2.905201169424E-003  2.431460019650E-004
  -2.00105918889       -2.17372973608       -2.16000000000        6.88291003071      -0.156146565530       5.751264705786E-003
  -2.40127102667       -2.60847568330       -2.16000000000        6.79415041168       0.458203340037       9.799271290187E-003
  -2.80148286445       -3.04322163051       -2.16000000000        6.80361051795        1.00680505539       0.113480931536     
  -3.20169470223       -3.47796757773       -2.16000000000        7.33272533655        1.88234646984       0.167109193265     
  -3.60190654001       -3.91271352494       -2.16000000000        7.87037277898        2.92715414796       0.209305198187     
  -4.00211837779       -4.34745947216       -2.16000000000        6.85168479728        4.18007920780       0.396576116538     
  -4.40233021557       -4.78220541938       -2.16000000000        5.18298187013        4.36103680890       0.481316835778     
   0.00000000000        0.00000000000       -2.16000000000        6.40386515657      -2.185868627548E-002 -1.289069897656E-002
 -0.237365478204      -0.541138783933       -2.16000000000        6.36704109772      -2.601202949539E-002 -1.812231106615E-002
 -0.474730956408       -1.08227756787       -2.16000000000        6.43343413507      -8.703430032861E-002 -3.196518652558E-003
 -0.712096434612       -1.62341635180       -2.16000000000        6.50809196967      -0.100007277253       1.011582653408E-002
 -0.949461912816       -2.16455513573       -2.16000000000        6.53746503994      -3.859531747895E-002  1.000165761786E-002
  -1.18682739102       -2.70569391966       -2.16000000000        6.99994148753      -0.173003571302       1.865359778439E-002
  -1.42419286922       -3.24683270360       -2.16000000000        7.61979814244      -0.135112756064       6.290327150713E-002
  -1.66155834743       -3.78797148753       -2.16000000000        8.37695327075       -1.33485016873       7.326897006186E-002
  -1.89892382563       -4.32911027146       -2.16000000000        8.45509153645       -2.52562482365       8.990091602875E-002
  -2.13628930384       -4.87024905539       -2.16000000000        8.55825176608       -7.48630775735       0.133476758542     
  -2.37365478204       -5.41138783933       -2.16000000000        5.65860368756       -7.89796109055       0.138933653725     
  -2.61102026024       -5.95252662326       -2.16000000000       -6.96275922099       -1.85392750821       0.147788908359     
   0.00000000000        0.00000000000       -2.16000000000        6.40386515657      -2.185868627548E-002 -1.289069897656E-002
 -4.879688596092E-002 -0.588890836777       -2.16000000000        6.36286695404      -2.382467921062E-002 -1.856602084365E-002
 -9.759377192185E-002  -1.17778167355       -2.16000000000        6.38810828055      -1.921690301678E-003 -1.500905156746E-002
 -0.146390657883       -1.76667251033       -2.16000000000        6.45778835111      -2.038064086082E-002 -1.931605670173E-003
 -0.195187543844       -2.35556334711       -2.16000000000        6.53181689989      -9.106493674795E-002  1.433592577562E-002
 -0.243984429805       -2.94445418388       -2.16000000000        6.98844267911      -0.116630865597       1.511103053547E-002
 -0.292781315766       -3.53334502066       -2.16000000000        6.39521439791       8.495414037749E-002  1.251268359324E-002
 -0.341578201726       -4.12223585744       -2.16000000000        5.66547572456      -0.331712244971       1.279246436279E-002
 -0.390375087687       -4.71112669421       -2.16000000000        4.93050740857      -0.776714219196       1.307461259690E-002
 -0.439171973648       -5.30001753099       -2.16000000000        3.91913524865       -1.03308560155       1.270840467021E-002
 -0.487968859609       -5.88890836777       -2.16000000000        2.54433397275       -1.06547195482       5.022309392076E-002
 -0.536765745570       -6.47779920454       -2.16000000000        1.64964814883      -0.792059016914       7.135541010836E-002
   0.00000000000        0.00000000000       -2.16000000000        6.40386515657      -2.185868627548E-002 -1.289069897656E-002
  0.145059606038      -0.572827429873       -2.16000000000        6.36917935752      -2.406354693968E-002 -1.710373496644E-002
  0.290119212075       -1.14565485975       -2.16000000000        6.39332883459       4.263085051309E-003 -1.350249063261E-002
  0.435178818113       -1.71848228962       -2.16000000000        6.42419378545       9.267601704855E-003 -9.719946303740E-003
  0.580238424151       -2.29130971949       -2.16000000000        6.43396371725      -3.122751880633E-002 -5.542602425027E-003
  0.725298030189       -2.86413714937       -2.16000000000        7.21604150267       0.388306365402       1.164473299053E-002
  0.870357636226       -3.43696457924       -2.16000000000        6.92005520235       0.751123264514      -3.502552677981E-003
   1.01541724226       -4.00979200911       -2.16000000000        6.50946560355        1.50278006675      -1.261369133198E-002
   1.16047684830       -4.58261943899       -2.16000000000        5.99622971384        2.32722652124      -2.211013410195E-002
   1.30553645434       -5.15544686886       -2.16000000000        4.53265978254        3.35973968957      -2.045781504952E-002
   1.45059606038       -5.72827429873       -2.16000000000        2.04653438300        3.70395274613      -4.600045466860E-002
   1.59565566642       -6.30110172861       -2.16000000000       0.136291584289        2.45896887916      -4.974685170691E-002
   0.00000000000        0.00000000000       -2.16000000000        6.40386515657      -2.185868627548E-002 -1.289069897656E-002
  0.323196638891      -0.494689282610       -2.16000000000        6.37942185863      -2.363411107487E-002 -1.513306596320E-002
  0.646393277781      -0.989378565219       -2.16000000000        6.39325308000      -4.304165180919E-003 -1.218575146315E-002
  0.969589916672       -1.48406784783       -2.16000000000        6.42195526259      -2.266294284496E-002 -1.061189683216E-002
   1.29278655556       -1.97875713044       -2.16000000000        6.42197727964      -2.794497952545E-002 -1.141609259723E-002
   1.61598319445       -2.47344641305       -2.16000000000        7.13619811549       0.121789901181      -2.082157394911E-002
   1.93917983334       -2.96813569566       -2.16000000000        7.81243661885       0.242269723483      -4.124459851884E-002
   2.26237647223       -3.46282497827       -2.16000000000        8.58767445915       0.250712799692      -6.409071170725E-002
   2.58557311112       -3.95751426088       -2.16000000000        9.53822084487      -0.143697203804      -9.770021249908E-002
   2.90876975001       -4.45220354349       -2.16000000000        12.1234416151       -2.10407386455      -0.153949127428     
   3.23196638891       -4.94689282610       -2.16000000000        11.6202246653       -9.95719033831      -0.192967097567     
   3.55516302780       -5.44158210871       -2.16000000000        3.16864435091       -9.31095393778      -0.252347184149     
   0.00000000000        0.00000000000       -2.16000000000        6.40386515657      -2.185868627548E-002 -1.289069897656E-002
  0.466310301007      -0.362943875680       -2.16000000000        6.39212482654      -2.348422804753E-002 -1.297637679529E-002
  0.932620602014      -0.725887751361       -2.16000000000        6.38262790653      -2.052293655342E-002 -1.247177617940E-002
   1.39893090302       -1.08883162704       -2.16000000000        6.41573490784      -2.108923228603E-002 -8.243443199882E-003
   1.86524120403       -1.45177550272       -2.16000000000        6.37772751308      -4.618225413559E-002 -1.102470713144E-002
   2.33155150503       -1.81471937840       -2.16000000000        6.82594695878      -4.735826838983E-002 -4.067786191326E-002
   2.79786180604       -2.17766325408       -2.16000000000        6.76727612960      -0.428066096414      -8.006156037888E-002
   3.26417210705       -2.54060712976       -2.16000000000        6.76234264300      -0.870214452949      -0.115754227671     
   3.73048240806       -2.90355100544       -2.16000000000        6.77416251868       -1.37879634964      -0.143568421071     
   4.19679270906       -3.26649488112       -2.16000000000        6.40377374143       -2.14909238370      -0.259882279932     
   4.66310301007       -3.62943875680       -2.16000000000        5.76674306614       -2.81146777450      -0.440709492147     
   5.12941331108       -3.99238263248       -2.16000000000        4.88308342015       -2.84775804560      -0.642065521760     
   0.00000000000        0.00000000000       -2.16000000000        6.40386515657      -2.185868627548E-002 -1.289069897656E-002
  0.558892006459      -0.191867868166       -2.16000000000        6.40591169759      -2.363014000936E-002 -1.086737819853E-002
   1.11778401292      -0.383735736333       -2.16000000000        6.40969628042      -2.104644758736E-002 -8.318289685262E-003
   1.67667601938      -0.575603604499       -2.16000000000        6.41351473022      -1.844653667759E-002 -5.764817494960E-003
   2.23556802584      -0.767471472666       -2.16000000000        6.33115693945      -3.200058606370E-002 -9.388259915664E-003
   2.79446003230      -0.959339340832       -2.16000000000        6.31130430553      -9.222819847400E-002 -4.142098599797E-002
   3.35335203876       -1.15120720900       -2.16000000000        6.07194735850      -0.370869172076      -8.457008660010E-002
   3.91224404522       -1.34307507716       -2.16000000000        5.85090906203      -0.543508610710      -0.128565745761     
   4.47113605168       -1.53494294533       -2.16000000000        5.61601371072      -0.714614646505      -0.154804902733     
   5.03002805814       -1.72681081350       -2.16000000000        5.18637918839      -0.860048075209      -0.205209882618     
   5.58892006459       -1.91867868166       -2.16000000000        4.69668450406      -0.965302903766      -0.250526576244     
   6.14781207105       -2.11054654983       -2.16000000000        4.16412210629       -1.01218790850      -0.223034340405     
   0.00000000000        0.00000000000       -2.16000000000        6.40386515657      -2.185868627548E-002 -1.289069897656E-002
  0.590909090909        0.00000000000       -2.16000000000        6.43075653294      -1.856410853734E-002 -7.550206157554E-003
   1.18181818182      -1.172487511250E-015  -2.16000000000        6.45804765779      -9.796753263662E-003 -1.993632485339E-003
   1.77272727273        0.00000000000       -2.16000000000        6.42433561563       5.839643329205E-004 -5.490692005243E-003
   2.36363636364        0.00000000000       -2.16000000000        6.40662709563       2.481731789869E-003 -9.441927120734E-003
   2.95454545455        0.00000000000       -2.16000000000        6.17381109201       1.954791255247E-003 -3.865189578861E-002
   3.54545454545        0.00000000000       -2.16000000000        5.90890010102      -8.999382050079E-002 -8.437307282849E-002
   4.13636363636        0.00000000000       -2.16000000000        5.63037674559      -7.036974091777E-002 -0.123227328047     
   4.72727272727        0.00000000000       -2.16000000000        5.34441559877      -7.582767285695E-003 -0.154177367942     
   5.31818181818        0.00000000000       -2.16000000000        4.99329741666       1.783978523354E-002 -0.189347923993     
   5.90909090909        0.00000000000       -2.16000000000        4.61989234663      -2.771125167073E-002 -0.313723728944     
   6.50000000000        0.00000000000       -2.16000000000        4.25099142404       3.494762876467E-002 -0.377440193312     
