 12 20 1 1
 1 X [LENGU]
 2 Y [LENGU]
 3 Z [LENGU]
 4 Hx [FIELU]
 5 Hy [FIELU]
 6 Hz [FIELU]
 0
   0.00000000000        0.00000000000        2.16000000000       2.083794256773E-002 -1.019662042340E-003 -1.279613203017E-003
  0.590909090909        0.00000000000        2.16000000000       2.053547122728E-002 -1.027231561967E-003 -1.191218660679E-003
   1.18181818182        0.00000000000        2.16000000000       2.023299988682E-002 -1.034801081594E-003 -1.102824118340E-003
   1.77272727273        0.00000000000        2.16000000000       1.993052854637E-002 -1.042370601221E-003 -1.014429576002E-003
   2.36363636364        0.00000000000        2.16000000000       1.936953337449E-002 -1.059516463232E-003 -1.117466623946E-003
   2.95454545455        0.00000000000        2.16000000000       1.021201548510E-002 -1.215113014722E-003 -1.395697511035E-003
   3.54545454545        0.00000000000        2.16000000000       9.818359662639E-003 -6.460805921249E-004 -1.937563313315E-003
   4.13636363636        0.00000000000        2.16000000000       9.079542596294E-003 -3.668730866530E-004 -2.398870280046E-003
   4.72727272727        0.00000000000        2.16000000000       9.124559141151E-003 -4.531060454735E-004 -3.387248278216E-003
   5.31818181818        0.00000000000        2.16000000000       9.853148798500E-003 -6.314145377930E-004 -4.432211852818E-003
   5.90909090909        0.00000000000        2.16000000000       1.070184034167E-002 -3.174525047769E-004 -5.059800947022E-003
   6.50000000000        0.00000000000        2.16000000000       1.272898745696E-002 -4.954052804955E-004 -6.104174779155E-003
   0.00000000000        0.00000000000        2.16000000000       2.083794256773E-002 -1.019662042340E-003 -1.279613203017E-003
  0.558892006459       0.191867868166        2.16000000000       2.051186401401E-002 -8.782295911000E-004 -1.181089907308E-003
   1.11778401292       0.383735736333        2.16000000000       2.018578546028E-002 -7.367971398598E-004 -1.082566611599E-003
   1.67667601938       0.575603604499        2.16000000000       1.985970690656E-002 -5.953646886196E-004 -9.840433158905E-004
   2.23556802584       0.767471472666        2.16000000000       1.909976764035E-002 -4.526266595768E-004 -1.187919469331E-003
   2.79446003230       0.959339340832        2.16000000000       1.085700696527E-002 -1.843560521059E-003 -1.082203115296E-003
   3.35335203876        1.15120720900        2.16000000000       1.040258654141E-002 -1.479914481408E-003 -1.551511742071E-003
   3.91224404522        1.34307507716        2.16000000000       1.021281162214E-002 -1.148294764877E-003 -2.267630187033E-003
   4.47113605168        1.53494294533        2.16000000000       9.945940763784E-003 -8.698391336664E-004 -2.763540224471E-003
   5.03002805814        1.72681081350        2.16000000000       9.851476394312E-003 -7.235285261911E-004 -3.949484698185E-003
   5.58892006459        1.91867868166        2.16000000000       1.057796173192E-002 -3.673277721623E-004 -4.234938356938E-003
   6.14781207105        2.11054654983        2.16000000000       1.178630432429E-002 -7.609296017850E-004 -4.765160493560E-003
   0.00000000000        0.00000000000        2.16000000000       2.083794256773E-002 -1.019662042340E-003 -1.279613203017E-003
  0.466310301007       0.362943875680        2.16000000000       2.052359247166E-002 -7.445540208753E-004 -1.181637681774E-003
  0.932620602014       0.725887751361        2.16000000000       2.020924237559E-002 -4.694459994104E-004 -1.083662160531E-003
   1.39893090302        1.08883162704        2.16000000000       1.989489227953E-002 -1.943379779456E-004 -9.856866392884E-004
   1.86524120403        1.45177550272        2.16000000000       1.955738102055E-002  8.022128482598E-005 -9.042430864946E-004
   2.33155150503        1.81471937840        2.16000000000       1.305190543344E-002 -2.218230323295E-003 -1.410170309258E-003
   2.79786180604        2.17766325408        2.16000000000       1.250560092338E-002 -1.617668263574E-003 -1.837058501786E-003
   3.26417210705        2.54060712976        2.16000000000       1.205014214392E-002 -1.129054195296E-003 -2.389662644858E-003
   3.73048240806        2.90355100544        2.16000000000       1.091544359931E-002 -1.028069858440E-003 -3.336564637210E-003
   4.19679270906        3.26649488112        2.16000000000       1.093428324329E-002 -3.579941817681E-004 -3.883876680180E-003
   4.66310301007        3.62943875680        2.16000000000       1.148349989122E-002  6.935335887077E-004 -4.988950055222E-003
   5.12941331108        3.99238263248        2.16000000000       1.198656155865E-002  1.858326487990E-003 -5.561504048436E-003
   0.00000000000        0.00000000000        2.16000000000       2.083794256773E-002 -1.019662042340E-003 -1.279613203017E-003
  0.323196638891       0.494689282610        2.16000000000       2.056938563987E-002 -6.406906735171E-004 -1.192802624213E-003
  0.646393277781       0.989378565219        2.16000000000       2.033351357502E-002 -3.357549181342E-004 -1.076056357361E-003
  0.969589916672        1.48406784783        2.16000000000       2.011047001228E-002 -5.987744648404E-005 -9.475606137818E-004
   1.29278655556        1.97875713044        2.16000000000       1.988742644954E-002  2.160000251661E-004 -8.190648702026E-004
   1.61598319445        2.47344641305        2.16000000000       1.494371486949E-002 -7.577863095364E-004 -1.388137311206E-003
   1.93917983334        2.96813569566        2.16000000000       1.397869564052E-002 -3.198180993969E-004 -1.932171839907E-003
   2.26237647223        3.46282497827        2.16000000000       1.294193390312E-002 -1.104038774526E-004 -2.649594957947E-003
   2.58557311112        3.95751426088        2.16000000000       1.229566363602E-002  4.691798016209E-005 -3.576204946151E-003
   2.90876975001        4.45220354349        2.16000000000       1.216816141932E-002  1.174371040103E-003 -4.386457704977E-003
   3.23196638891        4.94689282610        2.16000000000       1.193054557849E-002  1.804495406405E-003 -5.202715547591E-003
   3.55516302780        5.44158210871        2.16000000000       1.241879557321E-002  2.783413993572E-003 -6.037228478352E-003
   0.00000000000        0.00000000000        2.16000000000       2.083794256773E-002 -1.019662042340E-003 -1.279613203017E-003
  0.145059606038       0.572827429873        2.16000000000       2.067815624648E-002 -6.546264785532E-004 -1.182349001718E-003
  0.290119212075        1.14565485975        2.16000000000       2.057671179246E-002 -4.217430956719E-004 -1.031650158916E-003
  0.435178818113        1.71848228962        2.16000000000       2.047526733845E-002 -1.888597127905E-004 -8.809513161143E-004
  0.580238424151        2.29130971949        2.16000000000       2.037382288443E-002  4.402367009084E-005 -7.302524733126E-004
  0.725298030189        2.86413714937        2.16000000000       1.783412018292E-002  1.025078519106E-003 -1.478080269222E-003
  0.870357636226        3.43696457924        2.16000000000       1.664728813441E-002  2.231732344608E-003 -1.924185898505E-003
   1.01541724226        4.00979200911        2.16000000000       1.497518748902E-002  2.559524124154E-003 -2.811592544235E-003
   1.16047684830        4.58261943899        2.16000000000       1.408444284873E-002  2.539710575856E-003 -4.009021636650E-003
   1.30553645434        5.15544686886        2.16000000000       1.310325808383E-002  2.696027861029E-003 -5.104920925615E-003
   1.45059606038        5.72827429873        2.16000000000       1.231738488477E-002  3.630255197379E-003 -6.581380405842E-003
   1.59565566642        6.30110172861        2.16000000000       1.158417626510E-002  6.211093007432E-003 -8.664617799435E-003
   0.00000000000        0.00000000000        2.16000000000       2.083794256773E-002 -1.019662042340E-003 -1.279613203017E-003
 -4.879688596092E-002  0.588890836777        2.16000000000       2.081074843587E-002 -7.228570954152E-004 -1.176476460446E-003
 -9.759377192185E-002   1.17778167355        2.16000000000       2.095991262847E-002 -5.845107991330E-004 -1.014576793775E-003
 -0.146390657883        1.76667251033        2.16000000000       2.132426497008E-002 -4.941310378775E-004 -8.429616747283E-004
 -0.195187543844        2.35556334711        2.16000000000       2.169333344391E-002 -4.082231055435E-004 -6.744927857398E-004
 -0.243984429805        2.94445418388        2.16000000000       1.808739742892E-002  4.431720141771E-003 -9.079645376474E-004
 -0.292781315766        3.53334502066        2.16000000000       1.918473544092E-002  5.113663148011E-003 -1.553379324848E-003
 -0.341578201726        4.12223585744        2.16000000000       1.772425392433E-002  4.524909578401E-003 -2.638607273943E-003
 -0.390375087687        4.71112669421        2.16000000000       1.524417948285E-002  5.298479551751E-003 -4.277226912968E-003
 -0.439171973648        5.30001753099        2.16000000000       1.329527661048E-002  6.561222562567E-003 -5.429018946367E-003
 -0.487968859609        5.88890836777        2.16000000000       1.206078155475E-002  7.240072056645E-003 -6.451784743438E-003
 -0.536765745570        6.47779920454        2.16000000000       9.677744879129E-003  8.390506133221E-003 -8.593608910082E-003
   0.00000000000        0.00000000000        2.16000000000       2.083794256773E-002 -1.019662042340E-003 -1.279613203017E-003
 -0.237365478204       0.541138783933        2.16000000000       2.093996528482E-002 -8.089303943264E-004 -1.187570858094E-003
 -0.474730956408        1.08227756787        2.16000000000       2.156011368768E-002 -8.328390834592E-004 -1.021335257348E-003
 -0.712096434612        1.62341635180        2.16000000000       2.222456655890E-002 -8.666234643669E-004 -8.530993700880E-004
 -0.949461912816        2.16455513573        2.16000000000       2.303375579746E-002 -7.721940608865E-004 -6.147771574372E-004
  -1.18682739102        2.70569391966        2.16000000000       2.260532103061E-002  4.828635204889E-003 -1.033675801234E-003
  -1.42419286922        3.24683270360        2.16000000000       2.412938673571E-002  7.005833780408E-003 -1.884003194265E-003
  -1.66155834743        3.78797148753        2.16000000000       2.272546467102E-002  1.120925250583E-002 -1.037374355533E-003
  -1.89892382563        4.32911027146        2.16000000000       1.976333747968E-002  1.206153079219E-002 -1.434412932349E-003
  -2.13628930384        4.87024905539        2.16000000000       1.555703424226E-002  1.575470674860E-002 -2.249405790457E-003
  -2.37365478204        5.41138783933        2.16000000000       1.155722870841E-002  1.716337167190E-002 -3.632712128339E-003
  -2.61102026024        5.95252662326        2.16000000000       8.843761889905E-003  1.667428653511E-002 -4.992821031078E-003
   0.00000000000        0.00000000000        2.16000000000       2.083794256773E-002 -1.019662042340E-003 -1.279613203017E-003
 -0.400211837779       0.434745947216        2.16000000000       2.112375756743E-002 -9.195577828247E-004 -1.211181345228E-003
 -0.800423675558       0.869491894432        2.16000000000       2.208718269806E-002 -1.011060628600E-003 -1.030235300556E-003
  -1.20063551334        1.30423784165        2.16000000000       2.323494391599E-002 -9.392705315908E-004 -7.600273845751E-004
  -1.60084735112        1.73898378886        2.16000000000       2.438270513392E-002 -8.674804345820E-004 -4.898194685946E-004
  -2.00105918889        2.17372973608        2.16000000000       3.386656447538E-002  5.446675588545E-003  1.156577809872E-003
  -2.40127102667        2.60847568330        2.16000000000       3.807537926500E-002  1.471821484904E-002  3.059294356894E-003
  -2.80148286445        3.04322163051        2.16000000000       4.077140157956E-002  2.085737032584E-002  6.395380831335E-003
  -3.20169470223        3.47796757773        2.16000000000       3.645834681583E-002  2.712436696796E-002  9.082615635607E-003
  -3.60190654001        3.91271352494        2.16000000000       2.618480720027E-002  3.656883614166E-002  9.176042630369E-003
  -4.00211837779        4.34745947216        2.16000000000       1.649941076192E-002  4.163067599632E-002  6.381692609881E-003
  -4.40233021557        4.78220541938        2.16000000000      -4.516514133108E-004  4.409758967666E-002  1.871450743156E-003
   0.00000000000        0.00000000000        2.16000000000       2.083794256773E-002 -1.019662042340E-003 -1.279613203017E-003
 -0.519689034804       0.281241641340        2.16000000000       2.125513271749E-002 -1.023341422662E-003 -1.248680714127E-003
  -1.03937806961       0.562483282680        2.16000000000       2.251290189166E-002 -1.074262957345E-003 -1.026318896943E-003
  -1.55906710441       0.843724924020        2.16000000000       2.395742843720E-002 -1.012921755966E-003 -6.864094678878E-004
  -2.07875613922        1.12496656536        2.16000000000       2.544212838222E-002 -9.414530158095E-004 -3.140650778313E-004
  -2.59844517402        1.40620820670        2.16000000000       6.855020160948E-002  1.048230928948E-002  7.627270710097E-003
  -3.11813420882        1.68744984804        2.16000000000       6.977256160679E-002  1.785689332536E-002  1.611797010805E-002
  -3.63782324363        1.96869148938        2.16000000000       7.397932425835E-002  2.420820481681E-002  2.799696926546E-002
  -4.15751227843        2.24993313072        2.16000000000       7.311704781324E-002  4.834739260093E-002  4.067685381464E-002
  -4.67720131323        2.53117477206        2.16000000000       5.960072285961E-002  7.189838397145E-002  4.746379779469E-002
  -5.19689034804        2.81241641340        2.16000000000       3.391223781665E-002  9.293694811733E-002  5.319424293350E-002
  -5.71657938284        3.09365805474        2.16000000000      -5.399923512209E-003  9.550980927373E-002  4.761995533865E-002
   0.00000000000        0.00000000000        2.16000000000       2.083794256773E-002 -1.019662042340E-003 -1.279613203017E-003
 -0.582849861102       9.726043971134E-002   2.16000000000       2.127554973065E-002 -1.099159054319E-003 -1.298005612823E-003
  -1.16569972220       0.194520879423        2.16000000000       2.272443267208E-002 -1.125831270832E-003 -1.016233973948E-003
  -1.74854958330       0.291781319134        2.16000000000       2.433411588575E-002 -1.076421535639E-003 -6.221717732394E-004
  -2.33139944441       0.389041758845        2.16000000000       2.598591769515E-002 -1.091658543434E-003 -2.036936215296E-004
  -2.91424930551       0.486302198557        2.16000000000       8.539112724351E-002  4.100964082366E-003  2.040031383846E-002
  -3.49709916661       0.583562638268        2.16000000000       9.957634898692E-002  8.243365810874E-003  4.292869021350E-002
  -4.07994902771       0.680823077979        2.16000000000       0.112930206034       1.238518350329E-002  6.481029044894E-002
  -4.66279888881       0.778083517691        2.16000000000       0.125425423481       2.884382835478E-002  0.114314602689     
  -5.24564874991       0.875343957402        2.16000000000       0.140846456853       4.797608155416E-002  0.172818280326     
  -5.82849861102       0.972604397113        2.16000000000       0.157314937337       0.101081292611       0.298875364329     
  -6.41134847212        1.06986483682        2.16000000000       0.160938953414       0.170776584309       0.435298473964     
   0.00000000000        0.00000000000        2.16000000000       2.083794256773E-002 -1.019662042340E-003 -1.279613203017E-003
 -0.582849861102      -9.726043971134E-002   2.16000000000       2.118279610674E-002 -1.138794660972E-003 -1.353810923187E-003
  -1.16569972220      -0.194520879423        2.16000000000       2.267983638825E-002 -1.243222015221E-003 -1.034203370584E-003
  -1.74854958330      -0.291781319134        2.16000000000       2.448142607440E-002 -1.401294835604E-003 -5.897183050999E-004
  -2.33139944441      -0.389041758845        2.16000000000       2.628301576055E-002 -1.559367655986E-003 -1.452332396153E-004
  -2.91424930551      -0.486302198557        2.16000000000       8.498145982876E-002 -6.471613836654E-003  1.980241058887E-002
  -3.49709916661      -0.583562638268        2.16000000000       9.382149415504E-002 -1.678110335403E-002  4.114762268562E-002
  -4.07994902771      -0.680823077979        2.16000000000       9.728153799331E-002 -2.025168759388E-002  5.847979155429E-002
  -4.66279888881      -0.778083517691        2.16000000000       0.127966774254      -4.263876398406E-002  8.967163478408E-002
  -5.24564874991      -0.875343957402        2.16000000000       0.145723383766      -6.383872045172E-002  0.168051915772     
  -5.82849861102      -0.972604397113        2.16000000000       0.154572709075      -0.110476754985       0.285622328482     
  -6.41134847212       -1.06986483682        2.16000000000       0.121984219832      -0.189449389989       0.391148506862     
   0.00000000000        0.00000000000        2.16000000000       2.083794256773E-002 -1.019662042340E-003 -1.279613203017E-003
 -0.519689034804      -0.281241641340        2.16000000000       2.116258458662E-002 -1.230812090131E-003 -1.379221133840E-003
  -1.03937806961      -0.562483282680        2.16000000000       2.218637934571E-002 -1.447790661889E-003 -1.085009438754E-003
  -1.55906710441      -0.843724924020        2.16000000000       2.355850748721E-002 -1.711760668454E-003 -6.540882773902E-004
  -2.07875613922       -1.12496656536        2.16000000000       2.493063562872E-002 -1.975730675019E-003 -2.231671160261E-004
  -2.59844517402       -1.40620820670        2.16000000000       5.261658526995E-002 -1.501478655570E-002  1.353860029354E-002
  -3.11813420882       -1.68744984804        2.16000000000       6.201077472137E-002 -2.332025459921E-002  2.193772989465E-002
  -3.63782324363       -1.96869148938        2.16000000000       6.670300247121E-002 -2.991028980529E-002  3.255368614636E-002
  -4.15751227843       -2.24993313072        2.16000000000       6.583471727877E-002 -4.160738342852E-002  4.422447889959E-002
  -4.67720131323       -2.53117477206        2.16000000000       6.258804251234E-002 -6.032686660135E-002  4.686722370984E-002
  -5.19689034804       -2.81241641340        2.16000000000       3.355156698077E-002 -8.439385669217E-002  4.983126168129E-002
  -5.71657938284       -3.09365805474        2.16000000000      -1.697061618010E-002 -0.102143300874       4.518994074462E-002
   0.00000000000        0.00000000000        2.16000000000       2.083794256773E-002 -1.019662042340E-003 -1.279613203017E-003
 -0.400211837779      -0.434745947216        2.16000000000       2.106603695119E-002 -1.432985758541E-003 -1.373077452347E-003
 -0.800423675558      -0.869491894432        2.16000000000       2.151634096291E-002 -1.732279842856E-003 -1.176991976200E-003
  -1.20063551334       -1.30423784165        2.16000000000       2.228775258477E-002 -2.069694316511E-003 -8.067176394515E-004
  -1.60084735112       -1.73898378886        2.16000000000       2.305916420664E-002 -2.407108790166E-003 -4.364433027031E-004
  -2.00105918889       -2.17372973608        2.16000000000       3.931278533063E-002 -9.172872230991E-003 -1.130686478951E-003
  -2.40127102667       -2.60847568330        2.16000000000       3.539589483734E-002 -1.068726173918E-002  8.557658519168E-004
  -2.80148286445       -3.04322163051        2.16000000000       3.664449942044E-002 -1.507061476024E-002  6.240931128064E-003
  -3.20169470223       -3.47796757773        2.16000000000       3.788672271709E-002 -2.290621851182E-002  1.092597744647E-002
  -3.60190654001       -3.91271352494        2.16000000000       2.981567133611E-002 -3.103130152772E-002  8.473876773514E-003
  -4.00211837779       -4.34745947216        2.16000000000       2.098569547745E-002 -3.799056478791E-002  4.267809249916E-003
  -4.40233021557       -4.78220541938        2.16000000000       4.178702940873E-003 -4.325242806808E-002  5.565557193333E-004
   0.00000000000        0.00000000000        2.16000000000       2.083794256773E-002 -1.019662042340E-003 -1.279613203017E-003
 -0.237365478204      -0.541138783933        2.16000000000       2.096029827706E-002 -1.566914247472E-003 -1.356709841818E-003
 -0.474730956408       -1.08227756787        2.16000000000       2.110779271837E-002 -1.993436824383E-003 -1.219648791696E-003
 -0.712096434612       -1.62341635180        2.16000000000       2.145661982281E-002 -2.489320343498E-003 -1.028849966340E-003
 -0.949461912816       -2.16455513573        2.16000000000       2.192550615638E-002 -2.969865525221E-003 -7.510785561963E-004
  -1.18682739102       -2.70569391966        2.16000000000       2.384035831276E-002 -7.640275882608E-003 -1.558861974918E-003
  -1.42419286922       -3.24683270360        2.16000000000       2.251394302571E-002 -8.315013005728E-003 -1.296889689960E-003
  -1.66155834743       -3.78797148753        2.16000000000       2.166918661933E-002 -9.168633549776E-003 -1.145634692936E-003
  -1.89892382563       -4.32911027146        2.16000000000       1.923686266506E-002 -1.008874637232E-002 -1.127321151385E-003
  -2.13628930384       -4.87024905539        2.16000000000       1.460409794131E-002 -1.394589406487E-002 -1.957093427504E-003
  -2.37365478204       -5.41138783933        2.16000000000       1.190592184613E-002 -1.610189451977E-002 -3.239870062166E-003
  -2.61102026024       -5.95252662326        2.16000000000       9.738871295206E-003 -1.515707294064E-002 -4.376727154395E-003
   0.00000000000        0.00000000000        2.16000000000       2.083794256773E-002 -1.019662042340E-003 -1.279613203017E-003
 -4.879688596092E-002 -0.588890836777        2.16000000000       2.086212325830E-002 -1.632433981834E-003 -1.332552422159E-003
 -9.759377192185E-002  -1.17778167355        2.16000000000       2.073556643596E-002 -2.146531936476E-003 -1.242097977018E-003
 -0.146390657883       -1.76667251033        2.16000000000       2.084029583615E-002 -2.705805253055E-003 -1.075249503302E-003
 -0.195187543844       -2.35556334711        2.16000000000       2.094153495152E-002 -3.285573087520E-003 -9.155195346612E-004
 -0.243984429805       -2.94445418388        2.16000000000       1.746129903673E-002 -5.416674245346E-003 -2.103553770361E-003
 -0.292781315766       -3.53334502066        2.16000000000       1.706538383231E-002 -6.074120309910E-003 -1.989947706939E-003
 -0.341578201726       -4.12223585744        2.16000000000       1.701954857914E-002 -6.575742170049E-003 -1.908359643060E-003
 -0.390375087687       -4.71112669421        2.16000000000       1.393415473786E-002 -7.577102072073E-003 -2.590962448097E-003
 -0.439171973648       -5.30001753099        2.16000000000       1.282279051303E-002 -7.351228567413E-003 -3.939002892665E-003
 -0.487968859609       -5.88890836777        2.16000000000       1.064204024939E-002 -9.227601769041E-003 -5.355537637474E-003
 -0.536765745570       -6.47779920454        2.16000000000       9.292004132597E-003 -1.210229936592E-002 -7.192739641408E-003
   0.00000000000        0.00000000000        2.16000000000       2.083794256773E-002 -1.019662042340E-003 -1.279613203017E-003
  0.145059606038      -0.572827429873        2.16000000000       2.078025576451E-002 -1.596103898844E-003 -1.302329136598E-003
  0.290119212075       -1.14565485975        2.16000000000       2.055526029227E-002 -2.227115973630E-003 -1.253606555670E-003
  0.435178818113       -1.71848228962        2.16000000000       2.034975383054E-002 -2.776740495787E-003 -1.140813512040E-003
  0.580238424151       -2.29130971949        2.16000000000       2.014424736880E-002 -3.326365017944E-003 -1.028020468410E-003
  0.725298030189       -2.86413714937        2.16000000000       1.577741356631E-002 -2.881902803710E-003 -1.985394727603E-003
  0.870357636226       -3.43696457924        2.16000000000       1.532285031105E-002 -3.231386308813E-003 -2.322045353166E-003
   1.01541724226       -4.00979200911        2.16000000000       1.486828705578E-002 -3.580869813917E-003 -2.658695978728E-003
   1.16047684830       -4.58261943899        2.16000000000       1.362151768253E-002 -3.831363282361E-003 -2.852157887371E-003
   1.30553645434       -5.15544686886        2.16000000000       1.209881077407E-002 -3.534602520532E-003 -4.092859378933E-003
   1.45059606038       -5.72827429873        2.16000000000       1.158249631072E-002 -3.657347124110E-003 -5.265503316222E-003
   1.59565566642       -6.30110172861        2.16000000000       1.076957217604E-002 -5.188117071920E-003 -6.148988732795E-003
   0.00000000000        0.00000000000        2.16000000000       2.083794256773E-002 -1.019662042340E-003 -1.279613203017E-003
  0.323196638891      -0.494689282610        2.16000000000       2.072431500786E-002 -1.472253197117E-003 -1.269667811457E-003
  0.646393277781      -0.989378565219        2.16000000000       2.042912160007E-002 -2.156045198379E-003 -1.259504783336E-003
  0.969589916672       -1.48406784783        2.16000000000       2.014610405668E-002 -2.718935515682E-003 -1.194745009342E-003
   1.29278655556       -1.97875713044        2.16000000000       1.987271433698E-002 -3.249291711137E-003 -1.099929131479E-003
   1.61598319445       -2.47344641305        2.16000000000       1.382652152231E-002 -3.282085372077E-004 -1.389398104026E-003
   1.93917983334       -2.96813569566        2.16000000000       1.350726216152E-002  4.318822652892E-004 -1.254969782907E-003
   2.26237647223       -3.46282497827        2.16000000000       1.280436163954E-002  1.948854420663E-004 -1.820713617823E-003
   2.58557311112       -3.95751426088        2.16000000000       1.190608209243E-002 -1.035734567733E-003 -2.625634280782E-003
   2.90876975001       -4.45220354349        2.16000000000       1.157984890902E-002 -1.707748871866E-003 -3.631358661754E-003
   3.23196638891       -4.94689282610        2.16000000000       1.153694902376E-002 -2.317645124773E-003 -4.602228002150E-003
   3.55516302780       -5.44158210871        2.16000000000       1.213745987578E-002 -3.294878236163E-003 -5.429191402872E-003
   0.00000000000        0.00000000000        2.16000000000       2.083794256773E-002 -1.019662042340E-003 -1.279613203017E-003
  0.466310301007      -0.362943875680        2.16000000000       2.067490788843E-002 -1.306716892954E-003 -1.238077295922E-003
  0.932620602014      -0.725887751361        2.16000000000       2.038121765904E-002 -1.760144848000E-003 -1.196384776640E-003
   1.39893090302       -1.08883162704        2.16000000000       2.006207228073E-002 -2.245986674072E-003 -1.154661745170E-003
   1.86524120403       -1.45177550272        2.16000000000       1.979105826962E-002 -2.650984242651E-003 -1.064931134048E-003
   2.33155150503       -1.81471937840        2.16000000000       1.183866119039E-002  2.049724993731E-005 -1.461627415403E-003
   2.79786180604       -2.17766325408        2.16000000000       1.156761674308E-002 -3.640606839041E-004 -1.465103719195E-003
   3.26417210705       -2.54060712976        2.16000000000       1.101684687636E-002 -5.101977609934E-004 -1.774592429686E-003
   3.73048240806       -2.90355100544        2.16000000000       1.014473683000E-002  2.362477768067E-005 -2.772891573407E-003
   4.19679270906       -3.26649488112        2.16000000000       1.045448147720E-002 -6.540760294800E-004 -3.246043885163E-003
   4.66310301007       -3.62943875680        2.16000000000       1.088313968134E-002 -1.414306780424E-003 -3.954640948030E-003
   5.12941331108       -3.99238263248        2.16000000000       1.261150689004E-002 -3.839471411422E-003 -6.107553351153E-003
   0.00000000000        0.00000000000        2.16000000000       2.083794256773E-002 -1.019662042340E-003 -1.279613203017E-003
  0.558892006459      -0.191867868166        2.16000000000       2.059185590361E-002 -1.175413257930E-003 -1.210926334294E-003
   1.11778401292      -0.383735736333        2.16000000000       2.034576923949E-002 -1.331164473519E-003 -1.142239465571E-003
   1.67667601938      -0.575603604499        2.16000000000       2.009396943057E-002 -1.494190647101E-003 -1.073545748704E-003
   2.23556802584      -0.767471472666        2.16000000000       1.988370924404E-002 -1.673448957276E-003 -9.537776772560E-004
   2.79446003230      -0.959339340832        2.16000000000       1.032461634624E-002 -3.819897584399E-004 -1.496591920199E-003
   3.35335203876       -1.15120720900        2.16000000000       1.007959035103E-002 -3.746025921972E-004 -1.729832919696E-003
   3.91224404522       -1.34307507716        2.16000000000       9.431505486775E-003 -1.347788970703E-005 -2.649303041533E-003
   4.47113605168       -1.53494294533        2.16000000000       9.353289111905E-003 -2.651094669959E-004 -3.225623321164E-003
   5.03002805814       -1.72681081350        2.16000000000       9.794497394053E-003 -5.345154820321E-004 -3.802063930725E-003
   5.58892006459       -1.91867868166        2.16000000000       9.990589979081E-003 -3.065606154071E-004 -4.537963161453E-003
   6.14781207105       -2.11054654983        2.16000000000       1.191065037114E-002 -2.541896197450E-004 -5.749726553156E-003
   0.00000000000        0.00000000000        2.16000000000       2.083794256773E-002 -1.019662042340E-003 -1.279613203017E-003
  0.590909090909        0.00000000000        2.16000000000       2.053547122728E-002 -1.027231561967E-003 -1.191218660679E-003
   1.18181818182      -1.172487511250E-015   2.16000000000       2.023299988682E-002 -1.034801081594E-003 -1.102824118340E-003
   1.77272727273        0.00000000000        2.16000000000       1.993052854637E-002 -1.042370601221E-003 -1.014429576002E-003
   2.36363636364        0.00000000000        2.16000000000       1.936953337449E-002 -1.059516463232E-003 -1.117466623946E-003
   2.95454545455        0.00000000000        2.16000000000       1.021201548510E-002 -1.215113014722E-003 -1.395697511035E-003
   3.54545454545        0.00000000000        2.16000000000       9.818359662639E-003 -6.460805921249E-004 -1.937563313315E-003
   4.13636363636        0.00000000000        2.16000000000       9.079542596294E-003 -3.668730866530E-004 -2.398870280046E-003
   4.72727272727        0.00000000000        2.16000000000       9.124559141151E-003 -4.531060454735E-004 -3.387248278216E-003
   5.31818181818        0.00000000000        2.16000000000       9.853148798500E-003 -6.314145377930E-004 -4.432211852818E-003
   5.90909090909        0.00000000000        2.16000000000       1.070184034167E-002 -3.174525047769E-004 -5.059800947022E-003
   6.50000000000        0.00000000000        2.16000000000       1.272898745696E-002 -4.954052804955E-004 -6.104174779155E-003
