 12 20 1 1
 1 X [LENGU]
 2 Y [LENGU]
 3 Z [LENGU]
 4 Hx [FIELU]
 5 Hy [FIELU]
 6 Hz [FIELU]
 0
   0.00000000000        0.00000000000        95.0400000000        3.18563289358      -2.556082927792E-002  2.107635939178E-002
  0.590909090909        0.00000000000        95.0400000000        3.18313066412      -3.235057624891E-002  2.112317658142E-002
   1.18181818182        0.00000000000        95.0400000000        3.17894016792      -2.728516848916E-002  2.194326543288E-002
   1.77272727273        0.00000000000        95.0400000000        3.17250439621      -2.131524488281E-002  2.159470671090E-002
   2.36363636364        0.00000000000        95.0400000000        3.19604446846       1.241848358495E-002  2.261218233324E-002
   2.95454545455        0.00000000000        95.0400000000        2.67400357904      -1.135437219267E-003  4.424862328802E-002
   3.54545454545        0.00000000000        95.0400000000        2.56830818763      -8.940604672298E-002  3.211755895370E-002
   4.13636363636        0.00000000000        95.0400000000        2.44612784387      -7.867367141182E-002  1.867376841210E-002
   4.72727272727        0.00000000000        95.0400000000        2.33401471284      -1.525392362571E-002  9.992810497474E-003
   5.31818181818        0.00000000000        95.0400000000        2.21670624080      -3.682103677546E-003  8.658155072087E-003
   5.90909090909        0.00000000000        95.0400000000        2.10556722701      -9.656485401617E-003  9.454920543224E-003
   6.50000000000        0.00000000000        95.0400000000        1.97647648314      -1.817083449634E-002  6.051072081815E-003
   0.00000000000        0.00000000000        95.0400000000        3.18563289358      -2.556082927792E-002  2.107635939178E-002
  0.558892006459       0.191867868166        95.0400000000        3.17842614546      -4.671767016660E-002  1.714780587243E-002
   1.11778401292       0.383735736333        95.0400000000        3.18527614001      -3.565828317208E-002  1.820276590663E-002
   1.67667601938       0.575603604499        95.0400000000        3.19860940852      -1.142571242811E-002  2.027670018523E-002
   2.23556802584       0.767471472666        95.0400000000        3.22578982117       3.691384093514E-002  2.430307179608E-002
   2.79446003230       0.959339340832        95.0400000000        2.76333894513      -8.656249220473E-002  3.520021006783E-002
   3.35335203876        1.15120720900        95.0400000000        2.65054560192       1.062035618757E-002  3.177433046655E-002
   3.91224404522        1.34307507716        95.0400000000        2.52492047166       0.151177123123       2.549838368627E-002
   4.47113605168        1.53494294533        95.0400000000        2.44311432195       0.258656853772       1.276256040795E-002
   5.03002805814        1.72681081350        95.0400000000        2.30388356121       0.295413936792       1.212663903941E-002
   5.58892006459        1.91867868166        95.0400000000        2.08081388893       0.302770539260       8.640685198704E-003
   6.14781207105        2.11054654983        95.0400000000        1.86054808702       0.331845052361       6.330927688062E-003
   0.00000000000        0.00000000000        95.0400000000        3.18563289358      -2.556082927792E-002  2.107635939178E-002
  0.466310301007       0.362943875680        95.0400000000        3.18474914493      -4.436726105579E-002  1.580314675351E-002
  0.932620602014       0.725887751361        95.0400000000        3.20151399704      -2.503122862748E-002  1.704058222683E-002
   1.39893090302        1.08883162704        95.0400000000        3.21773459469      -4.622768330568E-003  1.968987216870E-002
   1.86524120403        1.45177550272        95.0400000000        3.27049254490       5.728938201871E-002  2.483582858543E-002
   2.33155150503        1.81471937840        95.0400000000        3.12963224684      -0.214607203297       3.581450616366E-002
   2.79786180604        2.17766325408        95.0400000000        3.08702105606      -1.139861160028E-002  3.600690537250E-002
   3.26417210705        2.54060712976        95.0400000000        3.00715281141       0.236516207778       2.073434290773E-002
   3.73048240806        2.90355100544        95.0400000000        2.98830419338       0.579541668884      -6.280931903863E-003
   4.19679270906        3.26649488112        95.0400000000        2.96577290733       0.942224915066      -3.186215333530E-002
   4.66310301007        3.62943875680        95.0400000000        2.76307217466        1.41235735033      -5.288105054543E-002
   5.12941331108        3.99238263248        95.0400000000        2.33806058110        1.41667513911      -4.556037032078E-002
   0.00000000000        0.00000000000        95.0400000000        3.18563289358      -2.556082927792E-002  2.107635939178E-002
  0.323196638891       0.494689282610        95.0400000000        3.19248053001      -3.915324408854E-002  1.515128397563E-002
  0.646393277781       0.989378565219        95.0400000000        3.19863762308      -3.396369096189E-002  1.581413300419E-002
  0.969589916672        1.48406784783        95.0400000000        3.22920745596      -2.876636900659E-003  1.965061562337E-002
   1.29278655556        1.97875713044        95.0400000000        3.28657574956       1.088512158483E-002  2.059207957709E-002
   1.61598319445        2.47344641305        95.0400000000        3.44090435201      -0.294610552194       3.348789485367E-002
   1.93917983334        2.96813569566        95.0400000000        3.66287662858      -0.319654052537       2.532648894764E-002
   2.26237647223        3.46282497827        95.0400000000        3.88378383899      -0.293241961836       8.155375705194E-003
   2.58557311112        3.95751426088        95.0400000000        4.65888395630      -7.270546273840E-002 -6.098088482461E-003
   2.90876975001        4.45220354349        95.0400000000        5.76936306615       0.799432181524      -8.646563186132E-003
   3.23196638891        4.94689282610        95.0400000000        5.41474945107        4.35006809617      -2.907957451805E-003
   3.55516302780        5.44158210871        95.0400000000        1.55520933418        4.20388901042      -6.103696757260E-003
   0.00000000000        0.00000000000        95.0400000000        3.18563289358      -2.556082927792E-002  2.107635939178E-002
  0.145059606038       0.572827429873        95.0400000000        3.19022752700      -4.683566283341E-002  1.411119516044E-002
  0.290119212075        1.14565485975        95.0400000000        3.19485653307      -4.085063176110E-002  1.482899423341E-002
  0.435178818113        1.71848228962        95.0400000000        3.22133555887      -2.022744372242E-002  1.817412392156E-002
  0.580238424151        2.29130971949        95.0400000000        3.25810473368      -6.163792300500E-002  1.742691298939E-002
  0.725298030189        2.86413714937        95.0400000000        3.63990328448      -0.389147198069       2.345301378758E-002
  0.870357636226        3.43696457924        95.0400000000        3.38202731121      -0.394759876362       2.355403028251E-002
   1.01541724226        4.00979200911        95.0400000000        3.26549231173      -0.671649288302       1.202316036888E-002
   1.16047684830        4.58261943899        95.0400000000        2.76510124061       -1.33253183367      -4.526808055900E-004
   1.30553645434        5.15544686886        95.0400000000        2.29247034790       -1.62792597237      -7.324731459598E-003
   1.45059606038        5.72827429873        95.0400000000        1.08744181778       -1.83077654810       8.384821269719E-003
   1.59565566642        6.30110172861        95.0400000000      -1.811271627355E-002  -1.34330238983       1.308656371902E-002
   0.00000000000        0.00000000000        95.0400000000        3.18563289358      -2.556082927792E-002  2.107635939178E-002
 -4.879688596092E-002  0.588890836777        95.0400000000        3.18749745490      -5.364607237248E-002  1.320602211249E-002
 -9.759377192185E-002   1.17778167355        95.0400000000        3.18962723555      -5.261432843469E-002  1.324738825727E-002
 -0.146390657883        1.76667251033        95.0400000000        3.20282229755      -4.542399818786E-002  1.556162732172E-002
 -0.195187543844        2.35556334711        95.0400000000        3.22420686302      -8.583064264010E-002  1.541328912913E-002
 -0.243984429805        2.94445418388        95.0400000000        3.60695506974       5.000943279288E-002  2.174456399673E-002
 -0.292781315766        3.53334502066        95.0400000000        3.28528706787       0.143090272244       1.629783171067E-002
 -0.341578201726        4.12223585744        95.0400000000        2.83772103228       0.192840283999       1.304755977202E-002
 -0.390375087687        4.71112669421        95.0400000000        2.45612145053       0.287556076203       8.143353842790E-003
 -0.439171973648        5.30001753099        95.0400000000        1.89453941717       0.486150487878       5.747520943372E-003
 -0.487968859609        5.88890836777        95.0400000000        1.36862707856       0.571976013722       2.466507883380E-003
 -0.536765745570        6.47779920454        95.0400000000       0.809291518254       0.616441759423      -3.058376548098E-003
   0.00000000000        0.00000000000        95.0400000000        3.18563289358      -2.556082927792E-002  2.107635939178E-002
 -0.237365478204       0.541138783933        95.0400000000        3.18478516170      -5.856855423508E-002  1.254267175864E-002
 -0.474730956408        1.08227756787        95.0400000000        3.18351640603      -6.798000191552E-002  1.124070662445E-002
 -0.712096434612        1.62341635180        95.0400000000        3.18727813312      -6.188386054933E-002  1.230499346585E-002
 -0.949461912816        2.16455513573        95.0400000000        3.19845080576      -7.371220204111E-002  1.245924392008E-002
  -1.18682739102        2.70569391966        95.0400000000        3.52423895047       0.194133135495       9.626378694421E-003
  -1.42419286922        3.24683270360        95.0400000000        3.65246221979       0.365980989134       9.193790266126E-003
  -1.66155834743        3.78797148753        95.0400000000        3.86120625302       0.640513320780       1.016388703084E-002
  -1.89892382563        4.32911027146        95.0400000000        4.21020597332        1.36918913663       1.212324891831E-002
  -2.13628930384        4.87024905539        95.0400000000        4.63388852062        3.23123409564       7.485916575385E-003
  -2.37365478204        5.41138783933        95.0400000000       0.864861685603        4.90841119532       9.242493435056E-003
  -2.61102026024        5.95252662326        95.0400000000       -3.11511101107       0.963762407097       7.314654172632E-003
   0.00000000000        0.00000000000        95.0400000000        3.18563289358      -2.556082927792E-002  2.107635939178E-002
 -0.400211837779       0.434745947216        95.0400000000        3.18238456643      -6.106968113122E-002  1.219302840269E-002
 -0.800423675558       0.869491894432        95.0400000000        3.17718624772      -8.528254305894E-002  9.026404426725E-003
  -1.20063551334        1.30423784165        95.0400000000        3.17384202444      -9.073429261931E-002  8.019226947648E-003
  -1.60084735112        1.73898378886        95.0400000000        3.17325732010      -0.105584846030       6.244479740194E-003
  -2.00105918889        2.17372973608        95.0400000000        3.01485991024       0.524074554771      -1.135255152979E-002
  -2.40127102667        2.60847568330        95.0400000000        3.43322528903      -2.449450425631E-003 -5.837865799538E-003
  -2.80148286445        3.04322163051        95.0400000000        3.47294740647      -0.295104108299       1.804245263306E-002
  -3.20169470223        3.47796757773        95.0400000000        3.65937911024      -0.745028506167       3.217592608530E-002
  -3.60190654001        3.91271352494        95.0400000000        3.72671154635       -1.33934307221       4.354472234160E-002
  -4.00211837779        4.34745947216        95.0400000000        3.50646289078       -2.23857412349       5.016591704491E-002
  -4.40233021557        4.78220541938        95.0400000000        3.01877659880       -2.21029103009       3.542414090652E-002
   0.00000000000        0.00000000000        95.0400000000        3.18563289358      -2.556082927792E-002  2.107635939178E-002
 -0.519689034804       0.281241641340        95.0400000000        3.18055581086      -6.087841715271E-002  1.219498132751E-002
  -1.03937806961       0.562483282680        95.0400000000        3.17219625766      -9.157546412984E-002  8.048929992871E-003
  -1.55906710441       0.843724924020        95.0400000000        3.16279334550      -0.127300935287       3.151081424878E-003
  -2.07875613922        1.12496656536        95.0400000000        3.15666185152      -9.643559966793E-002  5.156448020896E-003
  -2.59844517402        1.40620820670        95.0400000000        3.00915142533       1.386313845083E-002 -2.200107151501E-002
  -3.11813420882        1.68744984804        95.0400000000        2.91254150971      -0.140002175904      -1.801197626862E-002
  -3.63782324363        1.96869148938        95.0400000000        2.79819319596      -0.293871092024      -7.214244369612E-003
  -4.15751227843        2.24993313072        95.0400000000        2.67483674389      -0.462645542945       4.568817878687E-003
  -4.67720131323        2.53117477206        95.0400000000        2.56667839401      -0.646627111254       7.673136147789E-003
  -5.19689034804        2.81241641340        95.0400000000        2.28773058492      -0.836923837946       6.608383062936E-003
  -5.71657938284        3.09365805474        95.0400000000        1.93239933160       -1.12541936736       1.532849950204E-002
   0.00000000000        0.00000000000        95.0400000000        3.18563289358      -2.556082927792E-002  2.107635939178E-002
 -0.582849861102       9.726043971134E-002   95.0400000000        3.18066081023      -4.499780644675E-002  1.656942406442E-002
  -1.16569972220       0.194520879423        95.0400000000        3.16825667334      -9.245105030593E-002  8.379139699057E-003
  -1.74854958330       0.291781319134        95.0400000000        3.15747722713      -9.995940896391E-002  5.317989727392E-003
  -2.33139944441       0.389041758845        95.0400000000        3.15093899783      -9.958164963001E-002  3.745403192094E-003
  -2.91424930551       0.486302198557        95.0400000000        2.80319080677      -7.110963163008E-002 -2.395850792581E-002
  -3.49709916661       0.583562638268        95.0400000000        2.68648606881      -6.647683916420E-002 -1.790138418288E-002
  -4.07994902771       0.680823077979        95.0400000000        2.57799451418      -0.111301335814      -7.892166470614E-003
  -4.66279888881       0.778083517691        95.0400000000        2.46365649699      -0.140584876181       3.210080485670E-003
  -5.24564874991       0.875343957402        95.0400000000        2.34780107463      -0.184444133429       3.670556553907E-003
  -5.82849861102       0.972604397113        95.0400000000        2.22291659142      -0.196661796608       4.808172080731E-003
  -6.41134847212        1.06986483682        95.0400000000        2.03743249687      -0.131516399834       1.512245718180E-002
   0.00000000000        0.00000000000        95.0400000000        3.18563289358      -2.556082927792E-002  2.107635939178E-002
 -0.582849861102      -9.726043971134E-002   95.0400000000        3.18146084704      -2.468827085929E-002  2.240109321850E-002
  -1.16569972220      -0.194520879423        95.0400000000        3.16944648361      -3.455458648322E-002  1.835571827354E-002
  -1.74854958330      -0.291781319134        95.0400000000        3.15498515095      -5.978491376300E-002  9.948085522891E-003
  -2.33139944441      -0.389041758845        95.0400000000        3.15601726108      -7.630182118184E-002  5.692877876767E-003
  -2.91424930551      -0.486302198557        95.0400000000        2.84343333934      -3.944781117343E-002 -1.873483782655E-002
  -3.49709916661      -0.583562638268        95.0400000000        2.71967812856       8.168886822019E-002 -8.955779815492E-003
  -4.07994902771      -0.680823077979        95.0400000000        2.60163720641       0.163964994118      -1.354229094981E-003
  -4.66279888881      -0.778083517691        95.0400000000        2.49077591723       0.173059651070       7.978210612716E-003
  -5.24564874991      -0.875343957402        95.0400000000        2.37808163141       0.172484714146       1.015476183004E-002
  -5.82849861102      -0.972604397113        95.0400000000        2.25794371181       0.197735630509       1.280213317992E-002
  -6.41134847212       -1.06986483682        95.0400000000        2.05485789876       0.207056249592       1.338107626985E-002
   0.00000000000        0.00000000000        95.0400000000        3.18563289358      -2.556082927792E-002  2.107635939178E-002
 -0.519689034804      -0.281241641340        95.0400000000        3.17848377220      -5.387481996783E-003  2.486850723698E-002
  -1.03937806961      -0.562483282680        95.0400000000        3.16975218224       5.336168675167E-003  2.447627780253E-002
  -1.55906710441      -0.843724924020        95.0400000000        3.15236172863      -3.743523303569E-002  1.215255490980E-002
  -2.07875613922       -1.12496656536        95.0400000000        3.16518918810      -4.666248844678E-002  8.795411505304E-003
  -2.59844517402       -1.40620820670        95.0400000000        3.10587512707      -3.641827374757E-002 -8.447936669413E-003
  -3.11813420882       -1.68744984804        95.0400000000        3.02664608150       0.193316103734      -5.223619686421E-003
  -3.63782324363       -1.96869148938        95.0400000000        2.92877789437       0.396789072906       1.954328437345E-004
  -4.15751227843       -2.24993313072        95.0400000000        2.85383082758       0.493612221344       1.253009881942E-002
  -4.67720131323       -2.53117477206        95.0400000000        2.68969107786       0.618563898063       2.206731710430E-002
  -5.19689034804       -2.81241641340        95.0400000000        2.32948172655       0.760782313180       2.570714999181E-002
  -5.71657938284       -3.09365805474        95.0400000000        2.02853789180        1.03729876469       5.886078071514E-002
   0.00000000000        0.00000000000        95.0400000000        3.18563289358      -2.556082927792E-002  2.107635939178E-002
 -0.400211837779      -0.434745947216        95.0400000000        3.17711142379       1.635376358373E-002  2.721758435073E-002
 -0.800423675558      -0.869491894432        95.0400000000        3.16717665581       4.109002190910E-003  2.437484202304E-002
  -1.20063551334       -1.30423784165        95.0400000000        3.15659787980       6.421838020529E-003  2.000156120283E-002
  -1.60084735112       -1.73898378886        95.0400000000        3.14893652688      -0.102377569016       8.470503427708E-003
  -2.00105918889       -2.17372973608        95.0400000000        3.20930625035      -0.267882715355       2.366433349759E-002
  -2.40127102667       -2.60847568330        95.0400000000        3.61524699374       1.617637159660E-002  5.248141380784E-003
  -2.80148286445       -3.04322163051        95.0400000000        3.81777097464       0.166822333974       1.334595366958E-002
  -3.20169470223       -3.47796757773        95.0400000000        3.76296054807       0.633663313200       1.966816487330E-002
  -3.60190654001       -3.91271352494        95.0400000000        3.70129120835        1.43856989375      -9.954868282869E-003
  -4.00211837779       -4.34745947216        95.0400000000        3.42822651719        2.23106033186      -2.398033840408E-002
  -4.40233021557       -4.78220541938        95.0400000000        2.81446772172        2.27952019068      -7.289009685279E-003
   0.00000000000        0.00000000000        95.0400000000        3.18563289358      -2.556082927792E-002  2.107635939178E-002
 -0.237365478204      -0.541138783933        95.0400000000        3.17781429195       2.143243531055E-002  2.786760852505E-002
 -0.474730956408       -1.08227756787        95.0400000000        3.16849242491       7.482736696229E-003  2.513775947200E-002
 -0.712096434612       -1.62341635180        95.0400000000        3.15704174310       8.040254014595E-003  2.151313838911E-002
 -0.949461912816       -2.16455513573        95.0400000000        3.14025598108      -0.126639679486       1.976670364091E-002
  -1.18682739102       -2.70569391966        95.0400000000        3.42873548272      -0.158774778536       1.044392507196E-002
  -1.42419286922       -3.24683270360        95.0400000000        3.38449195621      -0.474608628365       1.457025374595E-002
  -1.66155834743       -3.78797148753        95.0400000000        3.60494018396      -0.617133124402       1.844021756655E-002
  -1.89892382563       -4.32911027146        95.0400000000        4.07747799999       -1.21883327243       1.354707040674E-002
  -2.13628930384       -4.87024905539        95.0400000000        4.53007985570       -3.62184259133      -2.161545969095E-003
  -2.37365478204       -5.41138783933        95.0400000000        2.65918417407       -4.06896224563      -8.035312137132E-003
  -2.61102026024       -5.95252662326        95.0400000000       -3.17238890248      -0.922697818959      -1.551533676331E-002
   0.00000000000        0.00000000000        95.0400000000        3.18563289358      -2.556082927792E-002  2.107635939178E-002
 -4.879688596092E-002 -0.588890836777        95.0400000000        3.17934950811       2.484099782017E-002  2.852086334758E-002
 -9.759377192185E-002  -1.17778167355        95.0400000000        3.17380505772       1.517991569637E-002  2.671230876483E-002
 -0.146390657883       -1.76667251033        95.0400000000        3.16030266399       5.776276367740E-003  2.379397346809E-002
 -0.195187543844       -2.35556334711        95.0400000000        3.15125722651      -1.258009372518E-002  2.188896013706E-002
 -0.243984429805       -2.94445418388        95.0400000000        3.50087806334      -2.885455382880E-002  3.420934788236E-002
 -0.292781315766       -3.53334502066        95.0400000000        3.46760733325      -0.329980778212       3.220306499010E-002
 -0.341578201726       -4.12223585744        95.0400000000        3.28668586422      -0.324565805934       2.585185456590E-002
 -0.390375087687       -4.71112669421        95.0400000000        2.64274851842      -0.384075974081       1.444111207158E-002
 -0.439171973648       -5.30001753099        95.0400000000        1.94451381574      -0.525480981941      -4.139742299847E-003
 -0.487968859609       -5.88890836777        95.0400000000        1.28220890438      -0.537386244839      -3.615361814057E-003
 -0.536765745570       -6.47779920454        95.0400000000       0.780254592351      -0.556739382967       6.959676535432E-003
   0.00000000000        0.00000000000        95.0400000000        3.18563289358      -2.556082927792E-002  2.107635939178E-002
  0.145059606038      -0.572827429873        95.0400000000        3.18137249568       2.858422446467E-002  2.937733964211E-002
  0.290119212075       -1.14565485975        95.0400000000        3.17889090943       2.507073661465E-002  2.848754821212E-002
  0.435178818113       -1.71848228962        95.0400000000        3.17112047487       1.585984427055E-002  2.707803423472E-002
  0.580238424151       -2.29130971949        95.0400000000        3.15677762942      -6.943003422740E-003  2.378822616826E-002
  0.725298030189       -2.86413714937        95.0400000000        3.57586189092       0.329756729788       4.567041598557E-002
  0.870357636226       -3.43696457924        95.0400000000        3.68507626264       0.245200015181       2.852218042093E-002
   1.01541724226       -4.00979200911        95.0400000000        3.49468467637       0.405588987541       2.173292328877E-002
   1.16047684830       -4.58261943899        95.0400000000        2.92410973162        1.17724679715       2.856983772380E-002
   1.30553645434       -5.15544686886        95.0400000000        2.21726340613        1.67672527696       3.019695760007E-002
   1.45059606038       -5.72827429873        95.0400000000        1.02773373488        1.77276940829       1.780123598369E-002
   1.59565566642       -6.30110172861        95.0400000000       3.071781516740E-002   1.33123109953       2.232926199784E-002
   0.00000000000        0.00000000000        95.0400000000        3.18563289358      -2.556082927792E-002  2.107635939178E-002
  0.323196638891      -0.494689282610        95.0400000000        3.18366403256       3.225647855497E-002  3.034422491253E-002
  0.646393277781      -0.989378565219        95.0400000000        3.18347706090       3.618219224543E-002  3.030468389798E-002
  0.969589916672       -1.48406784783        95.0400000000        3.18104662381       2.602949737853E-002  2.929474117968E-002
   1.29278655556       -1.97875713044        95.0400000000        3.16362665984      -1.476682263614E-002  2.354675467546E-002
   1.61598319445       -2.47344641305        95.0400000000        3.45367186122       0.291824153639       5.756476262483E-002
   1.93917983334       -2.96813569566        95.0400000000        3.63386726686       0.407330683064       3.844965930167E-002
   2.26237647223       -3.46282497827        95.0400000000        3.87970258493       0.355922431818       2.582641018615E-002
   2.58557311112       -3.95751426088        95.0400000000        4.58617162359       0.113005142638       2.494756255150E-002
   2.90876975001       -4.45220354349        95.0400000000        5.74417157644      -0.863918256067       1.509930834235E-002
   3.23196638891       -4.94689282610        95.0400000000        5.07465013492       -4.83255073761       4.669803757511E-003
   3.55516302780       -5.44158210871        95.0400000000        1.55908207943       -4.37106416897       1.019434123591E-002
   0.00000000000        0.00000000000        95.0400000000        3.18563289358      -2.556082927792E-002  2.107635939178E-002
  0.466310301007      -0.362943875680        95.0400000000        3.18704153015       2.579198311763E-002  2.996667883692E-002
  0.932620602014      -0.725887751361        95.0400000000        3.18337103493       2.627482327496E-002  2.978326472036E-002
   1.39893090302       -1.08883162704        95.0400000000        3.17970910884       1.230431655351E-002  2.773432806111E-002
   1.86524120403       -1.45177550272        95.0400000000        3.16994232119      -1.520704555094E-002  2.313603173880E-002
   2.33155150503       -1.81471937840        95.0400000000        3.18646602829       0.228397557632       5.619788552247E-002
   2.79786180604       -2.17766325408        95.0400000000        3.20720435928       4.683642927899E-002  3.216551515455E-002
   3.26417210705       -2.54060712976        95.0400000000        3.12235932516      -0.175366519786       2.544141684678E-002
   3.73048240806       -2.90355100544        95.0400000000        3.02328756560      -0.433609516299       1.643211656019E-002
   4.19679270906       -3.26649488112        95.0400000000        3.00689427595      -0.852384333690       1.488352578729E-002
   4.66310301007       -3.62943875680        95.0400000000        2.84751598646       -1.44406797963       3.697737443079E-002
   5.12941331108       -3.99238263248        95.0400000000        2.43329393544       -1.52205548183       3.721936903326E-002
   0.00000000000        0.00000000000        95.0400000000        3.18563289358      -2.556082927792E-002  2.107635939178E-002
  0.558892006459      -0.191867868166        95.0400000000        3.18696717841      -5.356009466732E-003  2.604974489272E-002
   1.11778401292      -0.383735736333        95.0400000000        3.18077719077      -3.113657628243E-003  2.656631189056E-002
   1.67667601938      -0.575603604499        95.0400000000        3.17479197891      -5.252713555172E-003  2.489702992442E-002
   2.23556802584      -0.767471472666        95.0400000000        3.17136911617      -1.359026035696E-002  2.160991450232E-002
   2.79446003230      -0.959339340832        95.0400000000        2.78138503619       8.887110859408E-002  5.404257188299E-002
   3.35335203876       -1.15120720900        95.0400000000        2.62800030934      -6.334928037062E-002  4.634286422332E-002
   3.91224404522       -1.34307507716        95.0400000000        2.53465729866      -0.207219820167       3.071212912554E-002
   4.47113605168       -1.53494294533        95.0400000000        2.41482552820      -0.307593533477       2.491942049412E-002
   5.03002805814       -1.72681081350        95.0400000000        2.29597122118      -0.329563630043       2.229998944831E-002
   5.58892006459       -1.91867868166        95.0400000000        2.11753794409      -0.358258441392       2.449973956698E-002
   6.14781207105       -2.11054654983        95.0400000000        1.87235413751      -0.339771095484       2.100307792100E-002
   0.00000000000        0.00000000000        95.0400000000        3.18563289358      -2.556082927792E-002  2.107635939178E-002
  0.590909090909        0.00000000000        95.0400000000        3.18313066412      -3.235057624891E-002  2.112317658142E-002
   1.18181818182      -1.172487511250E-015   95.0400000000        3.17894016792      -2.728516848916E-002  2.194326543288E-002
   1.77272727273        0.00000000000        95.0400000000        3.17250439621      -2.131524488281E-002  2.159470671090E-002
   2.36363636364        0.00000000000        95.0400000000        3.19604446846       1.241848358495E-002  2.261218233324E-002
   2.95454545455        0.00000000000        95.0400000000        2.67400357904      -1.135437219267E-003  4.424862328802E-002
   3.54545454545        0.00000000000        95.0400000000        2.56830818763      -8.940604672298E-002  3.211755895370E-002
   4.13636363636        0.00000000000        95.0400000000        2.44612784387      -7.867367141182E-002  1.867376841210E-002
   4.72727272727        0.00000000000        95.0400000000        2.33401471284      -1.525392362571E-002  9.992810497474E-003
   5.31818181818        0.00000000000        95.0400000000        2.21670624080      -3.682103677546E-003  8.658155072087E-003
   5.90909090909        0.00000000000        95.0400000000        2.10556722701      -9.656485401617E-003  9.454920543224E-003
   6.50000000000        0.00000000000        95.0400000000        1.97647648314      -1.817083449634E-002  6.051072081815E-003
