 12 20 1 1
 1 X [LENGU]
 2 Y [LENGU]
 3 Z [LENGU]
 4 Hx [FIELU]
 5 Hy [FIELU]
 6 Hz [FIELU]
 0
   0.00000000000        0.00000000000       -43.2000000000       0.532299703988       6.169156621074E-003  1.279050861467E-003
  0.590909090909        0.00000000000       -43.2000000000       0.531978870497       6.528622739673E-003  1.224864029769E-003
   1.18181818182        0.00000000000       -43.2000000000       0.531658037005       6.888088858271E-003  1.170677198071E-003
   1.77272727273        0.00000000000       -43.2000000000       0.533214461008       6.751841014122E-003  1.472669837885E-003
   2.36363636364        0.00000000000       -43.2000000000       0.532395296771       4.426450134374E-003  1.205233306077E-003
   2.95454545455        0.00000000000       -43.2000000000       0.550540976363      -3.353747459773E-003  2.369790927859E-004
   3.54545454545        0.00000000000       -43.2000000000       0.528381519785       1.036838033860E-003  2.190158885958E-004
   4.13636363636        0.00000000000       -43.2000000000       0.504344739023       4.814683053138E-003 -4.112175133993E-004
   4.72727272727        0.00000000000       -43.2000000000       0.482062788149       3.311341616761E-003 -4.365270813575E-004
   5.31818181818        0.00000000000       -43.2000000000       0.459780837276       1.808000180384E-003 -4.618366493157E-004
   5.90909090909        0.00000000000       -43.2000000000       0.437498886402       3.046587440068E-004 -4.871462172739E-004
   6.50000000000        0.00000000000       -43.2000000000       0.415216935528      -1.198682692370E-003 -5.124557852321E-004
   0.00000000000        0.00000000000       -43.2000000000       0.532299703988       6.169156621074E-003  1.279050861467E-003
  0.558892006459       0.191867868166       -43.2000000000       0.532162045184       7.113681617068E-003  1.318656799187E-003
   1.11778401292       0.383735736333       -43.2000000000       0.532024386380       8.058206613062E-003  1.358262736906E-003
   1.67667601938       0.575603604499       -43.2000000000       0.532251602144       8.651234106170E-003  1.432687033637E-003
   2.23556802584       0.767471472666       -43.2000000000       0.533579602277       8.419783328350E-003  1.558516229645E-003
   2.79446003230       0.959339340832       -43.2000000000       0.560843006328       1.415303504363E-002  7.829745031912E-004
   3.35335203876        1.15120720900       -43.2000000000       0.537719241572       3.696683898656E-002  1.353564820236E-003
   3.91224404522        1.34307507716       -43.2000000000       0.514553829775       4.584966907975E-002  8.605335159903E-004
   4.47113605168        1.53494294533       -43.2000000000       0.491204758010       5.802543806187E-002  2.595204107751E-003
   5.03002805814        1.72681081350       -43.2000000000       0.470020513193       6.929113008863E-002  3.310554881634E-003
   5.58892006459        1.91867868166       -43.2000000000       0.440222557737       6.693401436960E-002  6.458736998456E-003
   6.14781207105        2.11054654983       -43.2000000000       0.385558140813       5.739986632451E-002  1.139369985756E-002
   0.00000000000        0.00000000000       -43.2000000000       0.532299703988       6.169156621074E-003  1.279050861467E-003
  0.466310301007       0.362943875680       -43.2000000000       0.532577786220       6.757877704965E-003  1.321767402118E-003
  0.932620602014       0.725887751361       -43.2000000000       0.532404175457       1.018634340869E-002  1.470229244588E-003
   1.39893090302        1.08883162704       -43.2000000000       0.533420163715       1.025378986324E-002  1.612511656971E-003
   1.86524120403        1.45177550272       -43.2000000000       0.532515457090       1.628658180797E-002  1.710796595559E-003
   2.33155150503        1.81471937840       -43.2000000000       0.595975233360       1.636733692573E-002  1.285343916767E-003
   2.79786180604        2.17766325408       -43.2000000000       0.583078793208       5.269769439757E-002  1.266012073638E-003
   3.26417210705        2.54060712976       -43.2000000000       0.571723576748       8.806991455403E-002  1.548508383738E-003
   3.73048240806        2.90355100544       -43.2000000000       0.576091747585       0.133465669278       3.164466910974E-003
   4.19679270906        3.26649488112       -43.2000000000       0.568472022515       0.187670976389       3.810024910236E-003
   4.66310301007        3.62943875680       -43.2000000000       0.532712833260       0.255394072194       8.341819853184E-003
   5.12941331108        3.99238263248       -43.2000000000       0.462304720504       0.268435924327       2.505099456500E-003
   0.00000000000        0.00000000000       -43.2000000000       0.532299703988       6.169156621074E-003  1.279050861467E-003
  0.323196638891       0.494689282610       -43.2000000000       0.532857362730       7.004875786130E-003  1.345071560593E-003
  0.646393277781       0.989378565219       -43.2000000000       0.532781290956       1.182478962010E-002  1.559454145796E-003
  0.969589916672        1.48406784783       -43.2000000000       0.533173086849       1.504696378112E-002  1.744729134787E-003
   1.29278655556        1.97875713044       -43.2000000000       0.531998532640       2.318854608336E-002  1.883149529431E-003
   1.61598319445        2.47344641305       -43.2000000000       0.605396506635      -1.827788032204E-003  1.072912930014E-003
   1.93917983334        2.96813569566       -43.2000000000       0.644010969837      -1.342174272765E-002  1.212146045418E-003
   2.26237647223        3.46282497827       -43.2000000000       0.707180934755      -2.698200761976E-002  1.519139022614E-003
   2.58557311112        3.95751426088       -43.2000000000       0.836875166122       2.618857018793E-002  2.403689433258E-003
   2.90876975001        4.45220354349       -43.2000000000        1.02983334059       0.182547012917       2.669424960201E-003
   3.23196638891        4.94689282610       -43.2000000000       0.996184719826       0.779030589221       4.120639224476E-003
   3.55516302780        5.44158210871       -43.2000000000       0.334564706156       0.736334258533       5.574371319509E-003
   0.00000000000        0.00000000000       -43.2000000000       0.532299703988       6.169156621074E-003  1.279050861467E-003
  0.145059606038       0.572827429873       -43.2000000000       0.533054164037       7.301786439253E-003  1.366452331602E-003
  0.290119212075        1.14565485975       -43.2000000000       0.533174893570       1.241861092635E-002  1.602215687813E-003
  0.435178818113        1.71848228962       -43.2000000000       0.534898192626       1.070581909485E-002  1.592315853924E-003
  0.580238424151        2.29130971949       -43.2000000000       0.535655500250       1.321901532041E-002  1.711987500878E-003
  0.725298030189        2.86413714937       -43.2000000000       0.595417212394      -2.267166540594E-002  5.637831137808E-004
  0.870357636226        3.43696457924       -43.2000000000       0.567601816936      -4.066600088427E-002  3.910207605149E-004
   1.01541724226        4.00979200911       -43.2000000000       0.543132827014      -0.128957004740       2.697031426092E-004
   1.16047684830        4.58261943899       -43.2000000000       0.543096780667      -0.172666637267      -9.697920562792E-004
   1.30553645434        5.15544686886       -43.2000000000       0.398599756344      -0.267216703757       4.826167128844E-004
   1.45059606038        5.72827429873       -43.2000000000       0.196921853306      -0.318462755277       2.279960735543E-003
   1.59565566642        6.30110172861       -43.2000000000       5.854062980057E-002 -0.240616526122       1.840808818746E-003
   0.00000000000        0.00000000000       -43.2000000000       0.532299703988       6.169156621074E-003  1.279050861467E-003
 -4.879688596092E-002  0.588890836777       -43.2000000000       0.533237882426       7.044209763488E-003  1.362284484720E-003
 -9.759377192185E-002   1.17778167355       -43.2000000000       0.533848073286       1.060048323547E-002  1.547011646269E-003
 -0.146390657883        1.76667251033       -43.2000000000       0.536115114467       7.095813752347E-003  1.477754734548E-003
 -0.195187543844        2.35556334711       -43.2000000000       0.541879172930      -3.299632571563E-003  1.252819786479E-003
 -0.243984429805        2.94445418388       -43.2000000000       0.600735232053       1.834312297606E-003  1.039226981706E-003
 -0.292781315766        3.53334502066       -43.2000000000       0.554937735203       1.909719478464E-002  2.952044340353E-004
 -0.341578201726        4.12223585744       -43.2000000000       0.508386480964       0.102982102347       7.122678320067E-004
 -0.390375087687        4.71112669421       -43.2000000000       0.459043802510       8.228381665353E-002 -7.303354436497E-004
 -0.439171973648        5.30001753099       -43.2000000000       0.347218316078       7.996258074886E-002 -1.690190126185E-003
 -0.487968859609        5.88890836777       -43.2000000000       0.227033419950       8.239829809572E-002 -3.232781264268E-003
 -0.536765745570        6.47779920454       -43.2000000000       0.130590910843       8.167311206438E-002 -3.708318353926E-003
   0.00000000000        0.00000000000       -43.2000000000       0.532299703988       6.169156621074E-003  1.279050861467E-003
 -0.237365478204       0.541138783933       -43.2000000000       0.533388609158       6.260058188367E-003  1.333019670827E-003
 -0.474730956408        1.08227756787       -43.2000000000       0.534168016336       8.953383645222E-003  1.485647688718E-003
 -0.712096434612        1.62341635180       -43.2000000000       0.537966951625       3.443570362590E-003  1.359288827685E-003
 -0.949461912816        2.16455513573       -43.2000000000       0.549275638917      -2.230972386384E-002  5.385570296301E-004
  -1.18682739102        2.70569391966       -43.2000000000       0.600300038984       2.252625176748E-003  1.692062580449E-003
  -1.42419286922        3.24683270360       -43.2000000000       0.618500945167       2.313606583455E-002  6.132901201699E-004
  -1.66155834743        3.78797148753       -43.2000000000       0.678006525597       6.446429740597E-002 -6.863204175086E-004
  -1.89892382563        4.32911027146       -43.2000000000       0.783459551482       0.183469910681      -1.913689444527E-003
  -2.13628930384        4.87024905539       -43.2000000000       0.819148477615       0.522407531094      -2.408158524711E-003
  -2.37365478204        5.41138783933       -43.2000000000       5.702468479591E-002  0.824113149311      -3.077728882061E-003
  -2.61102026024        5.95252662326       -43.2000000000      -0.537937155756       0.146279809139      -2.361558902899E-003
   0.00000000000        0.00000000000       -43.2000000000       0.532299703988       6.169156621074E-003  1.279050861467E-003
 -0.400211837779       0.434745947216       -43.2000000000       0.533490010654       5.034306704419E-003  1.281829186600E-003
 -0.800423675558       0.869491894432       -43.2000000000       0.534046586803       7.883651456678E-003  1.432969397809E-003
  -1.20063551334        1.30423784165       -43.2000000000       0.537275400235       2.709404512559E-003  1.307097806800E-003
  -1.60084735112        1.73898378886       -43.2000000000       0.547199484975      -1.480782994537E-002  7.975985087495E-004
  -2.00105918889        2.17372973608       -43.2000000000       0.578966784148       1.787960227056E-002  1.680453851690E-003
  -2.40127102667        2.60847568330       -43.2000000000       0.624591248751      -5.236485963021E-002  2.227032744795E-003
  -2.80148286445        3.04322163051       -43.2000000000       0.597791647371      -0.113564680904       1.339911825828E-003
  -3.20169470223        3.47796757773       -43.2000000000       0.689893345871      -0.146287105495       4.223552051202E-004
  -3.60190654001        3.91271352494       -43.2000000000       0.694153083620      -0.272065602079      -1.660541306874E-003
  -4.00211837779        4.34745947216       -43.2000000000       0.607963650143      -0.397410554922      -7.342843507819E-003
  -4.40233021557        4.78220541938       -43.2000000000       0.518325063532      -0.428086609910      -7.191299064758E-003
   0.00000000000        0.00000000000       -43.2000000000       0.532299703988       6.169156621074E-003  1.279050861467E-003
 -0.519689034804       0.281241641340       -43.2000000000       0.533318048764       4.839204894907E-003  1.264137129040E-003
  -1.03937806961       0.562483282680       -43.2000000000       0.534128762471       4.814607056691E-003  1.297831655221E-003
  -1.55906710441       0.843724924020       -43.2000000000       0.535221313481       4.020386312490E-003  1.305540123768E-003
  -2.07875613922        1.12496656536       -43.2000000000       0.541588244893      -4.297133797255E-003  1.094186698749E-003
  -2.59844517402        1.40620820670       -43.2000000000       0.579777573661      -2.069128497565E-002  2.187399937450E-003
  -3.11813420882        1.68744984804       -43.2000000000       0.571783013666      -4.180223050582E-002  2.826450438994E-003
  -3.63782324363        1.96869148938       -43.2000000000       0.561944402529      -7.536146617063E-002  2.084757178005E-003
  -4.15751227843        2.24993313072       -43.2000000000       0.540305567574      -9.967207949860E-002  4.771563834325E-004
  -4.67720131323        2.53117477206       -43.2000000000       0.505530881115      -0.130097269195      -8.982538635704E-004
  -5.19689034804        2.81241641340       -43.2000000000       0.462107413134      -0.162706707146       2.240357834618E-003
  -5.71657938284        3.09365805474       -43.2000000000       0.396485546194      -0.200742728515       9.685822373051E-003
   0.00000000000        0.00000000000       -43.2000000000       0.532299703988       6.169156621074E-003  1.279050861467E-003
 -0.582849861102       9.726043971134E-002  -43.2000000000       0.533019235152       4.891946776250E-003  1.251923594384E-003
  -1.16569972220       0.194520879423       -43.2000000000       0.533738766316       3.614736931426E-003  1.224796327301E-003
  -1.74854958330       0.291781319134       -43.2000000000       0.534458297480       2.337527086602E-003  1.197669060218E-003
  -2.33139944441       0.389041758845       -43.2000000000       0.535177828644       1.060317241778E-003  1.170541793135E-003
  -2.91424930551       0.486302198557       -43.2000000000       0.556017842334      -1.368263370451E-002  1.980359047638E-003
  -3.49709916661       0.583562638268       -43.2000000000       0.540160186982      -2.762532957618E-002  1.587423738933E-003
  -4.07994902771       0.680823077979       -43.2000000000       0.521310204986      -2.572851780678E-002  1.837983799194E-003
  -4.66279888881       0.778083517691       -43.2000000000       0.490101839290      -3.419870239421E-002  2.271263086266E-004
  -5.24564874991       0.875343957402       -43.2000000000       0.472862180778      -3.962013141967E-002 -1.074362549751E-003
  -5.82849861102       0.972604397113       -43.2000000000       0.447018650154      -3.741357476325E-002 -4.424965390765E-004
  -6.41134847212        1.06986483682       -43.2000000000       0.419530811550      -3.669433151680E-002 -1.269744634255E-004
   0.00000000000        0.00000000000       -43.2000000000       0.532299703988       6.169156621074E-003  1.279050861467E-003
 -0.582849861102      -9.726043971134E-002  -43.2000000000       0.532642449174       5.083094162233E-003  1.242649720040E-003
  -1.16569972220      -0.194520879423       -43.2000000000       0.532985194360       3.997031703391E-003  1.206248578613E-003
  -1.74854958330      -0.291781319134       -43.2000000000       0.533327939545       2.910969244549E-003  1.169847437185E-003
  -2.33139944441      -0.389041758845       -43.2000000000       0.533670684731       1.824906785708E-003  1.133446295758E-003
  -2.91424930551      -0.486302198557       -43.2000000000       0.552934840986       8.158141181521E-003  1.679845208041E-003
  -3.49709916661      -0.583562638268       -43.2000000000       0.535231682558       1.544800478601E-002  1.859107927823E-003
  -4.07994902771      -0.680823077979       -43.2000000000       0.523073400900       2.564529508568E-002  1.240702360472E-003
  -4.66279888881      -0.778083517691       -43.2000000000       0.492001343946       2.675343217798E-002  4.531580118487E-005
  -5.24564874991      -0.875343957402       -43.2000000000       0.467681218828       3.335590196525E-002  2.088555623024E-003
  -5.82849861102      -0.972604397113       -43.2000000000       0.438064839078       3.806445894898E-002  4.880678618033E-003
  -6.41134847212       -1.06986483682       -43.2000000000       0.403989466883       3.613359786666E-002  4.014243575272E-003
   0.00000000000        0.00000000000       -43.2000000000       0.532299703988       6.169156621074E-003  1.279050861467E-003
 -0.519689034804      -0.281241641340       -43.2000000000       0.532423705928       4.639970184768E-003  1.159846899968E-003
  -1.03937806961      -0.562483282680       -43.2000000000       0.532547707868       3.110783748461E-003  1.040642938470E-003
  -1.55906710441      -0.843724924020       -43.2000000000       0.532671709809       1.581597312154E-003  9.214389769712E-004
  -2.07875613922       -1.12496656536       -43.2000000000       0.533923899308       1.915449102605E-003  1.033854614916E-003
  -2.59844517402       -1.40620820670       -43.2000000000       0.581479676181       2.007811744245E-002  8.014403826822E-004
  -3.11813420882       -1.68744984804       -43.2000000000       0.562257796315       3.186143892504E-002  1.356855302092E-003
  -3.63782324363       -1.96869148938       -43.2000000000       0.553520047484       6.834223645081E-002  1.803470945765E-003
  -4.15751227843       -2.24993313072       -43.2000000000       0.529495052440       0.111121611452       3.731853408213E-004
  -4.67720131323       -2.53117477206       -43.2000000000       0.501968501956       0.120169937674       2.140538199301E-003
  -5.19689034804       -2.81241641340       -43.2000000000       0.457797285088       0.154650368131       6.693999797311E-004
  -5.71657938284       -3.09365805474       -43.2000000000       0.371129595023       0.212146263846       9.173217580907E-003
   0.00000000000        0.00000000000       -43.2000000000       0.532299703988       6.169156621074E-003  1.279050861467E-003
 -0.400211837779      -0.434745947216       -43.2000000000       0.532272509235       4.050559940194E-003  1.057817082793E-003
 -0.800423675558      -0.869491894432       -43.2000000000       0.532258166080       1.514088331615E-003  8.467387018521E-004
  -1.20063551334       -1.30423784165       -43.2000000000       0.533081350443       8.788450254073E-004  7.979236588763E-004
  -1.60084735112       -1.73898378886       -43.2000000000       0.535448137146       2.221584129332E-003  1.046766514180E-003
  -2.00105918889       -2.17372973608       -43.2000000000       0.576652951011      -9.102617055247E-003  2.468460005610E-003
  -2.40127102667       -2.60847568330       -43.2000000000       0.622242420475       4.192181631843E-002  1.258636481045E-003
  -2.80148286445       -3.04322163051       -43.2000000000       0.626408599270       7.102704203295E-002  4.267618942827E-004
  -3.20169470223       -3.47796757773       -43.2000000000       0.661918244740       0.142219764375       1.067469003109E-004
  -3.60190654001       -3.91271352494       -43.2000000000       0.689416478876       0.257661489696      -6.901810411027E-004
  -4.00211837779       -4.34745947216       -43.2000000000       0.638049029963       0.371731356162      -7.476826567729E-003
  -4.40233021557       -4.78220541938       -43.2000000000       0.530937280292       0.387160016976      -3.803394378293E-003
   0.00000000000        0.00000000000       -43.2000000000       0.532299703988       6.169156621074E-003  1.279050861467E-003
 -0.237365478204      -0.541138783933       -43.2000000000       0.532124259515       3.690732519408E-003  9.797613783321E-004
 -0.474730956408       -1.08227756787       -43.2000000000       0.532056622981       2.325944037426E-005  7.248465117237E-004
 -0.712096434612       -1.62341635180       -43.2000000000       0.533428149705       6.138876136131E-004  7.335846060453E-004
 -0.949461912816       -2.16455513573       -43.2000000000       0.534302890670      -7.928054936067E-003  4.409399110442E-004
  -1.18682739102       -2.70569391966       -43.2000000000       0.596114111950      -1.121353223441E-002  8.102169045383E-004
  -1.42419286922       -3.24683270360       -43.2000000000       0.604250253811      -4.155550001612E-002  8.551200140275E-004
  -1.66155834743       -3.78797148753       -43.2000000000       0.669918794247      -9.088487458452E-002  1.005488301917E-003
  -1.89892382563       -4.32911027146       -43.2000000000       0.737098725391      -0.217527595006       6.043432420476E-004
  -2.13628930384       -4.87024905539       -43.2000000000       0.812008588004      -0.563762063128      -2.332679209300E-004
  -2.37365478204       -5.41138783933       -43.2000000000       0.132745544884      -0.747420725574      -4.685828065231E-004
  -2.61102026024       -5.95252662326       -43.2000000000      -0.615874541966      -0.170960983319      -2.103019701466E-004
   0.00000000000        0.00000000000       -43.2000000000       0.532299703988       6.169156621074E-003  1.279050861467E-003
 -4.879688596092E-002 -0.588890836777       -43.2000000000       0.531998253710       3.494398015796E-003  9.366921059157E-004
 -9.759377192185E-002  -1.17778167355       -43.2000000000       0.531877502005      -5.402171891154E-004  6.575542796535E-004
 -0.146390657883       -1.76667251033       -43.2000000000       0.532582739353      -3.279965217786E-003  4.573084769239E-004
 -0.195187543844       -2.35556334711       -43.2000000000       0.528759935784       8.355321505310E-003  7.636788929714E-004
 -0.243984429805       -2.94445418388       -43.2000000000       0.599547349993      -1.273134014485E-002  1.367253647075E-004
 -0.292781315766       -3.53334502066       -43.2000000000       0.551517201650      -5.539572854209E-002  2.503116191513E-004
 -0.341578201726       -4.12223585744       -43.2000000000       0.520968571722      -9.739106395741E-002 -3.623495137323E-004
 -0.390375087687       -4.71112669421       -43.2000000000       0.473535160572      -6.926137868300E-002 -8.911382915471E-004
 -0.439171973648       -5.30001753099       -43.2000000000       0.351553771027      -8.185768385200E-002 -1.891739733940E-003
 -0.487968859609       -5.88890836777       -43.2000000000       0.234675551070      -9.235900829730E-002 -3.097853820935E-003
 -0.536765745570       -6.47779920454       -43.2000000000       0.143851262180      -0.114808204420      -2.786794441643E-003
   0.00000000000        0.00000000000       -43.2000000000       0.532299703988       6.169156621074E-003  1.279050861467E-003
  0.145059606038      -0.572827429873       -43.2000000000       0.531906442019       3.538254411978E-003  9.319295951111E-004
  0.290119212075       -1.14565485975       -43.2000000000       0.531675353539      -5.873290154839E-004  6.463800922057E-004
  0.435178818113       -1.71848228962       -43.2000000000       0.531905889991      -3.503745544838E-003  3.907741340024E-004
  0.580238424151       -2.29130971949       -43.2000000000       0.528140151900       1.257768477815E-002  9.938174957661E-004
  0.725298030189       -2.86413714937       -43.2000000000       0.608509024525       2.982360277557E-002  1.770355379847E-003
  0.870357636226       -3.43696457924       -43.2000000000       0.573898605089       4.822097015338E-002 -1.037472451166E-004
   1.01541724226       -4.00979200911       -43.2000000000       0.569138935625       9.417514832238E-002 -3.609648994318E-004
   1.16047684830       -4.58261943899       -43.2000000000       0.514290998199       0.181066580366      -8.112627240796E-004
   1.30553645434       -5.15544686886       -43.2000000000       0.398068538724       0.276127856988      -1.183779504240E-003
   1.45059606038       -5.72827429873       -43.2000000000       0.216493474284       0.300885236859      -1.783057688607E-003
   1.59565566642       -6.30110172861       -43.2000000000       3.894343745504E-002  0.226411518340      -5.243012969907E-003
   0.00000000000        0.00000000000       -43.2000000000       0.532299703988       6.169156621074E-003  1.279050861467E-003
  0.323196638891      -0.494689282610       -43.2000000000       0.531849961864       4.104068349599E-003  9.590268111884E-004
  0.646393277781      -0.989378565219       -43.2000000000       0.531472083506      -1.129707413290E-004  6.925348459756E-004
  0.969589916672       -1.48406784783       -43.2000000000       0.531375623414      -2.281861897140E-003  4.510956911395E-004
   1.29278655556       -1.97875713044       -43.2000000000       0.533588731002      -4.762574066624E-003  7.076617874428E-004
   1.61598319445       -2.47344641305       -43.2000000000       0.602729459909      -5.157619295659E-003 -5.758140998753E-004
   1.93917983334       -2.96813569566       -43.2000000000       0.627443516945      -4.791685382307E-003 -4.149013914725E-004
   2.26237647223       -3.46282497827       -43.2000000000       0.710752364494       8.029046576515E-003 -2.239926769540E-004
   2.58557311112       -3.95751426088       -43.2000000000       0.838807266453      -2.793172461709E-002  1.284036327435E-003
   2.90876975001       -4.45220354349       -43.2000000000        1.05011800287      -0.169982524898       6.876835161554E-004
   3.23196638891       -4.94689282610       -43.2000000000       0.989185675596      -0.792823156527       5.176825651679E-004
   3.55516302780       -5.44158210871       -43.2000000000       0.323901490061      -0.733617097460       1.649953463685E-003
   0.00000000000        0.00000000000       -43.2000000000       0.532299703988       6.169156621074E-003  1.279050861467E-003
  0.466310301007      -0.362943875680       -43.2000000000       0.531842411462       4.887384150149E-003  1.020956279003E-003
  0.932620602014      -0.725887751361       -43.2000000000       0.531437385074       1.906157101940E-003  8.041626601027E-004
   1.39893090302       -1.08883162704       -43.2000000000       0.531862094255      -1.091829400072E-003  7.435651476408E-004
   1.86524120403       -1.45177550272       -43.2000000000       0.534054898504      -5.080089980177E-003  1.152419919255E-003
   2.33155150503       -1.81471937840       -43.2000000000       0.593230743539      -1.903334611533E-002 -7.200770247680E-004
   2.79786180604       -2.17766325408       -43.2000000000       0.607869545109      -7.670576530902E-002  3.999546694685E-004
   3.26417210705       -2.54060712976       -43.2000000000       0.584623945044      -9.988923562301E-002  9.452090650531E-004
   3.73048240806       -2.90355100544       -43.2000000000       0.567525643584      -0.140875474767       3.025682522755E-003
   4.19679270906       -3.26649488112       -43.2000000000       0.563169526227      -0.192603018299       1.181361837877E-003
   4.66310301007       -3.62943875680       -43.2000000000       0.538287241745      -0.273801829220       5.901598412463E-003
   5.12941331108       -3.99238263248       -43.2000000000       0.448155369313      -0.277107387648       6.338115101940E-003
   0.00000000000        0.00000000000       -43.2000000000       0.532299703988       6.169156621074E-003  1.279050861467E-003
  0.558892006459      -0.191867868166       -43.2000000000       0.531888352839       5.681585496515E-003  1.113965366937E-003
   1.11778401292      -0.383735736333       -43.2000000000       0.531493489973       4.657891230345E-003  9.619089951818E-004
   1.67667601938      -0.575603604499       -43.2000000000       0.532532973439       2.115364817795E-003  1.101906917846E-003
   2.23556802584      -0.767471472666       -43.2000000000       0.532662848767      -1.236788879420E-003  9.843401877079E-004
   2.79446003230      -0.959339340832       -43.2000000000       0.558565857473      -1.900002507898E-002 -4.458422708119E-004
   3.35335203876       -1.15120720900       -43.2000000000       0.542058240331      -4.339403513671E-002 -8.703509677464E-005
   3.91224404522       -1.34307507716       -43.2000000000       0.512355433830      -5.047984421795E-002 -2.562481859300E-004
   4.47113605168       -1.53494294533       -43.2000000000       0.498507518861      -5.697446120005E-002  1.360568786691E-004
   5.03002805814       -1.72681081350       -43.2000000000       0.462445153069      -5.574120839589E-002  3.646211620330E-003
   5.58892006459       -1.91867868166       -43.2000000000       0.428229162527      -5.729757700072E-002  5.969983957078E-003
   6.14781207105       -2.11054654983       -43.2000000000       0.387578090444      -5.648960959792E-002  5.272586006346E-003
   0.00000000000        0.00000000000       -43.2000000000       0.532299703988       6.169156621074E-003  1.279050861467E-003
  0.590909090909        0.00000000000       -43.2000000000       0.531978870497       6.528622739673E-003  1.224864029769E-003
   1.18181818182      -1.172487511250E-015  -43.2000000000       0.531658037005       6.888088858271E-003  1.170677198071E-003
   1.77272727273        0.00000000000       -43.2000000000       0.533214461008       6.751841014122E-003  1.472669837885E-003
   2.36363636364        0.00000000000       -43.2000000000       0.532395296771       4.426450134374E-003  1.205233306077E-003
   2.95454545455        0.00000000000       -43.2000000000       0.550540976363      -3.353747459773E-003  2.369790927859E-004
   3.54545454545        0.00000000000       -43.2000000000       0.528381519785       1.036838033860E-003  2.190158885958E-004
   4.13636363636        0.00000000000       -43.2000000000       0.504344739023       4.814683053138E-003 -4.112175133993E-004
   4.72727272727        0.00000000000       -43.2000000000       0.482062788149       3.311341616761E-003 -4.365270813575E-004
   5.31818181818        0.00000000000       -43.2000000000       0.459780837276       1.808000180384E-003 -4.618366493157E-004
   5.90909090909        0.00000000000       -43.2000000000       0.437498886402       3.046587440068E-004 -4.871462172739E-004
   6.50000000000        0.00000000000       -43.2000000000       0.415216935528      -1.198682692370E-003 -5.124557852321E-004
