 12 20 1 1
 1 X [LENGU]
 2 Y [LENGU]
 3 Z [LENGU]
 4 Hx [FIELU]
 5 Hy [FIELU]
 6 Hz [FIELU]
 0
   0.00000000000        0.00000000000       -2.16000000000       0.698689893377      -2.396070363323E-003  8.856018885902E-004
  0.590909090909        0.00000000000       -2.16000000000       0.701879572799      -2.448017538026E-003  1.513164825522E-003
   1.18181818182        0.00000000000       -2.16000000000       0.704593517771      -1.437327929487E-003  2.428802460726E-003
   1.77272727273        0.00000000000       -2.16000000000       0.700432590749      -3.568384366714E-004  2.088658903500E-003
   2.36363636364        0.00000000000       -2.16000000000       0.698515220029      -2.545735986230E-004  1.151658358365E-003
   2.95454545455        0.00000000000       -2.16000000000       0.658247004726       8.568922019393E-004  3.361399643086E-003
   3.54545454545        0.00000000000       -2.16000000000       0.630005499236      -9.375791442711E-003  5.555363193549E-004
   4.13636363636        0.00000000000       -2.16000000000       0.600745194315      -7.342226975428E-003 -1.645505644096E-003
   4.72727272727        0.00000000000       -2.16000000000       0.570877443619      -4.717931671756E-004 -3.257386782696E-003
   5.31818181818        0.00000000000       -2.16000000000       0.537109614715       1.538686541706E-003 -5.541881623336E-003
   5.90909090909        0.00000000000       -2.16000000000       0.503748048185      -2.208302218126E-003 -1.405235019618E-002
   6.50000000000        0.00000000000       -2.16000000000       0.468953570701       4.768417481660E-003 -1.855414798173E-002
   0.00000000000        0.00000000000       -2.16000000000       0.698689893377      -2.396070363323E-003  8.856018885902E-004
  0.558892006459       0.191867868166       -2.16000000000       0.704345292597      -1.944927935205E-003  1.716124312316E-003
   1.11778401292       0.383735736333       -2.16000000000       0.707354568322      -3.665252226033E-004  2.379686040948E-003
   1.67667601938       0.575603604499       -2.16000000000       0.701729685998       1.233867441951E-003  1.556453781028E-003
   2.23556802584       0.767471472666       -2.16000000000       0.694491167850       4.859878052865E-003  2.941689748784E-004
   2.79446003230       0.959339340832       -2.16000000000       0.673677646699       1.170408759936E-002  4.526074437900E-003
   3.35335203876        1.15120720900       -2.16000000000       0.641720613274       4.255367018898E-002  2.215683114718E-003
   3.91224404522        1.34307507716       -2.16000000000       0.616404085105       6.093922449581E-002  4.852233047202E-005
   4.47113605168        1.53494294533       -2.16000000000       0.588854153987       7.516065940931E-002 -1.346679420358E-003
   5.03002805814        1.72681081350       -2.16000000000       0.549908015384       8.837211478429E-002 -2.703573175575E-003
   5.58892006459        1.91867868166       -2.16000000000       0.504388111937       9.661541834208E-002 -5.345521475654E-003
   6.14781207105        2.11054654983       -2.16000000000       0.443770411246       8.743432262562E-002 -6.664466285149E-003
   0.00000000000        0.00000000000       -2.16000000000       0.698689893377      -2.396070363323E-003  8.856018885902E-004
  0.466310301007       0.362943875680       -2.16000000000       0.705987147274      -1.482849481914E-003  1.884065227396E-003
  0.932620602014       0.725887751361       -2.16000000000       0.708622283803       8.048678407066E-004  2.175264655514E-003
   1.39893090302        1.08883162704       -2.16000000000       0.704401584044       3.773897457426E-003  1.548402104990E-003
   1.86524120403        1.45177550272       -2.16000000000       0.696322231904       7.462710349660E-003  3.495861858290E-004
   2.33155150503        1.81471937840       -2.16000000000       0.743537688011       5.431288907615E-003  3.139408575664E-003
   2.79786180604        2.17766325408       -2.16000000000       0.747825005886       6.231683800978E-002  4.671278317568E-003
   3.26417210705        2.54060712976       -2.16000000000       0.757101062764       0.157340051465       4.077255400600E-003
   3.73048240806        2.90355100544       -2.16000000000       0.723725804646       0.184471216808       1.703384027814E-003
   4.19679270906        3.26649488112       -2.16000000000       0.678380057177       0.217729192954      -4.209898111007E-003
   4.66310301007        3.62943875680       -2.16000000000       0.614529884219       0.284709915891      -1.257567019246E-002
   5.12941331108        3.99238263248       -2.16000000000       0.529401282792       0.328991698536      -2.885939139540E-002
   0.00000000000        0.00000000000       -2.16000000000       0.698689893377      -2.396070363323E-003  8.856018885902E-004
  0.323196638891       0.494689282610       -2.16000000000       0.706606781808      -1.100483319741E-003  2.007700496537E-003
  0.646393277781       0.989378565219       -2.16000000000       0.705849317527       2.816749418504E-003  1.646276891273E-003
  0.969589916672        1.48406784783       -2.16000000000       0.706617387922       5.578411991569E-003  1.630728506769E-003
   1.29278655556        1.97875713044       -2.16000000000       0.704297409386       5.286851526393E-003  1.246583037021E-003
   1.61598319445        2.47344641305       -2.16000000000       0.774213748201      -1.723787171007E-002  1.976471051091E-003
   1.93917983334        2.96813569566       -2.16000000000       0.809523975494      -5.070228457053E-002  5.037428934926E-003
   2.26237647223        3.46282497827       -2.16000000000       0.876219898505      -4.490531456653E-002  6.161903531899E-003
   2.58557311112        3.95751426088       -2.16000000000        1.04160689273       5.976607556105E-003  6.039625346003E-003
   2.90876975001        4.45220354349       -2.16000000000        1.29082361608       0.224719778274       1.512204923678E-003
   3.23196638891        4.94689282610       -2.16000000000        1.21277309134        1.02586192270      -2.230877562912E-003
   3.55516302780        5.44158210871       -2.16000000000       0.304387742578       0.974934594439      -5.165494546902E-003
   0.00000000000        0.00000000000       -2.16000000000       0.698689893377      -2.396070363323E-003  8.856018885902E-004
  0.145059606038       0.572827429873       -2.16000000000       0.706297929366      -9.287975639265E-004  2.003469282917E-003
  0.290119212075        1.14565485975       -2.16000000000       0.705160866922       3.214395566959E-003  1.614959148733E-003
  0.435178818113        1.71848228962       -2.16000000000       0.709174281530       2.975121045576E-003  1.851178819550E-003
  0.580238424151        2.29130971949       -2.16000000000       0.712163329453       4.489164301633E-003  2.269749538505E-003
  0.725298030189        2.86413714937       -2.16000000000       0.782826235399      -3.155596112144E-002  2.273724104862E-003
  0.870357636226        3.43696457924       -2.16000000000       0.759841506434      -8.196718166172E-002  7.168845130406E-003
   1.01541724226        4.00979200911       -2.16000000000       0.726967419398      -0.120198195139       7.579811960154E-003
   1.16047684830        4.58261943899       -2.16000000000       0.658417721193      -0.298554295405       1.130324942966E-002
   1.30553645434        5.15544686886       -2.16000000000       0.483931707199      -0.367567840313       1.229127637871E-002
   1.45059606038        5.72827429873       -2.16000000000       0.225787708306      -0.387981234500       1.665892067849E-002
   1.59565566642        6.30110172861       -2.16000000000       4.234771790422E-002 -0.248698654761       2.602427709248E-002
   0.00000000000        0.00000000000       -2.16000000000       0.698689893377      -2.396070363323E-003  8.856018885902E-004
 -4.879688596092E-002  0.588890836777       -2.16000000000       0.705094058902      -9.863970300914E-004  1.871830104187E-003
 -9.759377192185E-002   1.17778167355       -2.16000000000       0.705187460989       2.573966045107E-003  1.756932322503E-003
 -0.146390657883        1.76667251033       -2.16000000000       0.709498583148       1.800881164674E-003  2.058718356481E-003
 -0.195187543844        2.35556334711       -2.16000000000       0.711749347739       4.614719452150E-003  2.410883091117E-003
 -0.243984429805        2.94445418388       -2.16000000000       0.777074784011      -2.729979016277E-003  4.038503210559E-003
 -0.292781315766        3.53334502066       -2.16000000000       0.650065383855       7.367368784621E-003  5.899947941403E-003
 -0.341578201726        4.12223585744       -2.16000000000       0.630665340190       7.055009386009E-002  7.295374939077E-003
 -0.390375087687        4.71112669421       -2.16000000000       0.528238178186       8.562837723925E-002  1.431310476018E-002
 -0.439171973648        5.30001753099       -2.16000000000       0.431708564161       0.112692151473       1.747848084676E-002
 -0.487968859609        5.88890836777       -2.16000000000       0.280932679714       0.106769562230       2.168230603456E-002
 -0.536765745570        6.47779920454       -2.16000000000       0.143608294408       0.119712839249       2.366829177827E-002
   0.00000000000        0.00000000000       -2.16000000000       0.698689893377      -2.396070363323E-003  8.856018885902E-004
 -0.237365478204       0.541138783933       -2.16000000000       0.703125628461      -1.267039922329E-003  1.627048107954E-003
 -0.474730956408        1.08227756787       -2.16000000000       0.705743123176       1.043376304756E-003  2.015253011896E-003
 -0.712096434612        1.62341635180       -2.16000000000       0.707781247868       1.731768989472E-003  2.167948911377E-003
 -0.949461912816        2.16455513573       -2.16000000000       0.702848450448       2.763814663827E-002  2.277055154968E-003
  -1.18682739102        2.70569391966       -2.16000000000       0.776398250919       1.414800651937E-002  5.908645500773E-003
  -1.42419286922        3.24683270360       -2.16000000000       0.781658674358       4.328154380742E-002  5.613435444510E-003
  -1.66155834743        3.78797148753       -2.16000000000       0.838042847182       0.108841159754       5.693427658164E-003
  -1.89892382563        4.32911027146       -2.16000000000       0.941201051049       0.226887322901       1.455614949438E-002
  -2.13628930384        4.87024905539       -2.16000000000        1.05533104419       0.760373749936       2.440860116081E-002
  -2.37365478204        5.41138783933       -2.16000000000       9.268339657033E-002  0.813294177778       3.013011499363E-002
  -2.61102026024        5.95252662326       -2.16000000000      -0.745170699719       0.223223306007       3.309749758637E-002
   0.00000000000        0.00000000000       -2.16000000000       0.698689893377      -2.396070363323E-003  8.856018885902E-004
 -0.400211837779       0.434745947216       -2.16000000000       0.700649768138      -1.696671598471E-003  1.299542395143E-003
 -0.800423675558       0.869491894432       -2.16000000000       0.703173217871      -4.359804902398E-004  1.763553404764E-003
  -1.20063551334        1.30423784165       -2.16000000000       0.705158766395       2.131160659077E-003  2.164334942605E-003
  -1.60084735112        1.73898378886       -2.16000000000       0.707222223981       5.906559081513E-003  2.134697192113E-003
  -2.00105918889        2.17372973608       -2.16000000000       0.764094718185       1.467692760678E-002  2.908128594484E-003
  -2.40127102667        2.60847568330       -2.16000000000       0.799154771302      -2.771800140496E-002  6.620235820135E-003
  -2.80148286445        3.04322163051       -2.16000000000       0.826988982959      -6.927373050086E-002  7.943448861430E-003
  -3.20169470223        3.47796757773       -2.16000000000       0.878894480410      -0.157153560179       1.690829349271E-002
  -3.60190654001        3.91271352494       -2.16000000000       0.860518124142      -0.257192035131       2.442473805875E-002
  -4.00211837779        4.34745947216       -2.16000000000       0.701599703823      -0.381025643085       5.685674864226E-002
  -4.40233021557        4.78220541938       -2.16000000000       0.503100550675      -0.443843562994       8.033839834088E-002
   0.00000000000        0.00000000000       -2.16000000000       0.698689893377      -2.396070363323E-003  8.856018885902E-004
 -0.519689034804       0.281241641340       -2.16000000000       0.698908515908      -1.258938616986E-003  1.011314684958E-003
  -1.03937806961       0.562483282680       -2.16000000000       0.701457015333      -1.901939167059E-003  1.598190602896E-003
  -1.55906710441       0.843724924020       -2.16000000000       0.700898516223       3.851909785114E-004  1.476507919607E-003
  -2.07875613922        1.12496656536       -2.16000000000       0.701303817289      -1.699237363962E-003  1.043670069490E-003
  -2.59844517402        1.40620820670       -2.16000000000       0.742855562199      -1.676608573484E-002  7.422224999676E-003
  -3.11813420882        1.68744984804       -2.16000000000       0.737295782402      -4.828300038978E-002  2.544248220029E-003
  -3.63782324363        1.96869148938       -2.16000000000       0.735044891298      -5.649303675783E-002 -1.958394431446E-003
  -4.15751227843        2.24993313072       -2.16000000000       0.682054868657      -4.922136254002E-002 -1.643813334174E-002
  -4.67720131323        2.53117477206       -2.16000000000       0.639010659298      -5.976365898180E-002 -1.967958193519E-002
  -5.19689034804        2.81241641340       -2.16000000000       0.536809952885      -5.877905542580E-002 -4.307673188988E-003
  -5.71657938284        3.09365805474       -2.16000000000       0.433444343563      -6.960881896996E-002  1.165239730130E-002
   0.00000000000        0.00000000000       -2.16000000000       0.698689893377      -2.396070363323E-003  8.856018885902E-004
 -0.582849861102       9.726043971134E-002  -2.16000000000       0.697143572535      -9.444315046328E-004  7.094640426509E-004
  -1.16569972220       0.194520879423       -2.16000000000       0.703824759626      -4.611878148148E-003  2.012491149906E-003
  -1.74854958330       0.291781319134       -2.16000000000       0.700741620545       1.370275792881E-004  1.286498542755E-003
  -2.33139944441       0.389041758845       -2.16000000000       0.698185176436      -7.501296232298E-004  7.532186320846E-004
  -2.91424930551       0.486302198557       -2.16000000000       0.717870264537      -8.217217077232E-003 -2.425187413848E-004
  -3.49709916661       0.583562638268       -2.16000000000       0.741526760953      -9.807681173266E-003  2.603315001946E-005
  -4.07994902771       0.680823077979       -2.16000000000       0.732212935564      -2.215725188652E-003 -5.128337078914E-003
  -4.66279888881       0.778083517691       -2.16000000000       0.718787938851       7.576766297214E-003 -4.823876151644E-002
  -5.24564874991       0.875343957402       -2.16000000000       0.706765439928       2.584646524144E-002 -0.111522968695     
  -5.82849861102       0.972604397113       -2.16000000000       0.659356843729       4.301560804335E-002 -0.165993980490     
  -6.41134847212        1.06986483682       -2.16000000000       0.961293062324       0.142145908057      -0.431993506427     
   0.00000000000        0.00000000000       -2.16000000000       0.698689893377      -2.396070363323E-003  8.856018885902E-004
 -0.582849861102      -9.726043971134E-002  -2.16000000000       0.697369904071      -2.180627419594E-003  7.876752934936E-004
  -1.16569972220      -0.194520879423       -2.16000000000       0.704303939458      -6.048138122028E-003  2.038986164747E-003
  -1.74854958330      -0.291781319134       -2.16000000000       0.701908984230      -1.392032088060E-003  1.306439655577E-003
  -2.33139944441      -0.389041758845       -2.16000000000       0.697646186617       6.542332076741E-004  6.549035054624E-004
  -2.91424930551      -0.486302198557       -2.16000000000       0.712593358479       9.103314482500E-003  6.152752093467E-003
  -3.49709916661      -0.583562638268       -2.16000000000       0.740657274400       8.732288697372E-003  1.882158873004E-003
  -4.07994902771      -0.680823077979       -2.16000000000       0.750911681590      -1.772755347155E-002  1.511051863597E-004
  -4.66279888881      -0.778083517691       -2.16000000000       0.755274618602      -3.221802008797E-002 -5.051953993638E-002
  -5.24564874991      -0.875343957402       -2.16000000000       0.725789345729      -3.426585790105E-002 -9.788260407140E-002
  -5.82849861102      -0.972604397113       -2.16000000000       0.646501668544      -7.005159082001E-002 -0.177308325563     
  -6.41134847212       -1.06986483682       -2.16000000000       0.648523166328      -0.184002303424      -0.395735575812     
   0.00000000000        0.00000000000       -2.16000000000       0.698689893377      -2.396070363323E-003  8.856018885902E-004
 -0.519689034804      -0.281241641340       -2.16000000000       0.697347813923      -3.141074314420E-003  7.990143584573E-004
  -1.03937806961      -0.562483282680       -2.16000000000       0.704959640767      -8.914280589220E-003  2.252723605104E-003
  -1.55906710441      -0.843724924020       -2.16000000000       0.704087328518      -4.223618281236E-003  1.527717348070E-003
  -2.07875613922       -1.12496656536       -2.16000000000       0.703434355812       1.196352620442E-003  1.360966947000E-003
  -2.59844517402       -1.40620820670       -2.16000000000       0.737749493452       1.523701777448E-002  3.497514736762E-003
  -3.11813420882       -1.68744984804       -2.16000000000       0.734764241014       3.947960032421E-002  5.435352892876E-003
  -3.63782324363       -1.96869148938       -2.16000000000       0.722359921685       6.466192659862E-002  5.053252581838E-003
  -4.15751227843       -2.24993313072       -2.16000000000       0.697374279367       8.715818694147E-002  5.215310458610E-004
  -4.67720131323       -2.53117477206       -2.16000000000       0.671964836221       7.854664294223E-002 -1.291026422664E-002
  -5.19689034804       -2.81241641340       -2.16000000000       0.544237776309       7.402184712726E-002 -1.298988543285E-002
  -5.71657938284       -3.09365805474       -2.16000000000       0.424458848261       6.546697196674E-002 -5.012678656316E-003
   0.00000000000        0.00000000000       -2.16000000000       0.698689893377      -2.396070363323E-003  8.856018885902E-004
 -0.400211837779      -0.434745947216       -2.16000000000       0.696165906098      -3.023515744484E-003  5.613819054450E-004
 -0.800423675558      -0.869491894432       -2.16000000000       0.705686828042      -1.285382157457E-002  2.621265542334E-003
  -1.20063551334       -1.30423784165       -2.16000000000       0.706865016134      -7.950311709164E-003  2.261739550682E-003
  -1.60084735112       -1.73898378886       -2.16000000000       0.709413439315      -1.563853879486E-004  2.242206522110E-003
  -2.00105918889       -2.17372973608       -2.16000000000       0.749774465186      -1.989682762962E-002  3.637613480396E-003
  -2.40127102667       -2.60847568330       -2.16000000000       0.761976760996       2.771218867331E-002  8.748800876105E-003
  -2.80148286445       -3.04322163051       -2.16000000000       0.758562226758       7.930871546004E-002  9.219568995513E-003
  -3.20169470223       -3.47796757773       -2.16000000000       0.807847485899       0.167511824177       2.139253455371E-002
  -3.60190654001       -3.91271352494       -2.16000000000       0.860709171135       0.272611644686       2.881041960895E-002
  -4.00211837779       -4.34745947216       -2.16000000000       0.740885387963       0.396635204081       5.123603193624E-002
  -4.40233021557       -4.78220541938       -2.16000000000       0.531522481934       0.387049643918       6.569950215297E-002
   0.00000000000        0.00000000000       -2.16000000000       0.698689893377      -2.396070363323E-003  8.856018885902E-004
 -0.237365478204      -0.541138783933       -2.16000000000       0.693952258648      -1.840691004947E-003  1.005290979879E-004
 -0.474730956408       -1.08227756787       -2.16000000000       0.701523954285      -8.883217486998E-003  1.691396738518E-003
 -0.712096434612       -1.62341635180       -2.16000000000       0.709947046415      -1.075803042013E-002  3.255980132958E-003
 -0.949461912816       -2.16455513573       -2.16000000000       0.712420099281      -4.681908042868E-003  3.095947152291E-003
  -1.18682739102       -2.70569391966       -2.16000000000       0.766845981584      -2.175275303804E-002  8.317857778191E-003
  -1.42419286922       -3.24683270360       -2.16000000000       0.832594541503      -2.139761757324E-002  1.278199207486E-002
  -1.66155834743       -3.78797148753       -2.16000000000       0.911731230530      -0.150417545998       1.678797937097E-002
  -1.89892382563       -4.32911027146       -2.16000000000       0.918748734840      -0.278133801298       2.058676190867E-002
  -2.13628930384       -4.87024905539       -2.16000000000       0.922742724457      -0.812091346109       2.952627086941E-002
  -2.37365478204       -5.41138783933       -2.16000000000       0.608550648470      -0.858453947871       3.197755535678E-002
  -2.61102026024       -5.95252662326       -2.16000000000      -0.734881619965      -0.219172025941       3.677406745757E-002
   0.00000000000        0.00000000000       -2.16000000000       0.698689893377      -2.396070363323E-003  8.856018885902E-004
 -4.879688596092E-002 -0.588890836777       -2.16000000000       0.693657685565      -1.792052493199E-003  2.983369810609E-006
 -9.759377192185E-002  -1.17778167355       -2.16000000000       0.696370942636       5.643824647350E-004  3.966435218362E-004
 -0.146390657883       -1.76667251033       -2.16000000000       0.703552807068      -1.946562919386E-003  1.757067311665E-003
 -0.195187543844       -2.35556334711       -2.16000000000       0.711367661698      -1.002587044916E-002  3.450822134117E-003
 -0.243984429805       -2.94445418388       -2.16000000000       0.761317957399      -1.190814765525E-002  8.709086558191E-003
 -0.292781315766       -3.53334502066       -2.16000000000       0.697874089493       8.660452713797E-003  1.061786233695E-002
 -0.341578201726       -4.12223585744       -2.16000000000       0.617741747637      -3.735914566414E-002  1.306217597905E-002
 -0.390375087687       -4.71112669421       -2.16000000000       0.536934532443      -8.639180046383E-002  1.535404686145E-002
 -0.439171973648       -5.30001753099       -2.16000000000       0.427469665963      -0.117469598585       1.780417482252E-002
 -0.487968859609       -5.88890836777       -2.16000000000       0.280222865295      -0.124758352300       2.842139678542E-002
 -0.536765745570       -6.47779920454       -2.16000000000       0.184553970879      -0.102541170714       3.404076869268E-002
   0.00000000000        0.00000000000       -2.16000000000       0.698689893377      -2.396070363323E-003  8.856018885902E-004
  0.145059606038      -0.572827429873       -2.16000000000       0.694502723385      -2.045306051857E-003  2.393652393586E-004
  0.290119212075       -1.14565485975       -2.16000000000       0.697019512774       1.048084907589E-003  8.125944039135E-004
  0.435178818113       -1.71848228962       -2.16000000000       0.699497886754       1.411964579537E-003  9.919139240962E-004
  0.580238424151       -2.29130971949       -2.16000000000       0.700373029823      -2.849226746674E-003  1.171100745482E-003
  0.725298030189       -2.86413714937       -2.16000000000       0.778965213709       5.336160722059E-002  5.213169890585E-003
  0.870357636226       -3.43696457924       -2.16000000000       0.746060056659       8.088870246137E-002  9.460626656713E-003
   1.01541724226       -4.00979200911       -2.16000000000       0.701851718362       0.159397212513       1.018593877277E-002
   1.16047684830       -4.58261943899       -2.16000000000       0.646746047565       0.245461360463       1.079240174643E-002
   1.30553645434       -5.15544686886       -2.16000000000       0.490161139619       0.351555746985       1.375483831365E-002
   1.45059606038       -5.72827429873       -2.16000000000       0.225450124513       0.384338314686       1.412769329098E-002
   1.59565566642       -6.30110172861       -2.16000000000       2.067213689346E-002  0.245180860123       1.943244848725E-002
   0.00000000000        0.00000000000       -2.16000000000       0.698689893377      -2.396070363323E-003  8.856018885902E-004
  0.323196638891      -0.494689282610       -2.16000000000       0.695779455465      -2.247910136291E-003  5.812242596671E-004
  0.646393277781      -0.989378565219       -2.16000000000       0.697078336019      -2.091213122054E-005  1.186654075697E-003
  0.969589916672       -1.48406784783       -2.16000000000       0.699771440029      -1.992216253719E-003  1.399314810704E-003
   1.29278655556       -1.97875713044       -2.16000000000       0.699177382617      -2.473327379638E-003  8.692277786453E-004
   1.61598319445       -2.47344641305       -2.16000000000       0.766406641135       1.687737564339E-002  5.831730570599E-003
   1.93917983334       -2.96813569566       -2.16000000000       0.837446444167       3.029405852719E-002  5.067776899671E-003
   2.26237647223       -3.46282497827       -2.16000000000       0.919139595700       3.074086797428E-002  4.525421563382E-003
   2.58557311112       -3.95751426088       -2.16000000000        1.01932137817      -1.205837962811E-002  3.208034376187E-003
   2.90876975001       -4.45220354349       -2.16000000000        1.29249535416      -0.222569731721       1.106522293122E-003
   3.23196638891       -4.94689282610       -2.16000000000        1.23920505282       -1.05673815096       9.745961169678E-004
   3.55516302780       -5.44158210871       -2.16000000000       0.344528615531      -0.991647765404      -6.534262657226E-004
   0.00000000000        0.00000000000       -2.16000000000       0.698689893377      -2.396070363323E-003  8.856018885902E-004
  0.466310301007      -0.362943875680       -2.16000000000       0.697395815682      -2.564021114763E-003  9.171051116295E-004
  0.932620602014      -0.725887751361       -2.16000000000       0.695939394439      -1.816371879512E-003  1.315763841113E-003
   1.39893090302       -1.08883162704       -2.16000000000       0.699449077948      -2.114594846612E-003  2.038521973204E-003
   1.86524120403       -1.45177550272       -2.16000000000       0.694806146659      -4.747516532753E-003  1.400309143657E-003
   2.33155150503       -1.81471937840       -2.16000000000       0.730718647128      -7.626440107423E-004  3.725282367078E-003
   2.79786180604       -2.17766325408       -2.16000000000       0.724052922982      -4.062726891784E-002  1.324890694062E-003
   3.26417210705       -2.54060712976       -2.16000000000       0.722855506888      -8.733940845526E-002 -7.237367778140E-004
   3.73048240806       -2.90355100544       -2.16000000000       0.723273531549      -0.141737068357      -2.097795258080E-003
   4.19679270906       -3.26649488112       -2.16000000000       0.684074117025      -0.225036087049      -9.916608199634E-003
   4.66310301007       -3.62943875680       -2.16000000000       0.616167272610      -0.298237217762      -2.338542457689E-002
   5.12941331108       -3.99238263248       -2.16000000000       0.531923516462      -0.314936846095      -3.644422454653E-002
   0.00000000000        0.00000000000       -2.16000000000       0.698689893377      -2.396070363323E-003  8.856018885902E-004
  0.558892006459      -0.191867868166       -2.16000000000       0.699176646326      -2.959383457789E-003  1.210609893207E-003
   1.11778401292      -0.383735736333       -2.16000000000       0.699439739298      -2.623412005332E-003  1.895162230454E-003
   1.67667601938      -0.575603604499       -2.16000000000       0.699705639552      -2.284655330034E-003  2.579960364407E-003
   2.23556802584      -0.767471472666       -2.16000000000       0.690574997950      -4.144274898484E-003  1.445295831708E-003
   2.79446003230      -0.959339340832       -2.16000000000       0.673359184576      -6.968796202212E-003  3.296372552842E-003
   3.35335203876       -1.15120720900       -2.16000000000       0.647458893888      -3.616145923737E-002  5.112585795252E-004
   3.91224404522       -1.34307507716       -2.16000000000       0.623956607460      -5.441913289914E-002 -2.187389857953E-003
   4.47113605168       -1.53494294533       -2.16000000000       0.598989364124      -7.256626928077E-002 -3.649741865768E-003
   5.03002805814       -1.72681081350       -2.16000000000       0.556387632812      -8.785799014286E-002 -5.808497059664E-003
   5.58892006459       -1.91867868166       -2.16000000000       0.508565304903      -9.820647741302E-002 -7.542147567606E-003
   6.14781207105       -2.11054654983       -2.16000000000       0.458510488054      -0.103666442572      -3.379085486310E-003
   0.00000000000        0.00000000000       -2.16000000000       0.698689893377      -2.396070363323E-003  8.856018885902E-004
  0.590909090909        0.00000000000       -2.16000000000       0.701879572799      -2.448017538026E-003  1.513164825522E-003
   1.18181818182      -1.172487511250E-015  -2.16000000000       0.704593517771      -1.437327929487E-003  2.428802460726E-003
   1.77272727273        0.00000000000       -2.16000000000       0.700432590749      -3.568384366714E-004  2.088658903500E-003
   2.36363636364        0.00000000000       -2.16000000000       0.698515220029      -2.545735986230E-004  1.151658358365E-003
   2.95454545455        0.00000000000       -2.16000000000       0.658247004726       8.568922019393E-004  3.361399643086E-003
   3.54545454545        0.00000000000       -2.16000000000       0.630005499236      -9.375791442711E-003  5.555363193549E-004
   4.13636363636        0.00000000000       -2.16000000000       0.600745194315      -7.342226975428E-003 -1.645505644096E-003
   4.72727272727        0.00000000000       -2.16000000000       0.570877443619      -4.717931671756E-004 -3.257386782696E-003
   5.31818181818        0.00000000000       -2.16000000000       0.537109614715       1.538686541706E-003 -5.541881623336E-003
   5.90909090909        0.00000000000       -2.16000000000       0.503748048185      -2.208302218126E-003 -1.405235019618E-002
   6.50000000000        0.00000000000       -2.16000000000       0.468953570701       4.768417481660E-003 -1.855414798173E-002
