 12 20 1 1
 1 X [LENGU]
 2 Y [LENGU]
 3 Z [LENGU]
 4 Hx [FIELU]
 5 Hy [FIELU]
 6 Hz [FIELU]
 0
   0.00000000000        0.00000000000        70.0000000000        3.04410834676      -7.035710133248E-002 -5.965455773188E-003
  0.590909090909        0.00000000000        70.0000000000        3.04431409171      -6.428141589814E-002 -4.723704234951E-003
   1.18181818182        0.00000000000        70.0000000000        3.05073729887      -4.560921035834E-002 -2.447324069342E-003
   1.77272727273        0.00000000000        70.0000000000        3.06408384236      -2.986309341037E-002  6.263393841165E-004
   2.36363636364        0.00000000000        70.0000000000        3.07897422787      -1.394307972028E-002  3.785576025043E-003
   2.95454545455        0.00000000000        70.0000000000        3.13658326304      -3.675566329586E-003  1.102205440344E-002
   3.54545454545        0.00000000000        70.0000000000        3.01676801219      -1.748117129463E-004  1.022931289567E-002
   4.13636363636        0.00000000000        70.0000000000        2.89694165571       6.839187027629E-004  9.092629798873E-003
   4.72727272727        0.00000000000        70.0000000000        2.78523071334      -4.972426444170E-004  7.848561644946E-003
   5.31818181818        0.00000000000        70.0000000000        2.63841730590      -6.535922688069E-003  9.490382577402E-003
   5.90909090909        0.00000000000        70.0000000000        2.49543134879      -6.715114488664E-003  8.334478973523E-003
   6.50000000000        0.00000000000        70.0000000000        2.35244539168      -6.894306289260E-003  7.178575369644E-003
   0.00000000000        0.00000000000        70.0000000000        3.04410834676      -7.035710133248E-002 -5.965455773188E-003
  0.558892006459       0.191867868166        70.0000000000        3.04688697796      -5.938953743768E-002 -4.264162882747E-003
   1.11778401292       0.383735736333        70.0000000000        3.05957678556      -3.733966444473E-002 -9.510598680780E-004
   1.67667601938       0.575603604499        70.0000000000        3.07614529126      -1.707650984831E-002  2.975625604646E-003
   2.23556802584       0.767471472666        70.0000000000        3.08720658074      -2.852189287742E-003  5.078858700373E-003
   2.79446003230       0.959339340832        70.0000000000        3.19806055253       6.683554304047E-002  8.951826051879E-003
   3.35335203876        1.15120720900        70.0000000000        3.11179031662       0.214186319655       1.121854254503E-002
   3.91224404522        1.34307507716        70.0000000000        3.03908348816       0.310724629628       1.217679514880E-002
   4.47113605168        1.53494294533        70.0000000000        2.95854742753       0.410184327842       1.231237477068E-002
   5.03002805814        1.72681081350        70.0000000000        2.66460208082       0.456997595940       1.056296806755E-002
   5.58892006459        1.91867868166        70.0000000000        2.42030836651       0.437947269839       1.941762799204E-002
   6.14781207105        2.11054654983        70.0000000000        2.19956064037       0.460182133494       4.440548308397E-002
   0.00000000000        0.00000000000        70.0000000000        3.04410834676      -7.035710133248E-002 -5.965455773188E-003
  0.466310301007       0.362943875680        70.0000000000        3.04858034378      -5.709027945512E-002 -4.086202288143E-003
  0.932620602014       0.725887751361        70.0000000000        3.06477279025      -3.348284668015E-002 -3.124208307408E-004
   1.39893090302        1.08883162704        70.0000000000        3.07709194630      -1.403604054886E-002  3.075192659518E-003
   1.86524120403        1.45177550272        70.0000000000        3.08465139158       1.388789857666E-003  5.814670468128E-003
   2.33155150503        1.81471937840        70.0000000000        3.44017703895       5.433190708319E-002  7.499309899313E-003
   2.79786180604        2.17766325408        70.0000000000        3.38652317443       0.253932338556       1.054857885653E-002
   3.26417210705        2.54060712976        70.0000000000        3.36116738970       0.421451892738       1.184366877102E-002
   3.73048240806        2.90355100544        70.0000000000        3.32323759813       0.820080401937       1.123789655955E-002
   4.19679270906        3.26649488112        70.0000000000        3.24793277170        1.23837701130      -1.784009037008E-002
   4.66310301007        3.62943875680        70.0000000000        3.06901031382        1.66677758011      -3.795193018649E-002
   5.12941331108        3.99238263248        70.0000000000        2.53291166072        1.62059245349      -3.284209420868E-002
   0.00000000000        0.00000000000        70.0000000000        3.04410834676      -7.035710133248E-002 -5.965455773188E-003
  0.323196638891       0.494689282610        70.0000000000        3.04921068670      -5.763280222954E-002 -4.209107242907E-003
  0.646393277781       0.989378565219        70.0000000000        3.06576224520      -3.445670311410E-002 -6.006134065314E-004
  0.969589916672        1.48406784783        70.0000000000        3.07572052140      -1.664149385000E-002  2.284921753489E-003
   1.29278655556        1.97875713044        70.0000000000        3.08258857418      -7.259297632877E-003  4.987209619254E-003
   1.61598319445        2.47344641305        70.0000000000        3.57348912941      -5.631723082963E-002  4.240814412546E-003
   1.93917983334        2.96813569566        70.0000000000        3.76722614516      -9.668142512092E-002  3.082529681400E-003
   2.26237647223        3.46282497827        70.0000000000        4.13324093764      -0.101924339104      -3.433072269699E-004
   2.58557311112        3.95751426088        70.0000000000        4.95129797939       0.116415154704      -2.142678999092E-003
   2.90876975001        4.45220354349        70.0000000000        6.03253396702       0.930980932974       8.375524383059E-003
   3.23196638891        4.94689282610        70.0000000000        5.64175603337        5.34491035208       3.801937207977E-003
   3.55516302780        5.44158210871        70.0000000000        1.76712560517        4.32044229875       3.492023116453E-004
   0.00000000000        0.00000000000        70.0000000000        3.04410834676      -7.035710133248E-002 -5.965455773188E-003
  0.145059606038       0.572827429873        70.0000000000        3.04870969929      -6.095831500023E-002 -4.619559088122E-003
  0.290119212075        1.14565485975        70.0000000000        3.06243792761      -4.015570129100E-002 -1.784407458094E-003
  0.435178818113        1.71848228962        70.0000000000        3.07217963174      -2.461052845877E-002  6.904510015435E-004
  0.580238424151        2.29130971949        70.0000000000        3.07968206821      -4.376096775035E-002  2.101687871320E-004
  0.725298030189        2.86413714937        70.0000000000        3.58712529832      -0.157659198357      -4.487103162441E-004
  0.870357636226        3.43696457924        70.0000000000        3.68101503435      -0.256859407632      -2.672518188914E-003
   1.01541724226        4.00979200911        70.0000000000        3.31025406467      -0.615196675041      -7.790478799440E-003
   1.16047684830        4.58261943899        70.0000000000        3.02206658924       -1.13840747426      -1.217561712052E-003
   1.30553645434        5.15544686886        70.0000000000        2.37193878368       -1.75190650277      -1.311266919808E-002
   1.45059606038        5.72827429873        70.0000000000        1.13001872820       -1.80071279016      -2.946189159256E-002
   1.59565566642        6.30110172861        70.0000000000       3.488831130738E-002  -1.29455028232      -1.524984274682E-002
   0.00000000000        0.00000000000        70.0000000000        3.04410834676      -7.035710133248E-002 -5.965455773188E-003
 -4.879688596092E-002  0.588890836777        70.0000000000        3.04713167131      -6.670644685783E-002 -5.273078997544E-003
 -9.759377192185E-002   1.17778167355        70.0000000000        3.05549260367      -5.009858242666E-002 -3.683560052581E-003
 -0.146390657883        1.76667251033        70.0000000000        3.06685298765      -3.707957582301E-002 -1.535433949583E-003
 -0.195187543844        2.35556334711        70.0000000000        3.07314576012      -6.678299199506E-002 -3.782157554759E-003
 -0.243984429805        2.94445418388        70.0000000000        3.59291604678       6.982120291099E-002 -8.245775060428E-003
 -0.292781315766        3.53334502066        70.0000000000        3.72514029010       0.204770748786      -2.808813279174E-003
 -0.341578201726        4.12223585744        70.0000000000        3.28703695535       0.217759976684      -3.021913989529E-003
 -0.390375087687        4.71112669421        70.0000000000        2.78059909671       0.396884228663      -1.045692264411E-003
 -0.439171973648        5.30001753099        70.0000000000        2.03596560671       0.485308451912       8.082512383775E-004
 -0.487968859609        5.88890836777        70.0000000000        1.34715390528       0.615394293582       5.851364734983E-003
 -0.536765745570        6.47779920454        70.0000000000       0.828586579508       0.557025930450       5.674232703988E-003
   0.00000000000        0.00000000000        70.0000000000        3.04410834676      -7.035710133248E-002 -5.965455773188E-003
 -0.237365478204       0.541138783933        70.0000000000        3.04815189225      -6.574753542592E-002 -5.509849551132E-003
 -0.474730956408        1.08227756787        70.0000000000        3.05219543773      -6.113796951937E-002 -5.054243329077E-003
 -0.712096434612        1.62341635180        70.0000000000        3.05640134183      -5.613427299434E-002 -4.571347960728E-003
 -0.949461912816        2.16455513573        70.0000000000        3.06341124016      -5.515552188270E-002 -4.341119477844E-003
  -1.18682739102        2.70569391966        70.0000000000        3.56923615906       0.116302125704      -9.528579357472E-003
  -1.42419286922        3.24683270360        70.0000000000        3.71048474075       0.334333661795      -5.656469573257E-003
  -1.66155834743        3.78797148753        70.0000000000        3.87367147553       0.583699552560      -1.846606935078E-003
  -1.89892382563        4.32911027146        70.0000000000        4.27219576293        1.24562267426       9.065412373918E-006
  -2.13628930384        4.87024905539        70.0000000000        5.15916888875        3.34824708455       7.513642264129E-004
  -2.37365478204        5.41138783933        70.0000000000        1.31386634685        5.36179435438       1.843551439422E-003
  -2.61102026024        5.95252662326        70.0000000000       -3.12713454037       0.974183943928       3.482759371097E-003
   0.00000000000        0.00000000000        70.0000000000        3.04410834676      -7.035710133248E-002 -5.965455773188E-003
 -0.400211837779       0.434745947216        70.0000000000        3.05061302818      -6.072657792242E-002 -5.480154710310E-003
 -0.800423675558       0.869491894432        70.0000000000        3.05711770959      -5.109605451236E-002 -4.994853647431E-003
  -1.20063551334        1.30423784165        70.0000000000        3.06362239100      -4.146553110231E-002 -4.509552584553E-003
  -1.60084735112        1.73898378886        70.0000000000        3.06806324766      -3.867617731851E-002 -3.640324119285E-003
  -2.00105918889        2.17372973608        70.0000000000        3.32552949586       0.218756743988      -2.858468719644E-003
  -2.40127102667        2.60847568330        70.0000000000        3.63684205020      -0.159778886767      -1.283717203105E-002
  -2.80148286445        3.04322163051        70.0000000000        3.70279550517      -0.389400893258      -1.179872605585E-002
  -3.20169470223        3.47796757773        70.0000000000        3.95487384293      -0.727296302082      -1.837498156148E-002
  -3.60190654001        3.91271352494        70.0000000000        4.03470520299       -1.51756218663      -1.645644301784E-003
  -4.00211837779        4.34745947216        70.0000000000        3.76326658219       -2.35215422382       1.001107215012E-002
  -4.40233021557        4.78220541938        70.0000000000        3.01435255370       -2.36432132395       8.288251899687E-003
   0.00000000000        0.00000000000        70.0000000000        3.04410834676      -7.035710133248E-002 -5.965455773188E-003
 -0.519689034804       0.281241641340        70.0000000000        3.05613277970      -5.231618533837E-002 -4.877125452581E-003
  -1.03937806961       0.562483282680        70.0000000000        3.07281703041      -2.878643711114E-002 -3.013799986110E-003
  -1.55906710441       0.843724924020        70.0000000000        3.08528963091      -1.139554919465E-002 -1.656710422943E-003
  -2.07875613922        1.12496656536        70.0000000000        3.08211635195      -1.974608941539E-002 -2.361313592836E-003
  -2.59844517402        1.40620820670        70.0000000000        3.30228663017      -7.139989890591E-002 -1.076055524595E-002
  -3.11813420882        1.68744984804        70.0000000000        3.19563024096      -0.254475558967      -6.949314482733E-003
  -3.63782324363        1.96869148938        70.0000000000        3.08897385175      -0.437551219029      -3.138073719515E-003
  -4.15751227843        2.24993313072        70.0000000000        2.98231746254      -0.620626879090       6.731670437034E-004
  -4.67720131323        2.53117477206        70.0000000000        2.87046292670      -0.751181187128       2.395746349161E-003
  -5.19689034804        2.81241641340        70.0000000000        2.55991573590      -0.946905952119       8.830399578569E-003
  -5.71657938284        3.09365805474        70.0000000000        2.24583503899       -1.14154404267      -1.889986251182E-003
   0.00000000000        0.00000000000        70.0000000000        3.04410834676      -7.035710133248E-002 -5.965455773188E-003
 -0.582849861102       9.726043971134E-002   70.0000000000        3.06566995939      -3.959379614432E-002 -3.507163819945E-003
  -1.16569972220       0.194520879423        70.0000000000        3.09253704826      -5.608571555841E-003 -2.110819247381E-004
  -1.74854958330       0.291781319134        70.0000000000        3.10441511392       7.997265530287E-003  1.290115709669E-003
  -2.33139944441       0.389041758845        70.0000000000        3.11200482361       1.451661631115E-002  1.841789111622E-003
  -2.91424930551       0.486302198557        70.0000000000        3.13027529372      -6.249486463413E-002 -1.040164185357E-002
  -3.49709916661       0.583562638268        70.0000000000        3.00664857154      -0.115985315566      -9.349121609437E-003
  -4.07994902771       0.680823077979        70.0000000000        2.88302184936      -0.169475766497      -8.296601365307E-003
  -4.66279888881       0.778083517691        70.0000000000        2.75839229171      -0.197740501992      -8.494704364968E-003
  -5.24564874991       0.875343957402        70.0000000000        2.60903422749      -0.191522475149      -9.306879181555E-003
  -5.82849861102       0.972604397113        70.0000000000        2.44845712733      -0.191712781176      -9.456734948526E-003
  -6.41134847212        1.06986483682        70.0000000000        2.26191349205      -0.188302421888      -1.061503568613E-002
   0.00000000000        0.00000000000        70.0000000000        3.04410834676      -7.035710133248E-002 -5.965455773188E-003
 -0.582849861102      -9.726043971134E-002   70.0000000000        3.07247350757      -3.117861177040E-002 -2.477088161943E-003
  -1.16569972220      -0.194520879423        70.0000000000        3.10781839889      -6.441310859229E-003  1.957487376854E-003
  -1.74854958330      -0.291781319134        70.0000000000        3.11858264034       3.252192205780E-003  3.348973124903E-003
  -2.33139944441      -0.389041758845        70.0000000000        3.12886416761       2.510244076451E-002  4.705612131750E-003
  -2.91424930551      -0.486302198557        70.0000000000        3.14477764919       4.157873252801E-002 -5.123701325603E-003
  -3.49709916661      -0.583562638268        70.0000000000        3.02854500833       9.225153579574E-002 -5.111757308226E-003
  -4.07994902771      -0.680823077979        70.0000000000        2.91103369626       0.114307449390      -5.595887056029E-003
  -4.66279888881      -0.778083517691        70.0000000000        2.78313509765       0.150942273932      -6.279680211740E-003
  -5.24564874991      -0.875343957402        70.0000000000        2.65153111106       0.181768108922      -6.598735135053E-003
  -5.82849861102      -0.972604397113        70.0000000000        2.49515602581       0.210402391262      -8.838135868708E-003
  -6.41134847212       -1.06986483682        70.0000000000        2.25975947730       0.216460115300      -1.539923149071E-002
   0.00000000000        0.00000000000        70.0000000000        3.04410834676      -7.035710133248E-002 -5.965455773188E-003
 -0.519689034804      -0.281241641340        70.0000000000        3.07737236254      -3.348151992768E-002 -1.746198458233E-003
  -1.03937806961      -0.562483282680        70.0000000000        3.11516159958      -1.319127029300E-002  2.481107231709E-003
  -1.55906710441      -0.843724924020        70.0000000000        3.13123859277      -4.428742000256E-003  4.119824166152E-003
  -2.07875613922       -1.12496656536        70.0000000000        3.13838856195       1.617652865857E-002  6.323694525321E-003
  -2.59844517402       -1.40620820670        70.0000000000        3.29811716549       7.123507259789E-002 -2.998999437344E-003
  -3.11813420882       -1.68744984804        70.0000000000        3.20064384904       0.165422885746      -2.460272830626E-003
  -3.63782324363       -1.96869148938        70.0000000000        3.08579848700       0.334993771217       1.547924169123E-004
  -4.15751227843       -2.24993313072        70.0000000000        2.97884295339       0.511799337346       2.734497488065E-003
  -4.67720131323       -2.53117477206        70.0000000000        2.85304078639       0.740917315207       2.320138130881E-003
  -5.19689034804       -2.81241641340        70.0000000000        2.54931573340       0.928316663736      -1.660310047206E-002
  -5.71657938284       -3.09365805474        70.0000000000        2.09057711591        1.11742335406      -4.030955940761E-002
   0.00000000000        0.00000000000        70.0000000000        3.04410834676      -7.035710133248E-002 -5.965455773188E-003
 -0.400211837779      -0.434745947216        70.0000000000        3.07760903682      -3.843527945557E-002 -1.610252352588E-003
 -0.800423675558      -0.869491894432        70.0000000000        3.12310505022      -1.616011900310E-002  2.622650435869E-003
  -1.20063551334       -1.30423784165        70.0000000000        3.13859069073      -1.656641117528E-002  3.685804736546E-003
  -1.60084735112       -1.73898378886        70.0000000000        3.14280183043      -2.315327625006E-003  4.471129089952E-003
  -2.00105918889       -2.17372973608        70.0000000000        3.39393365187      -5.792033460688E-002 -3.381597954196E-003
  -2.40127102667       -2.60847568330        70.0000000000        3.73199113647       0.236918262608      -5.720910020116E-004
  -2.80148286445       -3.04322163051        70.0000000000        3.89347494664       0.510288760610      -3.890533922571E-004
  -3.20169470223       -3.47796757773        70.0000000000        4.05266363907       0.745102563920       2.860081044717E-004
  -3.60190654001       -3.91271352494        70.0000000000        4.04976844102        1.51175072956       1.659810914666E-002
  -4.00211837779       -4.34745947216        70.0000000000        3.68089341784        2.24864225259       7.514160469285E-002
  -4.40233021557       -4.78220541938        70.0000000000        3.19498465403        2.41046468743       7.998746857984E-003
   0.00000000000        0.00000000000        70.0000000000        3.04410834676      -7.035710133248E-002 -5.965455773188E-003
 -0.237365478204      -0.541138783933        70.0000000000        3.07315788306      -4.550307364375E-002 -2.083981714973E-003
 -0.474730956408       -1.08227756787        70.0000000000        3.10074234382      -0.105532037264       8.972889813631E-004
 -0.712096434612       -1.62341635180        70.0000000000        3.12888867571      -6.968051544577E-002  2.105953917279E-003
 -0.949461912816       -2.16455513573        70.0000000000        3.10941599818      -0.188360588488      -5.550607215293E-003
  -1.18682739102       -2.70569391966        70.0000000000        3.52185980762      -0.103750039597      -1.013437129336E-003
  -1.42419286922       -3.24683270360        70.0000000000        3.65953063710      -0.174895874519      -3.935774896288E-003
  -1.66155834743       -3.78797148753        70.0000000000        3.80911843411      -0.595240997297      -2.255251551994E-003
  -1.89892382563       -4.32911027146        70.0000000000        4.16242358153       -1.01193608721       6.078988206338E-004
  -2.13628930384       -4.87024905539        70.0000000000        4.91431539761       -3.30139730594      -8.714236873923E-004
  -2.37365478204       -5.41138783933        70.0000000000       0.406220446433       -8.02232061674      -2.697385336758E-003
  -2.61102026024       -5.95252662326        70.0000000000       -2.99802087878      -0.953917869887      -4.147355808249E-003
   0.00000000000        0.00000000000        70.0000000000        3.04410834676      -7.035710133248E-002 -5.965455773188E-003
 -4.879688596092E-002 -0.588890836777        70.0000000000        3.06450125286      -5.391899732378E-002 -3.116050618308E-003
 -9.759377192185E-002  -1.17778167355        70.0000000000        3.05448725001      -0.258022737885      -2.299417778045E-003
 -0.146390657883       -1.76667251033        70.0000000000        3.06216796881      -0.277848615652      -2.119438285772E-003
 -0.195187543844       -2.35556334711        70.0000000000        3.06758869153      -0.397476117052      -2.014826333124E-002
 -0.243984429805       -2.94445418388        70.0000000000        3.53636800368      -5.067205933924E-002 -9.458382428398E-004
 -0.292781315766       -3.53334502066        70.0000000000        3.53786952898       4.674412240593E-002 -2.928160048073E-003
 -0.341578201726       -4.12223585744        70.0000000000        3.22678880253      -0.212342074381      -2.451760247663E-003
 -0.390375087687       -4.71112669421        70.0000000000        2.70091320310      -0.301695365734      -2.805873712500E-003
 -0.439171973648       -5.30001753099        70.0000000000        2.01225077840      -0.502302367352       9.673818197994E-003
 -0.487968859609       -5.88890836777        70.0000000000        1.32109597095      -0.629985948205       9.658025261343E-003
 -0.536765745570       -6.47779920454        70.0000000000       0.752120371276      -0.438375320536       1.790448848225E-002
   0.00000000000        0.00000000000        70.0000000000        3.04410834676      -7.035710133248E-002 -5.965455773188E-003
  0.145059606038      -0.572827429873        70.0000000000        3.05257722640      -6.277105457843E-002 -4.594618382716E-003
  0.290119212075       -1.14565485975        70.0000000000        3.01909141948      -0.334634300900      -4.285737765250E-003
  0.435178818113       -1.71848228962        70.0000000000        2.99503634878      -0.341265649902      -1.855385415924E-003
  0.580238424151       -2.29130971949        70.0000000000        3.02885052323      -0.252446426680      -7.844080473183E-003
  0.725298030189       -2.86413714937        70.0000000000        3.64114694071       7.854601540896E-002 -2.676940708983E-003
  0.870357636226       -3.43696457924        70.0000000000        3.58870366083       0.429179314885       4.734778695885E-003
   1.01541724226       -4.00979200911        70.0000000000        3.58478905405       0.776538424789      -1.411782008144E-003
   1.16047684830       -4.58261943899        70.0000000000        3.18525756841       0.955720596001      -2.227822997297E-003
   1.30553645434       -5.15544686886        70.0000000000        2.30742867521        1.69592069696      -3.280236244537E-003
   1.45059606038       -5.72827429873        70.0000000000        1.11168192695        1.79409859905       1.020442383112E-002
   1.59565566642       -6.30110172861        70.0000000000       0.114042541473        1.33861074435       5.757964481314E-003
   0.00000000000        0.00000000000        70.0000000000        3.04410834676      -7.035710133248E-002 -5.965455773188E-003
  0.323196638891      -0.494689282610        70.0000000000        3.04007994136      -7.602236774749E-002 -6.223106473978E-003
  0.646393277781      -0.989378565219        70.0000000000        3.04731214660      -0.131714901529      -4.753153063134E-003
  0.969589916672       -1.48406784783        70.0000000000        3.01933275043      -0.185866254632      -4.397536346077E-003
   1.29278655556       -1.97875713044        70.0000000000        3.00934238541      -8.084788572826E-002 -3.732289055539E-003
   1.61598319445       -2.47344641305        70.0000000000        3.61409875747       8.961598111799E-003  1.274148830967E-002
   1.93917983334       -2.96813569566        70.0000000000        3.79953886551      -0.204248748488       8.454270383566E-003
   2.26237647223       -3.46282497827        70.0000000000        3.94629780235      -0.237439286996       4.029573525043E-003
   2.58557311112       -3.95751426088        70.0000000000        4.70317530823      -3.607939540229E-002  3.732077805821E-003
   2.90876975001       -4.45220354349        70.0000000000        6.07416977599       -1.07016271100       1.576434382357E-002
   3.23196638891       -4.94689282610        70.0000000000        5.97114452515       -4.68150395190       2.538016729108E-002
   3.55516302780       -5.44158210871        70.0000000000        1.97624668215       -4.46348224492       3.280490432106E-002
   0.00000000000        0.00000000000        70.0000000000        3.04410834676      -7.035710133248E-002 -5.965455773188E-003
  0.466310301007      -0.362943875680        70.0000000000        3.03771010257      -7.949908559482E-002 -6.263218257019E-003
  0.932620602014      -0.725887751361        70.0000000000        3.03741822161      -7.605078320015E-002 -5.711299596793E-003
   1.39893090302       -1.08883162704        70.0000000000        3.03968986340      -7.261701270339E-002 -4.904003437932E-003
   1.86524120403       -1.45177550272        70.0000000000        3.02174687724      -5.235509190884E-002 -7.324716446544E-004
   2.33155150503       -1.81471937840        70.0000000000        3.49238472325      -5.382602301916E-002  1.413190987353E-002
   2.79786180604       -2.17766325408        70.0000000000        3.56021347166      -0.248448326709       1.251095550808E-002
   3.26417210705       -2.54060712976        70.0000000000        3.52363028851      -0.449164496347       1.385450903972E-002
   3.73048240806       -2.90355100544        70.0000000000        3.39759235831      -0.711888631098       1.748073504212E-002
   4.19679270906       -3.26649488112        70.0000000000        3.28838726791       -1.24855807603       2.898074657215E-002
   4.66310301007       -3.62943875680        70.0000000000        3.04098620577       -1.60880035703       4.098962945194E-002
   5.12941331108       -3.99238263248        70.0000000000        2.50688716930       -1.66290084182       4.580034062305E-002
   0.00000000000        0.00000000000        70.0000000000        3.04410834676      -7.035710133248E-002 -5.965455773188E-003
  0.558892006459      -0.191867868166        70.0000000000        3.04114049717      -7.123580390000E-002 -5.415027908723E-003
   1.11778401292      -0.383735736333        70.0000000000        3.04351025540      -5.915729651100E-002 -3.967457874939E-003
   1.67667601938      -0.575603604499        70.0000000000        3.05111905827      -4.957936014598E-002 -2.843333271561E-003
   2.23556802584      -0.767471472666        70.0000000000        3.05167856931      -3.335623057242E-002  6.536733053775E-004
   2.79446003230      -0.959339340832        70.0000000000        3.20876612487      -8.551794001036E-002  1.151166339744E-002
   3.35335203876       -1.15120720900        70.0000000000        3.11458489631      -0.154448747556       1.580620914813E-002
   3.91224404522       -1.34307507716        70.0000000000        3.19631730753      -0.214057347930       1.102992871079E-002
   4.47113605168       -1.53494294533        70.0000000000        3.04345404392      -0.430875877765       1.344977987171E-002
   5.03002805814       -1.72681081350        70.0000000000        2.69346628808      -0.445817649087       8.718208500475E-003
   5.58892006459       -1.91867868166        70.0000000000        2.45826439155      -0.433746529233       2.184082061405E-002
   6.14781207105       -2.11054654983        70.0000000000        2.18186309802      -0.432205632109       1.327805268635E-002
   0.00000000000        0.00000000000        70.0000000000        3.04410834676      -7.035710133248E-002 -5.965455773188E-003
  0.590909090909        0.00000000000        70.0000000000        3.04431409171      -6.428141589814E-002 -4.723704234951E-003
   1.18181818182      -1.172487511250E-015   70.0000000000        3.05073729887      -4.560921035834E-002 -2.447324069342E-003
   1.77272727273        0.00000000000        70.0000000000        3.06408384236      -2.986309341037E-002  6.263393841165E-004
   2.36363636364        0.00000000000        70.0000000000        3.07897422787      -1.394307972028E-002  3.785576025043E-003
   2.95454545455        0.00000000000        70.0000000000        3.13658326304      -3.675566329586E-003  1.102205440344E-002
   3.54545454545        0.00000000000        70.0000000000        3.01676801219      -1.748117129463E-004  1.022931289567E-002
   4.13636363636        0.00000000000        70.0000000000        2.89694165571       6.839187027629E-004  9.092629798873E-003
   4.72727272727        0.00000000000        70.0000000000        2.78523071334      -4.972426444170E-004  7.848561644946E-003
   5.31818181818        0.00000000000        70.0000000000        2.63841730590      -6.535922688069E-003  9.490382577402E-003
   5.90909090909        0.00000000000        70.0000000000        2.49543134879      -6.715114488664E-003  8.334478973523E-003
   6.50000000000        0.00000000000        70.0000000000        2.35244539168      -6.894306289260E-003  7.178575369644E-003
