 12 20 1 1
 1 X [LENGU]
 2 Y [LENGU]
 3 Z [LENGU]
 4 Hx [FIELU]
 5 Hy [FIELU]
 6 Hz [FIELU]
 0
   0.00000000000        0.00000000000       -97.2000000000        3.34971743335      -0.156255713874      -1.807473084811E-002
  0.590909090909        0.00000000000       -97.2000000000        3.35184874049      -0.145593161830      -1.815384952905E-002
   1.18181818182        0.00000000000       -97.2000000000        3.35488815939      -0.139910709949      -1.822019399922E-002
   1.77272727273        0.00000000000       -97.2000000000        3.35391898035      -0.133149616972      -1.641019179904E-002
   2.36363636364        0.00000000000       -97.2000000000        3.35452413653      -0.113204276161      -1.124813877545E-002
   2.95454545455        0.00000000000       -97.2000000000        2.84371601659      -4.554962337219E-002 -0.123883155684     
   3.54545454545        0.00000000000       -97.2000000000        2.71265256963       3.233250397260E-003 -8.580995557227E-002
   4.13636363636        0.00000000000       -97.2000000000        2.60291307551      -2.299294593636E-004 -5.035564750026E-002
   4.72727272727        0.00000000000       -97.2000000000        2.50916576113      -1.599536639731E-002 -1.780939213257E-002
   5.31818181818        0.00000000000       -97.2000000000        2.32378893206      -3.573643768467E-002 -7.425263568498E-003
   5.90909090909        0.00000000000       -97.2000000000        2.21055092285      -2.344371607843E-002 -2.319563127176E-003
   6.50000000000        0.00000000000       -97.2000000000        2.09731291364      -1.115099447218E-002  2.786137314147E-003
   0.00000000000        0.00000000000       -97.2000000000        3.34971743335      -0.156255713874      -1.807473084811E-002
  0.558892006459       0.191867868166       -97.2000000000        3.35538189511      -0.175174355870      -2.151316844763E-002
   1.11778401292       0.383735736333       -97.2000000000        3.36086998121      -0.189181916550      -2.505114875628E-002
   1.67667601938       0.575603604499       -97.2000000000        3.34582801888      -0.161400842189      -2.206528360290E-002
   2.23556802584       0.767471472666       -97.2000000000        3.34118648131      -0.118692690988      -1.519010606882E-002
   2.79446003230       0.959339340832       -97.2000000000        2.99108981988      -7.635710934734E-002 -0.126100693481     
   3.35335203876        1.15120720900       -97.2000000000        2.85779074027       8.127410843688E-002 -9.722092474763E-002
   3.91224404522        1.34307507716       -97.2000000000        2.74103861960       0.167811196315      -5.977156514490E-002
   4.47113605168        1.53494294533       -97.2000000000        2.68352804649       0.269377533805      -2.735272083142E-002
   5.03002805814        1.72681081350       -97.2000000000        2.42405797307       0.336997542232      -2.023249284419E-002
   5.58892006459        1.91867868166       -97.2000000000        2.19978460468       0.364279309690      -2.631006634257E-002
   6.14781207105        2.11054654983       -97.2000000000        2.00903390783       0.400255002477      -2.181670299390E-002
   0.00000000000        0.00000000000       -97.2000000000        3.34971743335      -0.156255713874      -1.807473084811E-002
  0.466310301007       0.362943875680       -97.2000000000        3.36330408804      -0.207612025804      -2.603318701538E-002
  0.932620602014       0.725887751361       -97.2000000000        3.36175985420      -0.222520001758      -2.902256129779E-002
   1.39893090302        1.08883162704       -97.2000000000        3.35417507196      -0.209205788867      -2.782114591231E-002
   1.86524120403        1.45177550272       -97.2000000000        3.34568435988      -0.139820917812      -1.853163150705E-002
   2.33155150503        1.81471937840       -97.2000000000        3.38715476242      -0.164882437266      -0.116656223602     
   2.79786180604        2.17766325408       -97.2000000000        3.50554942094      -4.125768361146E-003 -4.770240684377E-002
   3.26417210705        2.54060712976       -97.2000000000        3.25796768330       0.504837047965      -2.793200201823E-002
   3.73048240806        2.90355100544       -97.2000000000        3.42836551080       0.727355016876      -9.043905198777E-003
   4.19679270906        3.26649488112       -97.2000000000        3.22895329475       0.942507825229      -2.569527366394E-003
   4.66310301007        3.62943875680       -97.2000000000        2.86548867484        1.51309158506       5.436388335008E-002
   5.12941331108        3.99238263248       -97.2000000000        2.42781303608        1.69923637764       3.462027518712E-002
   0.00000000000        0.00000000000       -97.2000000000        3.34971743335      -0.156255713874      -1.807473084811E-002
  0.323196638891       0.494689282610       -97.2000000000        3.37575140608      -0.206578502810      -2.485996992269E-002
  0.646393277781       0.989378565219       -97.2000000000        3.34972546013      -0.199441162938      -2.304293695235E-002
  0.969589916672        1.48406784783       -97.2000000000        3.33233338553      -0.177584025554      -1.926105191916E-002
   1.29278655556        1.97875713044       -97.2000000000        3.35980569464      -0.171724290261      -2.156458023584E-002
   1.61598319445        2.47344641305       -97.2000000000        3.56856261908      -0.221299351571      -9.615608773763E-002
   1.93917983334        2.96813569566       -97.2000000000        3.90295685609      -0.370473060910      -6.855963469186E-002
   2.26237647223        3.46282497827       -97.2000000000        4.02102338351      -0.420454295834      -1.870178244923E-002
   2.58557311112        3.95751426088       -97.2000000000        4.98257473825      -0.218137055455      -1.408150686622E-002
   2.90876975001        4.45220354349       -97.2000000000        6.05977297297       0.926875857726      -6.474854209440E-004
   3.23196638891        4.94689282610       -97.2000000000        5.77886253257        5.03458911979       1.630744868522E-002
   3.55516302780        5.44158210871       -97.2000000000        1.64821851318        4.25650902212       3.843327534289E-002
   0.00000000000        0.00000000000       -97.2000000000        3.34971743335      -0.156255713874      -1.807473084811E-002
  0.145059606038       0.572827429873       -97.2000000000        3.38100908882      -0.181568329436      -1.965935748830E-002
  0.290119212075        1.14565485975       -97.2000000000        3.34802465758      -0.158864671572      -1.414655941110E-002
  0.435178818113        1.71848228962       -97.2000000000        3.31504022633      -0.136161013708      -8.633761333914E-003
  0.580238424151        2.29130971949       -97.2000000000        3.34234309855      -0.142714367158      -1.330794196730E-002
  0.725298030189        2.86413714937       -97.2000000000        3.58369307528      -0.402190127408       7.072229728074E-003
  0.870357636226        3.43696457924       -97.2000000000        3.67699324866      -0.192067253779      -2.197220993705E-002
   1.01541724226        4.00979200911       -97.2000000000        3.23786355901      -0.602807871775      -6.984072467285E-004
   1.16047684830        4.58261943899       -97.2000000000        3.02800150169       -1.14947785702       7.482290844591E-004
   1.30553645434        5.15544686886       -97.2000000000        2.26206230347       -1.70855009446      -8.062134934824E-004
   1.45059606038        5.72827429873       -97.2000000000        1.06621524995       -1.86557941313       1.337042319248E-002
   1.59565566642        6.30110172861       -97.2000000000       0.118121153712       -1.26235802442       2.111311825149E-002
   0.00000000000        0.00000000000       -97.2000000000        3.34971743335      -0.156255713874      -1.807473084811E-002
 -4.879688596092E-002  0.588890836777       -97.2000000000        3.37342316575      -0.165417684873      -1.427779149327E-002
 -9.759377192185E-002   1.17778167355       -97.2000000000        3.33285281144      -0.126563382446      -3.383427421055E-003
 -0.146390657883        1.76667251033       -97.2000000000        3.29515015106      -9.216260360644E-002  5.487202050795E-003
 -0.195187543844        2.35556334711       -97.2000000000        3.32381902780      -9.559863886775E-002  3.178369525055E-003
 -0.243984429805        2.94445418388       -97.2000000000        3.60488494128       8.119862919956E-002  2.920812191750E-002
 -0.292781315766        3.53334502066       -97.2000000000        3.31656378985       0.243964671370       4.604082233883E-003
 -0.341578201726        4.12223585744       -97.2000000000        2.97454810987       0.114523090060       1.312741726254E-002
 -0.390375087687        4.71112669421       -97.2000000000        2.78983903178       0.406862474865       1.489046246358E-002
 -0.439171973648        5.30001753099       -97.2000000000        1.98660574462       0.514984081590       1.052293167534E-002
 -0.487968859609        5.88890836777       -97.2000000000        1.26610036426       0.592865751079      -6.790376557517E-003
 -0.536765745570        6.47779920454       -97.2000000000       0.886362207551       0.620078490741      -3.578078428775E-003
   0.00000000000        0.00000000000       -97.2000000000        3.34971743335      -0.156255713874      -1.807473084811E-002
 -0.237365478204       0.541138783933       -97.2000000000        3.37023367009      -0.153477506864      -1.007679888895E-002
 -0.474730956408        1.08227756787       -97.2000000000        3.32876653850      -0.106154306122       3.403746325399E-003
 -0.712096434612        1.62341635180       -97.2000000000        3.30670978375      -0.103331288113       3.096788112671E-003
 -0.949461912816        2.16455513573       -97.2000000000        3.31497470963      -0.132896618270      -2.141671340781E-003
  -1.18682739102        2.70569391966       -97.2000000000        3.58348534240       0.221118347502       7.713209045322E-002
  -1.42419286922        3.24683270360       -97.2000000000        3.84418715074       0.290348658135       1.820558355118E-002
  -1.66155834743        3.78797148753       -97.2000000000        3.84756702183       0.309872375751       2.482194513564E-002
  -1.89892382563        4.32911027146       -97.2000000000        4.18109934422        1.28749125249       1.751913584857E-002
  -2.13628930384        4.87024905539       -97.2000000000        4.94988699830        3.37735431439       1.035939687625E-002
  -2.37365478204        5.41138783933       -97.2000000000        1.17219870340        8.28485884707       1.120667476544E-002
  -2.61102026024        5.95252662326       -97.2000000000       -3.22705352902        1.03362598562       1.129372027676E-002
   0.00000000000        0.00000000000       -97.2000000000        3.34971743335      -0.156255713874      -1.807473084811E-002
 -0.400211837779       0.434745947216       -97.2000000000        3.37158661137      -0.157850941580      -1.246631537835E-002
 -0.800423675558       0.869491894432       -97.2000000000        3.33902032745      -0.104106090157       3.499140525093E-003
  -1.20063551334        1.30423784165       -97.2000000000        3.32287576850      -0.107537689794       2.052395929690E-003
  -1.60084735112        1.73898378886       -97.2000000000        3.31997025226      -0.143017787710      -6.203821792892E-003
  -2.00105918889        2.17372973608       -97.2000000000        3.34352612485       0.495184688826       3.205312527798E-002
  -2.40127102667        2.60847568330       -97.2000000000        3.65950089464       0.165362227538       5.876298719306E-002
  -2.80148286445        3.04322163051       -97.2000000000        3.69272766796       3.278382324321E-002  2.987313017709E-002
  -3.20169470223        3.47796757773       -97.2000000000        3.90818399852      -0.391557556492       1.971420739846E-002
  -3.60190654001        3.91271352494       -97.2000000000        3.96966278114       -1.43904868395       2.184346862087E-002
  -4.00211837779        4.34745947216       -97.2000000000        3.66001326827       -2.14895189878      -5.002298144949E-003
  -4.40233021557        4.78220541938       -97.2000000000        2.90002456543       -2.32938727890       2.594037195827E-003
   0.00000000000        0.00000000000       -97.2000000000        3.34971743335      -0.156255713874      -1.807473084811E-002
 -0.519689034804       0.281241641340       -97.2000000000        3.36359725664      -0.178493017462      -1.825754011422E-002
  -1.03937806961       0.562483282680       -97.2000000000        3.35047940190      -0.112806083748       6.057751892937E-004
  -1.55906710441       0.843724924020       -97.2000000000        3.33606792757      -0.110478653073      -1.314192493432E-003
  -2.07875613922        1.12496656536       -97.2000000000        3.32533905852      -0.139503741804      -1.047614914385E-002
  -2.59844517402        1.40620820670       -97.2000000000        3.12730048483       5.971467867511E-002  0.106291535781     
  -3.11813420882        1.68744984804       -97.2000000000        3.01239503259      -5.731411065147E-002  6.191832592223E-002
  -3.63782324363        1.96869148938       -97.2000000000        2.91433426812      -0.258781931285       3.971001329358E-002
  -4.15751227843        2.24993313072       -97.2000000000        2.83542171892      -0.486872300115       3.219810900349E-002
  -4.67720131323        2.53117477206       -97.2000000000        2.68264411873      -0.604588859844       3.359849976214E-002
  -5.19689034804        2.81241641340       -97.2000000000        2.40557458655      -0.845568975056       3.383439590279E-002
  -5.71657938284        3.09365805474       -97.2000000000        2.11156192716      -0.943892820147       2.396476305205E-002
   0.00000000000        0.00000000000       -97.2000000000        3.34971743335      -0.156255713874      -1.807473084811E-002
 -0.582849861102       9.726043971134E-002  -97.2000000000        3.34734166896      -0.179392880295      -1.905105910714E-002
  -1.16569972220       0.194520879423       -97.2000000000        3.36116990187      -0.141096769518      -9.442598230882E-003
  -1.74854958330       0.291781319134       -97.2000000000        3.34848771967      -0.119189041302      -6.951411334134E-003
  -2.33139944441       0.389041758845       -97.2000000000        3.33128728262      -8.082794288941E-002 -4.819560736326E-003
  -2.91424930551       0.486302198557       -97.2000000000        2.88264729310      -8.337836785759E-003  0.112138767828     
  -3.49709916661       0.583562638268       -97.2000000000        2.77076417213      -0.144347911566       5.387069654078E-002
  -4.07994902771       0.680823077979       -97.2000000000        2.64023688466      -0.203495801617       3.229691807151E-002
  -4.66279888881       0.778083517691       -97.2000000000        2.50735938031      -0.213993592514       2.196445876543E-002
  -5.24564874991       0.875343957402       -97.2000000000        2.39574237141      -0.202350255704       1.895123893389E-002
  -5.82849861102       0.972604397113       -97.2000000000        2.25949282682      -0.213499265012       1.666522977993E-002
  -6.41134847212        1.06986483682       -97.2000000000        2.09864594373      -0.222086696471       1.095572711882E-002
   0.00000000000        0.00000000000       -97.2000000000        3.34971743335      -0.156255713874      -1.807473084811E-002
 -0.582849861102      -9.726043971134E-002  -97.2000000000        3.34788871996      -0.154152804916      -1.694232337854E-002
  -1.16569972220      -0.194520879423       -97.2000000000        3.34955469167      -0.137688936574      -1.336997926180E-002
  -1.74854958330      -0.291781319134       -97.2000000000        3.35633090356      -7.938756869564E-002 -3.712615635652E-003
  -2.33139944441      -0.389041758845       -97.2000000000        3.35458385223      -1.812756437759E-002  1.194509189003E-003
  -2.91424930551      -0.486302198557       -97.2000000000        2.87085258737      -3.007056474569E-002  9.834492131818E-002
  -3.49709916661      -0.583562638268       -97.2000000000        2.85013508193      -1.972376389832E-002  3.182556630570E-002
  -4.07994902771      -0.680823077979       -97.2000000000        2.66334641125       2.854583987079E-002  7.929224572268E-003
  -4.66279888881      -0.778083517691       -97.2000000000        2.53594487977       7.013721963757E-002 -2.549719547737E-003
  -5.24564874991      -0.875343957402       -97.2000000000        2.41688201609       0.116315219813      -1.113331731312E-002
  -5.82849861102      -0.972604397113       -97.2000000000        2.29635598198       0.130254647811      -1.756831824192E-002
  -6.41134847212       -1.06986483682       -97.2000000000        2.11413882001       0.180867665060      -1.191561117990E-002
   0.00000000000        0.00000000000       -97.2000000000        3.34971743335      -0.156255713874      -1.807473084811E-002
 -0.519689034804      -0.281241641340       -97.2000000000        3.34863394042      -0.129140612353      -1.495630157039E-002
  -1.03937806961      -0.562483282680       -97.2000000000        3.34787753992      -0.103819291150      -1.183327115472E-002
  -1.55906710441      -0.843724924020       -97.2000000000        3.37488395101      -5.099407904193E-002 -5.634935195032E-003
  -2.07875613922       -1.12496656536       -97.2000000000        3.41194386362       2.800932555180E-002  1.362773364914E-003
  -2.59844517402       -1.40620820670       -97.2000000000        3.10786262768      -0.106825013845       8.509821133897E-002
  -3.11813420882       -1.68744984804       -97.2000000000        3.08575615123       0.121342608349       4.227401578174E-002
  -3.63782324363       -1.96869148938       -97.2000000000        2.87023104006       0.282937264697       3.628049467860E-003
  -4.15751227843       -2.24993313072       -97.2000000000        2.72954502640       0.398282048278      -2.855682589830E-002
  -4.67720131323       -2.53117477206       -97.2000000000        2.60859270760       0.517828645997      -5.852225561020E-002
  -5.19689034804       -2.81241641340       -97.2000000000        2.46658918946       0.701959296477      -9.439934954666E-002
  -5.71657938284       -3.09365805474       -97.2000000000        2.21971787742        1.01765470538      -0.104196540889     
   0.00000000000        0.00000000000       -97.2000000000        3.34971743335      -0.156255713874      -1.807473084811E-002
 -0.400211837779      -0.434745947216       -97.2000000000        3.35059742507      -0.113103846702      -1.329272453130E-002
 -0.800423675558      -0.869491894432       -97.2000000000        3.35639220093      -0.102810524892      -1.118490984493E-002
  -1.20063551334       -1.30423784165       -97.2000000000        3.40233826956      -4.237743454918E-002 -1.029589323270E-002
  -1.60084735112       -1.73898378886       -97.2000000000        3.44079410533       2.750452110757E-002 -1.471407749786E-003
  -2.00105918889       -2.17372973608       -97.2000000000        3.18345691599      -0.437046868128       2.850487726778E-002
  -2.40127102667       -2.60847568330       -97.2000000000        3.50111103025      -0.134600462453       3.115119059413E-002
  -2.80148286445       -3.04322163051       -97.2000000000        3.19176756862      -0.139294859560      -2.062649577542E-003
  -3.20169470223       -3.47796757773       -97.2000000000        3.79304588547       0.697284849201      -6.621672555220E-002
  -3.60190654001       -3.91271352494       -97.2000000000        3.78449552485        1.09031025663      -0.140783684925     
  -4.00211837779       -4.34745947216       -97.2000000000        3.28667250477        1.80754367964      -0.289360981425     
  -4.40233021557       -4.78220541938       -97.2000000000        2.52139007503        2.18974635836      -0.458419247982     
   0.00000000000        0.00000000000       -97.2000000000        3.34971743335      -0.156255713874      -1.807473084811E-002
 -0.237365478204      -0.541138783933       -97.2000000000        3.35415097279      -0.110986148040      -1.212364358642E-002
 -0.474730956408       -1.08227756787       -97.2000000000        3.36365532945      -0.104190088101      -1.105530683735E-002
 -0.712096434612       -1.62341635180       -97.2000000000        3.37695492292      -9.397402743818E-002 -1.060265283686E-002
 -0.949461912816       -2.16455513573       -97.2000000000        3.44092408292      -9.656412651484E-003 -9.520049620835E-003
  -1.18682739102       -2.70569391966       -97.2000000000        3.61079161143      -0.271376780505       3.223427461229E-002
  -1.42419286922       -3.24683270360       -97.2000000000        3.69464952063      -0.564658724357       2.595063308234E-002
  -1.66155834743       -3.78797148753       -97.2000000000        3.74816855268      -0.856782241726      -1.011529544685E-002
  -1.89892382563       -4.32911027146       -97.2000000000        4.22264175569       -1.48520569857      -2.953762343415E-002
  -2.13628930384       -4.87024905539       -97.2000000000        4.66942501811       -3.35314697399      -7.066247858161E-002
  -2.37365478204       -5.41138783933       -97.2000000000       0.489938419601       -8.77326843206      -0.106772285215     
  -2.61102026024       -5.95252662326       -97.2000000000       -3.41657644225      -0.997060654748      -0.131912286442     
   0.00000000000        0.00000000000       -97.2000000000        3.34971743335      -0.156255713874      -1.807473084811E-002
 -4.879688596092E-002 -0.588890836777       -97.2000000000        3.35671246650      -0.110968424770      -1.160665201073E-002
 -9.759377192185E-002  -1.17778167355       -97.2000000000        3.36884834885      -0.106674791418      -1.101258610273E-002
 -0.146390657883       -1.76667251033       -97.2000000000        3.38099637084      -0.102818011260      -1.059034972019E-002
 -0.195187543844       -2.35556334711       -97.2000000000        3.39314439282      -9.896123110318E-002 -1.016811333764E-002
 -0.243984429805       -2.94445418388       -97.2000000000        3.67501453143      -9.301781604621E-002 -2.293132477844E-003
 -0.292781315766       -3.53334502066       -97.2000000000        3.35662200984      -0.179133395140       2.102677236945E-002
 -0.341578201726       -4.12223585744       -97.2000000000        3.19010741377      -0.268806971902       7.097265555200E-003
 -0.390375087687       -4.71112669421       -97.2000000000        2.62969167747      -0.439794712609      -1.155671911985E-002
 -0.439171973648       -5.30001753099       -97.2000000000        1.89915367319      -0.532182398329      -1.796890751579E-002
 -0.487968859609       -5.88890836777       -97.2000000000        1.06472922193      -0.420822278676      -2.747794723690E-002
 -0.536765745570       -6.47779920454       -97.2000000000       0.569438128626      -0.202629753306      -2.190600449620E-002
   0.00000000000        0.00000000000       -97.2000000000        3.34971743335      -0.156255713874      -1.807473084811E-002
  0.145059606038      -0.572827429873       -97.2000000000        3.35800432862      -0.113052597484      -1.179777386339E-002
  0.290119212075       -1.14565485975       -97.2000000000        3.37140851490      -0.109995378682      -1.106137709556E-002
  0.435178818113       -1.71848228962       -97.2000000000        3.38483661990      -0.107798892157      -1.066353620943E-002
  0.580238424151       -2.29130971949       -97.2000000000        3.41586716211      -0.121281038383      -1.122186400693E-002
  0.725298030189       -2.86413714937       -97.2000000000        3.74232866795       0.429578787099      -1.826165567815E-002
  0.870357636226       -3.43696457924       -97.2000000000        3.57506996955       0.286520328931       1.806483619977E-003
   1.01541724226       -4.00979200911       -97.2000000000        3.22735248810       0.731838888220       3.071907355917E-003
   1.16047684830       -4.58261943899       -97.2000000000        2.87604514887        1.26773761704      -9.085754235095E-003
   1.30553645434       -5.15544686886       -97.2000000000        2.22724898126        1.74395578019      -5.463508923269E-003
   1.45059606038       -5.72827429873       -97.2000000000        1.01796574795        1.90900414014       1.466655624874E-002
   1.59565566642       -6.30110172861       -97.2000000000       8.462611898527E-002   1.34483706088       1.901704513066E-002
   0.00000000000        0.00000000000       -97.2000000000        3.34971743335      -0.156255713874      -1.807473084811E-002
  0.323196638891      -0.494689282610       -97.2000000000        3.35788656584      -0.117012813728      -1.267629812613E-002
  0.646393277781      -0.989378565219       -97.2000000000        3.37105839387      -0.113792012740      -1.119639255468E-002
  0.969589916672       -1.48406784783       -97.2000000000        3.38725801488      -0.116541890808      -1.101418006802E-002
   1.29278655556       -1.97875713044       -97.2000000000        3.43536883520      -0.148076520240      -1.255521031875E-002
   1.61598319445       -2.47344641305       -97.2000000000        3.54401717757       0.224497067050      -8.137259382754E-002
   1.93917983334       -2.96813569566       -97.2000000000        3.70747435757       0.199812445832      -2.429260413640E-002
   2.26237647223       -3.46282497827       -97.2000000000        3.93851342739       0.114981541017      -2.710569116905E-002
   2.58557311112       -3.95751426088       -97.2000000000        4.59767705956       1.153831052133E-002 -2.724624081421E-002
   2.90876975001       -4.45220354349       -97.2000000000        6.00041468382      -0.919571206674      -3.310026390670E-003
   3.23196638891       -4.94689282610       -97.2000000000        5.68303098271       -4.72061729998       1.091808262282E-002
   3.55516302780       -5.44158210871       -97.2000000000        1.55243034160       -4.50220677681       5.516649908715E-002
   0.00000000000        0.00000000000       -97.2000000000        3.34971743335      -0.156255713874      -1.807473084811E-002
  0.466310301007      -0.362943875680       -97.2000000000        3.35637193958      -0.122419922624      -1.414702306335E-002
  0.932620602014      -0.725887751361       -97.2000000000        3.36783592681      -0.117653269382      -1.140300146013E-002
   1.39893090302       -1.08883162704       -97.2000000000        3.38537560641      -0.125386701315      -1.147245114292E-002
   1.86524120403       -1.45177550272       -97.2000000000        3.45568843455      -0.186041785069      -1.414895490356E-002
   2.33155150503       -1.81471937840       -97.2000000000        3.25673968283       0.158887540839      -0.123006598581     
   2.79786180604       -2.17766325408       -97.2000000000        3.19299216370       2.221464231044E-002 -8.076530612494E-002
   3.26417210705       -2.54060712976       -97.2000000000        3.19390667319      -0.120610892111      -3.269860740249E-002
   3.73048240806       -2.90355100544       -97.2000000000        3.14031409647      -0.587915088564      -9.677918571527E-004
   4.19679270906       -3.26649488112       -97.2000000000        3.04800623136      -0.958018023207       2.947326232689E-002
   4.66310301007       -3.62943875680       -97.2000000000        2.89528559303       -1.43004349732       1.254745596467E-002
   5.12941331108       -3.99238263248       -97.2000000000        2.40194601616       -1.45726891330      -2.091789105143E-002
   0.00000000000        0.00000000000       -97.2000000000        3.34971743335      -0.156255713874      -1.807473084811E-002
  0.558892006459      -0.191867868166       -97.2000000000        3.35362458311      -0.128687980023      -1.605057280747E-002
   1.11778401292      -0.383735736333       -97.2000000000        3.36225289536      -0.127011180702      -1.396000319998E-002
   1.67667601938      -0.575603604499       -97.2000000000        3.37088120761      -0.125334381380      -1.186943359250E-002
   2.23556802584      -0.767471472666       -97.2000000000        3.40411312420      -0.149625262648      -1.237892391929E-002
   2.79446003230      -0.959339340832       -97.2000000000        2.89880344556       2.182987545666E-002 -0.135131456010     
   3.35335203876       -1.15120720900       -97.2000000000        2.75979258567      -0.143302995695      -0.100816961406     
   3.91224404522       -1.34307507716       -97.2000000000        2.67813110491      -0.261827703834      -5.732233159734E-002
   4.47113605168       -1.53494294533       -97.2000000000        2.60670912848      -0.314833740333      -2.349474768605E-002
   5.03002805814       -1.72681081350       -97.2000000000        2.40425217261      -0.372812322240      -1.727091106905E-002
   5.58892006459       -1.91867868166       -97.2000000000        2.18230020582      -0.359514451011      -1.828491517078E-002
   6.14781207105       -2.11054654983       -97.2000000000        1.95898082264      -0.363989207178      -1.728472889148E-002
   0.00000000000        0.00000000000       -97.2000000000        3.34971743335      -0.156255713874      -1.807473084811E-002
  0.590909090909        0.00000000000       -97.2000000000        3.35184874049      -0.145593161830      -1.815384952905E-002
   1.18181818182      -1.172487511250E-015  -97.2000000000        3.35488815939      -0.139910709949      -1.822019399922E-002
   1.77272727273        0.00000000000       -97.2000000000        3.35391898035      -0.133149616972      -1.641019179904E-002
   2.36363636364        0.00000000000       -97.2000000000        3.35452413653      -0.113204276161      -1.124813877545E-002
   2.95454545455        0.00000000000       -97.2000000000        2.84371601659      -4.554962337219E-002 -0.123883155684     
   3.54545454545        0.00000000000       -97.2000000000        2.71265256963       3.233250397260E-003 -8.580995557227E-002
   4.13636363636        0.00000000000       -97.2000000000        2.60291307551      -2.299294593636E-004 -5.035564750026E-002
   4.72727272727        0.00000000000       -97.2000000000        2.50916576113      -1.599536639731E-002 -1.780939213257E-002
   5.31818181818        0.00000000000       -97.2000000000        2.32378893206      -3.573643768467E-002 -7.425263568498E-003
   5.90909090909        0.00000000000       -97.2000000000        2.21055092285      -2.344371607843E-002 -2.319563127176E-003
   6.50000000000        0.00000000000       -97.2000000000        2.09731291364      -1.115099447218E-002  2.786137314147E-003
