 12 20 1 1
 1 X [LENGU]
 2 Y [LENGU]
 3 Z [LENGU]
 4 Hx [FIELU]
 5 Hy [FIELU]
 6 Hz [FIELU]
 0
   0.00000000000        0.00000000000        36.7200000000        2.81390955585       1.744500797240E-002  1.746333906503E-003
  0.590909090909        0.00000000000        36.7200000000        2.80519706027       7.344956967557E-004 -2.332825327075E-004
   1.18181818182        0.00000000000        36.7200000000        2.79648456469      -1.597601657889E-002 -2.212898971918E-003
   1.77272727273        0.00000000000        36.7200000000        2.77308433811      -1.709424195383E-002 -1.183393712186E-003
   2.36363636364        0.00000000000        36.7200000000        2.73705790073      -3.558307302553E-003  2.714627517471E-003
   2.95454545455        0.00000000000        36.7200000000        2.86428821740      -1.050784371292E-002  2.193918531344E-003
   3.54545454545        0.00000000000        36.7200000000        2.79482455200       8.496829988585E-003  1.434989908958E-003
   4.13636363636        0.00000000000        36.7200000000        2.66675651599       1.270122052061E-002 -1.570764855897E-004
   4.72727272727        0.00000000000        36.7200000000        2.49516234314       7.871288858536E-003 -1.665480753171E-003
   5.31818181818        0.00000000000        36.7200000000        2.40854149271       2.191398218039E-002 -3.354105354615E-003
   5.90909090909        0.00000000000        36.7200000000        2.27001326901       1.159675676942E-002  3.356203409928E-003
   6.50000000000        0.00000000000        36.7200000000        2.13300086013       1.423337154234E-002 -3.472399352186E-003
   0.00000000000        0.00000000000        36.7200000000        2.81390955585       1.744500797240E-002  1.746333906503E-003
  0.558892006459       0.191867868166        36.7200000000        2.80502683469       4.567482890020E-003 -4.289855691405E-004
   1.11778401292       0.383735736333        36.7200000000        2.79614411352      -8.310042192364E-003 -2.604305044784E-003
   1.67667601938       0.575603604499        36.7200000000        2.77438867278      -1.465715893712E-003 -7.776608275553E-004
   2.23556802584       0.767471472666        36.7200000000        2.77121131138      -6.628792687617E-003 -1.165441725810E-003
   2.79446003230       0.959339340832        36.7200000000        2.91474938109       7.192841290855E-002  3.526894495344E-003
   3.35335203876        1.15120720900        36.7200000000        2.84836794946       0.141368401778       2.644259694766E-003
   3.91224404522        1.34307507716        36.7200000000        2.73591483330       0.243943410757      -2.818585694543E-004
   4.47113605168        1.53494294533        36.7200000000        2.62341298391       0.331958528245      -3.269482468516E-003
   5.03002805814        1.72681081350        36.7200000000        2.42450944007       0.347783471062       3.887292683510E-003
   5.58892006459        1.91867868166        36.7200000000        2.21513582693       0.383993906651      -1.251468901359E-002
   6.14781207105        2.11054654983        36.7200000000        1.90341875398       0.537245443292      -4.636656628609E-003
   0.00000000000        0.00000000000        36.7200000000        2.81390955585       1.744500797240E-002  1.746333906503E-003
  0.466310301007       0.362943875680        36.7200000000        2.80581918977       9.795949741350E-003 -3.889589868282E-004
  0.932620602014       0.725887751361        36.7200000000        2.79772882368       2.146891510296E-003 -2.524251880159E-003
   1.39893090302        1.08883162704        36.7200000000        2.77543691302       7.355539403078E-003 -3.093577201125E-003
   1.86524120403        1.45177550272        36.7200000000        2.76697933171       3.339340759867E-003 -3.446173290814E-003
   2.33155150503        1.81471937840        36.7200000000        3.11506306979       8.372263423239E-002  8.425542625338E-003
   2.79786180604        2.17766325408        36.7200000000        3.13908408692       0.235895635409       8.593854302620E-003
   3.26417210705        2.54060712976        36.7200000000        3.08048051865       0.551419306775      -7.304925052517E-004
   3.73048240806        2.90355100544        36.7200000000        3.38730634172       0.719858791088       5.823918536630E-003
   4.19679270906        3.26649488112        36.7200000000        3.07540404354       0.914584287371      -3.453774493934E-003
   4.66310301007        3.62943875680        36.7200000000        2.80516137992        1.45700058422      -1.984981318255E-003
   5.12941331108        3.99238263248        36.7200000000        2.42899161351        1.50885228855      -4.743929311772E-003
   0.00000000000        0.00000000000        36.7200000000        2.81390955585       1.744500797240E-002  1.746333906503E-003
  0.323196638891       0.494689282610        36.7200000000        2.80596021217       1.580933374595E-002 -2.897123720805E-004
  0.646393277781       0.989378565219        36.7200000000        2.79163540519       1.399017480286E-002 -3.044110310795E-003
  0.969589916672        1.48406784783        36.7200000000        2.77956163225       8.138141121747E-003 -4.224507824972E-003
   1.29278655556        1.97875713044        36.7200000000        2.76870993049      -1.207918218241E-004 -4.559611173384E-003
   1.61598319445        2.47344641305        36.7200000000        3.20679710286      -8.921271293184E-004  7.185643098351E-003
   1.93917983334        2.96813569566        36.7200000000        3.41461841516       1.269461883616E-002  7.038824960460E-003
   2.26237647223        3.46282497827        36.7200000000        3.50195162416      -1.372960607471E-002  7.840442602048E-003
   2.58557311112        3.95751426088        36.7200000000        4.26410460910       0.300660884110       9.200945106371E-003
   2.90876975001        4.45220354349        36.7200000000        5.67746257348       0.908771575446       1.000457434287E-002
   3.23196638891        4.94689282610        36.7200000000        5.59406669123        4.49216756964       1.245765655092E-002
   3.55516302780        5.44158210871        36.7200000000        1.47700468159        3.80330760829       3.729264385605E-002
   0.00000000000        0.00000000000        36.7200000000        2.81390955585       1.744500797240E-002  1.746333906503E-003
  0.145059606038       0.572827429873        36.7200000000        2.80301236984       2.188627950656E-002 -4.149262709930E-004
  0.290119212075        1.14565485975        36.7200000000        2.79215488664       2.118473177397E-002 -2.357669617491E-003
  0.435178818113        1.71848228962        36.7200000000        2.77924623456       1.032057294362E-002 -3.534606015642E-003
  0.580238424151        2.29130971949        36.7200000000        2.76540247402       1.013149190055E-003 -4.078682283471E-003
  0.725298030189        2.86413714937        36.7200000000        3.23641311415      -8.053063302251E-003 -4.597999142830E-003
  0.870357636226        3.43696457924        36.7200000000        3.06955533951      -0.210507751217       5.798364651087E-003
   1.01541724226        4.00979200911        36.7200000000        2.89666522391      -0.516745137873       4.643180581064E-003
   1.16047684830        4.58261943899        36.7200000000        2.68659124127      -0.967081232957      -9.933341680322E-004
   1.30553645434        5.15544686886        36.7200000000        2.12230108195       -1.58859380096      -3.438528893406E-003
   1.45059606038        5.72827429873        36.7200000000       0.977807230083       -1.72804292217      -8.569899568642E-003
   1.59565566642        6.30110172861        36.7200000000       0.171431645935       -1.30034955658      -2.708451483644E-002
   0.00000000000        0.00000000000        36.7200000000        2.81390955585       1.744500797240E-002  1.746333906503E-003
 -4.879688596092E-002  0.588890836777        36.7200000000        2.80193628708       2.750182799911E-002 -2.280895455172E-004
 -9.759377192185E-002   1.17778167355        36.7200000000        2.79645062562       2.708234481301E-002 -1.031564888115E-003
 -0.146390657883        1.76667251033        36.7200000000        2.78960997542       1.970567539746E-002 -1.653909231781E-003
 -0.195187543844        2.35556334711        36.7200000000        2.78675496202       7.218236534861E-003 -1.296813977866E-003
 -0.243984429805        2.94445418388        36.7200000000        3.12008158250       4.885011981406E-002  3.678820640281E-003
 -0.292781315766        3.53334502066        36.7200000000        2.75853147033      -5.654912426885E-003  3.422221763000E-003
 -0.341578201726        4.12223585744        36.7200000000        2.63910151767       0.229813203432       3.295544239710E-003
 -0.390375087687        4.71112669421        36.7200000000        2.51661938236       0.383930204644       3.784662390705E-003
 -0.439171973648        5.30001753099        36.7200000000        1.76736449107       0.499178572506      -3.174931613911E-003
 -0.487968859609        5.88890836777        36.7200000000        1.12930768890       0.513939272816       7.187738414462E-004
 -0.536765745570        6.47779920454        36.7200000000       0.574720226289       0.480134878046       3.477750411576E-003
   0.00000000000        0.00000000000        36.7200000000        2.81390955585       1.744500797240E-002  1.746333906503E-003
 -0.237365478204       0.541138783933        36.7200000000        2.80284857415       3.204744741024E-002  2.505511460709E-004
 -0.474730956408        1.08227756787        36.7200000000        2.80146158957       3.405914059624E-002  3.802740063805E-004
 -0.712096434612        1.62341635180        36.7200000000        2.80213353359       2.968854404579E-002  7.651855974426E-004
 -0.949461912816        2.16455513573        36.7200000000        2.81630402251       1.866355567517E-002  2.256913908325E-003
  -1.18682739102        2.70569391966        36.7200000000        3.18288376111       7.246789236900E-002  8.865720723990E-004
  -1.42419286922        3.24683270360        36.7200000000        3.21193630417       0.187929414239       3.125219287076E-003
  -1.66155834743        3.78797148753        36.7200000000        3.54832540890       0.502508544625       9.524591469485E-004
  -1.89892382563        4.32911027146        36.7200000000        3.83678747758        1.10694223830      -6.930942070809E-003
  -2.13628930384        4.87024905539        36.7200000000        4.47435547658        3.08020693225      -2.144335638088E-003
  -2.37365478204        5.41138783933        36.7200000000        2.62017664902        3.22881313638       1.869085504983E-003
  -2.61102026024        5.95252662326        36.7200000000       -2.87008865764       0.862930917314       3.267274512585E-003
   0.00000000000        0.00000000000        36.7200000000        2.81390955585       1.744500797240E-002  1.746333906503E-003
 -0.400211837779       0.434745947216        36.7200000000        2.80565037059       3.503054934420E-002  9.691276579625E-004
 -0.800423675558       0.869491894432        36.7200000000        2.80602789512       4.082723404956E-002  1.665941971360E-003
  -1.20063551334        1.30423784165        36.7200000000        2.81979208698       3.858154651756E-002  3.558796790632E-003
  -1.60084735112        1.73898378886        36.7200000000        2.84722417933       2.637064016058E-002  6.501437027585E-003
  -2.00105918889        2.17372973608        36.7200000000        3.03431811550       9.011318782118E-002 -3.549448047176E-003
  -2.40127102667        2.60847568330        36.7200000000        3.18946966336      -0.200454352279      -4.782921754086E-003
  -2.80148286445        3.04322163051        36.7200000000        3.46038519287      -0.436732227537      -4.568690240674E-003
  -3.20169470223        3.47796757773        36.7200000000        3.62185157966      -0.584084057136      -1.072391810538E-002
  -3.60190654001        3.91271352494        36.7200000000        3.63686055334       -1.41718324448      -6.949319928459E-003
  -4.00211837779        4.34745947216        36.7200000000        3.22189095772       -2.08296065021       1.080991085206E-002
  -4.40233021557        4.78220541938        36.7200000000        2.70990382416       -2.35307516911       1.012935464267E-002
   0.00000000000        0.00000000000        36.7200000000        2.81390955585       1.744500797240E-002  1.746333906503E-003
 -0.519689034804       0.281241641340        36.7200000000        2.81003805828       3.612786841883E-002  1.849771075230E-003
  -1.03937806961       0.562483282680        36.7200000000        2.81503761290       4.398564649580E-002  3.084696372767E-003
  -1.55906710441       0.843724924020        36.7200000000        2.84055850605       3.994614721970E-002  6.270250019490E-003
  -2.07875613922        1.12496656536        36.7200000000        2.85200968777       3.133655513274E-002  7.489311001151E-003
  -2.59844517402        1.40620820670        36.7200000000        3.00419567418      -9.991077832214E-002 -1.481336035980E-003
  -3.11813420882        1.68744984804        36.7200000000        2.99731213208      -0.264423607644      -3.269806216133E-003
  -3.63782324363        1.96869148938        36.7200000000        2.96189059200      -0.440661649734      -4.590465978428E-003
  -4.15751227843        2.24993313072        36.7200000000        2.74835034617      -0.571233786518      -9.892336005271E-003
  -4.67720131323        2.53117477206        36.7200000000        2.60254856237      -0.731893438241      -1.087669519576E-002
  -5.19689034804        2.81241641340        36.7200000000        2.34987543539      -0.892529074269      -4.220568267911E-003
  -5.71657938284        3.09365805474        36.7200000000        2.02111827111       -1.04763537670      -3.162950580683E-002
   0.00000000000        0.00000000000        36.7200000000        2.81390955585       1.744500797240E-002  1.746333906503E-003
 -0.582849861102       9.726043971134E-002   36.7200000000        2.81553616317       3.522049308576E-002  2.797050019023E-003
  -1.16569972220       0.194520879423        36.7200000000        2.81921452635       4.417694664370E-002  3.626904055102E-003
  -1.74854958330       0.291781319134        36.7200000000        2.84969266982       4.030449257154E-002  7.412829164477E-003
  -2.33139944441       0.389041758845        36.7200000000        2.84560852253       3.101676325831E-002  6.722856622573E-003
  -2.91424930551       0.486302198557        36.7200000000        2.86356293372      -6.591308267410E-002 -3.224375612992E-004
  -3.49709916661       0.583562638268        36.7200000000        2.75661946997      -9.049852800526E-002 -1.208181973122E-003
  -4.07994902771       0.680823077979        36.7200000000        2.63768866654      -0.124713214292      -9.238917093516E-004
  -4.66279888881       0.778083517691        36.7200000000        2.52468789633      -0.177066626476      -1.469836500820E-003
  -5.24564874991       0.875343957402        36.7200000000        2.38460743099      -0.201190549740      -3.939345124112E-003
  -5.82849861102       0.972604397113        36.7200000000        2.23123673289      -0.187263959277       6.497772554802E-004
  -6.41134847212        1.06986483682        36.7200000000        2.05167101466      -0.187058947677       2.676215590611E-003
   0.00000000000        0.00000000000        36.7200000000        2.81390955585       1.744500797240E-002  1.746333906503E-003
 -0.582849861102      -9.726043971134E-002   36.7200000000        2.82154888030       3.240675154169E-002  3.708312117234E-003
  -1.16569972220      -0.194520879423        36.7200000000        2.81666033469       4.349562990029E-002  3.219240940350E-003
  -1.74854958330      -0.291781319134        36.7200000000        2.84245172565       3.946580836076E-002  6.428024752021E-003
  -2.33139944441      -0.389041758845        36.7200000000        2.82896750374       3.017819282583E-002  4.416196948813E-003
  -2.91424930551      -0.486302198557        36.7200000000        2.87319839571       5.264052814682E-002  1.482355383012E-003
  -3.49709916661      -0.583562638268        36.7200000000        2.79333596222       0.189676264702      -6.558267088614E-003
  -4.07994902771      -0.680823077979        36.7200000000        2.66149134555       0.218999979307      -2.963617271080E-003
  -4.66279888881      -0.778083517691        36.7200000000        2.51507260063       0.169402311035      -2.792078623164E-003
  -5.24564874991      -0.875343957402        36.7200000000        2.40190650989       0.160937287261      -3.973661152552E-003
  -5.82849861102      -0.972604397113        36.7200000000        2.23646246671       0.179104108163       1.186402914129E-003
  -6.41134847212       -1.06986483682        36.7200000000        2.04885128215       0.197629209763       7.287231587485E-003
   0.00000000000        0.00000000000        36.7200000000        2.81390955585       1.744500797240E-002  1.746333906503E-003
 -0.519689034804      -0.281241641340        36.7200000000        2.81402331937       2.698548550057E-002  3.698878050954E-003
  -1.03937806961      -0.562483282680        36.7200000000        2.82683121164       3.442848264300E-002  4.424522604842E-003
  -1.55906710441      -0.843724924020        36.7200000000        2.82737902079       3.990748161494E-002  4.460594065008E-003
  -2.07875613922       -1.12496656536        36.7200000000        2.83524839733       3.687386160128E-002  5.375002673554E-003
  -2.59844517402       -1.40620820670        36.7200000000        3.02798454617       7.952733615686E-002  2.416942511734E-003
  -3.11813420882       -1.68744984804        36.7200000000        3.04386891218       0.330633880736       2.155510447384E-003
  -3.63782324363       -1.96869148938        36.7200000000        2.86349478967       0.536310993937      -5.719430906367E-003
  -4.15751227843       -2.24993313072        36.7200000000        2.69862349563       0.609530529118      -3.730782672681E-003
  -4.67720131323       -2.53117477206        36.7200000000        2.58662818045       0.719562355472      -1.172639736719E-002
  -5.19689034804       -2.81241641340        36.7200000000        2.30588270639       0.889321734040      -1.367560500733E-002
  -5.71657938284       -3.09365805474        36.7200000000        1.89695288293        1.10466198231       6.506971860838E-002
   0.00000000000        0.00000000000        36.7200000000        2.81390955585       1.744500797240E-002  1.746333906503E-003
 -0.400211837779      -0.434745947216        36.7200000000        2.80136368076       2.010223153453E-002  3.228403800263E-003
 -0.800423675558      -0.869491894432        36.7200000000        2.87086264962       1.435149275459E-003  7.926162481102E-003
  -1.20063551334       -1.30423784165        36.7200000000        2.85822472515       1.398514664283E-002  6.647880020744E-003
  -1.60084735112       -1.73898378886        36.7200000000        2.83954159973       2.495186703134E-002  3.829928344246E-003
  -2.00105918889       -2.17372973608        36.7200000000        3.04940426974      -9.627541685409E-002 -2.581424248976E-003
  -2.40127102667       -2.60847568330        36.7200000000        3.25915347460       0.203571895085       9.384339507175E-004
  -2.80148286445       -3.04322163051        36.7200000000        3.47051302744       0.313571420235       6.324400702748E-004
  -3.20169470223       -3.47796757773        36.7200000000        3.67197438440       0.624523288855      -6.395617954487E-004
  -3.60190654001       -3.91271352494        36.7200000000        3.68925544177        1.46009044540       1.304699604686E-002
  -4.00211837779       -4.34745947216        36.7200000000        3.26025479384        2.10876929191       3.607845544907E-002
  -4.40233021557       -4.78220541938        36.7200000000        2.76110346548        2.13546205258       1.307958754007E-002
   0.00000000000        0.00000000000        36.7200000000        2.81390955585       1.744500797240E-002  1.746333906503E-003
 -0.237365478204      -0.541138783933        36.7200000000        2.79336003181       1.326677273652E-002  2.687621608064E-003
 -0.474730956408       -1.08227756787        36.7200000000        2.79933482939       4.410895198256E-003  3.150747678849E-003
 -0.712096434612       -1.62341635180        36.7200000000        2.88727028630      -1.784709399828E-002  6.843070685946E-003
 -0.949461912816       -2.16455513573        36.7200000000        2.85417221701      -4.695361830391E-003  1.292777018762E-003
  -1.18682739102       -2.70569391966        36.7200000000        3.16648571596      -7.458915492396E-002  1.469791365730E-003
  -1.42419286922       -3.24683270360        36.7200000000        3.08194599696      -0.162576661673       3.726685909905E-004
  -1.66155834743       -3.78797148753        36.7200000000        3.19254051592      -0.433668592282       1.995384689795E-003
  -1.89892382563       -4.32911027146        36.7200000000        3.79553132997       -1.10229876246      -6.410871300328E-003
  -2.13628930384       -4.87024905539        36.7200000000        4.39470226709       -2.86123704102       2.076896479458E-003
  -2.37365478204       -5.41138783933        36.7200000000      -0.273572776030       -7.55423374500       1.016795976220E-003
  -2.61102026024       -5.95252662326        36.7200000000       -2.81240145481      -0.963075024946      -4.931906815230E-003
   0.00000000000        0.00000000000        36.7200000000        2.81390955585       1.744500797240E-002  1.746333906503E-003
 -4.879688596092E-002 -0.588890836777        36.7200000000        2.79087969208       7.219837130357E-003  2.135133615981E-003
 -9.759377192185E-002  -1.17778167355        36.7200000000        2.78473182580      -1.770517093041E-003  7.347191492759E-004
 -0.146390657883       -1.76667251033        36.7200000000        2.84879379888      -4.111846909790E-002 -4.225022903448E-004
 -0.195187543844       -2.35556334711        36.7200000000        2.88311746423      -7.819322399367E-002 -7.755248205081E-003
 -0.243984429805       -2.94445418388        36.7200000000        3.16677128099      -3.751254538090E-002 -3.011978997031E-003
 -0.292781315766       -3.53334502066        36.7200000000        3.17101576562      -5.351895081979E-002  3.111439867243E-004
 -0.341578201726       -4.12223585744        36.7200000000        2.67279114275      -9.147799461379E-002  3.732377309193E-004
 -0.390375087687       -4.71112669421        36.7200000000        2.28431079832      -0.239011509298       4.219047221926E-004
 -0.439171973648       -5.30001753099        36.7200000000        1.75735173096      -0.475291299170      -2.788608953925E-003
 -0.487968859609       -5.88890836777        36.7200000000        1.13123733866      -0.485326188650      -1.011596894902E-003
 -0.536765745570       -6.47779920454        36.7200000000       0.558818333578      -0.457223195887       3.351784532793E-003
   0.00000000000        0.00000000000        36.7200000000        2.81390955585       1.744500797240E-002  1.746333906503E-003
  0.145059606038      -0.572827429873        36.7200000000        2.79419144487       2.616704016852E-003  1.630810470693E-003
  0.290119212075       -1.14565485975        36.7200000000        2.78991342496      -1.110886979220E-002 -2.447868203131E-004
  0.435178818113       -1.71848228962        36.7200000000        2.79717109753      -7.155774501123E-002 -1.168155502778E-002
  0.580238424151       -2.29130971949        36.7200000000        2.92136408943      -0.167555539599      -2.066501632829E-002
  0.725298030189       -2.86413714937        36.7200000000        3.22679776144      -4.618779224665E-002 -9.000997565297E-003
  0.870357636226       -3.43696457924        36.7200000000        3.22104769099       0.252961577223       2.144648280388E-003
   1.01541724226       -4.00979200911        36.7200000000        3.00984003882       0.273337911861       3.211063595669E-003
   1.16047684830       -4.58261943899        36.7200000000        2.74464383568       0.860612758692       3.955543325059E-005
   1.30553645434       -5.15544686886        36.7200000000        2.06509357604        1.53862670454      -1.236352672223E-002
   1.45059606038       -5.72827429873        36.7200000000       0.992456974530        1.72058767840      -1.638785845721E-002
   1.59565566642       -6.30110172861        36.7200000000       0.219259169756        1.30936289908      -2.951724352004E-002
   0.00000000000        0.00000000000        36.7200000000        2.81390955585       1.744500797240E-002  1.746333906503E-003
  0.323196638891      -0.494689282610        36.7200000000        2.80293641036      -4.380570617925E-005  1.229303410370E-003
  0.646393277781      -0.989378565219        36.7200000000        2.79441040466      -1.762011426881E-002 -7.852188697396E-004
  0.969589916672       -1.48406784783        36.7200000000        2.80367238187      -7.850051428180E-002 -1.193155600521E-002
   1.29278655556       -1.97875713044        36.7200000000        2.85712743159      -0.232085872774      -4.531485539257E-002
   1.61598319445       -2.47344641305        36.7200000000        3.21244164691       8.109675152099E-003  6.644274593881E-005
   1.93917983334       -2.96813569566        36.7200000000        3.15690665953       0.162488824074       5.041764863434E-003
   2.26237647223       -3.46282497827        36.7200000000        3.62067660929       2.227262043893E-002  6.865885986022E-003
   2.58557311112       -3.95751426088        36.7200000000        4.31437374572      -0.155082429831       2.215759725087E-003
   2.90876975001       -4.45220354349        36.7200000000        5.47615694137       -1.00625367771      -2.301046208594E-003
   3.23196638891       -4.94689282610        36.7200000000        5.44774973011       -4.65001604097      -5.706776913770E-003
   3.55516302780       -5.44158210871        36.7200000000        1.58146071635       -4.06496133517      -5.286974097144E-003
   0.00000000000        0.00000000000        36.7200000000        2.81390955585       1.744500797240E-002  1.746333906503E-003
  0.466310301007      -0.362943875680        36.7200000000        2.80824915554      -1.279818135502E-003  7.572357493381E-004
  0.932620602014      -0.725887751361        36.7200000000        2.79773544737      -2.059865615145E-002 -8.280128007811E-004
   1.39893090302       -1.08883162704        36.7200000000        2.80687253322      -6.229620012113E-002 -7.891863021990E-003
   1.86524120403       -1.45177550272        36.7200000000        2.78281080423      -0.112346108187      -2.165090809655E-002
   2.33155150503       -1.81471937840        36.7200000000        3.12742498399      -6.368713096806E-002  2.834135925948E-003
   2.79786180604       -2.17766325408        36.7200000000        3.01766001244      -7.252409101773E-002  3.109316952579E-003
   3.26417210705       -2.54060712976        36.7200000000        3.18453846839      -0.371793580533      -2.191786598261E-003
   3.73048240806       -2.90355100544        36.7200000000        3.11771518497      -0.727165272921       9.187556354816E-003
   4.19679270906       -3.26649488112        36.7200000000        2.97136166559       -1.08440556926       1.553734168698E-002
   4.66310301007       -3.62943875680        36.7200000000        2.79430504149       -1.44867594797      -2.219857865076E-002
   5.12941331108       -3.99238263248        36.7200000000        2.40877870337       -1.53611339339      -2.270545120863E-002
   0.00000000000        0.00000000000        36.7200000000        2.81390955585       1.744500797240E-002  1.746333906503E-003
  0.558892006459      -0.191867868166        36.7200000000        2.80631141994      -1.287648201129E-003  1.769426618279E-004
   1.11778401292      -0.383735736333        36.7200000000        2.79871328403      -2.002030437466E-002 -1.392448582847E-003
   1.67667601938      -0.575603604499        36.7200000000        2.80343572729      -6.721711991294E-002 -1.069314040250E-002
   2.23556802584      -0.767471472666        36.7200000000        2.75606592822      -3.750861719640E-002 -2.152709338103E-003
   2.79446003230      -0.959339340832        36.7200000000        2.90742737353      -7.260047248390E-002  1.938529720637E-004
   3.35335203876       -1.15120720900        36.7200000000        2.83261469530      -0.165177450463       1.666386427949E-003
   3.91224404522       -1.34307507716        36.7200000000        2.76129704953      -0.233131215766       2.416133543075E-003
   4.47113605168       -1.53494294533        36.7200000000        2.62029009108      -0.356004517903       5.080816216700E-005
   5.03002805814       -1.72681081350        36.7200000000        2.39833850579      -0.393774953905       3.154100909988E-003
   5.58892006459       -1.91867868166        36.7200000000        2.17471539047      -0.394308413773       3.204437512954E-003
   6.14781207105       -2.11054654983        36.7200000000        1.95461618683      -0.378892190127      -1.023900610980E-002
   0.00000000000        0.00000000000        36.7200000000        2.81390955585       1.744500797240E-002  1.746333906503E-003
  0.590909090909        0.00000000000        36.7200000000        2.80519706027       7.344956967557E-004 -2.332825327075E-004
   1.18181818182      -1.172487511250E-015   36.7200000000        2.79648456469      -1.597601657889E-002 -2.212898971918E-003
   1.77272727273        0.00000000000        36.7200000000        2.77308433811      -1.709424195383E-002 -1.183393712186E-003
   2.36363636364        0.00000000000        36.7200000000        2.73705790073      -3.558307302553E-003  2.714627517471E-003
   2.95454545455        0.00000000000        36.7200000000        2.86428821740      -1.050784371292E-002  2.193918531344E-003
   3.54545454545        0.00000000000        36.7200000000        2.79482455200       8.496829988585E-003  1.434989908958E-003
   4.13636363636        0.00000000000        36.7200000000        2.66675651599       1.270122052061E-002 -1.570764855897E-004
   4.72727272727        0.00000000000        36.7200000000        2.49516234314       7.871288858536E-003 -1.665480753171E-003
   5.31818181818        0.00000000000        36.7200000000        2.40854149271       2.191398218039E-002 -3.354105354615E-003
   5.90909090909        0.00000000000        36.7200000000        2.27001326901       1.159675676942E-002  3.356203409928E-003
   6.50000000000        0.00000000000        36.7200000000        2.13300086013       1.423337154234E-002 -3.472399352186E-003
