 12 20 1 1
 1 X [LENGU]
 2 Y [LENGU]
 3 Z [LENGU]
 4 Hx [FIELU]
 5 Hy [FIELU]
 6 Hz [FIELU]
 0
   0.00000000000        0.00000000000       -43.2000000000        3.01428099010       3.056140990612E-002 -8.082712771803E-005
  0.590909090909        0.00000000000       -43.2000000000        3.01276347078       3.510188069745E-002 -4.215114936958E-004
   1.18181818182        0.00000000000       -43.2000000000        3.01124595146       3.964235148877E-002 -7.621958596735E-004
   1.77272727273        0.00000000000       -43.2000000000        3.02133553466       3.873823324486E-002  1.531933313885E-003
   2.36363636364        0.00000000000       -43.2000000000        3.01620407919       2.918320972475E-002  2.489460850731E-004
   2.95454545455        0.00000000000       -43.2000000000        3.06194266385      -1.216037302267E-002 -1.271127333491E-003
   3.54545454545        0.00000000000       -43.2000000000        2.92802833127       1.678805512688E-002 -6.889385138482E-004
   4.13636363636        0.00000000000       -43.2000000000        2.78529567865       4.260032763304E-002 -3.802498374285E-003
   4.72727272727        0.00000000000       -43.2000000000        2.65366305444       3.380398045052E-002 -3.573295685395E-003
   5.31818181818        0.00000000000       -43.2000000000        2.52203043023       2.500763326801E-002 -3.344092996505E-003
   5.90909090909        0.00000000000       -43.2000000000        2.39039780602       1.621128608549E-002 -3.114890307614E-003
   6.50000000000        0.00000000000       -43.2000000000        2.25876518180       7.414938902976E-003 -2.885687618724E-003
   0.00000000000        0.00000000000       -43.2000000000        3.01428099010       3.056140990612E-002 -8.082712771803E-005
  0.558892006459       0.191867868166       -43.2000000000        3.01447989811       3.670390567938E-002  2.618228668763E-004
   1.11778401292       0.383735736333       -43.2000000000        3.01467880612       4.284640145263E-002  6.044728614705E-004
   1.67667601938       0.575603604499       -43.2000000000        3.01686276852       4.679131263970E-002  1.197416939093E-003
   2.23556802584       0.767471472666       -43.2000000000        3.02611344610       4.539922710133E-002  2.051666411448E-003
   2.79446003230       0.959339340832       -43.2000000000        3.12991842785       8.165396714316E-002  1.701587333304E-003
   3.35335203876        1.15120720900       -43.2000000000        2.98996860490       0.219752036659       5.246037954101E-003
   3.91224404522        1.34307507716       -43.2000000000        2.85161696606       0.275580221791       3.169030197058E-003
   4.47113605168        1.53494294533       -43.2000000000        2.71315556253       0.351772824614       1.403315917441E-002
   5.03002805814        1.72681081350       -43.2000000000        2.58756935856       0.420224035511       1.878623730996E-002
   5.58892006459        1.91867868166       -43.2000000000        2.41575890465       0.415901179614       3.784940762549E-002
   6.14781207105        2.11054654983       -43.2000000000        2.10516668965       0.371852099005       6.583707586025E-002
   0.00000000000        0.00000000000       -43.2000000000        3.01428099010       3.056140990612E-002 -8.082712771803E-005
  0.466310301007       0.362943875680       -43.2000000000        3.01808738537       3.343515740223E-002  2.523494709227E-004
  0.932620602014       0.725887751361       -43.2000000000        3.01856896635       5.157229083129E-002  1.075987818715E-003
   1.39893090302        1.08883162704       -43.2000000000        3.02672951043       5.035968294925E-002  2.126712263186E-003
   1.86524120403        1.45177550272       -43.2000000000        3.02195018746       8.514814674046E-002  2.684252749725E-003
   2.33155150503        1.81471937840       -43.2000000000        3.35634773336       8.490416283371E-002  3.696899272292E-003
   2.79786180604        2.17766325408       -43.2000000000        3.27799345490       0.300303758695       3.843991572539E-003
   3.26417210705        2.54060712976       -43.2000000000        3.20862448897       0.509611471032       6.226688861957E-003
   3.73048240806        2.90355100544       -43.2000000000        3.22942399707       0.780701845604       1.684968470951E-002
   4.19679270906        3.26649488112       -43.2000000000        3.18119190754        1.10288806896       2.161090493091E-002
   4.66310301007        3.62943875680       -43.2000000000        2.97573954778        1.50631472195       4.850329744165E-002
   5.12941331108        3.99238263248       -43.2000000000        2.56320182119        1.58370212320       1.475328674962E-002
   0.00000000000        0.00000000000       -43.2000000000        3.01428099010       3.056140990612E-002 -8.082712771803E-005
  0.323196638891       0.494689282610       -43.2000000000        3.02050192677       3.343790726229E-002  3.219017636465E-004
  0.646393277781       0.989378565219       -43.2000000000        3.02205811039       5.772911227873E-002  1.412754182959E-003
  0.969589916672        1.48406784783       -43.2000000000        3.02642023030       7.335452621497E-002  2.425889356436E-003
   1.29278655556        1.97875713044       -43.2000000000        3.02168061942       0.117903494666       3.345439380017E-003
   1.61598319445        2.47344641305       -43.2000000000        3.43014996285      -1.479304953500E-002  4.872732948331E-004
   1.93917983334        2.96813569566       -43.2000000000        3.64922623248      -8.736392366032E-002  3.017424574935E-003
   2.26237647223        3.46282497827       -43.2000000000        4.01697195657      -0.167478216729       5.149743935077E-003
   2.58557311112        3.95751426088       -43.2000000000        4.77088333841       0.145777235606       9.608769161180E-003
   2.90876975001        4.45220354349       -43.2000000000        5.90379752869        1.07367963075       1.199093738124E-002
   3.23196638891        4.94689282610       -43.2000000000        5.70783436257        4.58285359415       2.084370784466E-002
   3.55516302780        5.44158210871       -43.2000000000        1.82237926927        4.33590025762       2.958936497441E-002
   0.00000000000        0.00000000000       -43.2000000000        3.01428099010       3.056140990612E-002 -8.082712771803E-005
  0.145059606038       0.572827429873       -43.2000000000        3.02207786215       3.388398900559E-002  3.720741598169E-004
  0.290119212075        1.14565485975       -43.2000000000        3.02520998115       5.862127576534E-002  1.513098975300E-003
  0.435178818113        1.71848228962       -43.2000000000        3.03611672585       4.917688268681E-002  1.475462542593E-003
  0.580238424151        2.29130971949       -43.2000000000        3.04309480287       6.082259142796E-002  2.324186121242E-003
  0.725298030189        2.86413714937       -43.2000000000        3.40264156585      -8.293515390693E-002  1.078621628909E-004
  0.870357636226        3.43696457924       -43.2000000000        3.21941536761      -0.223104709889      -5.665456213738E-003
   1.01541724226        4.00979200911       -43.2000000000        3.07225888697      -0.743454742222      -3.049105458561E-003
   1.16047684830        4.58261943899       -43.2000000000        3.06150215647       -1.00047529539      -7.009659742846E-003
   1.30553645434        5.15544686886       -43.2000000000        2.20690314599       -1.55643815772       9.894193420865E-005
   1.45059606038        5.72827429873       -43.2000000000        1.02132107487       -1.85648989267       4.742029324729E-003
   1.59565566642        6.30110172861       -43.2000000000       0.211297559271       -1.39049421371      -3.065641232533E-003
   0.00000000000        0.00000000000       -43.2000000000        3.01428099010       3.056140990612E-002 -8.082712771803E-005
 -4.879688596092E-002  0.588890836777       -43.2000000000        3.02331438384       3.164940188993E-002  2.985988124054E-004
 -9.759377192185E-002   1.17778167355       -43.2000000000        3.02916629054       4.763081986495E-002  1.141279812099E-003
 -0.146390657883        1.76667251033       -43.2000000000        3.04305615808       2.827278680950E-002  7.653770072797E-004
 -0.195187543844        2.35556334711       -43.2000000000        3.07873611195      -3.067132383179E-002 -2.112778271377E-004
 -0.243984429805        2.94445418388       -43.2000000000        3.40258848776       4.183128529255E-002 -4.403686388938E-003
 -0.292781315766        3.53334502066       -43.2000000000        3.14003881669       0.132911105491      -4.943997301243E-003
 -0.341578201726        4.12223585744       -43.2000000000        2.86005195723       0.623588465839       1.832994944949E-003
 -0.390375087687        4.71112669421       -43.2000000000        2.56000552503       0.506259748277      -5.580878524967E-005
 -0.439171973648        5.30001753099       -43.2000000000        1.89808368667       0.493497604446      -2.744535703440E-003
 -0.487968859609        5.88890836777       -43.2000000000        1.19248659151       0.500962757627      -8.935995875921E-003
 -0.536765745570        6.47779920454       -43.2000000000       0.626119861791       0.485158472472      -9.035238711057E-003
   0.00000000000        0.00000000000       -43.2000000000        3.01428099010       3.056140990612E-002 -8.082712771803E-005
 -0.237365478204       0.541138783933       -43.2000000000        3.02407749552       2.697629810246E-002  1.094379153917E-004
 -0.474730956408        1.08227756787       -43.2000000000        3.03078221335       3.789024245153E-002  7.493592584930E-004
 -0.712096434612        1.62341635180       -43.2000000000        3.05402810200       6.535531282587E-003  3.614222094699E-005
 -0.949461912816        2.16455513573       -43.2000000000        3.12028233702      -0.133203827978      -4.111853910849E-003
  -1.18682739102        2.70569391966       -43.2000000000        3.38380309019       5.029375505597E-002 -2.016449511486E-003
  -1.42419286922        3.24683270360       -43.2000000000        3.49030692361       0.179157029734      -4.473793526688E-003
  -1.66155834743        3.78797148753       -43.2000000000        3.84329107864       0.414035700053      -9.384492141454E-003
  -1.89892382563        4.32911027146       -43.2000000000        4.45816335873        1.10875529428      -9.120300153800E-003
  -2.13628930384        4.87024905539       -43.2000000000        4.66234539788        3.09489510005      -6.860005864012E-003
  -2.37365478204        5.41138783933       -43.2000000000       0.193372341659        4.85832040663      -7.279652808564E-003
  -2.61102026024        5.95252662326       -43.2000000000       -3.29489743560       0.868461515960      -1.566639212479E-003
   0.00000000000        0.00000000000       -43.2000000000        3.01428099010       3.056140990612E-002 -8.082712771803E-005
 -0.400211837779       0.434745947216       -43.2000000000        3.02428450220       2.037108094925E-002 -1.749100128992E-004
 -0.800423675558       0.869491894432       -43.2000000000        3.02962326126       3.159545965266E-002  4.191306298681E-004
  -1.20063551334        1.30423784165       -43.2000000000        3.04929081986       1.787841117575E-003 -3.264224824293E-004
  -1.60084735112        1.73898378886       -43.2000000000        3.10893965934      -9.600023758259E-002 -2.975800163195E-003
  -2.00105918889        2.17372973608       -43.2000000000        3.24906311211       0.121749463946       1.503503800434E-003
  -2.40127102667        2.60847568330       -43.2000000000        3.51839639358      -0.279072165621       2.913767592846E-003
  -2.80148286445        3.04322163051       -43.2000000000        3.35367161386      -0.631916041999       1.316198360365E-003
  -3.20169470223        3.47796757773       -43.2000000000        3.88787133541      -0.824447335172      -1.530414077551E-003
  -3.60190654001        3.91271352494       -43.2000000000        3.91153586970       -1.57106514209      -1.181080209582E-002
  -4.00211837779        4.34745947216       -43.2000000000        3.40414300880       -2.31024669239      -4.413722324938E-002
  -4.40233021557        4.78220541938       -43.2000000000        2.87616203822       -2.49369406039      -4.232917702480E-002
   0.00000000000        0.00000000000       -43.2000000000        3.01428099010       3.056140990612E-002 -8.082712771803E-005
 -0.519689034804       0.281241641340       -43.2000000000        3.02234475864       1.974879893784E-002 -2.922957066454E-004
  -1.03937806961       0.562483282680       -43.2000000000        3.02888019986       1.595235415285E-002 -2.783122689819E-004
  -1.55906710441       0.843724924020       -43.2000000000        3.03624829841       8.799588201621E-003 -3.969736403362E-004
  -2.07875613922        1.12496656536       -43.2000000000        3.07527047016      -3.989380707705E-002 -1.613449754433E-003
  -2.59844517402        1.40620820670       -43.2000000000        3.23397998050      -0.103845244680       5.844740320239E-003
  -3.11813420882        1.68744984804       -43.2000000000        3.18203027776      -0.223293237135       1.079803257877E-002
  -3.63782324363        1.96869148938       -43.2000000000        3.12209193490      -0.422189005730       8.631428097386E-003
  -4.15751227843        2.24993313072       -43.2000000000        2.99604011410      -0.561562214946      -8.358799577130E-004
  -4.67720131323        2.53117477206       -43.2000000000        2.78963328181      -0.738540504800      -6.836817044021E-003
  -5.19689034804        2.81241641340       -43.2000000000        2.53884487125      -0.933490705796       1.085811442893E-002
  -5.71657938284        3.09365805474       -43.2000000000        2.15707732717       -1.15631099832       5.459452704411E-002
   0.00000000000        0.00000000000       -43.2000000000        3.01428099010       3.056140990612E-002 -8.082712771803E-005
 -0.582849861102       9.726043971134E-002  -43.2000000000        3.01940974048       2.085573225197E-002 -3.688511910159E-004
  -1.16569972220       0.194520879423       -43.2000000000        3.02453849086       1.115005459782E-002 -6.568752543139E-004
  -1.74854958330       0.291781319134       -43.2000000000        3.02966724125       1.444376943670E-003 -9.448993176118E-004
  -2.33139944441       0.389041758845       -43.2000000000        3.03479599163      -8.261300710481E-003 -1.232923380910E-003
  -2.91424930551       0.486302198557       -43.2000000000        3.09151908990      -7.199465530043E-002  5.291093001086E-003
  -3.49709916661       0.583562638268       -43.2000000000        3.00270733486      -0.158568278727       2.331606071534E-003
  -4.07994902771       0.680823077979       -43.2000000000        2.88087077667      -0.142563180392       4.732837439299E-003
  -4.66279888881       0.778083517691       -43.2000000000        2.70170031998      -0.187066815769      -3.298183939767E-003
  -5.24564874991       0.875343957402       -43.2000000000        2.59952958589      -0.217407171289      -8.147062542541E-003
  -5.82849861102       0.972604397113       -43.2000000000        2.44877769701      -0.204491281525      -3.884405665861E-003
  -6.41134847212        1.06986483682       -43.2000000000        2.28909154029      -0.200066960275      -1.408839010710E-003
   0.00000000000        0.00000000000       -43.2000000000        3.01428099010       3.056140990612E-002 -8.082712771803E-005
 -0.582849861102      -9.726043971134E-002  -43.2000000000        3.01591894264       2.301442633903E-002 -4.141947989743E-004
  -1.16569972220      -0.194520879423       -43.2000000000        3.01755689518       1.546744277195E-002 -7.475624702306E-004
  -1.74854958330      -0.291781319134       -43.2000000000        3.01919484773       7.920459204857E-003 -1.080930141487E-003
  -2.33139944441      -0.389041758845       -43.2000000000        3.02083280027       3.734756377681E-004 -1.414297812743E-003
  -2.91424930551      -0.486302198557       -43.2000000000        3.08240404409       4.984278209136E-002  3.344730869870E-003
  -3.49709916661      -0.583562638268       -43.2000000000        2.97837731408       9.210022147843E-002  3.962891075455E-003
  -4.07994902771      -0.680823077979       -43.2000000000        2.89979550793       0.158257653066       1.715430539889E-003
  -4.66279888881      -0.778083517691       -43.2000000000        2.72083723253       0.166366327175      -4.862196794020E-003
  -5.24564874991      -0.875343957402       -43.2000000000        2.57661516470       0.208525597342       1.023710830143E-002
  -5.82849861102      -0.972604397113       -43.2000000000        2.40483609597       0.238455880547       2.682213992945E-002
  -6.41134847212       -1.06986483682       -43.2000000000        2.20781260626       0.229683377144       2.200530938876E-002
   0.00000000000        0.00000000000       -43.2000000000        3.01428099010       3.056140990612E-002 -8.082712771803E-005
 -0.519689034804      -0.281241641340       -43.2000000000        3.01396585351       2.221984340994E-002 -1.011414251359E-003
  -1.03937806961      -0.562483282680       -43.2000000000        3.01365071692       1.387827691376E-002 -1.942001375000E-003
  -1.55906710441      -0.843724924020       -43.2000000000        3.01333558034       5.536710417574E-003 -2.872588498641E-003
  -2.07875613922       -1.12496656536       -43.2000000000        3.01827402269       2.939010612876E-003 -2.341304648631E-003
  -2.59844517402       -1.40620820670       -43.2000000000        3.27058699527       0.111165950333      -3.487175763605E-003
  -3.11813420882       -1.68744984804       -43.2000000000        3.15885354699       0.188182226978      -1.345510191929E-003
  -3.63782324363       -1.96869148938       -43.2000000000        3.09424825898       0.400872058924       6.027217288467E-003
  -4.15751227843       -2.24993313072       -43.2000000000        2.95208147493       0.656954251333      -2.385025064907E-003
  -4.67720131323       -2.53117477206       -43.2000000000        2.78863358289       0.712478627683       8.930644501611E-003
  -5.19689034804       -2.81241641340       -43.2000000000        2.53201171525       0.920637539668       2.447822720903E-003
  -5.71657938284       -3.09365805474       -43.2000000000        2.02757301400        1.26081559934       5.858472579697E-002
   0.00000000000        0.00000000000       -43.2000000000        3.01428099010       3.056140990612E-002 -8.082712771803E-005
 -0.400211837779      -0.434745947216       -43.2000000000        3.01275857134       2.076452576295E-002 -1.751758079880E-003
 -0.800423675558      -0.869491894432       -43.2000000000        3.01105286977       8.836816217345E-003 -3.191536349691E-003
  -1.20063551334       -1.30423784165       -43.2000000000        3.01357850277       3.728104282969E-003 -3.726784333209E-003
  -1.60084735112       -1.73898378886       -43.2000000000        3.02435417073       4.798255731376E-003 -2.603086232821E-003
  -2.00105918889       -2.17372973608       -43.2000000000        3.28601992225      -3.390140585183E-002  1.829735958578E-003
  -2.40127102667       -2.60847568330       -43.2000000000        3.52414064439       0.247935177832      -1.402766742297E-003
  -2.80148286445       -3.04322163051       -43.2000000000        3.54189182994       0.422425924265      -3.342088758564E-003
  -3.20169470223       -3.47796757773       -43.2000000000        3.74830969475       0.842479374729      -4.246215368754E-003
  -3.60190654001       -3.91271352494       -43.2000000000        3.90546192477        1.52170877844      -8.333490393148E-003
  -4.00211837779       -4.34745947216       -43.2000000000        3.60032574392        2.19344011941      -4.550540752293E-002
  -4.40233021557       -4.78220541938       -43.2000000000        2.97108695283        2.28557906419      -2.290961545655E-002
   0.00000000000        0.00000000000       -43.2000000000        3.01428099010       3.056140990612E-002 -8.082712771803E-005
 -0.237365478204      -0.541138783933       -43.2000000000        3.01171626686       2.037085252719E-002 -2.311030612569E-003
 -0.474730956408       -1.08227756787       -43.2000000000        3.00896002800       3.838734081763E-003 -3.630171128131E-003
 -0.712096434612       -1.62341635180       -43.2000000000        3.01392547964       4.062784386992E-003 -4.039216286262E-003
 -0.949461912816       -2.16455513573       -43.2000000000        3.01862002830      -5.381020207922E-002 -5.972216534477E-003
  -1.18682739102       -2.70569391966       -43.2000000000        3.38048947561      -5.847264370214E-002 -5.166607795285E-003
  -1.42419286922       -3.24683270360       -43.2000000000        3.42592051328      -0.237655633459      -2.879290034942E-003
  -1.66155834743       -3.78797148753       -43.2000000000        3.80451135304      -0.524780545237      -6.860925644968E-004
  -1.89892382563       -4.32911027146       -43.2000000000        4.19350785241       -1.26778320086      -1.510583375695E-004
  -2.13628930384       -4.87024905539       -43.2000000000        4.63048829701       -3.29618943733      -3.306438070503E-003
  -2.37365478204       -5.41138783933       -43.2000000000       0.643977520887       -4.37048755478      -4.433277874047E-003
  -2.61102026024       -5.95252662326       -43.2000000000       -3.74959276870      -0.984024257687      -2.594371227001E-003
   0.00000000000        0.00000000000       -43.2000000000        3.01428099010       3.056140990612E-002 -8.082712771803E-005
 -4.879688596092E-002 -0.588890836777       -43.2000000000        3.01090579991       2.054564674939E-002 -2.570498147571E-003
 -9.759377192185E-002  -1.17778167355       -43.2000000000        3.00757750180       3.053045419933E-003 -3.814103450651E-003
 -0.146390657883       -1.76667251033       -43.2000000000        3.00942682343      -1.542107663481E-002 -5.319459423150E-003
 -0.195187543844       -2.35556334711       -43.2000000000        2.98206812821       5.936819543792E-002 -2.799131621666E-003
 -0.243984429805       -2.94445418388       -43.2000000000        3.39019736150      -5.452356872454E-002 -6.761945113831E-003
 -0.292781315766       -3.53334502066       -43.2000000000        3.10688938873      -0.308144948293      -2.835109816622E-003
 -0.341578201726       -4.12223585744       -43.2000000000        2.93351386527      -0.553840558722      -5.118662565348E-003
 -0.390375087687       -4.71112669421       -43.2000000000        2.65326495909      -0.390072891693      -7.752414698352E-003
 -0.439171973648       -5.30001753099       -43.2000000000        1.93588412289      -0.465600484478      -1.225314140682E-002
 -0.487968859609       -5.88890836777       -43.2000000000        1.24912410207      -0.528092638787      -1.893315454419E-002
 -0.536765745570       -6.47779920454       -43.2000000000       0.716257510186      -0.660421154332      -1.708502733592E-002
   0.00000000000        0.00000000000       -43.2000000000        3.01428099010       3.056140990612E-002 -8.082712771803E-005
  0.145059606038      -0.572827429873       -43.2000000000        3.01043930567       2.155257477636E-002 -2.532700767168E-003
  0.290119212075       -1.14565485975       -43.2000000000        3.00648035415       4.467994492425E-003 -3.744548691304E-003
  0.435178818113       -1.71848228962       -43.2000000000        3.00587532542      -1.102491955675E-002 -5.152808608536E-003
  0.580238424151       -2.29130971949       -43.2000000000        2.97840463327       9.359480812989E-002 -4.406319495082E-004
  0.725298030189       -2.86413714937       -43.2000000000        3.44305294670       0.173750130916       2.146929917816E-003
  0.870357636226       -3.43696457924       -43.2000000000        3.24294859646       0.307811156722      -5.025912223738E-003
   1.01541724226       -4.00979200911       -43.2000000000        3.21501873131       0.572426780313      -4.994562181808E-003
   1.16047684830       -4.58261943899       -43.2000000000        2.88871540311        1.08293952540      -6.425341739779E-003
   1.30553645434       -5.15544686886       -43.2000000000        2.20471280160        1.63799334264      -8.210735952587E-003
   1.45059606038       -5.72827429873       -43.2000000000        1.13870043262        1.77954546077      -1.167650014705E-002
   1.59565566642       -6.30110172861       -43.2000000000       9.794844046230E-002   1.33778332919      -3.119144704499E-002
   0.00000000000        0.00000000000       -43.2000000000        3.01428099010       3.056140990612E-002 -8.082712771803E-005
  0.323196638891      -0.494689282610       -43.2000000000        3.01049300529       2.474353718121E-002 -2.360226021018E-003
  0.646393277781      -0.989378565219       -43.2000000000        3.00578747804       7.930249612037E-003 -3.429044187518E-003
  0.969589916672       -1.48406784783       -43.2000000000        3.00357572551       2.150786103680E-004 -4.406107475468E-003
   1.29278655556       -1.97875713044       -43.2000000000        3.01600431214      -1.273649330192E-002 -1.842463914333E-003
   1.61598319445       -2.47344641305       -43.2000000000        3.39274685617      -1.941561599729E-003 -6.611096145135E-003
   1.93917983334       -2.96813569566       -43.2000000000        3.54072732709       3.281213343960E-003 -5.729157725410E-003
   2.26237647223       -3.46282497827       -43.2000000000        4.02507147283       7.686084389111E-002 -2.778938841667E-003
   2.58557311112       -3.95751426088       -43.2000000000        4.77378958224      -0.139075460923       6.579262215799E-003
   2.90876975001       -4.45220354349       -43.2000000000        6.01251542429      -0.981976031110       2.440916986365E-003
   3.23196638891       -4.94689282610       -43.2000000000        5.65557965085       -4.64300349841       1.376090782538E-003
   3.55516302780       -5.44158210871       -43.2000000000        1.74804657248       -4.29967960455       8.005240509001E-003
   0.00000000000        0.00000000000       -43.2000000000        3.01428099010       3.056140990612E-002 -8.082712771803E-005
  0.466310301007      -0.362943875680       -43.2000000000        3.01095443629       2.853292071031E-002 -1.937267796797E-003
  0.932620602014      -0.725887751361       -43.2000000000        3.00688249004       1.783858261206E-002 -2.853634156477E-003
   1.39893090302       -1.08883162704       -43.2000000000        3.00773098104       5.662941474335E-003 -2.435344290012E-003
   1.86524120403       -1.45177550272       -43.2000000000        3.02142001811      -1.724210816512E-002  6.230547238242E-004
   2.33155150503       -1.81471937840       -43.2000000000        3.33075732766      -8.462447724097E-002 -6.115862967494E-003
   2.79786180604       -2.17766325408       -43.2000000000        3.40837495786      -0.426902637025       8.347711020045E-004
   3.26417210705       -2.54060712976       -43.2000000000        3.26871068303      -0.560421296436       3.862766200651E-003
   3.73048240806       -2.90355100544       -43.2000000000        3.16875753275      -0.802364516234       1.671352365237E-002
   4.19679270906       -3.26649488112       -43.2000000000        3.13951369902       -1.10962130365       6.020135905451E-003
   4.66310301007       -3.62943875680       -43.2000000000        2.99650678031       -1.59295458712       3.323627715844E-002
   5.12941331108       -3.99238263248       -43.2000000000        2.46599800342       -1.61475858418       3.566100366292E-002
   0.00000000000        0.00000000000       -43.2000000000        3.01428099010       3.056140990612E-002 -8.082712771803E-005
  0.558892006459      -0.191867868166       -43.2000000000        3.01172020303       3.188935228482E-002 -1.242322677908E-003
   1.11778401292      -0.383735736333       -43.2000000000        3.00892426867       3.048349865602E-002 -2.107255084347E-003
   1.67667601938      -0.575603604499       -43.2000000000        3.01395618735       1.941756209798E-002 -2.842635504154E-004
   2.23556802584      -0.767471472666       -43.2000000000        3.01448388635       3.954062312118E-003 -5.866237327051E-004
   2.79446003230      -0.959339340832       -43.2000000000        3.11045483607      -9.562932422383E-002 -4.747481397893E-003
   3.35335203876       -1.15120720900       -43.2000000000        3.00846093670      -0.240811494745      -2.084390895839E-003
   3.91224404522       -1.34307507716       -43.2000000000        2.83189226854      -0.283642830446      -2.312150516277E-003
   4.47113605168       -1.53494294533       -43.2000000000        2.74270426727      -0.322177996354       1.045824694744E-003
   5.03002805814       -1.72681081350       -43.2000000000        2.53442078447      -0.319745490136       2.048727768109E-002
   5.58892006459       -1.91867868166       -43.2000000000        2.33666212480      -0.333008678537       3.319815982729E-002
   6.14781207105       -2.11054654983       -43.2000000000        2.10247283492      -0.332292043577       2.939469190034E-002
   0.00000000000        0.00000000000       -43.2000000000        3.01428099010       3.056140990612E-002 -8.082712771803E-005
  0.590909090909        0.00000000000       -43.2000000000        3.01276347078       3.510188069745E-002 -4.215114936958E-004
   1.18181818182      -1.172487511250E-015  -43.2000000000        3.01124595146       3.964235148877E-002 -7.621958596735E-004
   1.77272727273        0.00000000000       -43.2000000000        3.02133553466       3.873823324486E-002  1.531933313885E-003
   2.36363636364        0.00000000000       -43.2000000000        3.01620407919       2.918320972475E-002  2.489460850731E-004
   2.95454545455        0.00000000000       -43.2000000000        3.06194266385      -1.216037302267E-002 -1.271127333491E-003
   3.54545454545        0.00000000000       -43.2000000000        2.92802833127       1.678805512688E-002 -6.889385138482E-004
   4.13636363636        0.00000000000       -43.2000000000        2.78529567865       4.260032763304E-002 -3.802498374285E-003
   4.72727272727        0.00000000000       -43.2000000000        2.65366305444       3.380398045052E-002 -3.573295685395E-003
   5.31818181818        0.00000000000       -43.2000000000        2.52203043023       2.500763326801E-002 -3.344092996505E-003
   5.90909090909        0.00000000000       -43.2000000000        2.39039780602       1.621128608549E-002 -3.114890307614E-003
   6.50000000000        0.00000000000       -43.2000000000        2.25876518180       7.414938902976E-003 -2.885687618724E-003
