 12 20 1 1
 1 X [LENGU]
 2 Y [LENGU]
 3 Z [LENGU]
 4 Hx [FIELU]
 5 Hy [FIELU]
 6 Hz [FIELU]
 0
   0.00000000000        0.00000000000       -2.16000000000        2.99979362482      -1.023937214945E-002 -4.662631929852E-003
  0.590909090909        0.00000000000       -2.16000000000        3.01254405825      -8.941458483812E-003 -2.133838889717E-003
   1.18181818182        0.00000000000       -2.16000000000        3.02517297470      -4.804069279311E-003  6.534753729039E-004
   1.77272727273        0.00000000000       -2.16000000000        3.00909549448       2.652380409965E-005 -9.597817642966E-004
   2.36363636364        0.00000000000       -2.16000000000        3.00079484180       8.576362052899E-004 -3.113665000487E-003
   2.95454545455        0.00000000000       -2.16000000000        2.88271597367       1.320496395725E-003 -1.358737543038E-002
   3.54545454545        0.00000000000       -2.16000000000        2.75901098511      -4.187064359264E-002 -3.368609543297E-002
   4.13636363636        0.00000000000       -2.16000000000        2.62921064129      -3.274007994341E-002 -5.066001137158E-002
   4.72727272727        0.00000000000       -2.16000000000        2.49605352476      -3.315362536654E-003 -6.409858311844E-002
   5.31818181818        0.00000000000       -2.16000000000        2.33430840533       8.138601677265E-003 -7.963175215552E-002
   5.90909090909        0.00000000000       -2.16000000000        2.16382231777      -1.246074749010E-002 -0.134807325589     
   6.50000000000        0.00000000000       -2.16000000000        1.99430710104       1.697391231455E-002 -0.163151914362     
   0.00000000000        0.00000000000       -2.16000000000        2.99979362482      -1.023937214945E-002 -4.662631929852E-003
  0.558892006459       0.191867868166       -2.16000000000        3.02319275748      -6.735835159112E-003 -8.783090368580E-004
   1.11778401292       0.383735736333       -2.16000000000        3.03830006230       1.576927209826E-004  1.707963105972E-003
   1.67667601938       0.575603604499       -2.16000000000        3.01597907394       7.410366847780E-003 -1.128641704624E-003
   2.23556802584       0.767471472666       -2.16000000000        2.98455271097       2.263510083102E-002 -6.046860735166E-003
   2.79446003230       0.959339340832       -2.16000000000        2.94632925614       6.272724877262E-002 -5.755098099472E-003
   3.35335203876        1.15120720900       -2.16000000000        2.81170986383       0.196154032579      -2.276479219024E-002
   3.91224404522        1.34307507716       -2.16000000000        2.69500210960       0.275849284595      -3.938771270894E-002
   4.47113605168        1.53494294533       -2.16000000000        2.57090409001       0.337917152294      -5.207164573971E-002
   5.03002805814        1.72681081350       -2.16000000000        2.39153520999       0.388923214209      -6.761066430571E-002
   5.58892006459        1.91867868166       -2.16000000000        2.18291393055       0.421723735495      -9.110099642139E-002
   6.14781207105        2.11054654983       -2.16000000000        1.88879936964       0.377072518818      -0.111190180679     
   0.00000000000        0.00000000000       -2.16000000000        2.99979362482      -1.023937214945E-002 -4.662631929852E-003
  0.466310301007       0.362943875680       -2.16000000000        3.03049984392      -4.955592129343E-003 -6.473185248622E-005
  0.932620602014       0.725887751361       -2.16000000000        3.04403152242       5.292560032106E-003  1.713451710026E-003
   1.39893090302        1.08883162704       -2.16000000000        3.02800952877       1.816296498287E-002 -6.369932100505E-004
   1.86524120403        1.45177550272       -2.16000000000        2.99412384619       3.368155518676E-002 -5.634813141304E-003
   2.33155150503        1.81471937840       -2.16000000000        3.25458702004       5.296632688860E-002 -3.849882765713E-003
   2.79786180604        2.17766325408       -2.16000000000        3.26740441915       0.282891106104      -4.302234870638E-003
   3.26417210705        2.54060712976       -2.16000000000        3.31349193487       0.689145157646      -1.120089112794E-002
   3.73048240806        2.90355100544       -2.16000000000        3.16207144764       0.811566020466      -2.728272970886E-002
   4.19679270906        3.26649488112       -2.16000000000        2.95491996448       0.963944798452      -6.330777412723E-002
   4.66310301007        3.62943875680       -2.16000000000        2.65518439807        1.23949741751      -0.118201029281     
   5.12941331108        3.99238263248       -2.16000000000        2.26795882549        1.41847445315      -0.217260208151     
   0.00000000000        0.00000000000       -2.16000000000        2.99979362482      -1.023937214945E-002 -4.662631929852E-003
  0.323196638891       0.494689282610       -2.16000000000        3.03361237357      -3.770209311664E-003  2.211183434068E-004
  0.646393277781       0.989378565219       -2.16000000000        3.03085593987       1.342306568583E-002 -8.032883548053E-004
  0.969589916672        1.48406784783       -2.16000000000        3.03708662163       2.527121390492E-002 -4.339414565817E-004
   1.29278655556        1.97875713044       -2.16000000000        3.03005879428       2.296505836586E-002 -1.560379473413E-003
   1.61598319445        2.47344641305       -2.16000000000        3.38384796200      -3.633924955259E-002 -3.417668803208E-003
   1.93917983334        2.96813569566       -2.16000000000        3.52723967712      -0.208247503924       7.014775387522E-003
   2.26237647223        3.46282497827       -2.16000000000        3.82421520290      -0.185042825887       8.908342248455E-003
   2.58557311112        3.95751426088       -2.16000000000        4.56046126941       4.025177991602E-002 -5.491742796703E-003
   2.90876975001        4.45220354349       -2.16000000000        5.64581714563       0.986948852087      -4.090673795897E-002
   3.23196638891        4.94689282610       -2.16000000000        5.29399089411        4.49921125855      -7.508180676439E-002
   3.55516302780        5.44158210871       -2.16000000000        1.28269120210        4.25967739205      -9.339287322040E-002
   0.00000000000        0.00000000000       -2.16000000000        2.99979362482      -1.023937214945E-002 -4.662631929852E-003
  0.145059606038       0.572827429873       -2.16000000000        3.03267415337      -3.492659589281E-003 -7.054627846364E-005
  0.290119212075        1.14565485975       -2.16000000000        3.02846457725       1.423916417308E-002 -1.469836881227E-003
  0.435178818113        1.71848228962       -2.16000000000        3.04747446361       1.254842593176E-002  4.200285276170E-004
  0.580238424151        2.29130971949       -2.16000000000        3.06367181947       1.847907214839E-002  2.786786483082E-003
  0.725298030189        2.86413714937       -2.16000000000        3.38993451160      -9.776627026086E-002  2.124704552223E-003
  0.870357636226        3.43696457924       -2.16000000000        3.28312133175      -0.350719761386       1.478280236974E-002
   1.01541724226        4.00979200911       -2.16000000000        3.14938126242      -0.506419244855       4.983718104070E-003
   1.16047684830        4.58261943899       -2.16000000000        2.85700497987       -1.30199807062       8.748622127342E-003
   1.30553645434        5.15544686886       -2.16000000000        2.08273035608       -1.62642459175      -4.324198471088E-003
   1.45059606038        5.72827429873       -2.16000000000       0.956565132465       -1.72153480025      -2.903889834229E-003
   1.59565566642        6.30110172861       -2.16000000000       0.131516282220       -1.12984377568       1.087843604992E-002
   0.00000000000        0.00000000000       -2.16000000000        2.99979362482      -1.023937214945E-002 -4.662631929852E-003
 -4.879688596092E-002  0.588890836777       -2.16000000000        3.02778685406      -4.153019781241E-003 -9.081193306750E-004
 -9.759377192185E-002   1.17778167355       -2.16000000000        3.02922177589       1.056689534852E-002 -1.477340729709E-003
 -0.146390657883        1.76667251033       -2.16000000000        3.04903138489       6.217580354811E-003  5.933225523004E-004
 -0.195187543844        2.35556334711       -2.16000000000        3.05906415251       1.807767094167E-002  3.019288725762E-003
 -0.243984429805        2.94445418388       -2.16000000000        3.35749269010       1.386866709701E-002  3.906502806025E-003
 -0.292781315766        3.53334502066       -2.16000000000        2.79628074440       3.107035259437E-002  8.788551201889E-003
 -0.341578201726        4.12223585744       -2.16000000000        2.71907910165       0.331301400777       3.689285559580E-003
 -0.390375087687        4.71112669421       -2.16000000000        2.27580166216       0.381133167604       1.754843899591E-002
 -0.439171973648        5.30001753099       -2.16000000000        1.85693619609       0.480542309610       1.731839915285E-002
 -0.487968859609        5.88890836777       -2.16000000000        1.20284948360       0.448657750634       8.419415357114E-003
 -0.536765745570        6.47779920454       -2.16000000000       0.622611054743       0.476660971677      -1.223252403557E-003
   0.00000000000        0.00000000000       -2.16000000000        2.99979362482      -1.023937214945E-002 -4.662631929852E-003
 -0.237365478204       0.541138783933       -2.16000000000        3.01948009033      -5.679729614201E-003 -2.200836776735E-003
 -0.474730956408        1.08227756787       -2.16000000000        3.03204449789       3.173733764638E-003 -9.851707223477E-004
 -0.712096434612        1.62341635180       -2.16000000000        3.04167188503       5.070927062588E-003 -9.921881516660E-006
 -0.949461912816        2.16455513573       -2.16000000000        3.01935543139       0.115824963147       1.881093753150E-003
  -1.18682739102        2.70569391966       -2.16000000000        3.33892162803       7.539567225700E-002  1.416352789998E-002
  -1.42419286922        3.24683270360       -2.16000000000        3.37715350458       0.184275495421       9.114749946073E-003
  -1.66155834743        3.78797148753       -2.16000000000        3.60730702220       0.471097595263       3.645004353282E-003
  -1.89892382563        4.32911027146       -2.16000000000        4.08231185484       0.983100707391       2.604467544628E-002
  -2.13628930384        4.87024905539       -2.16000000000        4.59853472318        3.29611308712       5.581151716845E-002
  -2.37365478204        5.41138783933       -2.16000000000       0.379548173481        3.51135707028       6.677605362505E-002
  -2.61102026024        5.95252662326       -2.16000000000       -3.29730673275       0.894866420039       6.563196018369E-002
   0.00000000000        0.00000000000       -2.16000000000        2.99979362482      -1.023937214945E-002 -4.662631929852E-003
 -0.400211837779       0.434745947216       -2.16000000000        3.00889369376      -7.778934233554E-003 -3.778630155531E-003
 -0.800423675558       0.869491894432       -2.16000000000        3.02107611645      -3.666974421799E-003 -2.509020794330E-003
  -1.20063551334        1.30423784165       -2.16000000000        3.03080028040       6.022958086332E-003 -1.294118400938E-003
  -1.60084735112        1.73898378886       -2.16000000000        3.03870415598       2.081139963709E-002  6.461602981573E-004
  -2.00105918889        2.17372973608       -2.16000000000        3.25599838892       8.728415275692E-002  2.740056118846E-003
  -2.40127102667        2.60847568330       -2.16000000000        3.42565607993      -0.149602154043      -5.606909299228E-004
  -2.80148286445        3.04322163051       -2.16000000000        3.48782112913      -0.377966776556       1.662679361143E-002
  -3.20169470223        3.47796757773       -2.16000000000        3.70770967283      -0.797091284722       5.634589763992E-002
  -3.60190654001        3.91271352494       -2.16000000000        3.68572717613       -1.28917661267       0.100602241590     
  -4.00211837779        4.34745947216       -2.16000000000        3.05975756828       -1.85671706593       0.210940287582     
  -4.40233021557        4.78220541938       -2.16000000000        2.27589869468       -2.13741932051       0.291557021127     
   0.00000000000        0.00000000000       -2.16000000000        2.99979362482      -1.023937214945E-002 -4.662631929852E-003
 -0.519689034804       0.281241641340       -2.16000000000        3.00250052951      -7.369666625763E-003 -4.804271531931E-003
  -1.03937806961       0.562483282680       -2.16000000000        3.01444841568      -1.116142158281E-002 -3.059315969402E-003
  -1.55906710441       0.843724924020       -2.16000000000        3.01079659227      -6.346368085067E-004 -3.910659713595E-003
  -2.07875613922        1.12496656536       -2.16000000000        3.01249959878      -1.198962889660E-002 -4.011243812758E-003
  -2.59844517402        1.40620820670       -2.16000000000        3.14371757711      -9.146135186272E-002  1.597223174744E-002
  -3.11813420882        1.68744984804       -2.16000000000        3.05961754976      -0.288832415907       1.623610939446E-002
  -3.63782324363        1.96869148938       -2.16000000000        2.95900647392      -0.411121317994       1.647936571662E-002
  -4.15751227843        2.24993313072       -2.16000000000        2.77435165198      -0.493861401219       2.992045696726E-002
  -4.67720131323        2.53117477206       -2.16000000000        2.61068192219      -0.602112698859       5.646406900169E-002
  -5.19689034804        2.81241641340       -2.16000000000        2.30847816616      -0.679717440756       0.104260529167     
  -5.71657938284        3.09365805474       -2.16000000000        1.97969233925      -0.771851601441       0.123547504014     
   0.00000000000        0.00000000000       -2.16000000000        2.99979362482      -1.023937214945E-002 -4.662631929852E-003
 -0.582849861102       9.726043971134E-002  -2.16000000000        2.99581403014      -7.271376139533E-003 -5.814564059681E-003
  -1.16569972220       0.194520879423       -2.16000000000        3.02385470610      -2.204910232849E-002 -9.272832894119E-004
  -1.74854958330       0.291781319134       -2.16000000000        3.00846704993      -5.024178259909E-004 -4.025633906275E-003
  -2.33139944441       0.389041758845       -2.16000000000        2.99628625047      -5.017655799676E-003 -5.319470669897E-003
  -2.91424930551       0.486302198557       -2.16000000000        2.99535213656      -4.259688204106E-002  1.277891359859E-002
  -3.49709916661       0.583562638268       -2.16000000000        2.86828306131      -5.601836006410E-002  1.639340927117E-002
  -4.07994902771       0.680823077979       -2.16000000000        2.74498515280      -8.730974002596E-002  1.359671002689E-002
  -4.66279888881       0.778083517691       -2.16000000000        2.60534846881      -0.111588244166      -2.350348691171E-003
  -5.24564874991       0.875343957402       -2.16000000000        2.45562620164      -0.113074350141      -3.171134894051E-002
  -5.82849861102       0.972604397113       -2.16000000000        2.29317979894      -0.115880552725      -1.567338851951E-002
  -6.41134847212        1.06986483682       -2.16000000000        2.38487768179      -1.788984299059E-002 -0.235918336431     
   0.00000000000        0.00000000000       -2.16000000000        2.99979362482      -1.023937214945E-002 -4.662631929852E-003
 -0.582849861102      -9.726043971134E-002  -2.16000000000        2.99679214364      -1.270896058058E-002 -5.223297811283E-003
  -1.16569972220      -0.194520879423       -2.16000000000        3.02536174443      -2.777026157654E-002 -2.871181063218E-004
  -1.74854958330      -0.291781319134       -2.16000000000        3.01281703514      -6.338440539383E-003 -3.261592304956E-003
  -2.33139944441      -0.389041758845       -2.16000000000        2.99158724624       3.625539671166E-003 -5.421398072359E-003
  -2.91424930551      -0.486302198557       -2.16000000000        3.01206224455       4.437817586029E-002  1.045869458075E-002
  -3.49709916661      -0.583562638268       -2.16000000000        2.94687334125       0.154572280767       1.428401700170E-002
  -4.07994902771      -0.680823077979       -2.16000000000        2.77306722386       0.150140659692       2.120408749413E-002
  -4.66279888881      -0.778083517691       -2.16000000000        2.63718363560       0.135427077389       1.383941032498E-003
  -5.24564874991      -0.875343957402       -2.16000000000        2.49158219323       0.132686371694      -8.163494666173E-004
  -5.82849861102      -0.972604397113       -2.16000000000        2.28557848787       9.331312773383E-002 -2.246773738314E-002
  -6.41134847212       -1.06986483682       -2.16000000000        2.09071399557      -2.255803812413E-002 -0.205427315950     
   0.00000000000        0.00000000000       -2.16000000000        2.99979362482      -1.023937214945E-002 -4.662631929852E-003
 -0.519689034804      -0.281241641340       -2.16000000000        2.99654285603      -1.675967652205E-002 -4.888258079235E-003
  -1.03937806961      -0.562483282680       -2.16000000000        3.02785452839      -3.990503465804E-002  1.168787945564E-003
  -1.55906710441      -0.843724924020       -2.16000000000        3.02260127280      -1.837139582446E-002 -1.674467289214E-003
  -2.07875613922       -1.12496656536       -2.16000000000        3.01679867299       6.869944148203E-003 -2.465003983642E-003
  -2.59844517402       -1.40620820670       -2.16000000000        3.15402070841       8.059502695849E-002  6.940731079687E-003
  -3.11813420882       -1.68744984804       -2.16000000000        3.07876019117       0.241497555555       9.472542891434E-003
  -3.63782324363       -1.96869148938       -2.16000000000        2.98114137108       0.404811947326       2.220009865174E-002
  -4.15751227843       -2.24993313072       -2.16000000000        2.84401951281       0.559246407071       4.962775243653E-002
  -4.67720131323       -2.53117477206       -2.16000000000        2.67364512513       0.601777379351       5.562337758625E-002
  -5.19689034804       -2.81241641340       -2.16000000000        2.28436877441       0.711772041765       7.997177160334E-002
  -5.71657938284       -3.09365805474       -2.16000000000        1.89978775106       0.740642952556       8.649803115335E-002
   0.00000000000        0.00000000000       -2.16000000000        2.99979362482      -1.023937214945E-002 -4.662631929852E-003
 -0.400211837779      -0.434745947216       -2.16000000000        2.99146882062      -1.637190668293E-002 -5.585684027045E-003
 -0.800423675558      -0.869491894432       -2.16000000000        3.03091769204      -5.694260702794E-002  3.244512023957E-003
  -1.20063551334       -1.30423784165       -2.16000000000        3.03481803674      -3.441965664499E-002  1.816878000756E-003
  -1.60084735112       -1.73898378886       -2.16000000000        3.04492652428       1.082079674092E-003  1.442886867759E-003
  -2.00105918889       -2.17372973608       -2.16000000000        3.22344993529      -7.487083749210E-002  4.495598902280E-003
  -2.40127102667       -2.60847568330       -2.16000000000        3.19488491765       0.201278263255       9.166815229932E-003
  -2.80148286445       -3.04322163051       -2.16000000000        3.19655573433       0.453222792488       5.120387970384E-002
  -3.20169470223       -3.47796757773       -2.16000000000        3.43935879667       0.858976073126       8.005680265634E-002
  -3.60190654001       -3.91271352494       -2.16000000000        3.68772814112        1.34307572071       0.101465824803     
  -4.00211837779       -4.34745947216       -2.16000000000        3.20535495914        1.92244343003       0.190261466292     
  -4.40233021557       -4.78220541938       -2.16000000000        2.40776484546        1.99009623737       0.232970963926     
   0.00000000000        0.00000000000       -2.16000000000        2.99979362482      -1.023937214945E-002 -4.662631929852E-003
 -0.237365478204      -0.541138783933       -2.16000000000        2.98211988787      -1.158767194215E-002 -7.239998731590E-003
 -0.474730956408       -1.08227756787       -2.16000000000        3.01341174049      -4.039849216263E-002 -2.713585973487E-004
 -0.712096434612       -1.62341635180       -2.16000000000        3.04854137755      -4.674877862654E-002  6.029995861280E-003
 -0.949461912816       -2.16455513573       -2.16000000000        3.06186505071      -1.835462883775E-002  5.888921674449E-003
  -1.18682739102       -2.70569391966       -2.16000000000        3.28079346583      -8.284320242220E-002  1.248029577537E-002
  -1.42419286922       -3.24683270360       -2.16000000000        3.56996584278      -6.739238340757E-002  3.296560239635E-002
  -1.66155834743       -3.78797148753       -2.16000000000        3.92255639205      -0.628204588913       3.952210358845E-002
  -1.89892382563       -4.32911027146       -2.16000000000        3.95824461183       -1.18465330259       4.847759247824E-002
  -2.13628930384       -4.87024905539       -2.16000000000        4.00187692805       -3.50391242254       7.132663892197E-002
  -2.37365478204       -5.41138783933       -2.16000000000        2.64532110470       -3.69760337307       7.494579952369E-002
  -2.61102026024       -5.95252662326       -2.16000000000       -3.24656104816      -0.878516514713       8.132780488153E-002
   0.00000000000        0.00000000000       -2.16000000000        2.99979362482      -1.023937214945E-002 -4.662631929852E-003
 -4.879688596092E-002 -0.588890836777       -2.16000000000        2.98026151436      -1.067636838246E-002 -7.476781548958E-003
 -9.759377192185E-002  -1.17778167355       -2.16000000000        2.99205781861      -4.393402573918E-004 -5.807682568154E-003
 -0.146390657883       -1.76667251033       -2.16000000000        3.02444483079      -9.380481234962E-003  2.781082163732E-004
 -0.195187543844       -2.35556334711       -2.16000000000        3.05896254125      -4.270492525969E-002  7.849173698063E-003
 -0.243984429805       -2.94445418388       -2.16000000000        3.27286366936      -5.423492871081E-002  1.127456836327E-002
 -0.292781315766       -3.53334502066       -2.16000000000        2.99573520523       3.933274289371E-002  1.135731288236E-002
 -0.341578201726       -4.12223585744       -2.16000000000        2.65360432347      -0.156165120628       1.291650725349E-002
 -0.390375087687       -4.71112669421       -2.16000000000        2.30896324569      -0.364888149674       1.438628246433E-002
 -0.439171973648       -5.30001753099       -2.16000000000        1.83574620942      -0.486817505248       1.568872472315E-002
 -0.487968859609       -5.88890836777       -2.16000000000        1.19340503926      -0.504207416624       3.711740228272E-002
 -0.536765745570       -6.47779920454       -2.16000000000       0.775481027183      -0.380636408312       4.896794953177E-002
   0.00000000000        0.00000000000       -2.16000000000        2.99979362482      -1.023937214945E-002 -4.662631929852E-003
  0.145059606038      -0.572827429873       -2.16000000000        2.98331174366      -1.092329908848E-002 -6.745996509248E-003
  0.290119212075       -1.14565485975       -2.16000000000        2.99455147880       2.343559912386E-003 -4.952027887455E-003
  0.435178818113       -1.71848228962       -2.16000000000        3.00847955837       4.578794351347E-003 -3.318895869010E-003
  0.580238424151       -2.29130971949       -2.16000000000        3.01294118634      -1.429412941187E-002 -1.527421095860E-003
  0.725298030189       -2.86413714937       -2.16000000000        3.37526109061       0.188389371916       7.815258069754E-003
  0.870357636226       -3.43696457924       -2.16000000000        3.23618886016       0.351160595006       4.227357142534E-003
   1.01541724226       -4.00979200911       -2.16000000000        3.04420019365       0.701151265006       9.818411650113E-004
   1.16047684830       -4.58261943899       -2.16000000000        2.80431366622        1.08500669649      -2.489279635743E-003
   1.30553645434       -5.15544686886       -2.16000000000        2.12059663165        1.56473750233      -5.736756991085E-005
   1.45059606038       -5.72827429873       -2.16000000000       0.959959952843        1.72331050606      -1.012947317886E-002
   1.59565566642       -6.30110172861       -2.16000000000       6.734562500369E-002   1.13798422285      -8.471264593024E-003
   0.00000000000        0.00000000000       -2.16000000000        2.99979362482      -1.023937214945E-002 -4.662631929852E-003
  0.323196638891      -0.494689282610       -2.16000000000        2.98820407254      -1.087019971262E-002 -5.747448136780E-003
  0.646393277781      -0.989378565219       -2.16000000000        2.99455821967      -1.748767709323E-003 -4.197761643637E-003
  0.969589916672       -1.48406784783       -2.16000000000        3.00773619178      -1.033110806046E-002 -3.436191763905E-003
   1.29278655556       -1.97875713044       -2.16000000000        3.00739225520      -1.274834220156E-002 -4.076384652757E-003
   1.61598319445       -2.47344641305       -2.16000000000        3.33548148634       5.919545028170E-002 -4.920389765658E-003
   1.93917983334       -2.96813569566       -2.16000000000        3.65057914264       0.115793362666      -1.360754189062E-002
   2.26237647223       -3.46282497827       -2.16000000000        4.01196855623       0.119465252446      -2.313984510932E-002
   2.58557311112       -3.95751426088       -2.16000000000        4.45509394481      -6.514560171685E-002 -3.747184066607E-002
   2.90876975001       -4.45220354349       -2.16000000000        5.66070312499      -0.981409697326      -6.121798515918E-002
   3.23196638891       -4.94689282610       -2.16000000000        5.42595346854       -4.64639262484      -7.718028031383E-002
   3.55516302780       -5.44158210871       -2.16000000000        1.48348970371       -4.34694475974      -0.102060221501     
   0.00000000000        0.00000000000       -2.16000000000        2.99979362482      -1.023937214945E-002 -4.662631929852E-003
  0.466310301007      -0.362943875680       -2.16000000000        2.99429072132      -1.099705732053E-002 -4.677505953233E-003
  0.932620602014      -0.725887751361       -2.16000000000        2.98959648684      -9.360070204274E-003 -4.235839988191E-003
   1.39893090302       -1.08883162704       -2.16000000000        3.00503997940      -9.767727154972E-003 -2.099684313133E-003
   1.86524120403       -1.45177550272       -2.16000000000        2.98693141038      -2.145767489103E-002 -3.602440175619E-003
   2.33155150503       -1.81471937840       -2.16000000000        3.18901468539      -1.952557027086E-002 -1.418515666981E-002
   2.79786180604       -2.17766325408       -2.16000000000        3.16136046614      -0.196853672019      -3.149217085062E-002
   3.26417210705       -2.54060712976       -2.16000000000        3.15864014926      -0.403049893751      -4.710113442547E-002
   3.73048240806       -2.90355100544       -2.16000000000        3.16364519651      -0.640631370424      -5.913230764801E-002
   4.19679270906       -3.26649488112       -2.16000000000        2.99085566818       -1.00100031822      -0.110669558405     
   4.66310301007       -3.62943875680       -2.16000000000        2.69339546362       -1.31182360641      -0.191572722757     
   5.12941331108       -3.99238263248       -2.16000000000        2.28680421994       -1.33650837965      -0.280485722089     
   0.00000000000        0.00000000000       -2.16000000000        2.99979362482      -1.023937214945E-002 -4.662631929852E-003
  0.558892006459      -0.191867868166       -2.16000000000        3.00091210715      -1.129012492197E-002 -3.652114796059E-003
   1.11778401292      -0.383735736333       -2.16000000000        3.00259892454      -1.004940208198E-002 -2.215605528892E-003
   1.67667601938      -0.575603604499       -2.16000000000        3.00430107870      -8.800480747056E-003 -7.771809874125E-004
   2.23556802584      -0.767471472666       -2.16000000000        2.96561871844      -1.537038526122E-002 -2.916698757092E-003
   2.79446003230      -0.959339340832       -2.16000000000        2.94718790806      -4.132666558239E-002 -1.474249481647E-002
   3.35335203876       -1.15120720900       -2.16000000000        2.83518318169      -0.171121816040      -3.379689423942E-002
   3.91224404522       -1.34307507716       -2.16000000000        2.73200333542      -0.251643231592      -5.313835736013E-002
   4.47113605168       -1.53494294533       -2.16000000000        2.62237034495      -0.331483611342      -6.458896762785E-002
   5.03002805814       -1.72681081350       -2.16000000000        2.42368421552      -0.399267720990      -8.617641762782E-002
   5.58892006459       -1.91867868166       -2.16000000000        2.19766340050      -0.447889684817      -0.105459808787     
   6.14781207105       -2.11054654983       -2.16000000000        1.95304865629      -0.470055257187      -9.185785404211E-002
   0.00000000000        0.00000000000       -2.16000000000        2.99979362482      -1.023937214945E-002 -4.662631929852E-003
  0.590909090909        0.00000000000       -2.16000000000        3.01254405825      -8.941458483812E-003 -2.133838889717E-003
   1.18181818182      -1.172487511250E-015  -2.16000000000        3.02517297470      -4.804069279311E-003  6.534753729039E-004
   1.77272727273        0.00000000000       -2.16000000000        3.00909549448       2.652380409965E-005 -9.597817642966E-004
   2.36363636364        0.00000000000       -2.16000000000        3.00079484180       8.576362052899E-004 -3.113665000487E-003
   2.95454545455        0.00000000000       -2.16000000000        2.88271597367       1.320496395725E-003 -1.358737543038E-002
   3.54545454545        0.00000000000       -2.16000000000        2.75901098511      -4.187064359264E-002 -3.368609543297E-002
   4.13636363636        0.00000000000       -2.16000000000        2.62921064129      -3.274007994341E-002 -5.066001137158E-002
   4.72727272727        0.00000000000       -2.16000000000        2.49605352476      -3.315362536654E-003 -6.409858311844E-002
   5.31818181818        0.00000000000       -2.16000000000        2.33430840533       8.138601677265E-003 -7.963175215552E-002
   5.90909090909        0.00000000000       -2.16000000000        2.16382231777      -1.246074749010E-002 -0.134807325589     
   6.50000000000        0.00000000000       -2.16000000000        1.99430710104       1.697391231455E-002 -0.163151914362     
