 12 20 1 1
 1 X [LENGU]
 2 Y [LENGU]
 3 Z [LENGU]
 4 Hx [FIELU]
 5 Hy [FIELU]
 6 Hz [FIELU]
 0
   0.00000000000        0.00000000000       -43.2000000000        4.63017640479       4.641085445604E-002 -9.688614902332E-004
  0.590909090909        0.00000000000       -43.2000000000        4.62788342636       5.367201626475E-002 -1.495947588920E-003
   1.18181818182        0.00000000000       -43.2000000000        4.62559044793       6.093317807347E-002 -2.023033687606E-003
   1.77272727273        0.00000000000       -43.2000000000        4.64122653491       5.952629044398E-002  1.566938608138E-003
   2.36363636364        0.00000000000       -43.2000000000        4.63328639013       4.526069704033E-002 -3.779121178092E-004
   2.95454545455        0.00000000000       -43.2000000000        4.69704925320      -1.795247681852E-002 -2.253858022378E-003
   3.54545454545        0.00000000000       -43.2000000000        4.49036217169       2.697762697286E-002 -1.278648941302E-003
   4.13636363636        0.00000000000       -43.2000000000        4.27035477727       6.712913273923E-002 -6.002197451568E-003
   4.72727272727        0.00000000000       -43.2000000000        4.06752559870       5.357677130970E-002 -5.602970619600E-003
   5.31818181818        0.00000000000       -43.2000000000        3.86469642013       4.002440988018E-002 -5.203743787632E-003
   5.90909090909        0.00000000000       -43.2000000000        3.66186724156       2.647204845066E-002 -4.804516955664E-003
   6.50000000000        0.00000000000       -43.2000000000        3.45903806298       1.291968702114E-002 -4.405290123696E-003
   0.00000000000        0.00000000000       -43.2000000000        4.63017640479       4.641085445604E-002 -9.688614902332E-004
  0.558892006459       0.191867868166       -43.2000000000        4.63059335963       5.593643616099E-002 -4.291141355189E-004
   1.11778401292       0.383735736333       -43.2000000000        4.63101031448       6.546201786595E-002  1.106332191953E-004
   1.67667601938       0.575603604499       -43.2000000000        4.63446764764       7.158789502194E-002  1.040899830678E-003
   2.23556802584       0.767471472666       -43.2000000000        4.64887452568       6.943992902748E-002  2.369184611686E-003
   2.79446003230       0.959339340832       -43.2000000000        4.80256365527       0.125567664475       2.303082638670E-003
   3.35335203876        1.15120720900       -43.2000000000        4.58655103912       0.338720894552       7.786936281007E-003
   3.91224404522        1.34307507716       -43.2000000000        4.37319798821       0.425123097007       4.684827613339E-003
   4.47113605168        1.53494294533       -43.2000000000        4.15979615624       0.543002478108       2.149613826916E-002
   5.03002805814        1.72681081350       -43.2000000000        3.96623674439       0.648688650420       2.888110186946E-002
   5.58892006459        1.91867868166       -43.2000000000        3.70196672829       0.643099591708       5.831195573377E-002
   6.14781207105        2.11054654983       -43.2000000000        3.22475206943       0.576591973274       0.101311559136     
   0.00000000000        0.00000000000       -43.2000000000        4.63017640479       4.641085445604E-002 -9.688614902332E-004
  0.466310301007       0.362943875680       -43.2000000000        4.63627768092       5.077239805587E-002 -4.466524180575E-004
  0.932620602014       0.725887751361       -43.2000000000        4.63718428053       7.848789358794E-002  8.167709635719E-004
   1.39893090302        1.08883162704       -43.2000000000        4.64999537039       7.644224923993E-002  2.458757607874E-003
   1.86524120403        1.45177550272       -43.2000000000        4.64269121259       0.129953292455       3.315179462184E-003
   2.33155150503        1.81471937840       -43.2000000000        5.15352578841       0.129506822152       5.270308937454E-003
   2.79786180604        2.17766325408       -43.2000000000        5.03255505284       0.461500550933       5.529847872269E-003
   3.26417210705        2.54060712976       -43.2000000000        4.92541963246       0.784059630267       9.285700492520E-003
   3.73048240806        2.90355100544       -43.2000000000        4.95692127690        1.20209454592       2.577618057802E-002
   4.19679270906        3.26649488112       -43.2000000000        4.88225160929        1.69875732317       3.321900844801E-002
   4.66310301007        3.62943875680       -43.2000000000        4.56631576888        2.32075108800       7.466993727292E-002
   5.12941331108        3.99238263248       -43.2000000000        3.93102723572        2.44003103306       2.274648569510E-002
   0.00000000000        0.00000000000       -43.2000000000        4.63017640479       4.641085445604E-002 -9.688614902332E-004
  0.323196638891       0.494689282610       -43.2000000000        4.64008144064       5.061780436567E-002 -3.467881866507E-004
  0.646393277781       0.989378565219       -43.2000000000        4.64269828504       8.759061995790E-002  1.315217398031E-003
  0.969589916672        1.48406784783       -43.2000000000        4.64964346475       0.111295255757       2.867726085326E-003
   1.29278655556        1.97875713044       -43.2000000000        4.64257976793       0.179550668206       4.295614336699E-003
   1.61598319445        2.47344641305       -43.2000000000        5.26923452496      -2.325590261980E-002  1.105488727714E-004
   1.93917983334        2.96813569566       -43.2000000000        5.60581376976      -0.135521469619       4.227226416026E-003
   2.26237647223        3.46282497827       -43.2000000000        6.17186437291      -0.258963025369       7.572722290537E-003
   2.58557311112        3.95751426088       -43.2000000000        7.33219616526       0.223631186011       1.431335417313E-002
   2.90876975001        4.45220354349       -43.2000000000        9.07709711568        1.65386677207       1.806004557783E-002
   3.23196638891        4.94689282610       -43.2000000000        8.77545530295        7.05942908387       3.174809312378E-002
   3.55516302780        5.44158210871       -43.2000000000        2.79103178449        6.67948935231       4.522490050999E-002
   0.00000000000        0.00000000000       -43.2000000000        4.63017640479       4.641085445604E-002 -9.688614902332E-004
  0.145059606038       0.572827429873       -43.2000000000        4.64255486720       5.116258928889E-002 -2.776690631951E-004
  0.290119212075        1.14565485975       -43.2000000000        4.64764513816       8.868018980434E-002  1.453455644942E-003
  0.435178818113        1.71848228962       -43.2000000000        4.66452845449       7.420749848577E-002  1.398074657155E-003
  0.580238424151        2.29130971949       -43.2000000000        4.67555334681       9.180349071253E-002  2.721312004948E-003
  0.725298030189        2.86413714937       -43.2000000000        5.23029008813      -0.122194891037      -1.937915522300E-004
  0.870357636226        3.43696457924       -43.2000000000        4.94587617803      -0.341921490798      -9.397640295534E-003
   1.01541724226        4.00979200911       -43.2000000000        4.71886397634       -1.14357234219      -5.201116614242E-003
   1.16047684830        4.58261943899       -43.2000000000        4.70114080582       -1.53947302922      -1.093204111019E-002
   1.30553645434        5.15544686886       -43.2000000000        3.38421742026       -2.39585046173      -1.393444630699E-004
   1.45059606038        5.72827429873       -43.2000000000        1.55804437847       -2.85789245571       6.361649686753E-003
   1.59565566642        6.30110172861       -43.2000000000       0.310735077942       -2.13917914469      -6.241030415390E-003
   0.00000000000        0.00000000000       -43.2000000000        4.63017640479       4.641085445604E-002 -9.688614902332E-004
 -4.879688596092E-002  0.588890836777       -43.2000000000        4.64447668391       4.764176005070E-002 -3.961441630336E-004
 -9.759377192185E-002   1.17778167355       -43.2000000000        4.65373868356       7.171967015116E-002  8.756706208325E-004
 -0.146390657883        1.76667251033       -43.2000000000        4.67519317203       4.204631989749E-002  3.004687906668E-004
 -0.195187543844        2.35556334711       -43.2000000000        4.73034547741      -4.849571706602E-002 -1.165404924677E-003
 -0.243984429805        2.94445418388       -43.2000000000        5.22676797119       6.781657187217E-002 -7.938102743605E-003
 -0.292781315766        3.53334502066       -43.2000000000        4.82309193397       0.206983605980      -8.347169387685E-003
 -0.341578201726        4.12223585744       -43.2000000000        4.39112748142       0.962502160103       2.571001358450E-003
 -0.390375087687        4.71112669421       -43.2000000000        3.92786493175       0.782260312790       3.922549331951E-004
 -0.439171973648        5.30001753099       -43.2000000000        2.90779264973       0.762698072791      -3.420176894214E-003
 -0.487968859609        5.88890836777       -43.2000000000        1.82105112292       0.773437342544      -1.263554401654E-002
 -0.536765745570        6.47779920454       -43.2000000000       0.948731913206       0.747814766505      -1.248786856084E-002
   0.00000000000        0.00000000000       -43.2000000000        4.63017640479       4.641085445604E-002 -9.688614902332E-004
 -0.237365478204       0.541138783933       -43.2000000000        4.64563863213       4.043685313037E-002 -6.893748707682E-004
 -0.474730956408        1.08227756787       -43.2000000000        4.65619864180       5.671002028455E-002  2.685974634561E-004
 -0.712096434612        1.62341635180       -43.2000000000        4.69210279041       8.535671878050E-003 -8.263282913883E-004
 -0.949461912816        2.16455513573       -43.2000000000        4.79412341109      -0.205397119346      -7.139825406590E-003
  -1.18682739102        2.70569391966       -43.2000000000        5.19605689353       8.150709380881E-002 -4.419793959188E-003
  -1.42419286922        3.24683270360       -43.2000000000        5.36005332595       0.280664759285      -7.775293436332E-003
  -1.66155834743        3.78797148753       -43.2000000000        5.90414336925       0.641571522346      -1.507787946322E-002
  -1.89892382563        4.32911027146       -43.2000000000        6.85066333093        1.71126648594      -1.386352144491E-002
  -2.13628930384        4.87024905539       -43.2000000000        7.16455825833        4.76972973365      -9.781050562891E-003
  -2.37365478204        5.41138783933       -43.2000000000       0.282134652613        7.48485157328      -1.000228794254E-002
  -2.61102026024        5.95252662326       -43.2000000000       -5.08993316489        1.33860616035      -9.892908137710E-004
   0.00000000000        0.00000000000       -43.2000000000        4.63017640479       4.641085445604E-002 -9.688614902332E-004
 -0.400211837779       0.434745947216       -43.2000000000        4.64591479672       3.032863198835E-002 -1.125585089273E-003
 -0.800423675558       0.869491894432       -43.2000000000        4.65436499720       4.701227520327E-002 -2.423764072126E-004
  -1.20063551334        1.30423784165       -43.2000000000        4.68473281925       1.173109988108E-003 -1.390996396200E-003
  -1.60084735112        1.73898378886       -43.2000000000        4.77675042975      -0.148863354318      -5.433050286562E-003
  -2.00105918889        2.17372973608       -43.2000000000        4.98745098819       0.189355861524       1.391509114509E-003
  -2.40127102667        2.60847568330       -43.2000000000        5.40248038974      -0.426742786371       3.370228703189E-003
  -2.80148286445        3.04322163051       -43.2000000000        5.14795924370      -0.969470992669       1.310390982006E-003
  -3.20169470223        3.47796757773       -43.2000000000        5.97000743545       -1.26604976684      -2.792259319417E-003
  -3.60190654001        3.91271352494       -43.2000000000        6.00631023192       -2.41687220423      -1.841049570135E-002
  -4.00211837779        4.34745947216       -43.2000000000        5.22468119774       -3.55569927995      -6.807783945101E-002
  -4.40233021557        4.78220541938       -43.2000000000        4.41130516583       -3.83860909911      -6.518937969034E-002
   0.00000000000        0.00000000000       -43.2000000000        4.63017640479       4.641085445604E-002 -9.688614902332E-004
 -0.519689034804       0.281241641340       -43.2000000000        4.64282508147       2.942782166593E-002 -1.307896629648E-003
  -1.03937806961       0.562483282680       -43.2000000000        4.65308590570       2.317996968778E-002 -1.306215574413E-003
  -1.55906710441       0.843724924020       -43.2000000000        4.66453835261       1.189241819838E-002 -1.506614548362E-003
  -2.07875613922        1.12496656536       -43.2000000000        4.72481813673      -6.308147621222E-002 -3.377185892539E-003
  -2.59844517402        1.40620820670       -43.2000000000        4.96208908664      -0.158042314872       8.230926134102E-003
  -3.11813420882        1.68744984804       -43.2000000000        4.88153323410      -0.341530546731       1.599269616816E-002
  -3.63782324363        1.96869148938       -43.2000000000        4.78896786827      -0.647964189028       1.286963467943E-002
  -4.15751227843        2.24993313072       -43.2000000000        4.59493303548      -0.862351992893      -1.685936033323E-003
  -4.67720131323        2.53117477206       -43.2000000000        4.27678860267       -1.13475157885      -1.070138506806E-002
  -5.19689034804        2.81241641340       -43.2000000000        3.89099105300       -1.43539262254       1.646956657430E-002
  -5.71657938284        3.09365805474       -43.2000000000        3.30339316436       -1.77851434881       8.382981231477E-002
   0.00000000000        0.00000000000       -43.2000000000        4.63017640479       4.641085445604E-002 -9.688614902332E-004
 -0.582849861102       9.726043971134E-002  -43.2000000000        4.63817494825       3.122039871081E-002 -1.426395308898E-003
  -1.16569972220       0.194520879423       -43.2000000000        4.64617349171       1.602994296559E-002 -1.883929127562E-003
  -1.74854958330       0.291781319134       -43.2000000000        4.65417203518       8.394872203680E-004 -2.341462946226E-003
  -2.33139944441       0.389041758845       -43.2000000000        4.66217057864      -1.435096852485E-002 -2.798996764891E-003
  -2.91424930551       0.486302198557       -43.2000000000        4.74235210394      -0.110001697792       7.452840658304E-003
  -3.49709916661       0.583562638268       -43.2000000000        4.60604798746      -0.243842862871       2.822065659501E-003
  -4.07994902771       0.680823077979       -43.2000000000        4.41714403016      -0.218699328235       6.623699273203E-003
  -4.66279888881       0.778083517691       -43.2000000000        4.14164005147      -0.286649422798      -5.589749630724E-003
  -5.24564874991       0.875343957402       -43.2000000000        3.98417773820      -0.333214266491      -1.275248030381E-002
  -5.82849861102       0.972604397113       -43.2000000000        3.75209905414      -0.313329441673      -6.127492119090E-003
  -6.41134847212        1.06986483682       -43.2000000000        3.50634011204      -0.306496681314      -2.247136460207E-003
   0.00000000000        0.00000000000       -43.2000000000        4.63017640479       4.641085445604E-002 -9.688614902332E-004
 -0.582849861102      -9.726043971134E-002  -43.2000000000        4.63265804873       3.465909733990E-002 -1.495313099526E-003
  -1.16569972220      -0.194520879423       -43.2000000000        4.63513969268       2.290734022377E-002 -2.021764708818E-003
  -1.74854958330      -0.291781319134       -43.2000000000        4.63762133663       1.115558310763E-002 -2.548216318111E-003
  -2.33139944441      -0.389041758845       -43.2000000000        4.64010298057      -5.961740084995E-004 -3.074667927404E-003
  -2.91424930551      -0.486302198557       -43.2000000000        4.72930598754       7.696494426240E-002  4.431050300331E-003
  -3.49709916661      -0.583562638268       -43.2000000000        4.56905281637       0.141986441028       5.335752522539E-003
  -4.07994902771      -0.680823077979       -43.2000000000        4.44723727175       0.244548609379       2.028465536507E-003
  -4.66279888881      -0.778083517691       -43.2000000000        4.17198588605       0.257227769442      -8.058643916097E-003
  -5.24564874991      -0.875343957402       -43.2000000000        3.94969868320       0.322532578733       1.554193203187E-002
  -5.82849861102      -0.972604397113       -43.2000000000        3.68535602782       0.368879190697       4.110686444374E-002
  -6.41134847212       -1.06986483682       -43.2000000000        3.38223159830       0.355651658869       3.371573232209E-002
   0.00000000000        0.00000000000       -43.2000000000        4.63017640479       4.641085445604E-002 -9.688614902332E-004
 -0.519689034804      -0.281241641340       -43.2000000000        4.62958013437       3.363524590447E-002 -2.427178171125E-003
  -1.03937806961      -0.562483282680       -43.2000000000        4.62898386395       2.085963735290E-002 -3.885494852016E-003
  -1.55906710441      -0.843724924020       -43.2000000000        4.62838759354       8.084028801329E-003 -5.343811532908E-003
  -2.07875613922       -1.12496656536       -43.2000000000        4.63572213218       3.582102819470E-003 -4.540030621048E-003
  -2.59844517402       -1.40620820670       -43.2000000000        5.02103041594       0.170476858125      -6.281422069922E-003
  -3.11813420882       -1.68744984804       -43.2000000000        4.84943288483       0.289945184595      -3.102002252794E-003
  -3.63782324363       -1.96869148938       -43.2000000000        4.74846312053       0.617348344911       8.642594699995E-003
  -4.15751227843       -2.24993313072       -43.2000000000        4.52937953773        1.01231294128      -4.182342796554E-003
  -4.67720131323       -2.53117477206       -43.2000000000        4.27743579373        1.09809837344       1.334960464893E-002
  -5.19689034804       -2.81241641340       -43.2000000000        3.88248339473        1.41933572714       3.607496161002E-003
  -5.71657938284       -3.09365805474       -43.2000000000        3.10601554239        1.94357809377       9.078552572192E-002
   0.00000000000        0.00000000000       -43.2000000000        4.63017640479       4.641085445604E-002 -9.688614902332E-004
 -0.400211837779      -0.434745947216       -43.2000000000        4.62769037524       3.161588887222E-002 -3.582728161496E-003
 -0.800423675558      -0.869491894432       -43.2000000000        4.62489074418       1.357372339860E-002 -5.821940738890E-003
  -1.20063551334       -1.30423784165       -43.2000000000        4.62852748100       5.556483073640E-003 -6.673571312991E-003
  -1.60084735112       -1.73898378886       -43.2000000000        4.64477432213       6.455763897446E-003 -4.980386500494E-003
  -2.00105918889       -2.17372973608       -43.2000000000        5.04996903667      -5.007748738766E-002  1.413495269567E-003
  -2.40127102667       -2.60847568330       -43.2000000000        5.41348054698       0.382002651101      -3.135712135163E-003
  -2.80148286445       -3.04322163051       -43.2000000000        5.43992351661       0.651163480340      -5.799150838711E-003
  -3.20169470223       -3.47796757773       -43.2000000000        5.75777386078        1.29839875987      -7.081699703936E-003
  -3.60190654001       -3.91271352494       -43.2000000000        5.99934335329        2.34470023780      -1.332054988662E-002
  -4.00211837779       -4.34745947216       -43.2000000000        5.52897705654        3.37950439768      -7.028321196939E-002
  -4.40233021557       -4.78220541938       -43.2000000000        4.55978519658        3.52159409412      -3.537354729095E-002
   0.00000000000        0.00000000000       -43.2000000000        4.63017640479       4.641085445604E-002 -9.688614902332E-004
 -0.237365478204      -0.541138783933       -43.2000000000        4.62607001599       3.119979592853E-002 -4.455025139716E-003
 -0.474730956408       -1.08227756787       -43.2000000000        4.62156697515       6.289830397562E-003 -6.467231339475E-003
 -0.712096434612       -1.62341635180       -43.2000000000        4.62887625580       6.281894655023E-003 -7.147769317108E-003
 -0.949461912816       -2.16455513573       -43.2000000000        4.63605110403      -8.370154999499E-002 -1.014921505056E-002
  -1.18682739102       -2.70569391966       -43.2000000000        5.19330593085      -8.924780408403E-002 -9.056726723060E-003
  -1.42419286922       -3.24683270360       -43.2000000000        5.26301272751      -0.365335901254      -5.313755916828E-003
  -1.66155834743       -3.78797148753       -43.2000000000        5.84458373719      -0.807384698665      -1.779568891495E-003
  -1.89892382563       -4.32911027146       -43.2000000000        6.44360834049       -1.95157666755      -6.142067687839E-004
  -2.13628930384       -4.87024905539       -43.2000000000        7.11657381106       -5.07520277310      -5.320144066039E-003
  -2.37365478204       -5.41138783933       -43.2000000000       0.976818176927       -6.72937030692      -7.028796167825E-003
  -2.61102026024       -5.95252662326       -43.2000000000       -5.78989650274       -1.51336543521      -4.160362540964E-003
   0.00000000000        0.00000000000       -43.2000000000        4.63017640479       4.641085445604E-002 -9.688614902332E-004
 -4.879688596092E-002 -0.588890836777       -43.2000000000        4.62481578647       3.161548553103E-002 -4.855328122784E-003
 -9.759377192185E-002  -1.17778167355       -43.2000000000        4.61940096035       5.358008717048E-003 -6.727426279730E-003
 -0.146390657883       -1.76667251033       -43.2000000000        4.62199821072      -2.335402582409E-002 -9.082213555528E-003
 -0.195187543844       -2.35556334711       -43.2000000000        4.57930538056       9.256732744278E-002 -5.122645136141E-003
 -0.243984429805       -2.94445418388       -43.2000000000        5.20709546119      -8.175622402202E-002 -1.125574017133E-002
 -0.292781315766       -3.53334502066       -43.2000000000        4.77060861880      -0.472724747135      -4.853463035805E-003
 -0.341578201726       -4.12223585744       -43.2000000000        4.50424410183      -0.851045224480      -8.226777181143E-003
 -0.390375087687       -4.71112669421       -43.2000000000        4.07242455911      -0.598961363919      -1.223001336654E-002
 -0.439171973648       -5.30001753099       -43.2000000000        2.96740228640      -0.715455808852      -1.901127563520E-002
 -0.487968859609       -5.88890836777       -43.2000000000        1.90961015827      -0.811796357202      -2.925510357629E-002
 -0.536765745570       -6.47779920454       -43.2000000000        1.08894408213       -1.01566189161      -2.640568603450E-002
   0.00000000000        0.00000000000       -43.2000000000        4.63017640479       4.641085445604E-002 -9.688614902332E-004
  0.145059606038      -0.572827429873       -43.2000000000        4.62410519438       3.324858226205E-002 -4.789947852820E-003
  0.290119212075       -1.14565485975       -43.2000000000        4.61772084323       7.722624043487E-003 -6.605595964107E-003
  0.435178818113       -1.71848228962       -43.2000000000        4.61657370187      -1.595466652607E-002 -8.764413945868E-003
  0.580238424151       -2.29130971949       -43.2000000000        4.57365549631       0.146322902965      -1.379771674870E-003
  0.725298030189       -2.86413714937       -43.2000000000        5.28853365472       0.267312290355       2.381833678529E-003
  0.870357636226       -3.43696457924       -43.2000000000        4.98031769493       0.476780887814      -8.228193887713E-003
   1.01541724226       -4.00979200911       -43.2000000000        4.93767180425       0.883770800184      -8.021003440720E-003
   1.16047684830       -4.58261943899       -43.2000000000        4.43464246721        1.67009557554      -1.009307435189E-002
   1.30553645434       -5.15544686886       -43.2000000000        3.38097991963        2.52466086547      -1.279853536691E-002
   1.45059606038       -5.72827429873       -43.2000000000        1.73913568964        2.74224409303      -1.813060317390E-002
   1.59565566642       -6.30110172861       -43.2000000000       0.136377700358        2.06134935777      -4.809791157010E-002
   0.00000000000        0.00000000000       -43.2000000000        4.63017640479       4.641085445604E-002 -9.688614902332E-004
  0.323196638891      -0.494689282610       -43.2000000000        4.62423026671       3.814858236526E-002 -4.522853761623E-003
  0.646393277781      -0.989378565219       -43.2000000000        4.61670869056       1.312743361547E-002 -6.114942597695E-003
  0.969589916672       -1.48406784783       -43.2000000000        4.61312061699       1.802339890091E-003 -7.571370597919E-003
   1.29278655556       -1.97875713044       -43.2000000000        4.63218572568      -1.796649520141E-002 -3.507606428813E-003
   1.61598319445       -2.47344641305       -43.2000000000        5.20925629959       7.699944866234E-005 -1.055298569538E-002
   1.93917983334       -2.96813569566       -43.2000000000        5.43719760371       8.460534145342E-003 -9.146937940397E-003
   2.26237647223       -3.46282497827       -43.2000000000        6.18295997627       0.121600977246      -4.457651820413E-003
   2.58557311112       -3.95751426088       -43.2000000000        7.33574504745      -0.211500588389       1.001116251194E-002
   2.90876975001       -4.45220354349       -43.2000000000        9.24344257416       -1.51069295948       3.566663640842E-003
   3.23196638891       -4.94689282610       -43.2000000000        8.69379749267       -7.14981351408       1.918953482073E-003
   3.55516302780       -5.44158210871       -43.2000000000        2.67529543691       -6.62150284280       1.212756678032E-002
   0.00000000000        0.00000000000       -43.2000000000        4.63017640479       4.641085445604E-002 -9.688614902332E-004
  0.466310301007      -0.362943875680       -43.2000000000        4.62499498056       4.389510818389E-002 -3.864996766367E-003
  0.932620602014      -0.725887751361       -43.2000000000        4.61853817103       2.817333218777E-002 -5.237452174390E-003
   1.39893090302       -1.08883162704       -43.2000000000        4.61965648759       1.001702373285E-002 -4.508867437162E-003
   1.86524120403       -1.45177550272       -43.2000000000        4.64082145198      -2.520504591017E-002  2.734778228818E-004
   2.33155150503       -1.81471937840       -43.2000000000        5.11310126721      -0.127413655268      -9.641414274283E-003
   2.79786180604       -2.17766325408       -43.2000000000        5.23173387493      -0.654990688645       1.107591769993E-003
   3.26417210705       -2.54060712976       -43.2000000000        5.01627856871      -0.860346399019       5.749557062406E-003
   3.73048240806       -2.90355100544       -43.2000000000        4.86239390118       -1.23312656757       2.561198582433E-002
   4.19679270906       -3.26649488112       -43.2000000000        4.81695363737       -1.70674310684       9.157329675455E-003
   4.66310301007       -3.62943875680       -43.2000000000        4.59705174794       -2.45187859264       5.101453361817E-002
   5.12941331108       -3.99238263248       -43.2000000000        3.77985104470       -2.48572190128       5.472988975686E-002
   0.00000000000        0.00000000000       -43.2000000000        4.63017640479       4.641085445604E-002 -9.688614902332E-004
  0.558892006459      -0.191867868166       -43.2000000000        4.62622511149       4.891948684681E-002 -2.778524723198E-003
   1.11778401292      -0.383735736333       -43.2000000000        4.62187147524       4.726204252189E-002 -4.107516069654E-003
   1.67667601938      -0.575603604499       -43.2000000000        4.62948997008       3.063922381163E-002 -1.190965560146E-003
   2.23556802584      -0.767471472666       -43.2000000000        4.63027456824       7.286195512723E-003 -1.614477649429E-003
   2.79446003230      -0.959339340832       -43.2000000000        4.77193489804      -0.145598055552      -7.554743869795E-003
   3.35335203876       -1.15120720900       -43.2000000000        4.61428531882      -0.369435970442      -3.389139433908E-003
   3.91224404522       -1.34307507716       -43.2000000000        4.34210696308      -0.435566206475      -3.646168629605E-003
   4.47113605168       -1.53494294533       -43.2000000000        4.20385667417      -0.495005653849       1.645369470539E-003
   5.03002805814       -1.72681081350       -43.2000000000        3.88348445418      -0.491823648277       3.144266891512E-002
   5.58892006459       -1.91867868166       -43.2000000000        3.57927994255      -0.512732545508       5.090423185592E-002
   6.14781207105       -2.11054654983       -43.2000000000        3.21911184171      -0.512093664015       4.507399840462E-002
   0.00000000000        0.00000000000       -43.2000000000        4.63017640479       4.641085445604E-002 -9.688614902332E-004
  0.590909090909        0.00000000000       -43.2000000000        4.62788342636       5.367201626475E-002 -1.495947588920E-003
   1.18181818182      -1.172487511250E-015  -43.2000000000        4.62559044793       6.093317807347E-002 -2.023033687606E-003
   1.77272727273        0.00000000000       -43.2000000000        4.64122653491       5.952629044398E-002  1.566938608138E-003
   2.36363636364        0.00000000000       -43.2000000000        4.63328639013       4.526069704033E-002 -3.779121178092E-004
   2.95454545455        0.00000000000       -43.2000000000        4.69704925320      -1.795247681852E-002 -2.253858022378E-003
   3.54545454545        0.00000000000       -43.2000000000        4.49036217169       2.697762697286E-002 -1.278648941302E-003
   4.13636363636        0.00000000000       -43.2000000000        4.27035477727       6.712913273923E-002 -6.002197451568E-003
   4.72727272727        0.00000000000       -43.2000000000        4.06752559870       5.357677130970E-002 -5.602970619600E-003
   5.31818181818        0.00000000000       -43.2000000000        3.86469642013       4.002440988018E-002 -5.203743787632E-003
   5.90909090909        0.00000000000       -43.2000000000        3.66186724156       2.647204845066E-002 -4.804516955664E-003
   6.50000000000        0.00000000000       -43.2000000000        3.45903806298       1.291968702114E-002 -4.405290123696E-003
