 12 20 1 1
 1 X [LENGU]
 2 Y [LENGU]
 3 Z [LENGU]
 4 Hx [FIELU]
 5 Hy [FIELU]
 6 Hz [FIELU]
 0
   0.00000000000        0.00000000000       -2.16000000000       0.921178607189      -3.153365648702E-003  3.502409042644E-004
  0.590909090909        0.00000000000       -2.16000000000       0.925292508783      -3.074819169535E-003  1.161613501926E-003
   1.18181818182        0.00000000000       -2.16000000000       0.928964862016      -1.762001260004E-003  2.258014809580E-003
   1.77272727273        0.00000000000       -2.16000000000       0.923651866522      -3.190236332950E-004  1.794738215706E-003
   2.36363636364        0.00000000000       -2.16000000000       0.921116716724      -1.462734666700E-004  7.402332307146E-004
   2.95454545455        0.00000000000       -2.16000000000       0.873344963942       9.000478881273E-004  1.717780149184E-003
   3.54545454545        0.00000000000       -2.16000000000       0.835873003789      -1.251903254212E-002 -2.764728615721E-003
   4.13636363636        0.00000000000       -2.16000000000       0.796890093352      -9.799819360920E-003 -6.398432286044E-003
   4.72727272727        0.00000000000       -2.16000000000       0.757033182207      -7.496499354854E-004 -9.157400170061E-003
   5.31818181818        0.00000000000       -2.16000000000       0.710881356658       2.175452471039E-003 -1.272693252112E-002
   5.90909090909        0.00000000000       -2.16000000000       0.664246179802      -3.203422546899E-003 -2.576015404475E-002
   6.50000000000        0.00000000000       -2.16000000000       0.616415392284       5.943906643394E-003 -3.257298828993E-002
   0.00000000000        0.00000000000       -2.16000000000       0.921178607189      -3.153365648702E-003  3.502409042644E-004
  0.558892006459       0.191867868166       -2.16000000000       0.928549214402      -2.407151580240E-003  1.466360084106E-003
   1.11778401292       0.383735736333       -2.16000000000       0.932728000156      -3.150368407751E-004  2.315715364143E-003
   1.67667601938       0.575603604499       -2.16000000000       0.925488860332       1.831773635859E-003  1.297872929038E-003
   2.23556802584       0.767471472666       -2.16000000000       0.915911376179       6.579139352463E-003 -3.178694032936E-004
   2.79446003230       0.959339340832       -2.16000000000       0.893431347945       1.664211708557E-002  3.529474571293E-003
   3.35335203876        1.15120720900       -2.16000000000       0.851551523577       5.740906772021E-002 -2.061282223981E-004
   3.91224404522        1.34307507716       -2.16000000000       0.817394644651       8.172127466270E-002 -3.775142956682E-003
   4.47113605168        1.53494294533       -2.16000000000       0.780506924237       0.100568043095      -6.265360827143E-003
   5.03002805814        1.72681081350       -2.16000000000       0.727977262730       0.117429700619      -8.999155340351E-003
   5.58892006459        1.91867868166       -2.16000000000       0.666681253704       0.128045907140      -1.366448197633E-002
   6.14781207105        2.11054654983       -2.16000000000       0.583469430877       0.115433442653      -1.680742295473E-002
   0.00000000000        0.00000000000       -2.16000000000       0.921178607189      -3.153365648702E-003  3.502409042644E-004
  0.466310301007       0.362943875680       -2.16000000000       0.930738644639      -1.817652523308E-003  1.696702300497E-003
  0.932620602014       0.725887751361       -2.16000000000       0.934427177575       1.239560109411E-003  2.131679005031E-003
   1.39893090302        1.08883162704       -2.16000000000       0.929065485823       5.165787984600E-003  1.338176489339E-003
   1.86524120403        1.45177550272       -2.16000000000       0.918490999464       9.998278614663E-003 -2.279527550882E-004
   2.33155150503        1.81471937840       -2.16000000000       0.986341522045       1.003654726955E-002  2.464241793523E-003
   2.79786180604        2.17766325408       -2.16000000000       0.991448846172       8.364697999748E-002  3.803048489521E-003
   3.26417210705        2.54060712976       -2.16000000000        1.00428550647       0.208756414077       2.599191912874E-003
   3.73048240806        2.90355100544       -2.16000000000       0.959494622820       0.245101054295      -1.103986740734E-003
   4.19679270906        3.26649488112       -2.16000000000       0.898501985661       0.289876155142      -9.935693349428E-003
   4.66310301007        3.62943875680       -2.16000000000       0.811837040592       0.377015107947      -2.281060555558E-002
   5.12941331108        3.99238263248       -2.16000000000       0.697491289226       0.434316072670      -4.711599712947E-002
   0.00000000000        0.00000000000       -2.16000000000       0.921178607189      -3.153365648702E-003  3.502409042644E-004
  0.323196638891       0.494689282610       -2.16000000000       0.931599170847      -1.357666312784E-003  1.835954463976E-003
  0.646393277781       0.989378565219       -2.16000000000       0.930648444316       3.843042491422E-003  1.410498239919E-003
  0.969589916672        1.48406784783       -2.16000000000       0.931944638245       7.483086324664E-003  1.432158272536E-003
   1.29278655556        1.97875713044       -2.16000000000       0.929169534136       6.996690614170E-003  9.762505472969E-004
   1.61598319445        2.47344641305       -2.16000000000        1.02654574931      -1.907557909964E-002  1.457021872315E-003
   1.93917983334        2.96813569566       -2.16000000000        1.07230429492      -6.592081062961E-002  5.230838046044E-003
   2.26237647223        3.46282497827       -2.16000000000        1.16068678226      -5.867593320065E-002  6.430830099240E-003
   2.58557311112        3.95751426088       -2.16000000000        1.38179684710       9.597327419110E-003  4.812697444697E-003
   2.90876975001        4.45220354349       -2.16000000000        1.71189385583       0.298423467022      -2.592020906750E-003
   3.23196638891        4.94689282610       -2.16000000000        1.60737572610        1.36165884181      -9.280428968803E-003
   3.55516302780        5.44158210871       -2.16000000000       0.398997309861        1.29249360601      -1.371351551652E-002
   0.00000000000        0.00000000000       -2.16000000000       0.921178607189      -3.153365648702E-003  3.502409042644E-004
  0.145059606038       0.572827429873       -2.16000000000       0.931229404349      -1.175743007524E-003  1.803874241300E-003
  0.290119212075        1.14565485975       -2.16000000000       0.929795224913       4.281154026906E-003  1.317653624058E-003
  0.435178818113        1.71848228962       -2.16000000000       0.935258690415       3.901494860383E-003  1.713852511732E-003
  0.580238424151        2.29130971949       -2.16000000000       0.939524687892       5.842397338678E-003  2.320773252260E-003
  0.725298030189        2.86413714937       -2.16000000000        1.03490260917      -3.794821696236E-002  2.260143965421E-003
  0.870357636226        3.43696457924       -2.16000000000        1.00381599526      -0.107954469699       7.906662445058E-003
   1.01541724226        4.00979200911       -2.16000000000       0.961194688277      -0.157539286183       7.164572977614E-003
   1.16047684830        4.58261943899       -2.16000000000       0.871080844274      -0.395733071056       1.105070699177E-002
   1.30553645434        5.15544686886       -2.16000000000       0.638533380605      -0.489277047269       1.069079105457E-002
   1.45059606038        5.72827429873       -2.16000000000       0.296466776437      -0.516913173400       1.477701721159E-002
   1.59565566642        6.30110172861       -2.16000000000       5.099834358886E-002 -0.333890163863       2.457525720372E-002
   0.00000000000        0.00000000000       -2.16000000000       0.921178607189      -3.153365648702E-003  3.502409042644E-004
 -4.879688596092E-002  0.588890836777       -2.16000000000       0.929669415082      -1.291596820483E-003  1.603938022372E-003
 -9.759377192185E-002   1.17778167355       -2.16000000000       0.929892313282       3.347616148080E-003  1.445047494172E-003
 -0.146390657883        1.76667251033       -2.16000000000       0.935702003323       2.228738849543E-003  1.917944559664E-003
 -0.195187543844        2.35556334711       -2.16000000000       0.938705106184       5.917043929905E-003  2.470724402345E-003
 -0.243984429805        2.94445418388       -2.16000000000        1.02657410569      -1.129719451010E-003  4.027478142986E-003
 -0.292781315766        3.53334502066       -2.16000000000       0.857612006645       1.010238110106E-002  6.103957661754E-003
 -0.341578201726        4.12223585744       -2.16000000000       0.832600276129       9.576667134019E-002  6.913889288994E-003
 -0.390375087687        4.71112669421       -2.16000000000       0.697219932205       0.114192558724       1.463112220175E-002
 -0.439171973648        5.30001753099       -2.16000000000       0.569525934113       0.148251921460       1.747078929995E-002
 -0.487968859609        5.88890836777       -2.16000000000       0.370088751244       0.139819765255       2.041318131701E-002
 -0.536765745570        6.47779920454       -2.16000000000       0.189939631801       0.154223673299       2.127873616775E-002
   0.00000000000        0.00000000000       -2.16000000000       0.921178607189      -3.153365648702E-003  3.502409042644E-004
 -0.237365478204       0.541138783933       -2.16000000000       0.927088252089      -1.692673193371E-003  1.257811998843E-003
 -0.474730956408        1.08227756787       -2.16000000000       0.930667028546       1.250247826388E-003  1.725856286128E-003
 -0.712096434612        1.62341635180       -2.16000000000       0.933438898718       2.055467981409E-003  1.958096738993E-003
 -0.949461912816        2.16455513573       -2.16000000000       0.926825584423       3.616471571057E-002  2.239724322034E-003
  -1.18682739102        2.70569391966       -2.16000000000        1.02416976684       2.006087314719E-002  6.708816269448E-003
  -1.42419286922        3.24683270360       -2.16000000000        1.03264289905       5.596315129856E-002  5.953163850806E-003
  -1.66155834743        3.78797148753       -2.16000000000        1.10576030407       0.143864259540       5.479418570440E-003
  -1.89892382563        4.32911027146       -2.16000000000        1.24510643066       0.299994109037       1.565261564469E-002
  -2.13628930384        4.87024905539       -2.16000000000        1.39786659460        1.00567561095       2.745305266165E-002
  -2.37365478204        5.41138783933       -2.16000000000       0.120438123540        1.07414298578       3.368407353032E-002
  -2.61102026024        5.95252662326       -2.16000000000      -0.991869520835       0.288162329073       3.620908012509E-002
   0.00000000000        0.00000000000       -2.16000000000       0.921178607189      -3.153365648702E-003  3.502409042644E-004
 -0.400211837779       0.434745947216       -2.16000000000       0.923828379643      -2.283677801633E-003  8.094201365194E-004
 -0.800423675558       0.869491894432       -2.16000000000       0.927285253315      -7.473800222982E-004  1.351114151044E-003
  -1.20063551334        1.30423784165       -2.16000000000       0.930018631421       2.508308473398E-003  1.830446671740E-003
  -1.60084735112        1.73898378886       -2.16000000000       0.932647014055       7.347841477548E-003  1.991612238205E-003
  -2.00105918889        2.17372973608       -2.16000000000        1.00504017429       2.168517715570E-002  2.892102543061E-003
  -2.40127102667        2.60847568330       -2.16000000000        1.05313465673      -3.934266831575E-002  5.912376813224E-003
  -2.80148286445        3.04322163051       -2.16000000000        1.08426033588      -9.871665618040E-002  8.753843329469E-003
  -3.20169470223        3.47796757773       -2.16000000000        1.15240301956      -0.219028809577       2.076158514350E-002
  -3.60190654001        3.91271352494       -2.16000000000        1.13367662491      -0.356965981647       3.179795793311E-002
  -4.00211837779        4.34745947216       -2.16000000000       0.929591654373      -0.523693690215       7.177344575552E-002
  -4.40233021557        4.78220541938       -2.16000000000       0.674485365226      -0.607578390001       0.100788073251     
   0.00000000000        0.00000000000       -2.16000000000       0.921178607189      -3.153365648702E-003  3.502409042644E-004
 -0.519689034804       0.281241641340       -2.16000000000       0.921637558193      -1.848803099620E-003  4.499209969661E-004
  -1.03937806961       0.562483282680       -2.16000000000       0.925094352365      -2.796128437255E-003  1.148547337588E-003
  -1.55906710441       0.843724924020       -2.16000000000       0.924236440142       2.876007503488E-004  9.562585368389E-004
  -2.07875613922        1.12496656536       -2.16000000000       0.924767633667      -2.693591650911E-003  5.558692497477E-004
  -2.59844517402        1.40620820670       -2.16000000000       0.975003493636      -2.399571107265E-002  8.249186174388E-003
  -3.11813420882        1.68744984804       -2.16000000000       0.961843009533      -7.154369541289E-002  3.868439674689E-003
  -3.63782324363        1.96869148938       -2.16000000000       0.950075727935      -9.078096372765E-002 -1.755736641233E-004
  -4.15751227843        2.24993313072       -2.16000000000       0.884352818909      -9.221358271111E-002 -1.195339478868E-002
  -4.67720131323        2.53117477206       -2.16000000000       0.829644300655      -0.112204554216      -1.231175905177E-002
  -5.19689034804        2.81241641340       -2.16000000000       0.708114336488      -0.118813743208       6.054627839319E-003
  -5.71657938284        3.09365805474       -2.16000000000       0.582935357938      -0.137692000144       2.248483151945E-002
   0.00000000000        0.00000000000       -2.16000000000       0.921178607189      -3.153365648702E-003  3.502409042644E-004
 -0.582849861102       9.726043971134E-002  -2.16000000000       0.919397002280      -1.555297992173E-003  7.961997267264E-005
  -1.16569972220       0.194520879423       -2.16000000000       0.928142471208      -6.296515906217E-003  1.728960580685E-003
  -1.74854958330       0.291781319134       -2.16000000000       0.923869538849       7.619813408892E-005  7.736465214641E-004
  -2.33139944441       0.389041758845       -2.16000000000       0.920382564868      -1.161657336481E-003  1.670113843159E-004
  -2.91424930551       0.486302198557       -2.16000000000       0.938088650470      -1.154198967660E-002  1.017589059916E-003
  -3.49709916661       0.583562638268       -2.16000000000       0.947164169800      -1.427689478211E-002  1.609255768191E-003
  -4.07994902771       0.680823077979       -2.16000000000       0.926825523928      -1.044404354249E-002 -3.318301085935E-003
  -4.66279888881       0.778083517691       -2.16000000000       0.901192174954      -3.944758535396E-003 -4.380079314197E-002
  -5.24564874991       0.875343957402       -2.16000000000       0.875850048869       1.241422216894E-002 -0.103803299252     
  -5.82849861102       0.972604397113       -2.16000000000       0.817312736800       2.765189216508E-002 -0.151453242861     
  -6.41134847212        1.06986483682       -2.16000000000        1.09891146069       0.126668929752      -0.413028199346     
   0.00000000000        0.00000000000       -2.16000000000       0.921178607189      -3.153365648702E-003  3.502409042644E-004
 -0.582849861102      -9.726043971134E-002  -2.16000000000       0.919696067385      -3.197629605166E-003  2.074690503788E-004
  -1.16569972220      -0.194520879423       -2.16000000000       0.928721111544      -8.146984531528E-003  1.814882291914E-003
  -1.74854958330      -0.291781319134       -2.16000000000       0.925344722370      -1.869240582005E-003  8.656585101267E-004
  -2.33139944441      -0.389041758845       -2.16000000000       0.919441429911       9.425424260450E-004  6.843566063342E-005
  -2.91424930551      -0.486302198557       -2.16000000000       0.934941087718       1.251886176690E-002  6.569025384423E-003
  -3.49709916661      -0.583562638268       -2.16000000000       0.953978002002       2.283342400732E-002  3.080973114312E-003
  -4.07994902771      -0.680823077979       -2.16000000000       0.946430767860      -1.495565758781E-003  2.186685041074E-003
  -4.66279888881      -0.778083517691       -2.16000000000       0.937228179701      -1.600594997864E-002 -4.549900184476E-002
  -5.24564874991      -0.875343957402       -2.16000000000       0.896511187549      -1.811895660259E-002 -8.849259890773E-002
  -5.82849861102      -0.972604397113       -2.16000000000       0.804965165756      -5.425004016116E-002 -0.162328438485     
  -6.41134847212       -1.06986483682       -2.16000000000       0.787938217708      -0.168384781116      -0.377324973627     
   0.00000000000        0.00000000000       -2.16000000000       0.921178607189      -3.153365648702E-003  3.502409042644E-004
 -0.519689034804      -0.281241641340       -2.16000000000       0.919652094816      -4.456805140303E-003  2.501554729685E-004
  -1.03937806961      -0.562483282680       -2.16000000000       0.929554533305      -1.190906801467E-002  2.148798125051E-003
  -1.55906710441      -0.843724924020       -2.16000000000       0.928258604831      -5.590340373242E-003  1.219100193223E-003
  -2.07875613922       -1.12496656536       -2.16000000000       0.927107513764       1.745858787254E-003  9.920730751693E-004
  -2.59844517402       -1.40620820670       -2.16000000000       0.971390418207       2.156692956804E-002  3.830266413356E-003
  -3.11813420882       -1.68744984804       -2.16000000000       0.961412152071       5.901889490528E-002  5.824736442008E-003
  -3.63782324363       -1.96869148938       -2.16000000000       0.940764500236       9.755420634293E-002  6.711734126126E-003
  -4.15751227843       -2.24993313072       -2.16000000000       0.904933417376       0.132806896374       5.275081861897E-003
  -4.67720131323       -2.53117477206       -2.16000000000       0.865505013177       0.129142613357      -6.275809862773E-003
  -5.19689034804       -2.81241641340       -2.16000000000       0.712544055327       0.135693375245      -3.984249736550E-003
  -5.71657938284       -3.09365805474       -2.16000000000       0.567084288724       0.130750923829       3.849596688383E-003
   0.00000000000        0.00000000000       -2.16000000000       0.921178607189      -3.153365648702E-003  3.502409042644E-004
 -0.400211837779      -0.434745947216       -2.16000000000       0.918094080040      -4.313171279877E-003 -3.185632113295E-005
 -0.800423675558      -0.869491894432       -2.16000000000       0.930507688837      -1.711470152325E-002  2.682456055798E-003
  -1.20063551334       -1.30423784165       -2.16000000000       0.931948992270      -1.050801994963E-002  2.219742460620E-003
  -1.60084735112       -1.73898378886       -2.16000000000       0.935228167355      -3.558206463108E-005  2.165942344905E-003
  -2.00105918889       -2.17372973608       -2.16000000000       0.988962082423      -2.519842974932E-002  3.720695122654E-003
  -2.40127102667       -2.60847568330       -2.16000000000       0.997217279586       4.449822642956E-002  8.787382676534E-003
  -2.80148286445       -3.04322163051       -2.16000000000       0.994293442376       0.115465185014       1.328409508415E-002
  -3.20169470223       -3.47796757773       -2.16000000000        1.06228951234       0.234368045317       2.707262894363E-002
  -3.60190654001       -3.91271352494       -2.16000000000        1.13405397149       0.376109141823       3.584566065521E-002
  -4.00211837779       -4.34745947216       -2.16000000000       0.979179734902       0.544151598748       6.469742493334E-002
  -4.40233021557       -4.78220541938       -2.16000000000       0.712907494730       0.541991852410       8.190050389762E-002
   0.00000000000        0.00000000000       -2.16000000000       0.921178607189      -3.153365648702E-003  3.502409042644E-004
 -0.237365478204      -0.541138783933       -2.16000000000       0.915190858134      -2.782292981373E-003 -6.080059781709E-004
 -0.474730956408       -1.08227756787       -2.16000000000       0.925055333507      -1.192881601416E-002  1.502729846514E-003
 -0.712096434612       -1.62341635180       -2.16000000000       0.936059920777      -1.423596197019E-002  3.525155174929E-003
 -0.949461912816       -2.16455513573       -2.16000000000       0.939582139845      -6.002415961409E-003  3.367025601009E-003
  -1.18682739102       -2.70569391966       -2.16000000000        1.00992291002      -2.765612902247E-002  8.720089830336E-003
  -1.42419286922       -3.24683270360       -2.16000000000        1.09727205466      -2.584296334049E-002  1.473560200612E-002
  -1.66155834743       -3.78797148753       -2.16000000000        1.20284567092      -0.196612808344       1.898850300992E-002
  -1.89892382563       -4.32911027146       -2.16000000000        1.21263617762      -0.365779640155       2.328650907812E-002
  -2.13628930384       -4.87024905539       -2.16000000000        1.22019389674       -1.07231054131       3.357385583126E-002
  -2.37365478204       -5.41138783933       -2.16000000000       0.805494068119       -1.13294800469       3.613905219398E-002
  -2.61102026024       -5.95252662326       -2.16000000000      -0.977683094054      -0.282924667493       4.110436773766E-002
   0.00000000000        0.00000000000       -2.16000000000       0.921178607189      -3.153365648702E-003  3.502409042644E-004
 -4.879688596092E-002 -0.588890836777       -2.16000000000       0.914745182112      -2.650251406269E-003 -7.189541464224E-004
 -9.759377192185E-002  -1.17778167355       -2.16000000000       0.918336643608       4.680356211149E-004 -2.019707502121E-004
 -0.146390657883       -1.76667251033       -2.16000000000       0.927955125157      -2.664236505944E-003  1.615253550098E-003
 -0.195187543844       -2.35556334711       -2.16000000000       0.938350930354      -1.318375348262E-002  3.877094724681E-003
 -0.243984429805       -2.94445418388       -2.16000000000        1.00416148155      -1.600423212766E-002  8.956686156318E-003
 -0.292781315766       -3.53334502066       -2.16000000000       0.920059312093       1.162256657346E-002  1.068851781994E-002
 -0.341578201726       -4.12223585744       -2.16000000000       0.814597894239      -4.884921995031E-002  1.304707590505E-002
 -0.390375087687       -4.71112669421       -2.16000000000       0.708284145890      -0.113321461821       1.525932026600E-002
 -0.439171973648       -5.30001753099       -2.16000000000       0.563652174674      -0.153182830831       1.759843578948E-002
 -0.487968859609       -5.88890836777       -2.16000000000       0.368539934981      -0.161449497560       2.925937834373E-002
 -0.536765745570       -6.47779920454       -2.16000000000       0.241715342374      -0.129433692597       3.548058338759E-002
   0.00000000000        0.00000000000       -2.16000000000       0.921178607189      -3.153365648702E-003  3.502409042644E-004
  0.145059606038      -0.572827429873       -2.16000000000       0.915803348746      -2.902856077923E-003 -4.348007508063E-004
  0.290119212075       -1.14565485975       -2.16000000000       0.919163504644       1.173984161079E-003  2.563738510407E-004
  0.435178818113       -1.71848228962       -2.16000000000       0.922749042880       1.718748316055E-003  5.763431097426E-004
  0.580238424151       -2.29130971949       -2.16000000000       0.923970445282      -3.955115868073E-003  9.113791756207E-004
  0.725298030189       -2.86413714937       -2.16000000000        1.03000050052       6.639835357990E-002  5.465026914708E-003
  0.870357636226       -3.43696457924       -2.16000000000       0.986834783136       0.107010656587       8.951458650019E-003
   1.01541724226       -4.00979200911       -2.16000000000       0.928339922210       0.211766886921       9.292149905678E-003
   1.16047684830       -4.58261943899       -2.16000000000       0.855370324421       0.326622305177       9.503742775971E-003
   1.30553645434       -5.15544686886       -2.16000000000       0.647822501641       0.468841530233       1.241415004582E-002
   1.45059606038       -5.72827429873       -2.16000000000       0.296491729196       0.513819591849       1.177662379848E-002
   1.59565566642       -6.30110172861       -2.16000000000       2.521144058843E-002  0.331497995399       1.672947055885E-002
   0.00000000000        0.00000000000       -2.16000000000       0.921178607189      -3.153365648702E-003  3.502409042644E-004
  0.323196638891      -0.494689282610       -2.16000000000       0.917429496850      -3.080690298259E-003 -2.951522316878E-005
  0.646393277781      -0.989378565219       -2.16000000000       0.919217169240      -1.872950104309E-004  6.670706183609E-004
  0.969589916672       -1.48406784783       -2.16000000000       0.922923743593      -2.797953046359E-003  9.328028602789E-004
   1.29278655556       -1.97875713044       -2.16000000000       0.922353914433      -3.466508385262E-003  3.921827915090E-004
   1.61598319445       -2.47344641305       -2.16000000000        1.01481778607       2.095764180905E-002  4.788025369090E-003
   1.93917983334       -2.96813569566       -2.16000000000        1.10945459773       3.854863533113E-002  3.256066990298E-003
   2.26237647223       -3.46282497827       -2.16000000000        1.21818979960       3.930772667345E-002  1.841875082567E-003
   2.58557311112       -3.95751426088       -2.16000000000        1.35153047580      -1.720094953693E-002 -7.375789571224E-004
   2.90876975001       -4.45220354349       -2.16000000000        1.71484977947      -0.295939600912      -4.893867021868E-003
   3.23196638891       -4.94689282610       -2.16000000000        1.64401874851       -1.40378528509      -6.604607219752E-003
   3.55516302780       -5.44158210871       -2.16000000000       0.454687231415       -1.31602820846      -1.047592590392E-002
   0.00000000000        0.00000000000       -2.16000000000       0.921178607189      -3.153365648702E-003  3.502409042644E-004
  0.466310301007      -0.362943875680       -2.16000000000       0.919477869295      -3.378422770188E-003  3.772864480034E-004
  0.932620602014      -0.725887751361       -2.16000000000       0.917708563783      -2.545013674507E-003  7.799257189068E-004
   1.39893090302       -1.08883162704       -2.16000000000       0.922371752853      -2.853920164105E-003  1.639218321256E-003
   1.86524120403       -1.45177550272       -2.16000000000       0.916426758293      -6.362626285022E-003  9.175347532286E-004
   2.33155150503       -1.81471937840       -2.16000000000       0.968422603357      -2.587049439251E-003  1.987793388086E-003
   2.79786180604       -2.17766325408       -2.16000000000       0.959728332513      -5.574344023265E-002 -1.858212017791E-003
   3.26417210705       -2.54060712976       -2.16000000000       0.958384540870      -0.117875525616      -5.221956837100E-003
   3.73048240806       -2.90355100544       -2.16000000000       0.959246718129      -0.189983102031      -7.629778928465E-003
   4.19679270906       -3.26649488112       -2.16000000000       0.907132564145      -0.300069528634      -1.968777193542E-002
   4.66310301007       -3.62943875680       -2.16000000000       0.817033700971      -0.396240886619      -3.969382632795E-002
   5.12941331108       -3.99238263248       -2.16000000000       0.701599026801      -0.413683071192      -6.011127040083E-002
   0.00000000000        0.00000000000       -2.16000000000       0.921178607189      -3.153365648702E-003  3.502409042644E-004
  0.558892006459      -0.191867868166       -2.16000000000       0.921726493142      -3.763789560582E-003  7.415209894603E-004
   1.11778401292      -0.383735736333       -2.16000000000       0.922127191477      -3.340464423738E-003  1.498566187399E-003
   1.67667601938      -0.575603604499       -2.16000000000       0.922531908501      -2.913831134729E-003  2.256018611745E-003
   2.23556802584      -0.767471472666       -2.16000000000       0.910543809704      -5.228785907230E-003  1.024444618107E-003
   2.79446003230      -0.959339340832       -2.16000000000       0.893229290552      -1.029739901584E-002  1.546431406422E-003
   3.35335203876       -1.15120720900       -2.16000000000       0.859004381681      -4.921790684622E-002 -2.816373056039E-003
   3.91224404522       -1.34307507716       -2.16000000000       0.827798078340      -7.349635329359E-002 -7.128798430434E-003
   4.47113605168       -1.53494294533       -2.16000000000       0.794644051632      -9.760877959099E-002 -9.559789991866E-003
   5.03002805814       -1.72681081350       -2.16000000000       0.736943122256      -0.117977499970      -1.360591391858E-002
   5.58892006459       -1.91867868166       -2.16000000000       0.671880131169      -0.132030345151      -1.704537414645E-002
   6.14781207105       -2.11054654983       -2.16000000000       0.602995930031      -0.139105024201      -1.197410286710E-002
   0.00000000000        0.00000000000       -2.16000000000       0.921178607189      -3.153365648702E-003  3.502409042644E-004
  0.590909090909        0.00000000000       -2.16000000000       0.925292508783      -3.074819169535E-003  1.161613501926E-003
   1.18181818182      -1.172487511250E-015  -2.16000000000       0.928964862016      -1.762001260004E-003  2.258014809580E-003
   1.77272727273        0.00000000000       -2.16000000000       0.923651866522      -3.190236332950E-004  1.794738215706E-003
   2.36363636364        0.00000000000       -2.16000000000       0.921116716724      -1.462734666700E-004  7.402332307146E-004
   2.95454545455        0.00000000000       -2.16000000000       0.873344963942       9.000478881273E-004  1.717780149184E-003
   3.54545454545        0.00000000000       -2.16000000000       0.835873003789      -1.251903254212E-002 -2.764728615721E-003
   4.13636363636        0.00000000000       -2.16000000000       0.796890093352      -9.799819360920E-003 -6.398432286044E-003
   4.72727272727        0.00000000000       -2.16000000000       0.757033182207      -7.496499354854E-004 -9.157400170061E-003
   5.31818181818        0.00000000000       -2.16000000000       0.710881356658       2.175452471039E-003 -1.272693252112E-002
   5.90909090909        0.00000000000       -2.16000000000       0.664246179802      -3.203422546899E-003 -2.576015404475E-002
   6.50000000000        0.00000000000       -2.16000000000       0.616415392284       5.943906643394E-003 -3.257298828993E-002
