 12 20 1 1
 1 X [LENGU]
 2 Y [LENGU]
 3 Z [LENGU]
 4 Hx [FIELU]
 5 Hy [FIELU]
 6 Hz [FIELU]
 0
   0.00000000000        0.00000000000       -70.0000000000       0.721573512659       4.790456535656E-003  2.437449928232E-003
  0.590909090909        0.00000000000       -70.0000000000       0.702757044503      -1.106520191828E-002 -6.416485691955E-004
   1.18181818182        0.00000000000       -70.0000000000       0.690602863160      -2.041290191167E-003 -1.504307266632E-003
   1.77272727273        0.00000000000       -70.0000000000       0.701986196240      -5.013601597529E-003 -1.605593204836E-003
   2.36363636364        0.00000000000       -70.0000000000       0.722812119983      -1.454422950655E-002 -1.508947224969E-003
   2.95454545455        0.00000000000       -70.0000000000       0.712530583168      -1.468990241777E-002 -3.919418107653E-003
   3.54545454545        0.00000000000       -70.0000000000       0.681463921524      -1.524432421909E-002 -4.298157546910E-003
   4.13636363636        0.00000000000       -70.0000000000       0.652324289206      -1.366652720987E-002 -4.463577496720E-003
   4.72727272727        0.00000000000       -70.0000000000       0.623184656888      -1.208873020066E-002 -4.628997446529E-003
   5.31818181818        0.00000000000       -70.0000000000       0.594249751511      -7.819316643029E-003 -4.785137288425E-003
   5.90909090909        0.00000000000       -70.0000000000       0.565398841438      -1.172639087521E-002 -6.492332925732E-003
   6.50000000000        0.00000000000       -70.0000000000       0.533001549167       5.204607542006E-003 -3.767512255676E-003
   0.00000000000        0.00000000000       -70.0000000000       0.721573512659       4.790456535656E-003  2.437449928232E-003
  0.558892006459       0.191867868166       -70.0000000000       0.702377745347      -1.035670503660E-002 -1.214216400827E-004
   1.11778401292       0.383735736333       -70.0000000000       0.685581291323      -2.331113590267E-002 -2.333368619511E-003
   1.67667601938       0.575603604499       -70.0000000000       0.686396852159      -1.829929038071E-002 -1.854224973168E-003
   2.23556802584       0.767471472666       -70.0000000000       0.696356251125      -1.587867798272E-002 -1.779232934155E-003
   2.79446003230       0.959339340832       -70.0000000000       0.728472960885       1.529356502130E-002 -2.812064717896E-003
   3.35335203876        1.15120720900       -70.0000000000       0.697786049017       4.236091698551E-002 -2.470833342086E-003
   3.91224404522        1.34307507716       -70.0000000000       0.666736427718       5.563560147706E-002 -2.921523877448E-003
   4.47113605168        1.53494294533       -70.0000000000       0.637605491357       7.009818928692E-002 -3.332412143476E-003
   5.03002805814        1.72681081350       -70.0000000000       0.608474554996       8.456077709678E-002 -3.743300409503E-003
   5.58892006459        1.91867868166       -70.0000000000       0.560203422926       8.693527383588E-002 -5.853179615745E-003
   6.14781207105        2.11054654983       -70.0000000000       0.499925135390       7.166058727482E-002 -5.831393515553E-003
   0.00000000000        0.00000000000       -70.0000000000       0.721573512659       4.790456535656E-003  2.437449928232E-003
  0.466310301007       0.362943875680       -70.0000000000       0.704327758749      -7.724996864883E-003  7.163023947041E-004
  0.932620602014       0.725887751361       -70.0000000000       0.699583350348      -7.742487341020E-003  8.856554933055E-004
   1.39893090302        1.08883162704       -70.0000000000       0.702366670518      -8.361870981421E-004  1.835126272288E-003
   1.86524120403        1.45177550272       -70.0000000000       0.692341079712      -6.465405596310E-003 -1.025786624286E-004
   2.33155150503        1.81471937840       -70.0000000000       0.772812185153       2.481363789731E-002 -2.394987135555E-003
   2.79786180604        2.17766325408       -70.0000000000       0.758923211760       6.308654024128E-002 -2.463303693289E-003
   3.26417210705        2.54060712976       -70.0000000000       0.748402529782       0.115147412136      -6.381810631262E-004
   3.73048240806        2.90355100544       -70.0000000000       0.742541163705       0.183012378450       1.449065372902E-003
   4.19679270906        3.26649488112       -70.0000000000       0.733084688700       0.250835950796       3.580694349419E-003
   4.66310301007        3.62943875680       -70.0000000000       0.690427609378       0.337659466825       7.272557842400E-003
   5.12941331108        3.99238263248       -70.0000000000       0.626702487557       0.346934790326      -5.950035761310E-004
   0.00000000000        0.00000000000       -70.0000000000       0.721573512659       4.790456535656E-003  2.437449928232E-003
  0.323196638891       0.494689282610       -70.0000000000       0.708395770500      -3.455263818696E-003  1.780743137368E-003
  0.646393277781       0.989378565219       -70.0000000000       0.710479911136       2.721644988652E-003  3.367481430405E-003
  0.969589916672        1.48406784783       -70.0000000000       0.710667737814       5.832628227342E-003  3.733544334621E-003
   1.29278655556        1.97875713044       -70.0000000000       0.709239659368       1.188427236669E-002  3.686516805031E-003
   1.61598319445        2.47344641305       -70.0000000000       0.798060817385      -3.642570271131E-003 -2.449342218067E-003
   1.93917983334        2.96813569566       -70.0000000000       0.835419811657       1.310937803085E-002 -2.093040998725E-003
   2.26237647223        3.46282497827       -70.0000000000       0.936110957360      -2.431254387503E-002 -2.039420296330E-003
   2.58557311112        3.95751426088       -70.0000000000        1.11142951204       2.702166719900E-002 -1.964683855299E-003
   2.90876975001        4.45220354349       -70.0000000000        1.32580630705       0.222816835541      -9.221092194015E-004
   3.23196638891        4.94689282610       -70.0000000000        1.32221200658        1.16466017247       1.420153669528E-003
   3.55516302780        5.44158210871       -70.0000000000       0.414429429778        1.00827839866       4.351856408612E-003
   0.00000000000        0.00000000000       -70.0000000000       0.721573512659       4.790456535656E-003  2.437449928232E-003
  0.145059606038       0.572827429873       -70.0000000000       0.713230394821       9.600067393520E-004  2.809623941815E-003
  0.290119212075        1.14565485975       -70.0000000000       0.713446302348       2.432805004033E-003  4.031319277904E-003
  0.435178818113        1.71848228962       -70.0000000000       0.713743426509       6.541413483630E-003  4.379072512225E-003
  0.580238424151        2.29130971949       -70.0000000000       0.712593265546       1.299400573204E-002  4.328657603493E-003
  0.725298030189        2.86413714937       -70.0000000000       0.792070793646      -1.125209502141E-002 -2.781495403979E-004
  0.870357636226        3.43696457924       -70.0000000000       0.748862314359      -9.319184067935E-002 -2.098010894506E-003
   1.01541724226        4.00979200911       -70.0000000000       0.748014362625      -0.123664365250      -1.417029682156E-003
   1.16047684830        4.58261943899       -70.0000000000       0.638761921244      -0.277136202487      -8.483051339548E-004
   1.30553645434        5.15544686886       -70.0000000000       0.523405344571      -0.371467132503      -2.120387103427E-003
   1.45059606038        5.72827429873       -70.0000000000       0.251062346186      -0.400875744627      -1.439176635348E-003
   1.59565566642        6.30110172861       -70.0000000000       5.508807744267E-002 -0.276154100405      -1.113893522384E-004
   0.00000000000        0.00000000000       -70.0000000000       0.721573512659       4.790456535656E-003  2.437449928232E-003
 -4.879688596092E-002  0.588890836777       -70.0000000000       0.714061912595       2.405268978155E-004  3.006340403518E-003
 -9.759377192185E-002   1.17778167355       -70.0000000000       0.713886230732       2.572147981146E-003  4.105219548921E-003
 -0.146390657883        1.76667251033       -70.0000000000       0.714232749172       7.136186919096E-003  4.450790756922E-003
 -0.195187543844        2.35556334711       -70.0000000000       0.715686783422       8.982914625510E-003  4.590668479857E-003
 -0.243984429805        2.94445418388       -70.0000000000       0.771380550935       7.536454031190E-003 -2.852766710400E-004
 -0.292781315766        3.53334502066       -70.0000000000       0.724722611032      -3.869812163406E-002  4.364248216810E-004
 -0.341578201726        4.12223585744       -70.0000000000       0.628769996923       1.227376102946E-002  2.916842239786E-004
 -0.390375087687        4.71112669421       -70.0000000000       0.562987497965       7.372659835591E-002  5.544067575624E-004
 -0.439171973648        5.30001753099       -70.0000000000       0.435017282604       0.107941773715       6.774894496108E-004
 -0.487968859609        5.88890836777       -70.0000000000       0.278754517402       0.118699837108       6.668966251813E-004
 -0.536765745570        6.47779920454       -70.0000000000       0.201012229581       0.127388869541       8.325238557975E-004
   0.00000000000        0.00000000000       -70.0000000000       0.721573512659       4.790456535656E-003  2.437449928232E-003
 -0.237365478204       0.541138783933       -70.0000000000       0.715707428791       1.410253197139E-005  3.141408754978E-003
 -0.474730956408        1.08227756787       -70.0000000000       0.714635399646       3.278438023975E-003  4.164023719106E-003
 -0.712096434612        1.62341635180       -70.0000000000       0.714501972936       5.738236646055E-003  4.392225287141E-003
 -0.949461912816        2.16455513573       -70.0000000000       0.716895232583       4.259148012286E-003  4.415171047740E-003
  -1.18682739102        2.70569391966       -70.0000000000       0.801663166951       2.282006457720E-002  1.663261297224E-003
  -1.42419286922        3.24683270360       -70.0000000000       0.803731699742       5.560490879388E-002  1.344808191380E-003
  -1.66155834743        3.78797148753       -70.0000000000       0.887267840028       0.117311338507       1.347717668437E-003
  -1.89892382563        4.32911027146       -70.0000000000       0.984163176036       0.289690954997       1.640037842705E-003
  -2.13628930384        4.87024905539       -70.0000000000        1.07794941045       0.701785912336       1.597927463340E-003
  -2.37365478204        5.41138783933       -70.0000000000       0.288732846686       0.684349965354       2.247936595691E-003
  -2.61102026024        5.95252662326       -70.0000000000      -0.662812397642       0.219632435343       2.285492486528E-003
   0.00000000000        0.00000000000       -70.0000000000       0.721573512659       4.790456535656E-003  2.437449928232E-003
 -0.400211837779       0.434745947216       -70.0000000000       0.717988626196       3.052702351949E-004  3.200192244514E-003
 -0.800423675558       0.869491894432       -70.0000000000       0.714993988949      -1.000775790808E-003  3.942335598486E-003
  -1.20063551334        1.30423784165       -70.0000000000       0.715038454868       4.364593417591E-003  4.311833679570E-003
  -1.60084735112        1.73898378886       -70.0000000000       0.717489503719       2.863158237833E-003  4.449992875949E-003
  -2.00105918889        2.17372973608       -70.0000000000       0.758218164824       7.252684026274E-002  5.555540614361E-003
  -2.40127102667        2.60847568330       -70.0000000000       0.820889250575      -2.895926456846E-002  3.227625351851E-003
  -2.80148286445        3.04322163051       -70.0000000000       0.867785348810      -0.171719667353       3.852863312771E-003
  -3.20169470223        3.47796757773       -70.0000000000       0.890409869156      -0.247745381651       3.676016774672E-003
  -3.60190654001        3.91271352494       -70.0000000000       0.913034389503      -0.323771095949       3.499170236573E-003
  -4.00211837779        4.34745947216       -70.0000000000       0.831487508575      -0.492767179883       8.204640044376E-003
  -4.40233021557        4.78220541938       -70.0000000000       0.697758890152      -0.517898809353      -1.038597609867E-003
   0.00000000000        0.00000000000       -70.0000000000       0.721573512659       4.790456535656E-003  2.437449928232E-003
 -0.519689034804       0.281241641340       -70.0000000000       0.720658301674       1.082477468909E-003  3.176320768914E-003
  -1.03937806961       0.562483282680       -70.0000000000       0.716914279368      -3.909212869705E-003  3.884965975608E-003
  -1.55906710441       0.843724924020       -70.0000000000       0.717890682605       3.781678229376E-003  4.464773717829E-003
  -2.07875613922        1.12496656536       -70.0000000000       0.718910331862       2.296699958109E-003  4.592313794483E-003
  -2.59844517402        1.40620820670       -70.0000000000       0.746169814731      -3.764480257962E-003  6.161931600976E-003
  -3.11813420882        1.68744984804       -70.0000000000       0.721236452587      -4.876518116165E-002  4.833290534062E-003
  -3.63782324363        1.96869148938       -70.0000000000       0.698299322374      -9.443360425987E-002  4.251879010428E-003
  -4.15751227843        2.24993313072       -70.0000000000       0.661758322299      -9.581000298085E-002  2.552844615832E-003
  -4.67720131323        2.53117477206       -70.0000000000       0.637970947682      -0.152798147487       1.737236275357E-003
  -5.19689034804        2.81241641340       -70.0000000000       0.570895785401      -0.189202629718      -9.048577682473E-005
  -5.71657938284        3.09365805474       -70.0000000000       0.495296010728      -0.237222140496       1.199196167089E-002
   0.00000000000        0.00000000000       -70.0000000000       0.721573512659       4.790456535656E-003  2.437449928232E-003
 -0.582849861102       9.726043971134E-002  -70.0000000000       0.723427154463       2.261501769729E-003  3.072381172964E-003
  -1.16569972220       0.194520879423       -70.0000000000       0.721147018508      -2.143356513303E-003  3.663143316476E-003
  -1.74854958330       0.291781319134       -70.0000000000       0.720306773034      -2.232822084605E-005  4.608487151253E-003
  -2.33139944441       0.389041758845       -70.0000000000       0.722341431245       6.718964065151E-003  5.505186134437E-003
  -2.91424930551       0.486302198557       -70.0000000000       0.699620253133      -4.055109065604E-003  6.996554337737E-003
  -3.49709916661       0.583562638268       -70.0000000000       0.687445712962      -9.961112348424E-003  5.431114518126E-003
  -4.07994902771       0.680823077979       -70.0000000000       0.653381299484      -1.752906239481E-002  5.032505282635E-003
  -4.66279888881       0.778083517691       -70.0000000000       0.625838322124      -3.101209624306E-002  4.209835274923E-003
  -5.24564874991       0.875343957402       -70.0000000000       0.591266926514      -3.888336005778E-002  3.535506627442E-003
  -5.82849861102       0.972604397113       -70.0000000000       0.551446832566      -3.931761791755E-002  5.656143982206E-003
  -6.41134847212        1.06986483682       -70.0000000000       0.513951491217      -4.313627221421E-002  6.017503683524E-003
   0.00000000000        0.00000000000       -70.0000000000       0.721573512659       4.790456535656E-003  2.437449928232E-003
 -0.582849861102      -9.726043971134E-002  -70.0000000000       0.725808430586       3.629850679539E-003  2.897641987230E-003
  -1.16569972220      -0.194520879423       -70.0000000000       0.725877418107       5.787504730525E-004  3.313321396426E-003
  -1.74854958330      -0.291781319134       -70.0000000000       0.723485271288       3.323035258045E-004  4.987657194631E-003
  -2.33139944441      -0.389041758845       -70.0000000000       0.727955997730       1.209774847791E-002  6.621120066089E-003
  -2.91424930551      -0.486302198557       -70.0000000000       0.692898847194       7.587547237520E-003  6.948559870107E-003
  -3.49709916661      -0.583562638268       -70.0000000000       0.686372211684       2.579182492283E-002  5.436389938339E-003
  -4.07994902771      -0.680823077979       -70.0000000000       0.643732841707       2.036948117733E-002  6.484526786589E-003
  -4.66279888881      -0.778083517691       -70.0000000000       0.619682854032       3.647797665039E-002  3.594563830962E-003
  -5.24564874991      -0.875343957402       -70.0000000000       0.591556458779       4.415871422056E-002  3.010329621237E-003
  -5.82849861102      -0.972604397113       -70.0000000000       0.566956423958       4.177220730271E-002  3.370085191436E-003
  -6.41134847212       -1.06986483682       -70.0000000000       0.521445118593       3.814147575405E-002  4.259777222665E-004
   0.00000000000        0.00000000000       -70.0000000000       0.721573512659       4.790456535656E-003  2.437449928232E-003
 -0.519689034804      -0.281241641340       -70.0000000000       0.728083966797       5.284241531669E-003  2.676807543750E-003
  -1.03937806961      -0.562483282680       -70.0000000000       0.730485735244       4.084209321728E-003  2.928196907193E-003
  -1.55906710441      -0.843724924020       -70.0000000000       0.730464904812       5.981072853657E-003  4.674128198510E-003
  -2.07875613922       -1.12496656536       -70.0000000000       0.735541495892       1.432619609341E-002  7.987481346480E-003
  -2.59844517402       -1.40620820670       -70.0000000000       0.742794330420       6.307688490073E-005  5.367647541396E-003
  -3.11813420882       -1.68744984804       -70.0000000000       0.697937855272       7.888286849233E-002  5.457365402469E-003
  -3.63782324363       -1.96869148938       -70.0000000000       0.690010174220       0.110193098761       4.756464360953E-003
  -4.15751227843       -2.24993313072       -70.0000000000       0.683159220996       0.133401658428       2.705820965078E-003
  -4.67720131323       -2.53117477206       -70.0000000000       0.647665931851       0.155608752287       7.874432591947E-004
  -5.19689034804       -2.81241641340       -70.0000000000       0.569886238553       0.204450372785       6.783842033083E-003
  -5.71657938284       -3.09365805474       -70.0000000000       0.503581975410       0.228180285511       1.449282040912E-002
   0.00000000000        0.00000000000       -70.0000000000       0.721573512659       4.790456535656E-003  2.437449928232E-003
 -0.400211837779      -0.434745947216       -70.0000000000       0.729467288468       6.800396236943E-003  2.428040051168E-003
 -0.800423675558      -0.869491894432       -70.0000000000       0.734782370152       7.640127557091E-003  2.391077023334E-003
  -1.20063551334       -1.30423784165       -70.0000000000       0.737712874291       1.120432004272E-002  3.971862560889E-003
  -1.60084735112       -1.73898378886       -70.0000000000       0.749090241177       2.608620292171E-002  1.065952443380E-002
  -2.00105918889       -2.17372973608       -70.0000000000       0.701561004023      -9.482731267402E-002  3.152915800998E-003
  -2.40127102667       -2.60847568330       -70.0000000000       0.791100742507       2.835271641430E-002  5.821436076858E-003
  -2.80148286445       -3.04322163051       -70.0000000000       0.833895348266       0.113540809311       4.322634637881E-003
  -3.20169470223       -3.47796757773       -70.0000000000       0.872551479449       0.195555289735       3.257868192857E-003
  -3.60190654001       -3.91271352494       -70.0000000000       0.901098159928       0.333207157269       1.113666693809E-003
  -4.00211837779       -4.34745947216       -70.0000000000       0.821256804728       0.498446901925       8.070036300255E-003
  -4.40233021557       -4.78220541938       -70.0000000000       0.679655833604       0.513146865873       8.498936025497E-003
   0.00000000000        0.00000000000       -70.0000000000       0.721573512659       4.790456535656E-003  2.437449928232E-003
 -0.237365478204      -0.541138783933       -70.0000000000       0.729995197045       8.098742788155E-003  2.180292264775E-003
 -0.474730956408       -1.08227756787       -70.0000000000       0.737991932868       1.121418787916E-002  1.918594058212E-003
 -0.712096434612       -1.62341635180       -70.0000000000       0.743223069048       1.454399542321E-002  2.122250395597E-003
 -0.949461912816       -2.16455513573       -70.0000000000       0.766729326823       4.674178505519E-002  1.279273123259E-002
  -1.18682739102       -2.70569391966       -70.0000000000       0.805084803313      -3.504839110262E-002  2.071313172121E-004
  -1.42419286922       -3.24683270360       -70.0000000000       0.821002265823      -8.543268093737E-002  5.313648842337E-003
  -1.66155834743       -3.78797148753       -70.0000000000       0.856239787283      -0.142502357227       7.627649736853E-003
  -1.89892382563       -4.32911027146       -70.0000000000       0.965869529746      -0.296562962757       3.880482155087E-003
  -2.13628930384       -4.87024905539       -70.0000000000        1.07345825033      -0.793519111787       3.290339734791E-003
  -2.37365478204       -5.41138783933       -70.0000000000      -1.755600390688E-002 -0.810644227874       2.943443328272E-003
  -2.61102026024       -5.95252662326       -70.0000000000      -0.662958645459      -0.249560810630       2.915628642856E-003
   0.00000000000        0.00000000000       -70.0000000000       0.721573512659       4.790456535656E-003  2.437449928232E-003
 -4.879688596092E-002 -0.588890836777       -70.0000000000       0.729610485443       9.038585190558E-003  1.960411501430E-003
 -9.759377192185E-002  -1.17778167355       -70.0000000000       0.736711562762       1.222825777067E-002  1.332355904234E-003
 -0.146390657883       -1.76667251033       -70.0000000000       0.744962022685       1.525060847055E-002  7.588287208844E-004
 -0.195187543844       -2.35556334711       -70.0000000000       0.782509699189       7.527104371619E-002  1.611761096240E-002
 -0.243984429805       -2.94445418388       -70.0000000000       0.813290286791      -2.260826036011E-002 -4.895400165358E-003
 -0.292781315766       -3.53334502066       -70.0000000000       0.783278561481      -8.269488810990E-002 -6.876832498801E-004
 -0.341578201726       -4.12223585744       -70.0000000000       0.709249586611      -0.130131436938      -8.173400746662E-005
 -0.390375087687       -4.71112669421       -70.0000000000       0.609614267955      -0.107799897470       5.929336885441E-004
 -0.439171973648       -5.30001753099       -70.0000000000       0.456109899184      -0.123211862889       2.160428928290E-003
 -0.487968859609       -5.88890836777       -70.0000000000       0.337205013235      -0.132011568412       1.724731900939E-003
 -0.536765745570       -6.47779920454       -70.0000000000       0.227073436999      -0.139541247499       1.054444176161E-003
   0.00000000000        0.00000000000       -70.0000000000       0.721573512659       4.790456535656E-003  2.437449928232E-003
  0.145059606038      -0.572827429873       -70.0000000000       0.723237287297       3.730349287222E-003  9.664505489036E-004
  0.290119212075       -1.14565485975       -70.0000000000       0.724780908328       6.751855443483E-003 -2.463970516378E-004
  0.435178818113       -1.71848228962       -70.0000000000       0.743805998901       2.500917358405E-003 -1.129711799409E-003
  0.580238424151       -2.29130971949       -70.0000000000       0.752473909332      -3.124676640290E-002 -5.204084533460E-003
  0.725298030189       -2.86413714937       -70.0000000000       0.838346071676       0.108652257994      -1.430417277415E-003
  0.870357636226       -3.43696457924       -70.0000000000       0.781318233652       8.692633102811E-002 -6.801137989634E-003
   1.01541724226       -4.00979200911       -70.0000000000       0.726536373532       0.188667782272      -5.659716951856E-003
   1.16047684830       -4.58261943899       -70.0000000000       0.660084957345       0.281668634384      -4.027525538232E-003
   1.30553645434       -5.15544686886       -70.0000000000       0.530931940097       0.371300323331      -2.391704221479E-003
   1.45059606038       -5.72827429873       -70.0000000000       0.269593735640       0.392682452349      -2.891101448343E-003
   1.59565566642       -6.30110172861       -70.0000000000       3.609610338668E-002  0.288847690133      -5.315997865684E-003
   0.00000000000        0.00000000000       -70.0000000000       0.721573512659       4.790456535656E-003  2.437449928232E-003
  0.323196638891      -0.494689282610       -70.0000000000       0.716251297534      -1.952141048936E-003  6.210718047405E-005
  0.646393277781      -0.989378565219       -70.0000000000       0.723016785038       6.897454481257E-003 -4.141786825782E-004
  0.969589916672       -1.48406784783       -70.0000000000       0.738849978463      -6.754178431396E-003 -2.411183459664E-003
   1.29278655556       -1.97875713044       -70.0000000000       0.737838633619      -3.727624350636E-002 -7.310321872934E-003
   1.61598319445       -2.47344641305       -70.0000000000       0.795143602764       8.787255487917E-003 -6.599134757642E-003
   1.93917983334       -2.96813569566       -70.0000000000       0.827047075874       1.782341874834E-002 -7.013923103806E-003
   2.26237647223       -3.46282497827       -70.0000000000       0.929579430406       3.056283163909E-002 -4.704689794571E-003
   2.58557311112       -3.95751426088       -70.0000000000        1.10587059345      -1.880979877381E-002 -4.097242774338E-003
   2.90876975001       -4.45220354349       -70.0000000000        1.35363252730      -0.211872450993      -3.601395386516E-003
   3.23196638891       -4.94689282610       -70.0000000000        1.34430033126       -1.13931315177      -4.190595008925E-003
   3.55516302780       -5.44158210871       -70.0000000000       0.403080449458      -0.926696978010      -5.975910742980E-003
   0.00000000000        0.00000000000       -70.0000000000       0.721573512659       4.790456535656E-003  2.437449928232E-003
  0.466310301007      -0.362943875680       -70.0000000000       0.710091205679      -6.622185013366E-003 -5.446272777318E-004
  0.932620602014      -0.725887751361       -70.0000000000       0.716776122785       4.404186530078E-003 -7.294837841005E-004
   1.39893090302       -1.08883162704       -70.0000000000       0.732118150020      -6.679323103333E-003 -2.319965859044E-003
   1.86524120403       -1.45177550272       -70.0000000000       0.734452801908      -3.658750618259E-002 -6.650589736878E-003
   2.33155150503       -1.81471937840       -70.0000000000       0.764623167809      -1.556230963199E-002 -4.923065928965E-003
   2.79786180604       -2.17766325408       -70.0000000000       0.807853390241      -9.421667803696E-002 -4.874301594157E-003
   3.26417210705       -2.54060712976       -70.0000000000       0.804205987624      -0.167577335667      -4.965713801713E-003
   3.73048240806       -2.90355100544       -70.0000000000       0.771576939355      -0.203863615324      -6.249676230096E-003
   4.19679270906       -3.26649488112       -70.0000000000       0.730991233163      -0.256784051514      -7.905877888092E-003
   4.66310301007       -3.62943875680       -70.0000000000       0.690671598129      -0.349940321335      -1.102175814648E-002
   5.12941331108       -3.99238263248       -70.0000000000       0.617419606537      -0.355612515057      -1.340993849869E-002
   0.00000000000        0.00000000000       -70.0000000000       0.721573512659       4.790456535656E-003  2.437449928232E-003
  0.558892006459      -0.191867868166       -70.0000000000       0.705424553269      -9.773710879326E-003 -7.880037327123E-004
   1.11778401292      -0.383735736333       -70.0000000000       0.705359209353       1.627142563968E-003 -1.097309860666E-003
   1.67667601938      -0.575603604499       -70.0000000000       0.723534047529       1.547967058641E-003 -1.038890389993E-003
   2.23556802584      -0.767471472666       -70.0000000000       0.732178736210      -3.057312717989E-002 -4.278220254499E-003
   2.79446003230      -0.959339340832       -70.0000000000       0.717230464472      -2.919907665168E-002 -5.343060611864E-003
   3.35335203876       -1.15120720900       -70.0000000000       0.688874766822      -6.139780273869E-002 -5.244630820546E-003
   3.91224404522       -1.34307507716       -70.0000000000       0.656060067172      -6.948192560244E-002 -6.951696242048E-003
   4.47113605168       -1.53494294533       -70.0000000000       0.624650342361      -8.073806602457E-002 -7.490991646074E-003
   5.03002805814       -1.72681081350       -70.0000000000       0.595799672207      -9.557332240060E-002 -8.318054756001E-003
   5.58892006459       -1.91867868166       -70.0000000000       0.562714386925      -0.106621145390      -9.531006731748E-003
   6.14781207105       -2.11054654983       -70.0000000000       0.493123215238      -8.374401696437E-002 -1.092323843056E-002
   0.00000000000        0.00000000000       -70.0000000000       0.721573512659       4.790456535656E-003  2.437449928232E-003
  0.590909090909        0.00000000000       -70.0000000000       0.702757044503      -1.106520191828E-002 -6.416485691955E-004
   1.18181818182      -1.172487511250E-015  -70.0000000000       0.690602863160      -2.041290191167E-003 -1.504307266632E-003
   1.77272727273        0.00000000000       -70.0000000000       0.701986196240      -5.013601597529E-003 -1.605593204836E-003
   2.36363636364        0.00000000000       -70.0000000000       0.722812119983      -1.454422950655E-002 -1.508947224969E-003
   2.95454545455        0.00000000000       -70.0000000000       0.712530583168      -1.468990241777E-002 -3.919418107653E-003
   3.54545454545        0.00000000000       -70.0000000000       0.681463921524      -1.524432421909E-002 -4.298157546910E-003
   4.13636363636        0.00000000000       -70.0000000000       0.652324289206      -1.366652720987E-002 -4.463577496720E-003
   4.72727272727        0.00000000000       -70.0000000000       0.623184656888      -1.208873020066E-002 -4.628997446529E-003
   5.31818181818        0.00000000000       -70.0000000000       0.594249751511      -7.819316643029E-003 -4.785137288425E-003
   5.90909090909        0.00000000000       -70.0000000000       0.565398841438      -1.172639087521E-002 -6.492332925732E-003
   6.50000000000        0.00000000000       -70.0000000000       0.533001549167       5.204607542006E-003 -3.767512255676E-003
