 12 20 1 1
 1 X [LENGU]
 2 Y [LENGU]
 3 Z [LENGU]
 4 Hx [FIELU]
 5 Hy [FIELU]
 6 Hz [FIELU]
 0
   0.00000000000        0.00000000000       -43.2000000000       0.406329134889       4.931057424492E-003  1.347568083123E-003
  0.590909090909        0.00000000000       -43.2000000000       0.406069393502       5.078163995936E-003  1.307981594715E-003
   1.18181818182        0.00000000000       -43.2000000000       0.405809652114       5.225270567381E-003  1.268395106307E-003
   1.77272727273        0.00000000000       -43.2000000000       0.406931924860       5.127481522338E-003  1.469033518713E-003
   2.36363636364        0.00000000000       -43.2000000000       0.406331623530       3.168444743893E-003  1.253071996136E-003
   2.95454545455        0.00000000000       -43.2000000000       0.423083745302      -2.909505168774E-003  3.128610514806E-004
   3.54545454545        0.00000000000       -43.2000000000       0.406596936874       2.337410814614E-004  2.645176006116E-004
   4.13636363636        0.00000000000       -43.2000000000       0.388584339815       2.892710731278E-003 -2.399960325039E-004
   4.72727272727        0.00000000000       -43.2000000000       0.371852166734       1.759373781197E-003 -2.782726191785E-004
   5.31818181818        0.00000000000       -43.2000000000       0.355119993654       6.260368311163E-004 -3.165492058532E-004
   5.90909090909        0.00000000000       -43.2000000000       0.338387820573      -5.073001189647E-004 -3.548257925279E-004
   6.50000000000        0.00000000000       -43.2000000000       0.321655647492      -1.640637069046E-003 -3.931023792026E-004
   0.00000000000        0.00000000000       -43.2000000000       0.406329134889       4.931057424492E-003  1.347568083123E-003
  0.558892006459       0.191867868166       -43.2000000000       0.406174203940       5.611581438214E-003  1.371759330197E-003
   1.11778401292       0.383735736333       -43.2000000000       0.406019272991       6.292105451937E-003  1.395950577271E-003
   1.67667601938       0.575603604499       -43.2000000000       0.406147088214       6.714841087075E-003  1.444023297974E-003
   2.23556802584       0.767471472666       -43.2000000000       0.407072788900       6.542286058442E-003  1.532864280066E-003
   2.79446003230       0.959339340832       -43.2000000000       0.430457726114       1.072635411738E-002  7.360390511670E-004
   3.35335203876        1.15120720900       -43.2000000000       0.413264125081       2.768846879109E-002  1.155985853596E-003
   3.91224404522        1.34307507716       -43.2000000000       0.395944689514       3.418840093996E-002  7.431849240679E-004
   4.47113605168        1.53494294533       -43.2000000000       0.378437546309       4.311520489355E-002  2.014702530730E-003
   5.03002805814        1.72681081350       -43.2000000000       0.362551777821       5.147856775352E-002  2.525288194301E-003
   5.58892006459        1.91867868166       -43.2000000000       0.339960818097       4.922089946208E-002  4.866344286878E-003
   6.14781207105        2.11054654983       -43.2000000000       0.298284076235       4.143745740988E-002  8.632108099935E-003
   0.00000000000        0.00000000000       -43.2000000000       0.406329134889       4.931057424492E-003  1.347568083123E-003
  0.466310301007       0.362943875680       -43.2000000000       0.406427780006       5.403708675783E-003  1.375516890091E-003
  0.932620602014       0.725887751361       -43.2000000000       0.406220647073       8.085975558982E-003  1.489727598458E-003
   1.39893090302        1.08883162704       -43.2000000000       0.406873902525       8.218384537918E-003  1.585876992580E-003
   1.86524120403        1.45177550272       -43.2000000000       0.406165630390       1.279183316802E-002  1.660844630890E-003
   2.33155150503        1.81471937840       -43.2000000000       0.455878620855       1.288981911749E-002  1.162786392019E-003
   2.79786180604        2.17766325408       -43.2000000000       0.446305108462       4.013238783098E-002  1.135377569125E-003
   3.26417210705        2.54060712976       -43.2000000000       0.437894675749       6.667710246060E-002  1.311567161941E-003
   3.73048240806        2.90355100544       -43.2000000000       0.441429340669       0.100618009702       2.470566488551E-003
   4.19679270906        3.26649488112       -43.2000000000       0.435871191687       0.141222515278       2.907359632722E-003
   4.66310301007        3.62943875680       -43.2000000000       0.408723487305       0.191907317665       6.304490719293E-003
   5.12941331108        3.99238263248       -43.2000000000       0.355679015761       0.201683328259       1.884512068509E-003
   0.00000000000        0.00000000000       -43.2000000000       0.406329134889       4.931057424492E-003  1.347568083123E-003
  0.323196638891       0.494689282610       -43.2000000000       0.406598888283       5.663299971053E-003  1.396494803004E-003
  0.646393277781       0.989378565219       -43.2000000000       0.406439631523       9.495658901142E-003  1.566447971985E-003
  0.969589916672        1.48406784783       -43.2000000000       0.406629621439       1.208885602211E-002  1.709744678406E-003
   1.29278655556        1.97875713044       -43.2000000000       0.405635768708       1.838283059702E-002  1.808499694974E-003
   1.61598319445        2.47344641305       -43.2000000000       0.462030788182      -1.169218123496E-003  1.102728541135E-003
   1.93917983334        2.96813569566       -43.2000000000       0.491487352586      -9.667248708352E-003  1.121257404191E-003
   2.26237647223        3.46282497827       -43.2000000000       0.539199712027      -1.984729438778E-002  1.309883066373E-003
   2.58557311112        3.95751426088       -43.2000000000       0.637214105934       2.012119472767E-002  2.038185437042E-003
   2.90876975001        4.45220354349       -43.2000000000       0.782467674144       0.137321252165       2.197794513398E-003
   3.23196638891        4.94689282610       -43.2000000000       0.757056787510       0.585978638629       3.272795412933E-003
   3.55516302780        5.44158210871       -43.2000000000       0.259053716356       0.553648666277       4.355993477238E-003
   0.00000000000        0.00000000000       -43.2000000000       0.406329134889       4.931057424492E-003  1.347568083123E-003
  0.145059606038       0.572827429873       -43.2000000000       0.406725638449       5.952846086882E-003  1.416437926813E-003
  0.290119212075        1.14565485975       -43.2000000000       0.406693131855       1.007475113280E-002  1.606334219603E-003
  0.435178818113        1.71848228962       -43.2000000000       0.407950054145       8.754706348523E-003  1.597868573997E-003
  0.580238424151        2.29130971949       -43.2000000000       0.408391371551       1.080468109274E-002  1.680524879749E-003
  0.725298030189        2.86413714937       -43.2000000000       0.452938678408      -1.961636193492E-002  5.858299038832E-004
  0.870357636226        3.43696457924       -43.2000000000       0.433006532001      -3.140741407732E-002  6.885849711292E-004
   1.01541724226        4.00979200911       -43.2000000000       0.414769604724      -9.777024866673E-002  4.386138230808E-004
   1.16047684830        4.58261943899       -43.2000000000       0.415279021403      -0.130653761487      -6.628877040488E-004
   1.30553645434        5.15544686886       -43.2000000000       0.306821965545      -0.201786295882       5.026054860093E-004
   1.45059606038        5.72827429873       -43.2000000000       0.155080042878      -0.240405037879       2.157411082638E-003
   1.59565566642        6.30110172861       -43.2000000000       5.078660176427E-002 -0.182258315030       2.090880194845E-003
   0.00000000000        0.00000000000       -43.2000000000       0.406329134889       4.931057424492E-003  1.347568083123E-003
 -4.879688596092E-002  0.588890836777       -43.2000000000       0.406855911209       5.795719833040E-003  1.415802840754E-003
 -9.759377192185E-002   1.17778167355       -43.2000000000       0.407199678419       8.722267390153E-003  1.567219971979E-003
 -0.146390657883        1.76667251033       -43.2000000000       0.408876548891       6.022540274858E-003  1.513556427199E-003
 -0.195187543844        2.35556334711       -43.2000000000       0.413122076941      -1.908961857415E-003  1.326754689510E-003
 -0.243984429805        2.94445418388       -43.2000000000       0.458531399482      -1.981865174889E-004  1.316201935369E-003
 -0.292781315766        3.53334502066       -43.2000000000       0.423733909579       1.335271764976E-002  5.618748299159E-004
 -0.341578201726        4.12223585744       -43.2000000000       0.389030686494       7.655892891247E-002  6.559382074751E-004
 -0.390375087687        4.71112669421       -43.2000000000       0.352412816649       6.076474431227E-002 -7.640294894007E-004
 -0.439171973648        5.30001753099       -43.2000000000       0.268506418826       5.897306561422E-002 -1.635977343779E-003
 -0.487968859609        5.88890836777       -43.2000000000       0.178032862710       6.115334563694E-002 -2.942375698394E-003
 -0.536765745570        6.47779920454       -43.2000000000       0.105440462500       6.119330156112E-002 -3.436866670661E-003
   0.00000000000        0.00000000000       -43.2000000000       0.406329134889       4.931057424492E-003  1.347568083123E-003
 -0.237365478204       0.541138783933       -43.2000000000       0.406975589488       5.208948277194E-003  1.394658366256E-003
 -0.474730956408        1.08227756787       -43.2000000000       0.407453911714       7.485937988092E-003  1.522642429619E-003
 -0.712096434612        1.62341635180       -43.2000000000       0.410265568190       3.288192517481E-003  1.426099178041E-003
 -0.949461912816        2.16455513573       -43.2000000000       0.418785603832      -1.668081112479E-002  7.742040285692E-004
  -1.18682739102        2.70569391966       -43.2000000000       0.459029096822      -1.880509975077E-004  1.881302181236E-003
  -1.42419286922        3.24683270360       -43.2000000000       0.472748470162       1.521377923562E-002  8.723485457097E-004
  -1.66155834743        3.78797148753       -43.2000000000       0.517551423289       4.671975529588E-002 -2.678504250194E-004
  -1.89892382563        4.32911027146       -43.2000000000       0.596958366582       0.136532591314      -1.576254118222E-003
  -2.13628930384        4.87024905539       -43.2000000000       0.624096794089       0.391834954200      -2.193108805024E-003
  -2.37365478204        5.41138783933       -43.2000000000       5.010376671349E-002  0.619365430514      -2.863314163092E-003
  -2.61102026024        5.95252662326       -43.2000000000      -0.398039082042       0.109624775364      -2.439819369106E-003
   0.00000000000        0.00000000000       -43.2000000000       0.406329134889       4.931057424492E-003  1.347568083123E-003
 -0.400211837779       0.434745947216       -43.2000000000       0.407071704287       4.256117222120E-003  1.355295835220E-003
 -0.800423675558       0.869491894432       -43.2000000000       0.407385263531       6.681293403276E-003  1.484050036415E-003
  -1.20063551334        1.30423784165       -43.2000000000       0.409779538945       2.757611457516E-003  1.389664860247E-003
  -1.60084735112        1.73898378886       -43.2000000000       0.417179765192      -1.068582096840E-002  9.887642633374E-004
  -2.00105918889        2.17372973608       -43.2000000000       0.443446086443       1.261354013381E-002  1.689633522011E-003
  -2.40127102667        2.60847568330       -43.2000000000       0.477722581061      -4.086180546521E-002  2.193195872148E-003
  -2.80148286445        3.04322163051       -43.2000000000       0.457923605028      -8.726033836074E-002  1.342162820843E-003
  -3.20169470223        3.47796757773       -43.2000000000       0.527588381409      -0.111872037498       5.226232233477E-004
  -3.60190654001        3.91271352494       -43.2000000000       0.530863371813      -0.206141115346      -1.144156849555E-003
  -4.00211837779        4.34745947216       -43.2000000000       0.466050807358      -0.300332067912      -5.473886537048E-003
  -4.40233021557        4.78220541938       -43.2000000000       0.398658936340      -0.323254598255      -5.406268783812E-003
   0.00000000000        0.00000000000       -43.2000000000       0.406329134889       4.931057424492E-003  1.347568083123E-003
 -0.519689034804       0.281241641340       -43.2000000000       0.406989613954       4.082688581742E-003  1.342667880323E-003
  -1.03937806961       0.562483282680       -43.2000000000       0.407509535110       4.250020353701E-003  1.377419943290E-003
  -1.55906710441       0.843724924020       -43.2000000000       0.408283416691       3.779039864619E-003  1.391603253241E-003
  -2.07875613922        1.12496656536       -43.2000000000       0.412992753138      -2.488972451076E-003  1.231282514445E-003
  -2.59844517402        1.40620820670       -43.2000000000       0.445070227818      -1.647237681335E-002  2.002435740621E-003
  -3.11813420882        1.68744984804       -43.2000000000       0.439307494629      -3.259363725661E-002  2.422611292747E-003
  -3.63782324363        1.96869148938       -43.2000000000       0.432010960762      -5.772251429656E-002  1.758343439395E-003
  -4.15751227843        2.24993313072       -43.2000000000       0.415671431142      -7.623252998193E-002  5.448870390759E-004
  -4.67720131323        2.53117477206       -43.2000000000       0.389607978080      -9.921993030474E-002 -5.957360021188E-004
  -5.19689034804        2.81241641340       -43.2000000000       0.356708780992      -0.123589913211       1.804138501546E-003
  -5.71657938284        3.09365805474       -43.2000000000       0.307132083447      -0.152247442239       7.407771804895E-003
   0.00000000000        0.00000000000       -43.2000000000       0.406329134889       4.931057424492E-003  1.347568083123E-003
 -0.582849861102       9.726043971134E-002  -43.2000000000       0.406824781804       4.081900946071E-003  1.333721688185E-003
  -1.16569972220       0.194520879423       -43.2000000000       0.407320428718       3.232744467650E-003  1.319875293248E-003
  -1.74854958330       0.291781319134       -43.2000000000       0.407816075632       2.383587989228E-003  1.306028898310E-003
  -2.33139944441       0.389041758845       -43.2000000000       0.408311722546       1.534431510807E-003  1.292182503373E-003
  -2.91424930551       0.486302198557       -43.2000000000       0.427333583591      -1.072441442429E-002  1.813069666879E-003
  -3.49709916661       0.583562638268       -43.2000000000       0.415180233612      -2.097966969108E-002  1.550492652461E-003
  -4.07994902771       0.680823077979       -43.2000000000       0.401557305620      -1.981947336306E-002  1.691583205050E-003
  -4.66279888881       0.778083517691       -43.2000000000       0.377858594209      -2.644224350688E-002  4.070428720106E-004
  -5.24564874991       0.875343957402       -43.2000000000       0.364929639037      -3.059887967697E-002 -7.141055117467E-004
  -5.82849861102       0.972604397113       -43.2000000000       0.345425509778      -2.893585672154E-002 -2.663567841388E-004
  -6.41134847212        1.06986483682       -43.2000000000       0.324647071697      -2.840465487679E-002 -6.033100106759E-005
   0.00000000000        0.00000000000       -43.2000000000       0.406329134889       4.931057424492E-003  1.347568083123E-003
 -0.582849861102      -9.726043971134E-002  -43.2000000000       0.406606238619       4.173132590857E-003  1.326275967788E-003
  -1.16569972220      -0.194520879423       -43.2000000000       0.406883342348       3.415207757222E-003  1.304983852452E-003
  -1.74854958330      -0.291781319134       -43.2000000000       0.407160446078       2.657282923587E-003  1.283691737117E-003
  -2.33139944441      -0.389041758845       -43.2000000000       0.407437549808       1.899358089952E-003  1.262399621782E-003
  -2.91424930551      -0.486302198557       -43.2000000000       0.424556306892       6.042798674083E-003  1.595888344452E-003
  -3.49709916661      -0.583562638268       -43.2000000000       0.411230000788       1.155754233033E-002  1.753039482614E-003
  -4.07994902771      -0.680823077979       -43.2000000000       0.402449083928       1.890364442183E-002  1.216985690990E-003
  -4.66279888881      -0.778083517691       -43.2000000000       0.378882894534       1.966682600708E-002  2.951734722683E-004
  -5.24564874991      -0.875343957402       -43.2000000000       0.360648078976       2.446437711411E-002  1.676324982672E-003
  -5.82849861102      -0.972604397113       -43.2000000000       0.338246948362       2.789282626144E-002  3.768555420491E-003
  -6.41134847212       -1.06986483682       -43.2000000000       0.312441435936       2.630933427340E-002  3.102530066048E-003
   0.00000000000        0.00000000000       -43.2000000000       0.406329134889       4.931057424492E-003  1.347568083123E-003
 -0.519689034804      -0.281241641340       -43.2000000000       0.406476021596       3.747852191779E-003  1.269663241262E-003
  -1.03937806961      -0.562483282680       -43.2000000000       0.406622908303       2.564646959065E-003  1.191758399402E-003
  -1.55906710441      -0.843724924020       -43.2000000000       0.406769795010       1.381441726351E-003  1.113853557542E-003
  -2.07875613922       -1.12496656536       -43.2000000000       0.407834588394       1.864961305393E-003  1.204946107459E-003
  -2.59844517402       -1.40620820670       -43.2000000000       0.444791514905       1.545791549819E-002  1.019563865681E-003
  -3.11813420882       -1.68744984804       -43.2000000000       0.430471807804       2.392713432028E-002  1.494719106780E-003
  -3.63782324363       -1.96869148938       -43.2000000000       0.424570731440       5.126736917989E-002  1.589189797115E-003
  -4.15751227843       -2.24993313072       -43.2000000000       0.406542766561       8.341886793631E-002  5.134660562361E-004
  -4.67720131323       -2.53117477206       -43.2000000000       0.385914911199       9.010855400718E-002  1.796423520598E-003
  -5.19689034804       -2.81241641340       -43.2000000000       0.352526125222       0.115774238493       5.799193114486E-004
  -5.71657938284       -3.09365805474       -43.2000000000       0.287060479069       0.158924071484       6.670217259797E-003
   0.00000000000        0.00000000000       -43.2000000000       0.406329134889       4.931057424492E-003  1.347568083123E-003
 -0.400211837779      -0.434745947216       -43.2000000000       0.406378993702       3.202406385926E-003  1.200135472473E-003
 -0.800423675558      -0.869491894432       -43.2000000000       0.406451376383       1.142614020857E-003  1.051561184222E-003
  -1.20063551334       -1.30423784165       -43.2000000000       0.407188566509       7.352120045781E-004  1.027505956764E-003
  -1.60084735112       -1.73898378886       -43.2000000000       0.409128324736       2.093205323525E-003  1.231912832203E-003
  -2.00105918889       -2.17372973608       -43.2000000000       0.439135695328      -7.850845030730E-003  2.501252481825E-003
  -2.40127102667       -2.60847568330       -43.2000000000       0.474961626626       3.144126413107E-002  1.393987580431E-003
  -2.80148286445       -3.04322163051       -43.2000000000       0.478439393400       5.318221822581E-002  6.233488092144E-004
  -3.20169470223       -3.47796757773       -43.2000000000       0.505275219630       0.106678880214       3.227390551887E-004
  -3.60190654001       -3.91271352494       -43.2000000000       0.526193576142       0.193507362295      -3.025676320670E-004
  -4.00211837779       -4.34745947216       -43.2000000000       0.487705815012       0.279274444400      -5.547654344261E-003
  -4.40233021557       -4.78220541938       -43.2000000000       0.407093030663       0.290810037650      -2.834884464079E-003
   0.00000000000        0.00000000000       -43.2000000000       0.406329134889       4.931057424492E-003  1.347568083123E-003
 -0.237365478204      -0.541138783933       -43.2000000000       0.406276562831       2.844286742886E-003  1.146584314700E-003
 -0.474730956408       -1.08227756787       -43.2000000000       0.406345881321      -1.705918773850E-004  9.456843092744E-004
 -0.712096434612       -1.62341635180       -43.2000000000       0.407535577006       4.400401252209E-004  9.757460620672E-004
 -0.949461912816       -2.16455513573       -43.2000000000       0.408215716447      -5.596267178407E-003  7.662708223190E-004
  -1.18682739102       -2.70569391966       -43.2000000000       0.454796836651      -8.817089035523E-003  1.113862328832E-003
  -1.42419286922       -3.24683270360       -43.2000000000       0.461040728137      -3.160461750570E-002  1.044894428182E-003
  -1.66155834743       -3.78797148753       -43.2000000000       0.510731127850      -6.887068544406E-002  1.091115631401E-003
  -1.89892382563       -4.32911027146       -43.2000000000       0.561605411227      -0.164226225581       6.078090096516E-004
  -2.13628930384       -4.87024905539       -43.2000000000       0.618206483707      -0.425086520870      -7.813944235891E-005
  -2.37365478204       -5.41138783933       -43.2000000000       0.106798576823      -0.563543008369      -2.683724577523E-004
  -2.61102026024       -5.95252662326       -43.2000000000      -0.456831863049      -0.129696860612      -8.965305202663E-005
   0.00000000000        0.00000000000       -43.2000000000       0.406329134889       4.931057424492E-003  1.347568083123E-003
 -4.879688596092E-002 -0.588890836777       -43.2000000000       0.406185493024       2.629029145457E-003  1.114525769747E-003
 -9.759377192185E-002  -1.17778167355       -43.2000000000       0.406227825863      -7.230336226091E-004  8.842644482767E-004
 -0.146390657883       -1.76667251033       -43.2000000000       0.406875419310      -2.662786587005E-003  7.503440077597E-004
 -0.195187543844       -2.35556334711       -43.2000000000       0.404246263291       5.768830278358E-003  9.439022149149E-004
 -0.243984429805       -2.94445418388       -43.2000000000       0.457913710406      -1.061419857507E-002  4.867348850604E-004
 -0.292781315766       -3.53334502066       -43.2000000000       0.421824668348      -4.257170409466E-002  4.063095121349E-004
 -0.341578201726       -4.12223585744       -43.2000000000       0.398524807986      -7.422880236047E-002 -1.217540558559E-004
 -0.390375087687       -4.71112669421       -43.2000000000       0.362907731435      -5.298266207816E-002 -5.437107974967E-004
 -0.439171973648       -5.30001753099       -43.2000000000       0.271144890089      -6.238468321825E-002 -1.366904195027E-003
 -0.487968859609       -5.88890836777       -43.2000000000       0.183189843668      -7.024724575977E-002 -2.295303486302E-003
 -0.536765745570       -6.47779920454       -43.2000000000       0.114800457586      -8.711963760130E-002 -2.062287278793E-003
   0.00000000000        0.00000000000       -43.2000000000       0.406329134889       4.931057424492E-003  1.347568083123E-003
  0.145059606038      -0.572827429873       -43.2000000000       0.406112665803       2.623878846339E-003  1.107585297299E-003
  0.290119212075       -1.14565485975       -43.2000000000       0.406071044101      -8.446759229157E-004  8.689546360944E-004
  0.435178818113       -1.71848228962       -43.2000000000       0.406344257544      -3.122055078820E-003  6.718495406967E-004
  0.580238424151       -2.29130971949       -43.2000000000       0.403780447969       8.466727483694E-003  1.065748998079E-003
  0.725298030189       -2.86413714937       -43.2000000000       0.464650554057       2.250639025183E-002  1.750608776119E-003
  0.870357636226       -3.43696457924       -43.2000000000       0.438263793238       3.504126647086E-002  1.854571086290E-004
   1.01541724226       -4.00979200911       -43.2000000000       0.434853443027       6.989835976648E-002 -1.246368960552E-004
   1.16047684830       -4.58261943899       -43.2000000000       0.393783095008       0.135290190314      -5.274036199627E-004
   1.30553645434       -5.15544686886       -43.2000000000       0.306377197024       0.207009252712      -8.282765777106E-004
   1.45059606038       -5.72827429873       -43.2000000000       0.169689560369       0.225836280419      -1.282138245972E-003
   1.59565566642       -6.30110172861       -43.2000000000       3.594921043788E-002  0.170003328370      -3.927316110395E-003
   0.00000000000        0.00000000000       -43.2000000000       0.406329134889       4.931057424492E-003  1.347568083123E-003
  0.323196638891      -0.494689282610       -43.2000000000       0.406050529462       3.056443561344E-003  1.127297805278E-003
  0.646393277781      -0.989378565219       -43.2000000000       0.405892525772      -5.223369475919E-004  9.014139284336E-004
  0.969589916672       -1.48406784783       -43.2000000000       0.405903559430      -2.409703237572E-003  6.972362622917E-004
   1.29278655556       -1.97875713044       -43.2000000000       0.407596670301      -4.359301776239E-003  8.362857473923E-004
   1.61598319445       -2.47344641305       -43.2000000000       0.461130671299      -5.326627580867E-003 -2.705358776251E-004
   1.93917983334       -2.96813569566       -43.2000000000       0.479562342934      -5.207340603324E-003 -1.331086119690E-004
   2.26237647223       -3.46282497827       -43.2000000000       0.542544299269       4.529978525945E-003 -9.571063111665E-005
   2.58557311112       -3.95751426088       -43.2000000000       0.639154519760      -2.229595925546E-002  1.013893346544E-003
   2.90876975001       -4.45220354349       -43.2000000000       0.798266502087      -0.128776039888       5.983024601542E-004
   3.23196638891       -4.94689282610       -43.2000000000       0.752369410622      -0.597421711890       4.728163815447E-004
   3.55516302780       -5.44158210871       -43.2000000000       0.251622954557      -0.552635166144       1.326106702422E-003
   0.00000000000        0.00000000000       -43.2000000000       0.406329134889       4.931057424492E-003  1.347568083123E-003
  0.466310301007      -0.362943875680       -43.2000000000       0.406018922975       3.687173268364E-003  1.170862851282E-003
  0.932620602014      -0.725887751361       -43.2000000000       0.405800313332       1.096571217119E-003  9.895145334461E-004
   1.39893090302       -1.08883162704       -43.2000000000       0.406202861601      -1.436548569142E-003  9.043347336981E-004
   1.86524120403       -1.45177550272       -43.2000000000       0.407811352107      -4.465073997090E-003  1.178509547159E-003
   2.33155150503       -1.81471937840       -43.2000000000       0.454296544152      -1.570965933700E-002 -4.474721900145E-004
   2.79786180604       -2.17766325408       -43.2000000000       0.465739729532      -5.893755316235E-002  3.765162965387E-004
   3.26417210705       -2.54060712976       -43.2000000000       0.448402780473      -7.652142419419E-002  7.956660390507E-004
   3.73048240806       -2.90355100544       -43.2000000000       0.435509702095      -0.107308369828       2.329538883521E-003
   4.19679270906       -3.26649488112       -43.2000000000       0.432417035201      -0.146066556570       9.344763697713E-004
   4.66310301007       -3.62943875680       -43.2000000000       0.413529265387      -0.206854338924       4.513013331491E-003
   5.12941331108       -3.99238263248       -43.2000000000       0.345748002081      -0.209220812252       4.848626881346E-003
   0.00000000000        0.00000000000       -43.2000000000       0.406329134889       4.931057424492E-003  1.347568083123E-003
  0.558892006459      -0.191867868166       -43.2000000000       0.406027832864       4.351253242285E-003  1.233226902442E-003
   1.11778401292      -0.383735736333       -43.2000000000       0.405755428402       3.346602972136E-003  1.117420977788E-003
   1.67667601938      -0.575603604499       -43.2000000000       0.406590859525       1.235379578141E-003  1.171567422283E-003
   2.23556802584      -0.767471472666       -43.2000000000       0.406700439188      -1.502775904647E-003  1.063280547317E-003
   2.79446003230      -0.959339340832       -43.2000000000       0.429054380246      -1.511491938885E-002 -2.285890626800E-004
   3.35335203876       -1.15120720900       -43.2000000000       0.416885976741      -3.337925636570E-002  1.332226196720E-005
   3.91224404522       -1.34307507716       -43.2000000000       0.394637326746      -3.865103239011E-002 -1.531888451197E-004
   4.47113605168       -1.53494294533       -43.2000000000       0.384613570050      -4.352048015926E-002  8.861930778337E-005
   5.03002805814       -1.72681081350       -43.2000000000       0.357291822819      -4.234847981117E-002  2.790424112112E-003
   5.58892006459       -1.91867868166       -43.2000000000       0.331376077618      -4.331100273995E-002  4.587212750362E-003
   6.14781207105       -2.11054654983       -43.2000000000       0.300548239151      -4.249885706046E-002  4.047783912266E-003
   0.00000000000        0.00000000000       -43.2000000000       0.406329134889       4.931057424492E-003  1.347568083123E-003
  0.590909090909        0.00000000000       -43.2000000000       0.406069393502       5.078163995936E-003  1.307981594715E-003
   1.18181818182      -1.172487511250E-015  -43.2000000000       0.405809652114       5.225270567381E-003  1.268395106307E-003
   1.77272727273        0.00000000000       -43.2000000000       0.406931924860       5.127481522338E-003  1.469033518713E-003
   2.36363636364        0.00000000000       -43.2000000000       0.406331623530       3.168444743893E-003  1.253071996136E-003
   2.95454545455        0.00000000000       -43.2000000000       0.423083745302      -2.909505168774E-003  3.128610514806E-004
   3.54545454545        0.00000000000       -43.2000000000       0.406596936874       2.337410814614E-004  2.645176006116E-004
   4.13636363636        0.00000000000       -43.2000000000       0.388584339815       2.892710731278E-003 -2.399960325039E-004
   4.72727272727        0.00000000000       -43.2000000000       0.371852166734       1.759373781197E-003 -2.782726191785E-004
   5.31818181818        0.00000000000       -43.2000000000       0.355119993654       6.260368311163E-004 -3.165492058532E-004
   5.90909090909        0.00000000000       -43.2000000000       0.338387820573      -5.073001189647E-004 -3.548257925279E-004
   6.50000000000        0.00000000000       -43.2000000000       0.321655647492      -1.640637069046E-003 -3.931023792026E-004
