 12 20 1 1
 1 X [LENGU]
 2 Y [LENGU]
 3 Z [LENGU]
 4 Hx [FIELU]
 5 Hy [FIELU]
 6 Hz [FIELU]
 0
   0.00000000000        0.00000000000        70.0000000000       2.930858071593E-002 -1.952077110133E-003  2.415379410821E-005
  0.590909090909        0.00000000000        70.0000000000       2.927275857958E-002 -2.014754725648E-003  1.049768415443E-005
   1.18181818182        0.00000000000        70.0000000000       2.923693644323E-002 -2.077432341162E-003 -3.158425799351E-006
   1.77272727273        0.00000000000        70.0000000000       2.874692694316E-002 -2.581196226642E-003 -1.732560660489E-006
   2.36363636364        0.00000000000        70.0000000000       2.918424182116E-002 -2.664107394037E-003  3.349006811014E-004
   2.95454545455        0.00000000000        70.0000000000       3.101353402787E-002 -2.509894000121E-003 -2.873375065244E-005
   3.54545454545        0.00000000000        70.0000000000       3.149370053281E-002 -2.582484852969E-003 -3.340839627959E-005
   4.13636363636        0.00000000000        70.0000000000       3.194658770354E-002 -2.586280965139E-003 -2.936336978483E-005
   4.72727272727        0.00000000000        70.0000000000       3.350185444897E-002 -2.881885341061E-003 -2.143546221242E-005
   5.31818181818        0.00000000000        70.0000000000       3.504756405017E-002 -2.381768802738E-003 -1.930941663418E-005
   5.90909090909        0.00000000000        70.0000000000       3.562933947711E-002 -2.565103065009E-003  1.389323074549E-005
   6.50000000000        0.00000000000        70.0000000000       3.582013175785E-002 -2.788149600613E-003  3.063914630693E-005
   0.00000000000        0.00000000000        70.0000000000       2.930858071593E-002 -1.952077110133E-003  2.415379410821E-005
  0.558892006459       0.191867868166        70.0000000000       2.925208938626E-002 -2.008468802947E-003  1.714169484880E-005
   1.11778401292       0.383735736333        70.0000000000       2.921556692638E-002 -2.070846898617E-003  1.338470051922E-005
   1.67667601938       0.575603604499        70.0000000000       2.836405438648E-002 -2.932971564400E-003 -1.853345705304E-005
   2.23556802584       0.767471472666        70.0000000000       2.908128585421E-002 -2.738871439783E-003  4.311082760524E-004
   2.79446003230       0.959339340832        70.0000000000       3.051337865936E-002 -2.901556181515E-003  4.924128733236E-005
   3.35335203876        1.15120720900        70.0000000000       3.070183369397E-002 -3.274977036499E-003  6.012764430320E-005
   3.91224404522        1.34307507716        70.0000000000       3.090125722220E-002 -3.652616682511E-003  6.387040366209E-005
   4.47113605168        1.53494294533        70.0000000000       3.116397269434E-002 -4.413691408628E-003 -1.200393501149E-005
   5.03002805814        1.72681081350        70.0000000000       3.106714136459E-002 -5.805925792835E-003  1.287147148230E-005
   5.58892006459        1.91867868166        70.0000000000       3.099517328997E-002 -7.745925015616E-003  3.292134551439E-004
   6.14781207105        2.11054654983        70.0000000000       3.027948647105E-002 -9.152446105037E-003  1.183243110386E-003
   0.00000000000        0.00000000000        70.0000000000       2.930858071593E-002 -1.952077110133E-003  2.415379410821E-005
  0.466310301007       0.362943875680        70.0000000000       2.925450068709E-002 -1.955994956512E-003  3.049306227500E-005
  0.932620602014       0.725887751361        70.0000000000       2.917327295720E-002 -2.069152480931E-003  1.787965740488E-005
   1.39893090302        1.08883162704        70.0000000000       2.823700896252E-002 -3.026648890373E-003  1.897813158794E-006
   1.86524120403        1.45177550272        70.0000000000       2.863428313628E-002 -2.988899944549E-003  4.045404281053E-004
   2.33155150503        1.81471937840        70.0000000000       2.936866934937E-002 -2.912766746837E-003  4.038403941075E-005
   2.79786180604        2.17766325408        70.0000000000       2.926960679597E-002 -3.293330996265E-003  6.030967027977E-005
   3.26417210705        2.54060712976        70.0000000000       2.920836337483E-002 -3.683869823817E-003  7.418041294765E-005
   3.73048240806        2.90355100544        70.0000000000       2.914318880456E-002 -4.060807068274E-003  7.516262884006E-005
   4.19679270906        3.26649488112        70.0000000000       2.875336430549E-002 -4.446765986997E-003  4.698116184362E-005
   4.66310301007        3.62943875680        70.0000000000       2.832180644582E-002 -4.624218929545E-003  6.563219725458E-005
   5.12941331108        3.99238263248        70.0000000000       2.802675251045E-002 -4.881928073876E-003  5.152978592447E-005
   0.00000000000        0.00000000000        70.0000000000       2.930858071593E-002 -1.952077110133E-003  2.415379410821E-005
  0.323196638891       0.494689282610        70.0000000000       2.926169134488E-002 -1.920204120216E-003  4.182171837437E-005
  0.646393277781       0.989378565219        70.0000000000       2.917028940767E-002 -2.036583573491E-003  3.228114467154E-005
  0.969589916672        1.48406784783        70.0000000000       2.864713549450E-002 -2.683860859844E-003  1.432081117316E-004
   1.29278655556        1.97875713044        70.0000000000       2.894174477235E-002 -2.276940772748E-003  7.379573080894E-004
   1.61598319445        2.47344641305        70.0000000000       2.867984182870E-002 -2.790021019133E-003  1.109068154524E-004
   1.93917983334        2.96813569566        70.0000000000       2.855104793324E-002 -2.894916894131E-003  7.523740283715E-005
   2.26237647223        3.46282497827        70.0000000000       2.838661077758E-002 -3.044260949226E-003  1.078853264729E-004
   2.58557311112        3.95751426088        70.0000000000       2.825101165948E-002 -3.381109619177E-003  1.129829622133E-004
   2.90876975001        4.45220354349        70.0000000000       2.801950289663E-002 -3.910553711984E-003  7.539390164725E-005
   3.23196638891        4.94689282610        70.0000000000       2.786367194558E-002 -4.206731996959E-003  5.225145810332E-005
   3.55516302780        5.44158210871        70.0000000000       2.787366523837E-002 -4.550166397070E-003  1.881485657435E-005
   0.00000000000        0.00000000000        70.0000000000       2.930858071593E-002 -1.952077110133E-003  2.415379410821E-005
  0.145059606038       0.572827429873        70.0000000000       2.927184904067E-002 -1.891121387643E-003  5.060885169001E-005
  0.290119212075        1.14565485975        70.0000000000       2.920693959167E-002 -1.976669522776E-003  5.502853771176E-005
  0.435178818113        1.71848228962        70.0000000000       2.897182424776E-002 -2.431372780363E-003  4.162544881314E-005
  0.580238424151        2.29130971949        70.0000000000       2.931014420493E-002 -2.174463697612E-003  4.100073586595E-004
  0.725298030189        2.86413714937        70.0000000000       2.826794295381E-002 -2.677203675576E-003  2.468379787738E-004
  0.870357636226        3.43696457924        70.0000000000       2.809408832249E-002 -2.763136574248E-003  2.195834393910E-004
   1.01541724226        4.00979200911        70.0000000000       2.795977129899E-002 -2.802297463742E-003  1.342303635539E-004
   1.16047684830        4.58261943899        70.0000000000       2.769893702862E-002 -2.967653306926E-003  9.363579127623E-005
   1.30553645434        5.15544686886        70.0000000000       2.730618339196E-002 -2.965471329291E-003  1.667967391445E-004
   1.45059606038        5.72827429873        70.0000000000       2.685616745246E-002 -2.979917576865E-003  2.215179804758E-004
   1.59565566642        6.30110172861        70.0000000000       2.635995688563E-002 -3.397176905609E-003  2.269226700102E-004
   0.00000000000        0.00000000000        70.0000000000       2.930858071593E-002 -1.952077110133E-003  2.415379410821E-005
 -4.879688596092E-002  0.588890836777        70.0000000000       2.928249864903E-002 -1.853468490277E-003  5.684522246515E-005
 -9.759377192185E-002   1.17778167355        70.0000000000       2.927925189308E-002 -1.895902945843E-003  8.365680352747E-005
 -0.146390657883        1.76667251033        70.0000000000       2.917178930021E-002 -2.064969414627E-003  3.436622708448E-005
 -0.195187543844        2.35556334711        70.0000000000       2.962005814643E-002 -2.507358459487E-003 -2.559321630524E-004
 -0.243984429805        2.94445418388        70.0000000000       2.854255506581E-002 -2.306951962118E-003  2.386060625143E-004
 -0.292781315766        3.53334502066        70.0000000000       2.831880484353E-002 -2.305184049938E-003  2.205082425832E-004
 -0.341578201726        4.12223585744        70.0000000000       2.838982887114E-002 -2.253727351303E-003  2.130953829467E-004
 -0.390375087687        4.71112669421        70.0000000000       2.784142380628E-002 -1.880890336479E-003  2.337393446090E-004
 -0.439171973648        5.30001753099        70.0000000000       2.742457433206E-002 -1.692116153214E-003  2.573872722178E-004
 -0.487968859609        5.88890836777        70.0000000000       2.695780252149E-002 -1.549567529614E-003  3.333327238865E-004
 -0.536765745570        6.47779920454        70.0000000000       2.652452660359E-002 -1.502857197793E-003  3.402885694312E-004
   0.00000000000        0.00000000000        70.0000000000       2.930858071593E-002 -1.952077110133E-003  2.415379410821E-005
 -0.237365478204       0.541138783933        70.0000000000       2.929430982670E-002 -1.835780790404E-003  5.860375206734E-005
 -0.474730956408        1.08227756787        70.0000000000       2.930858381568E-002 -1.810615738930E-003  9.263970226927E-005
 -0.712096434612        1.62341635180        70.0000000000       2.930151732007E-002 -1.814854187558E-003  1.171670419881E-004
 -0.949461912816        2.16455513573        70.0000000000       2.969932412971E-002 -2.225811773074E-003 -4.417035388543E-005
  -1.18682739102        2.70569391966        70.0000000000       2.907730620993E-002 -1.946206313583E-003  2.630281638942E-004
  -1.42419286922        3.24683270360        70.0000000000       2.910383837511E-002 -1.834706457725E-003  3.108651479231E-004
  -1.66155834743        3.78797148753        70.0000000000       2.894485092478E-002 -1.673957442215E-003  2.982447127331E-004
  -1.89892382563        4.32911027146        70.0000000000       2.875591177288E-002 -1.315239818818E-003  3.360006507504E-004
  -2.13628930384        4.87024905539        70.0000000000       2.849495879731E-002 -5.288801986164E-004  2.921021435598E-004
  -2.37365478204        5.41138783933        70.0000000000       2.842489516483E-002  1.393851505676E-004  2.685166173410E-004
  -2.61102026024        5.95252662326        70.0000000000       2.818027552846E-002  9.869693536427E-004  2.600660197987E-004
   0.00000000000        0.00000000000        70.0000000000       2.930858071593E-002 -1.952077110133E-003  2.415379410821E-005
 -0.400211837779       0.434745947216        70.0000000000       2.930634889037E-002 -1.844617961049E-003  5.545631564513E-005
 -0.800423675558       0.869491894432        70.0000000000       2.932506988666E-002 -1.726484037376E-003  9.155384628043E-005
  -1.20063551334        1.30423784165        70.0000000000       2.934941061817E-002 -1.683708221737E-003  1.237955973962E-004
  -1.60084735112        1.73898378886        70.0000000000       2.970321638805E-002 -2.016501454098E-003 -1.276241210723E-005
  -2.00105918889        2.17372973608        70.0000000000       3.013413215898E-002 -1.843532769920E-003  2.246097071234E-004
  -2.40127102667        2.60847568330        70.0000000000       3.009656860444E-002 -1.633152268271E-003  2.203761161201E-004
  -2.80148286445        3.04322163051        70.0000000000       3.007386867898E-002 -1.241088728412E-003  2.870254437800E-004
  -3.20169470223        3.47796757773        70.0000000000       3.007607918703E-002 -8.910406821979E-004  3.430875111302E-004
  -3.60190654001        3.91271352494        70.0000000000       3.012309859227E-002 -3.947267493085E-004  3.265173310650E-004
  -4.00211837779        4.34745947216        70.0000000000       3.026985045568E-002 -1.768579872887E-004  2.349339218383E-004
  -4.40233021557        4.78220541938        70.0000000000       3.047845952574E-002  3.300175030991E-005  1.934315555308E-004
   0.00000000000        0.00000000000        70.0000000000       2.930858071593E-002 -1.952077110133E-003  2.415379410821E-005
 -0.519689034804       0.281241641340        70.0000000000       2.931662609753E-002 -1.869835165833E-003  4.821405942913E-005
  -1.03937806961       0.562483282680        70.0000000000       2.934316176555E-002 -1.743896960183E-003  7.875891411622E-005
  -1.55906710441       0.843724924020        70.0000000000       2.936969743357E-002 -1.617958754532E-003  1.093037688033E-004
  -2.07875613922        1.12496656536        70.0000000000       2.960605143801E-002 -1.924108516675E-003  6.186226668234E-006
  -2.59844517402        1.40620820670        70.0000000000       3.072341957468E-002 -2.074994746579E-003  2.298683177914E-004
  -3.11813420882        1.68744984804        70.0000000000       3.080949232256E-002 -1.756603756806E-003  1.708973846964E-004
  -3.63782324363        1.96869148938        70.0000000000       3.088489626052E-002 -1.421138356653E-003  1.067251338392E-004
  -4.15751227843        2.24993313072        70.0000000000       3.105202197948E-002 -9.426389493849E-004  2.513405137650E-005
  -4.67720131323        2.53117477206        70.0000000000       3.088986879314E-002 -6.098636480967E-004  1.314532789149E-004
  -5.19689034804        2.81241641340        70.0000000000       3.098685438026E-002 -3.362673568020E-004  2.000012252229E-004
  -5.71657938284        3.09365805474        70.0000000000       3.106166618926E-002  9.284677444889E-005  1.936837626647E-004
   0.00000000000        0.00000000000        70.0000000000       2.930858071593E-002 -1.952077110133E-003  2.415379410821E-005
 -0.582849861102       9.726043971134E-002   70.0000000000       2.932687101574E-002 -1.901980529039E-003  3.865893344826E-005
  -1.16569972220       0.194520879423        70.0000000000       2.935796507713E-002 -1.821626087180E-003  5.765438376902E-005
  -1.74854958330       0.291781319134        70.0000000000       2.939190240094E-002 -1.734552445029E-003  7.764697328252E-005
  -2.33139944441       0.389041758845        70.0000000000       2.942842816090E-002 -1.865903925520E-003  3.344320924254E-005
  -2.91424930551       0.486302198557        70.0000000000       3.145285395044E-002 -2.535031655020E-003  2.003342388120E-004
  -3.49709916661       0.583562638268        70.0000000000       3.169716360969E-002 -2.188908479659E-003  1.725951761393E-004
  -4.07994902771       0.680823077979        70.0000000000       3.220385187018E-002 -1.710226656486E-003  7.218536956318E-005
  -4.66279888881       0.778083517691        70.0000000000       3.280364682232E-002 -1.175227301616E-003 -1.117434138328E-004
  -5.24564874991       0.875343957402        70.0000000000       3.355909045197E-002 -5.894625980143E-004 -3.955181797846E-004
  -5.82849861102       0.972604397113        70.0000000000       3.431453408163E-002 -3.697894412093E-006 -6.792929457364E-004
  -6.41134847212        1.06986483682        70.0000000000       3.450104771211E-002  3.042871180363E-004 -9.964134104340E-004
   0.00000000000        0.00000000000        70.0000000000       2.930858071593E-002 -1.952077110133E-003  2.415379410821E-005
 -0.582849861102      -9.726043971134E-002   70.0000000000       2.936095755432E-002 -1.878528142162E-003  3.658837159500E-005
  -1.16569972220      -0.194520879423        70.0000000000       2.941333439271E-002 -1.804979174190E-003  4.902294908179E-005
  -1.74854958330      -0.291781319134        70.0000000000       2.943553221446E-002 -1.821761284115E-003  5.591321777060E-005
  -2.33139944441      -0.389041758845        70.0000000000       2.946598210637E-002 -1.963283860798E-003  2.795982084345E-005
  -2.91424930551      -0.486302198557        70.0000000000       3.087778251970E-002 -2.941546293383E-003  1.431756921603E-004
  -3.49709916661      -0.583562638268        70.0000000000       3.118905819581E-002 -2.970775808113E-003  2.005369424701E-004
  -4.07994902771      -0.680823077979        70.0000000000       3.182504706915E-002 -3.225656397701E-003  1.062442727668E-004
  -4.66279888881      -0.778083517691        70.0000000000       3.280453314535E-002 -4.092309842705E-003 -8.409363676808E-005
  -5.24564874991      -0.875343957402        70.0000000000       3.353093356145E-002 -4.923551636239E-003 -5.423846348412E-004
  -5.82849861102      -0.972604397113        70.0000000000       3.411943969113E-002 -5.389811721472E-003 -8.967039062079E-004
  -6.41134847212       -1.06986483682        70.0000000000       3.254736508814E-002 -6.003489720708E-003 -6.573900556905E-004
   0.00000000000        0.00000000000        70.0000000000       2.930858071593E-002 -1.952077110133E-003  2.415379410821E-005
 -0.519689034804      -0.281241641340        70.0000000000       2.938936824975E-002 -1.863045927194E-003  3.317033032870E-005
  -1.03937806961      -0.562483282680        70.0000000000       2.943089914215E-002 -1.891516741629E-003  3.497487071132E-005
  -1.55906710441      -0.843724924020        70.0000000000       2.946184831196E-002 -1.951660503463E-003  3.483540018414E-005
  -2.07875613922       -1.12496656536        70.0000000000       2.946647687029E-002 -1.986411426549E-003  4.817793131117E-005
  -2.59844517402       -1.40620820670        70.0000000000       3.039385960501E-002 -2.893672238177E-003  1.384787085259E-004
  -3.11813420882       -1.68744984804        70.0000000000       3.037083925237E-002 -3.103341713065E-003  1.400097804043E-004
  -3.63782324363       -1.96869148938        70.0000000000       3.027383628608E-002 -3.492691450827E-003  1.415171515003E-004
  -4.15751227843       -2.24993313072        70.0000000000       2.970677481728E-002 -3.831069212434E-003  9.300532797701E-005
  -4.67720131323       -2.53117477206        70.0000000000       3.089889729731E-002 -4.612505650899E-003  1.172985638397E-004
  -5.19689034804       -2.81241641340        70.0000000000       2.875215014970E-002 -5.200310596934E-003  4.864074627819E-007
  -5.71657938284       -3.09365805474        70.0000000000       2.824007954588E-002 -5.505115344851E-003  1.608038786502E-004
   0.00000000000        0.00000000000        70.0000000000       2.930858071593E-002 -1.952077110133E-003  2.415379410821E-005
 -0.400211837779      -0.434745947216        70.0000000000       2.940536818205E-002 -1.868155209756E-003  2.810351583873E-005
 -0.800423675558      -0.869491894432        70.0000000000       2.944173556160E-002 -1.965081201551E-003  2.095321991180E-005
  -1.20063551334       -1.30423784165        70.0000000000       2.942929207253E-002 -2.014916854419E-003  3.880493473331E-005
  -1.60084735112       -1.73898378886        70.0000000000       2.937812676663E-002 -2.093014189748E-003  5.965698556077E-005
  -2.00105918889       -2.17372973608        70.0000000000       2.927369180857E-002 -2.889953064322E-003 -1.692202311459E-004
  -2.40127102667       -2.60847568330        70.0000000000       2.958518253914E-002 -3.085329936657E-003  1.697181956867E-004
  -2.80148286445       -3.04322163051        70.0000000000       2.952489790487E-002 -3.344872796262E-003  1.575322180034E-004
  -3.20169470223       -3.47796757773        70.0000000000       2.945710069606E-002 -3.667777465757E-003  5.725166509136E-005
  -3.60190654001       -3.91271352494        70.0000000000       2.893942542354E-002 -4.103944192606E-003 -6.253557008565E-005
  -4.00211837779       -4.34745947216        70.0000000000       2.885658181967E-002 -4.180471160513E-003 -8.596188276542E-005
  -4.40233021557       -4.78220541938        70.0000000000       2.876627655362E-002 -4.214432863502E-003 -1.167243740420E-004
   0.00000000000        0.00000000000        70.0000000000       2.930858071593E-002 -1.952077110133E-003  2.415379410821E-005
 -0.237365478204      -0.541138783933        70.0000000000       2.940684542191E-002 -1.894434004544E-003  2.186753595093E-005
 -0.474730956408       -1.08227756787        70.0000000000       2.942333076118E-002 -1.997032402250E-003  1.942195769592E-005
 -0.712096434612       -1.62341635180        70.0000000000       2.910249228573E-002 -2.344309528564E-003  4.350415482576E-005
 -0.949461912816       -2.16455513573        70.0000000000       2.891196581764E-002 -2.382442466337E-003  1.303588647820E-005
  -1.18682739102       -2.70569391966        70.0000000000       2.874052115406E-002 -2.386985079826E-003  7.184121192397E-005
  -1.42419286922       -3.24683270360        70.0000000000       2.855364176034E-002 -2.539468966687E-003  1.280222013039E-004
  -1.66155834743       -3.78797148753        70.0000000000       2.872793564573E-002 -2.441454985136E-003  1.150894921843E-004
  -1.89892382563       -4.32911027146        70.0000000000       2.824163259822E-002 -2.724352219526E-003  1.308013261012E-004
  -2.13628930384       -4.87024905539        70.0000000000       2.801161149608E-002 -3.550177059122E-003  2.192414349178E-005
  -2.37365478204       -5.41138783933        70.0000000000       2.789993834125E-002 -3.867990156720E-003 -4.634271696361E-005
  -2.61102026024       -5.95252662326        70.0000000000       2.758560177762E-002 -4.253652340925E-003 -9.995816247530E-005
   0.00000000000        0.00000000000        70.0000000000       2.930858071593E-002 -1.952077110133E-003  2.415379410821E-005
 -4.879688596092E-002 -0.588890836777        70.0000000000       2.940422161003E-002 -1.907361648987E-003  1.708216675713E-005
 -9.759377192185E-002  -1.17778167355        70.0000000000       2.940612149835E-002 -2.011347686739E-003  1.597823645333E-005
 -0.146390657883       -1.76667251033        70.0000000000       2.890783780703E-002 -2.436900559189E-003  1.161371184391E-005
 -0.195187543844       -2.35556334711        70.0000000000       2.893216795056E-002 -2.298968577827E-003 -2.999840927821E-005
 -0.243984429805       -2.94445418388        70.0000000000       2.850281552842E-002 -1.957616463706E-003  7.677431757890E-005
 -0.292781315766       -3.53334502066        70.0000000000       2.831579110814E-002 -1.794799676466E-003  9.375547249391E-005
 -0.341578201726       -4.12223585744        70.0000000000       2.804540584341E-002 -1.877103417468E-003  6.850009196303E-005
 -0.390375087687       -4.71112669421        70.0000000000       2.773137911618E-002 -1.820526234967E-003  3.480531029735E-005
 -0.439171973648       -5.30001753099        70.0000000000       2.723478020527E-002 -2.141616275843E-003 -1.487623156806E-005
 -0.487968859609       -5.88890836777        70.0000000000       2.677539774754E-002 -2.184868544345E-003 -3.296501140085E-005
 -0.536765745570       -6.47779920454        70.0000000000       2.642384325353E-002 -2.207499993978E-003 -3.961559628103E-005
   0.00000000000        0.00000000000        70.0000000000       2.930858071593E-002 -1.952077110133E-003  2.415379410821E-005
  0.145059606038      -0.572827429873        70.0000000000       2.939778107715E-002 -1.905537232216E-003  1.426597726212E-005
  0.290119212075       -1.14565485975        70.0000000000       2.939715236519E-002 -2.011472894449E-003  8.342078724092E-006
  0.435178818113       -1.71848228962        70.0000000000       2.890948254424E-002 -2.370592592502E-003 -1.523142394928E-005
  0.580238424151       -2.29130971949        70.0000000000       2.875453031193E-002 -2.287313105562E-003 -2.800226722803E-005
  0.725298030189       -2.86413714937        70.0000000000       2.852400166910E-002 -1.629238245867E-003  7.545598901318E-005
  0.870357636226       -3.43696457924        70.0000000000       2.836599042222E-002 -1.542680203262E-003  6.776276127380E-005
   1.01541724226       -4.00979200911        70.0000000000       2.814175886969E-002 -1.320552796056E-003  4.714494079441E-005
   1.16047684830       -4.58261943899        70.0000000000       2.784872837584E-002 -9.780174600381E-004  3.928716963371E-005
   1.30553645434       -5.15544686886        70.0000000000       2.740978402681E-002 -6.668780754027E-004  4.352795914721E-005
   1.45059606038       -5.72827429873        70.0000000000       2.693693327349E-002 -5.352133650350E-004 -4.835173349661E-005
   1.59565566642       -6.30110172861        70.0000000000       2.630229970973E-002 -1.735827747611E-004  2.115055223303E-006
   0.00000000000        0.00000000000        70.0000000000       2.930858071593E-002 -1.952077110133E-003  2.415379410821E-005
  0.323196638891      -0.494689282610        70.0000000000       2.937567390742E-002 -1.926716361502E-003  1.141892964721E-005
  0.646393277781      -0.989378565219        70.0000000000       2.939739530644E-002 -1.997394457183E-003 -2.659019314632E-006
  0.969589916672       -1.48406784783        70.0000000000       2.890749300228E-002 -2.394936685660E-003 -1.919659102018E-005
   1.29278655556       -1.97875713044        70.0000000000       2.886618718471E-002 -2.404551390232E-003 -4.461506367848E-005
   1.61598319445       -2.47344641305        70.0000000000       2.901554083157E-002 -1.587639669423E-003  2.197319653930E-005
   1.93917983334       -2.96813569566        70.0000000000       2.895692643908E-002 -1.268680395338E-003  4.001378218757E-005
   2.26237647223       -3.46282497827        70.0000000000       2.891707874292E-002 -1.012930114798E-003  3.836238019428E-005
   2.58557311112       -3.95751426088        70.0000000000       2.882907192635E-002 -6.238264577008E-004  6.679903430830E-005
   2.90876975001       -4.45220354349        70.0000000000       2.856794067304E-002  8.155954453459E-005  1.265744081748E-004
   3.23196638891       -4.94689282610        70.0000000000       2.843091615764E-002  5.781501354117E-004  1.081441441949E-004
   3.55516302780       -5.44158210871        70.0000000000       2.848057282989E-002  1.003766177342E-003  1.143369514115E-004
   0.00000000000        0.00000000000        70.0000000000       2.930858071593E-002 -1.952077110133E-003  2.415379410821E-005
  0.466310301007      -0.362943875680        70.0000000000       2.934391187557E-002 -1.957780270018E-003  9.513877654370E-006
  0.932620602014      -0.725887751361        70.0000000000       2.937924303521E-002 -1.963483429902E-003 -5.126038799467E-006
   1.39893090302       -1.08883162704        70.0000000000       2.901237788530E-002 -2.369520156957E-003 -8.701709031684E-006
   1.86524120403       -1.45177550272        70.0000000000       2.885092503878E-002 -2.454749361549E-003  6.653860023577E-005
   2.33155150503       -1.81471937840        70.0000000000       2.966223654689E-002 -1.584368387907E-003 -4.722942753073E-005
   2.79786180604       -2.17766325408        70.0000000000       2.966875721281E-002 -1.169106528679E-003  1.709759957026E-005
   3.26417210705       -2.54060712976        70.0000000000       2.975731680636E-002 -7.655067360823E-004  4.445638755446E-005
   3.73048240806       -2.90355100544        70.0000000000       2.974694531136E-002 -3.553938950438E-004  7.874453536882E-005
   4.19679270906       -3.26649488112        70.0000000000       2.954228231700E-002  1.056510439575E-004  1.067006734071E-004
   4.66310301007       -3.62943875680        70.0000000000       2.936651709045E-002  4.806111292702E-004  1.147606067172E-004
   5.12941331108       -3.99238263248        70.0000000000       2.932266002784E-002  6.967778505804E-004  1.538935048680E-004
   0.00000000000        0.00000000000        70.0000000000       2.930858071593E-002 -1.952077110133E-003  2.415379410821E-005
  0.558892006459      -0.191867868166        70.0000000000       2.930832116436E-002 -1.988226152667E-003  9.195287771011E-006
   1.11778401292      -0.383735736333        70.0000000000       2.930806161278E-002 -2.024375195201E-003 -5.763218566185E-006
   1.67667601938      -0.575603604499        70.0000000000       2.893246158095E-002 -2.418667831266E-003 -1.103821884044E-005
   2.23556802584      -0.767471472666        70.0000000000       2.891338111046E-002 -2.617829053446E-003  1.750993689247E-004
   2.79446003230      -0.959339340832        70.0000000000       3.068285419950E-002 -1.943454244646E-003 -1.055498746088E-004
   3.35335203876       -1.15120720900        70.0000000000       3.092629923888E-002 -1.549303140655E-003 -4.768190212901E-005
   3.91224404522       -1.34307507716        70.0000000000       3.121547842309E-002 -1.142922904809E-003 -7.573620199148E-007
   4.47113605168       -1.53494294533        70.0000000000       3.144989466734E-002 -6.678090886303E-004  6.312803655702E-005
   5.03002805814       -1.72681081350        70.0000000000       3.203491793942E-002  4.375315308737E-004  1.484759443985E-004
   5.58892006459       -1.91867868166        70.0000000000       3.163720351389E-002  2.215205285971E-003  2.253742635886E-005
   6.14781207105       -2.11054654983        70.0000000000       3.168616759443E-002  2.555879443129E-003  1.595006363275E-004
   0.00000000000        0.00000000000        70.0000000000       2.930858071593E-002 -1.952077110133E-003  2.415379410821E-005
  0.590909090909        0.00000000000        70.0000000000       2.927275857958E-002 -2.014754725648E-003  1.049768415443E-005
   1.18181818182      -1.172487511250E-015   70.0000000000       2.923693644323E-002 -2.077432341162E-003 -3.158425799351E-006
   1.77272727273        0.00000000000        70.0000000000       2.874692694316E-002 -2.581196226642E-003 -1.732560660489E-006
   2.36363636364        0.00000000000        70.0000000000       2.918424182116E-002 -2.664107394037E-003  3.349006811014E-004
   2.95454545455        0.00000000000        70.0000000000       3.101353402787E-002 -2.509894000121E-003 -2.873375065244E-005
   3.54545454545        0.00000000000        70.0000000000       3.149370053281E-002 -2.582484852969E-003 -3.340839627959E-005
   4.13636363636        0.00000000000        70.0000000000       3.194658770354E-002 -2.586280965139E-003 -2.936336978483E-005
   4.72727272727        0.00000000000        70.0000000000       3.350185444897E-002 -2.881885341061E-003 -2.143546221242E-005
   5.31818181818        0.00000000000        70.0000000000       3.504756405017E-002 -2.381768802738E-003 -1.930941663418E-005
   5.90909090909        0.00000000000        70.0000000000       3.562933947711E-002 -2.565103065009E-003  1.389323074549E-005
   6.50000000000        0.00000000000        70.0000000000       3.582013175785E-002 -2.788149600613E-003  3.063914630693E-005
