 12 20 1 1
 1 X [LENGU]
 2 Y [LENGU]
 3 Z [LENGU]
 4 Hx [FIELU]
 5 Hy [FIELU]
 6 Hz [FIELU]
 0
   0.00000000000        0.00000000000        70.0000000000       0.546609084339      -3.331535831727E-002 -2.519345462493E-003
  0.590909090909        0.00000000000        70.0000000000       0.561839664461      -2.496260035301E-002  2.553904208043E-004
   1.18181818182        0.00000000000        70.0000000000       0.575117409133      -1.469059103703E-002  2.839701562600E-003
   1.77272727273        0.00000000000        70.0000000000       0.583566853544      -6.471952770052E-003  5.011325206563E-003
   2.36363636364        0.00000000000        70.0000000000       0.590258057384       8.133628881465E-004  6.618242557407E-003
   2.95454545455        0.00000000000        70.0000000000       0.537546515414       4.657036726495E-003  3.226658659450E-003
   3.54545454545        0.00000000000        70.0000000000       0.518491398873       4.101693624578E-003  2.952912282139E-003
   4.13636363636        0.00000000000        70.0000000000       0.499232642251       2.799859642048E-003  2.619067143385E-003
   4.72727272727        0.00000000000        70.0000000000       0.481208047738       9.367105594563E-004  2.254534871528E-003
   5.31818181818        0.00000000000        70.0000000000       0.457437914728      -9.597964853131E-004  2.208775667855E-003
   5.90909090909        0.00000000000        70.0000000000       0.434706823912      -1.537745918856E-003  1.702369538209E-003
   6.50000000000        0.00000000000        70.0000000000       0.411975733095      -2.115695352398E-003  1.195963408564E-003
   0.00000000000        0.00000000000        70.0000000000       0.546609084339      -3.331535831727E-002 -2.519345462493E-003
  0.558892006459       0.191867868166        70.0000000000       0.564744905142      -2.311858051228E-002  5.320410665533E-004
   1.11778401292       0.383735736333        70.0000000000       0.577950005953      -1.206312475886E-002  3.244804523115E-003
   1.67667601938       0.575603604499        70.0000000000       0.587835642317      -1.967484213101E-003  5.814998294264E-003
   2.23556802584       0.767471472666        70.0000000000       0.597772008635       1.560388590655E-002  8.531399313294E-003
   2.79446003230       0.959339340832        70.0000000000       0.543336483333       7.831327875636E-003  3.040586115624E-003
   3.35335203876        1.15120720900        70.0000000000       0.528593482793       3.236366785911E-002  3.474060002396E-003
   3.91224404522        1.34307507716        70.0000000000       0.518217678128       4.717749618783E-002  3.527663835858E-003
   4.47113605168        1.53494294533        70.0000000000       0.506569326580       6.253516571291E-002  3.388408720100E-003
   5.03002805814        1.72681081350        70.0000000000       0.459517779452       7.072041060076E-002  2.249048922651E-003
   5.58892006459        1.91867868166        70.0000000000       0.420410597496       6.559441659589E-002  3.366795315773E-003
   6.14781207105        2.11054654983        70.0000000000       0.384127551823       6.826718903348E-002  7.193695893039E-003
   0.00000000000        0.00000000000        70.0000000000       0.546609084339      -3.331535831727E-002 -2.519345462493E-003
  0.466310301007       0.362943875680        70.0000000000       0.565819600095      -2.261489702082E-002  4.948366654054E-004
  0.932620602014       0.725887751361        70.0000000000       0.578640753968      -1.157525299884E-002  3.097804493520E-003
   1.39893090302        1.08883162704        70.0000000000       0.588959729436       5.073948993669E-003  6.237619566732E-003
   1.86524120403        1.45177550272        70.0000000000       0.598713990991       2.396079929507E-002  9.878929813929E-003
   2.33155150503        1.81471937840        70.0000000000       0.593497639665      -7.281923102208E-003  2.439961591366E-003
   2.79786180604        2.17766325408        70.0000000000       0.583351163453       2.543700280565E-002  3.088506104941E-003
   3.26417210705        2.54060712976        70.0000000000       0.577359423757       5.444111146958E-002  3.545534356094E-003
   3.73048240806        2.90355100544        70.0000000000       0.567208554504       0.124429296564       3.171412937517E-003
   4.19679270906        3.26649488112        70.0000000000       0.554202958601       0.194561605860      -2.021255830362E-003
   4.66310301007        3.62943875680        70.0000000000       0.526300300807       0.266372025515      -5.856967654258E-003
   5.12941331108        3.99238263248        70.0000000000       0.437755832806       0.259349557499      -5.470647758843E-003
   0.00000000000        0.00000000000        70.0000000000       0.546609084339      -3.331535831727E-002 -2.519345462493E-003
  0.323196638891       0.494689282610        70.0000000000       0.564947289446      -2.350613180039E-002  1.478088915108E-004
  0.646393277781       0.989378565219        70.0000000000       0.577114799914      -1.327984423228E-002  2.414631207960E-003
  0.969589916672        1.48406784783        70.0000000000       0.586707483160       5.148417001776E-003  5.481065791622E-003
   1.29278655556        1.97875713044        70.0000000000       0.593803622349       1.681774167932E-002  9.194363354522E-003
   1.61598319445        2.47344641305        70.0000000000       0.629787678344      -2.415606492681E-002  1.756637451591E-003
   1.93917983334        2.96813569566        70.0000000000       0.657743371125      -3.153236149473E-002  2.176903489540E-003
   2.26237647223        3.46282497827        70.0000000000       0.713972919991      -3.135889982615E-002  8.699391098727E-004
   2.58557311112        3.95751426088        70.0000000000       0.843829108284       8.660808166339E-003 -2.504676812391E-004
   2.90876975001        4.45220354349        70.0000000000        1.01898314264       0.145601509504       1.394690637514E-003
   3.23196638891        4.94689282610        70.0000000000       0.953034781087       0.872049896276       5.631365619509E-004
   3.55516302780        5.44158210871        70.0000000000       0.315393737440       0.704815797872      -1.815761617730E-004
   0.00000000000        0.00000000000        70.0000000000       0.546609084339      -3.331535831727E-002 -2.519345462493E-003
  0.145059606038       0.572827429873        70.0000000000       0.562222501590      -2.569570573369E-002 -4.714364111383E-004
  0.290119212075        1.14565485975        70.0000000000       0.573537504590      -1.699217954958E-002  1.269317092453E-003
  0.435178818113        1.71848228962        70.0000000000       0.581322969320      -1.752149952949E-003  3.627321309610E-003
  0.580238424151        2.29130971949        70.0000000000       0.589298045704      -1.562469568627E-002  3.753371261701E-003
  0.725298030189        2.86413714937        70.0000000000       0.665239049685      -3.398207252272E-002 -6.274602180766E-004
  0.870357636226        3.43696457924        70.0000000000       0.657140356863      -3.769577948697E-002 -1.453439521684E-003
   1.01541724226        4.00979200911        70.0000000000       0.588586842088      -9.701342594606E-002 -2.870385995649E-003
   1.16047684830        4.58261943899        70.0000000000       0.532331211965      -0.182780181585      -2.463261638985E-004
   1.30553645434        5.15544686886        70.0000000000       0.420154699889      -0.285148424308      -2.715087064761E-003
   1.45059606038        5.72827429873        70.0000000000       0.213175958199      -0.292165521189      -6.180409313245E-003
   1.59565566642        6.30110172861        70.0000000000       3.064945076772E-002 -0.209345750099      -3.344794134816E-003
   0.00000000000        0.00000000000        70.0000000000       0.546609084339      -3.331535831727E-002 -2.519345462493E-003
 -4.879688596092E-002  0.588890836777        70.0000000000       0.557940509571      -2.894634451031E-002 -1.295794405419E-003
 -9.759377192185E-002   1.17778167355        70.0000000000       0.568028440868      -2.240544741259E-002 -2.273667786877E-004
 -0.146390657883        1.76667251033        70.0000000000       0.573389683540      -1.487996836763E-002  8.772680991314E-004
 -0.195187543844        2.35556334711        70.0000000000       0.580643315779      -3.756544535519E-002 -1.092566086976E-003
 -0.243984429805        2.94445418388        70.0000000000       0.635991321552       2.839945357930E-002 -4.326579587079E-003
 -0.292781315766        3.53334502066        70.0000000000       0.653919931495       4.865704376694E-002 -2.681095971218E-003
 -0.341578201726        4.12223585744        70.0000000000       0.576036551862       5.236768317390E-002 -2.650981683141E-003
 -0.390375087687        4.71112669421        70.0000000000       0.489121257131       8.229649770023E-002 -1.816179239399E-003
 -0.439171973648        5.30001753099        70.0000000000       0.364357688696       9.457648449072E-002 -6.864873043734E-004
 -0.487968859609        5.88890836777        70.0000000000       0.247906702077       0.113614196480       6.589777826975E-004
 -0.536765745570        6.47779920454        70.0000000000       0.161197159440       0.103565882874       1.851907681449E-004
   0.00000000000        0.00000000000        70.0000000000       0.546609084339      -3.331535831727E-002 -2.519345462493E-003
 -0.237365478204       0.541138783933        70.0000000000       0.551748945850      -3.147989013451E-002 -2.337775890638E-003
 -0.474730956408        1.08227756787        70.0000000000       0.556888807362      -2.964442195175E-002 -2.156206318784E-003
 -0.712096434612        1.62341635180        70.0000000000       0.561990844448      -2.774288972377E-002 -1.979355269956E-003
 -0.949461912816        2.16455513573        70.0000000000       0.566924843074      -3.080959962280E-002 -2.372582504127E-003
  -1.18682739102        2.70569391966        70.0000000000       0.615336112165       4.392686826802E-002 -4.383506650352E-003
  -1.42419286922        3.24683270360        70.0000000000       0.635278927840       8.188943754096E-002 -3.815986906657E-003
  -1.66155834743        3.78797148753        70.0000000000       0.656256282174       0.124568561001      -2.551899563279E-003
  -1.89892382563        4.32911027146        70.0000000000       0.718495947289       0.231935892730      -1.383607684328E-003
  -2.13628930384        4.87024905539        70.0000000000       0.865961508137       0.571431213954      -1.444845144782E-003
  -2.37365478204        5.41138783933        70.0000000000       0.233785452524       0.898230935639      -9.469070270693E-004
  -2.61102026024        5.95252662326        70.0000000000      -0.495439708109       0.175449003118      -3.523083028030E-004
   0.00000000000        0.00000000000        70.0000000000       0.546609084339      -3.331535831727E-002 -2.519345462493E-003
 -0.400211837779       0.434745947216        70.0000000000       0.544562628425      -3.344772934185E-002 -3.454044200137E-003
 -0.800423675558       0.869491894432        70.0000000000       0.542516172512      -3.358010036643E-002 -4.388742937780E-003
  -1.20063551334        1.30423784165        70.0000000000       0.540469716599      -3.371247139101E-002 -5.323441675424E-003
  -1.60084735112        1.73898378886        70.0000000000       0.548885674301      -3.077879065376E-002 -4.198410659122E-003
  -2.00105918889        2.17372973608        70.0000000000       0.527396531953       8.288796489981E-002 -5.485037445507E-003
  -2.40127102667        2.60847568330        70.0000000000       0.604552408431      -3.761923063981E-003 -4.874344598481E-003
  -2.80148286445        3.04322163051        70.0000000000       0.615698970578      -4.198836310645E-002 -5.188312651328E-003
  -3.20169470223        3.47796757773        70.0000000000       0.656243366386      -9.725506261074E-002 -7.574296441283E-003
  -3.60190654001        3.91271352494        70.0000000000       0.669703856818      -0.232388046539      -3.379711948233E-003
  -4.00211837779        4.34745947216        70.0000000000       0.629078272177      -0.371441101895      -4.164165680803E-004
  -4.40233021557        4.78220541938        70.0000000000       0.506768613764      -0.373466959303      -2.660726226620E-004
   0.00000000000        0.00000000000        70.0000000000       0.546609084339      -3.331535831727E-002 -2.519345462493E-003
 -0.519689034804       0.281241641340        70.0000000000       0.540102692457      -3.310350938044E-002 -4.037375458562E-003
  -1.03937806961       0.562483282680        70.0000000000       0.536697418951      -3.004671944841E-002 -5.020955763837E-003
  -1.55906710441       0.843724924020        70.0000000000       0.533650569648      -2.840578850320E-002 -5.874221467271E-003
  -2.07875613922        1.12496656536        70.0000000000       0.532841839561      -3.359878983212E-002 -6.317431852072E-003
  -2.59844517402        1.40620820670        70.0000000000       0.545630036952      -1.924927072852E-003 -3.431570882659E-003
  -3.11813420882        1.68744984804        70.0000000000       0.528295310400      -3.246574094130E-002 -3.340625959425E-003
  -3.63782324363        1.96869148938        70.0000000000       0.510960583847      -6.300655480975E-002 -3.249681036192E-003
  -4.15751227843        2.24993313072        70.0000000000       0.493625857295      -9.354736867820E-002 -3.158736112959E-003
  -4.67720131323        2.53117477206        70.0000000000       0.477004082853      -0.113827940070      -2.976371082633E-003
  -5.19689034804        2.81241641340        70.0000000000       0.430648264732      -0.146289955041      -4.926429156206E-004
  -5.71657938284        3.09365805474        70.0000000000       0.380929281588      -0.177441778931      -1.633539537366E-003
   0.00000000000        0.00000000000        70.0000000000       0.546609084339      -3.331535831727E-002 -2.519345462493E-003
 -0.582849861102       9.726043971134E-002   70.0000000000       0.539888603517      -2.953396487927E-002 -3.845983475390E-003
  -1.16569972220       0.194520879423        70.0000000000       0.537185271047      -2.202271447580E-002 -4.570914938302E-003
  -1.74854958330       0.291781319134        70.0000000000       0.535313086096      -1.985613796087E-002 -4.871995635395E-003
  -2.33139944441       0.389041758845        70.0000000000       0.534106851950      -2.461442564038E-002 -5.425920751294E-003
  -2.91424930551       0.486302198557        70.0000000000       0.514763562576      -1.653677116801E-002 -3.399467805312E-003
  -3.49709916661       0.583562638268        70.0000000000       0.497068837416      -2.415341085097E-002 -3.614911529852E-003
  -4.07994902771       0.680823077979        70.0000000000       0.479374112255      -3.177005053393E-002 -3.830355254391E-003
  -4.66279888881       0.778083517691        70.0000000000       0.460904272347      -3.479439707188E-002 -4.045674765175E-003
  -5.24564874991       0.875343957402        70.0000000000       0.438136477907      -3.202801538502E-002 -3.740738607182E-003
  -5.82849861102       0.972604397113        70.0000000000       0.413585558264      -3.121556496763E-002 -3.215191346676E-003
  -6.41134847212        1.06986483682        70.0000000000       0.384776697619      -2.988862618059E-002 -2.822367761015E-003
   0.00000000000        0.00000000000        70.0000000000       0.546609084339      -3.331535831727E-002 -2.519345462493E-003
 -0.582849861102      -9.726043971134E-002   70.0000000000       0.540219765783      -2.653464748801E-002 -3.557509285895E-003
  -1.16569972220      -0.194520879423        70.0000000000       0.543789874350      -1.127599470915E-002 -3.499103687881E-003
  -1.74854958330      -0.291781319134        70.0000000000       0.543180651278      -1.101472083164E-002 -3.414815660489E-003
  -2.33139944441      -0.389041758845        70.0000000000       0.538803805191      -1.585036407741E-002 -4.218621973757E-003
  -2.91424930551      -0.486302198557        70.0000000000       0.522314752077      -5.815488650974E-003 -2.790570876957E-003
  -3.49709916661      -0.583562638268        70.0000000000       0.504514109797       4.464442104479E-003 -2.890176986193E-003
  -4.07994902771      -0.680823077979        70.0000000000       0.487571429751       9.155723734357E-003 -3.212909676320E-003
  -4.66279888881      -0.778083517691        70.0000000000       0.468343578436       1.625310489486E-002 -2.988107949912E-003
  -5.24564874991      -0.875343957402        70.0000000000       0.448447544539       2.187447506522E-002 -2.650979759488E-003
  -5.82849861102      -0.972604397113        70.0000000000       0.424262792702       2.680369516029E-002 -2.647324766708E-003
  -6.41134847212       -1.06986483682        70.0000000000       0.386225163440       2.819093360743E-002 -3.718352433801E-003
   0.00000000000        0.00000000000        70.0000000000       0.546609084339      -3.331535831727E-002 -2.519345462493E-003
 -0.519689034804      -0.281241641340        70.0000000000       0.543282355678      -2.228399170639E-002 -3.040064977998E-003
  -1.03937806961      -0.562483282680        70.0000000000       0.547379029034      -8.725982905601E-003 -2.866122883485E-003
  -1.55906710441      -0.843724924020        70.0000000000       0.547962306475      -8.696116557923E-003 -2.681207849334E-003
  -2.07875613922       -1.12496656536        70.0000000000       0.547052325708      -6.264288845645E-003 -2.633750421967E-003
  -2.59844517402       -1.40620820670        70.0000000000       0.554380478769      -4.524400972401E-003 -2.761861706369E-003
  -3.11813420882       -1.68744984804        70.0000000000       0.539762321675       1.224412828310E-002 -2.694803698893E-003
  -3.63782324363       -1.96869148938        70.0000000000       0.520993543663       4.115289278236E-002 -1.998362009274E-003
  -4.15751227843       -2.24993313072        70.0000000000       0.503351701083       7.122765460670E-002 -1.294913010547E-003
  -4.67720131323       -2.53117477206        70.0000000000       0.482433187605       0.109937426247      -9.004106014074E-004
  -5.19689034804       -2.81241641340        70.0000000000       0.433738610448       0.140917802645      -3.809979465044E-003
  -5.71657938284       -3.09365805474        70.0000000000       0.358777582269       0.172131058534      -7.417452092619E-003
   0.00000000000        0.00000000000        70.0000000000       0.546609084339      -3.331535831727E-002 -2.519345462493E-003
 -0.400211837779      -0.434745947216        70.0000000000       0.545585469152      -2.029434705871E-002 -2.581665964817E-003
 -0.800423675558      -0.869491894432        70.0000000000       0.549717328746      -8.774755916066E-003 -2.654967628373E-003
  -1.20063551334       -1.30423784165        70.0000000000       0.550256625360      -1.042356424894E-002 -2.409835603562E-003
  -1.60084735112       -1.73898378886        70.0000000000       0.549280175627      -7.190938834692E-003 -2.364090872849E-003
  -2.00105918889       -2.17372973608        70.0000000000       0.571495941734      -3.837194023804E-002 -4.498261779485E-003
  -2.40127102667       -2.60847568330        70.0000000000       0.630816815536       2.134276789443E-002 -2.146322650031E-003
  -2.80148286445       -3.04322163051        70.0000000000       0.656252285990       6.675273422001E-002 -1.730998448688E-003
  -3.20169470223       -3.47796757773        70.0000000000       0.681402589534       0.105908506864      -1.184711138962E-003
  -3.60190654001       -3.91271352494        70.0000000000       0.681950586894       0.234302253339       1.779894031404E-003
  -4.00211837779       -4.34745947216        70.0000000000       0.621598826786       0.356737917461       1.150098117244E-002
  -4.40233021557       -4.78220541938        70.0000000000       0.541737227850       0.383779125048       4.730192774403E-004
   0.00000000000        0.00000000000        70.0000000000       0.546609084339      -3.331535831727E-002 -2.519345462493E-003
 -0.237365478204      -0.541138783933        70.0000000000       0.546879528127      -2.078132241506E-002 -2.231986892223E-003
 -0.474730956408       -1.08227756787        70.0000000000       0.540575945606      -4.490722935942E-002 -3.187140451981E-003
 -0.712096434612       -1.62341635180        70.0000000000       0.547172861485      -2.874549798312E-002 -2.525284532485E-003
 -0.949461912816       -2.16455513573        70.0000000000       0.533593661043      -7.277087772121E-002 -4.404084347897E-003
  -1.18682739102       -2.70569391966        70.0000000000       0.600813262105      -3.402631772489E-002 -3.080097079776E-003
  -1.42419286922       -3.24683270360        70.0000000000       0.624314808092      -4.560140296549E-002 -3.001102087711E-003
  -1.66155834743       -3.78797148753        70.0000000000       0.648371333224      -0.112794566742      -1.665073043549E-003
  -1.89892382563       -4.32911027146        70.0000000000       0.706418029234      -0.180619420842      -3.009968302982E-004
  -2.13628930384       -4.87024905539        70.0000000000       0.828709713634      -0.554177263973      -1.241818878053E-003
  -2.37365478204       -5.41138783933        70.0000000000       8.744606022213E-002  -1.32891173035      -1.291910421497E-003
  -2.61102026024       -5.95252662326        70.0000000000      -0.471878800483      -0.167497572583      -1.356172393731E-003
   0.00000000000        0.00000000000        70.0000000000       0.546609084339      -3.331535831727E-002 -2.519345462493E-003
 -4.879688596092E-002 -0.588890836777        70.0000000000       0.547024301231      -2.369214643938E-002 -2.028920913563E-003
 -9.759377192185E-002  -1.17778167355        70.0000000000       0.522706890750      -0.107372824759      -4.304318517717E-003
 -0.146390657883       -1.76667251033        70.0000000000       0.521574409919      -0.114180826354      -4.015730070034E-003
 -0.195187543844       -2.35556334711        70.0000000000       0.515049991192      -0.144046912593      -6.708261269471E-003
 -0.243984429805       -2.94445418388        70.0000000000       0.607783930386      -2.308457341798E-002 -2.751176830703E-003
 -0.292781315766       -3.53334502066        70.0000000000       0.606816177816      -6.986802789289E-003 -2.657100119826E-003
 -0.341578201726       -4.12223585744        70.0000000000       0.555012514870      -4.772141665434E-002 -2.003453778268E-003
 -0.390375087687       -4.71112669421        70.0000000000       0.466965618193      -6.038317453758E-002 -1.555831868622E-003
 -0.439171973648       -5.30001753099        70.0000000000       0.353487573082      -9.284934925269E-002  6.347008176091E-004
 -0.487968859609       -5.88890836777        70.0000000000       0.239605202523      -0.113353994330       6.873822840419E-004
 -0.536765745570       -6.47779920454        70.0000000000       0.145640269670      -8.158085877501E-002  2.244807492535E-003
   0.00000000000        0.00000000000        70.0000000000       0.546609084339      -3.331535831727E-002 -2.519345462493E-003
  0.145059606038      -0.572827429873        70.0000000000       0.546004100053      -2.871138618254E-002 -1.994473378517E-003
  0.290119212075       -1.14565485975        70.0000000000       0.512183104313      -0.138962466367      -4.751802257900E-003
  0.435178818113       -1.71848228962        70.0000000000       0.503100577509      -0.142545753520      -4.272512318172E-003
  0.580238424151       -2.29130971949        70.0000000000       0.522970498288      -0.101039902165      -3.604217007931E-003
  0.725298030189       -2.86413714937        70.0000000000       0.638772088327      -1.402862381831E-002 -1.066051521643E-003
  0.870357636226       -3.43696457924        70.0000000000       0.621063316125       5.834048864307E-002 -5.583743449741E-004
   1.01541724226       -4.00979200911        70.0000000000       0.618213576739       0.114035763923      -2.401257826055E-003
   1.16047684830       -4.58261943899        70.0000000000       0.551387168082       0.144966904173      -2.094386191276E-003
   1.30553645434       -5.15544686886        70.0000000000       0.404459274464       0.269345759956      -1.746212230262E-003
   1.45059606038       -5.72827429873        70.0000000000       0.207338070842       0.286389851607       7.386863494577E-004
   1.59565566642       -6.30110172861        70.0000000000       4.261412218082E-002  0.212980184711       1.238764394978E-004
   0.00000000000        0.00000000000        70.0000000000       0.546609084339      -3.331535831727E-002 -2.519345462493E-003
  0.323196638891      -0.494689282610        70.0000000000       0.545918548963      -3.337362042386E-002 -1.986335502653E-003
  0.646393277781      -0.989378565219        70.0000000000       0.542662951434      -5.311157698367E-002 -2.088073217356E-003
  0.969589916672       -1.48406784783        70.0000000000       0.529684018462      -7.555401786130E-002 -2.041859426242E-003
   1.29278655556       -1.97875713044        70.0000000000       0.541834962162      -3.099192459249E-002 -8.377146145662E-005
   1.61598319445       -2.47344641305        70.0000000000       0.630519096131       8.115774774838E-005  2.678311584557E-003
   1.93917983334       -2.96813569566        70.0000000000       0.659109120324      -3.682689027027E-002  1.285341879677E-003
   2.26237647223       -3.46282497827        70.0000000000       0.681785567051      -4.331980650166E-002 -1.994087217133E-005
   2.58557311112       -3.95751426088        70.0000000000       0.805491075719      -1.014115229256E-002 -8.555531929986E-004
   2.90876975001       -4.45220354349        70.0000000000        1.02778407331      -0.178491779839       1.573474076991E-003
   3.23196638891       -4.94689282610        70.0000000000        1.00970107254      -0.771542698610       3.267772255552E-003
   3.55516302780       -5.44158210871        70.0000000000       0.352911595959      -0.735339603455       4.598966927374E-003
   0.00000000000        0.00000000000        70.0000000000       0.546609084339      -3.331535831727E-002 -2.519345462493E-003
  0.466310301007      -0.362943875680        70.0000000000       0.551961109090      -3.174874467284E-002 -1.088796118615E-003
  0.932620602014      -0.725887751361        70.0000000000       0.555893519718      -2.826954246128E-002  7.633238692451E-005
   1.39893090302       -1.08883162704        70.0000000000       0.556972809941      -2.613429886536E-002  5.272294470969E-004
   1.86524120403       -1.45177550272        70.0000000000       0.561330406305      -1.709306079253E-002  3.005399501311E-003
   2.33155150503       -1.81471937840        70.0000000000       0.611108006248      -2.033759630276E-003  4.230942529863E-003
   2.79786180604       -2.17766325408        70.0000000000       0.619156435485      -3.502931994599E-002  3.222140261086E-003
   3.26417210705       -2.54060712976        70.0000000000       0.610894025877      -6.908248826952E-002  2.842403972949E-003
   3.73048240806       -2.90355100544        70.0000000000       0.589288607406      -0.114005767126       3.097641050665E-003
   4.19679270906       -3.26649488112        70.0000000000       0.569041665053      -0.203311582527       4.527720876006E-003
   4.66310301007       -3.62943875680        70.0000000000       0.527600574368      -0.263777105711       6.457543344565E-003
   5.12941331108       -3.99238263248        70.0000000000       0.438824302211      -0.272942799238       7.116239376879E-003
   0.00000000000        0.00000000000        70.0000000000       0.546609084339      -3.331535831727E-002 -2.519345462493E-003
  0.558892006459      -0.191867868166        70.0000000000       0.557418705960      -2.794712838036E-002 -3.051358816977E-004
   1.11778401292      -0.383735736333        70.0000000000       0.566984833647      -2.040701515270E-002  1.753950268755E-003
   1.67667601938      -0.575603604499        70.0000000000       0.575350707649      -1.463398750783E-002  3.061362969141E-003
   2.23556802584      -0.767471472666        70.0000000000       0.577297865264      -7.462411029725E-003  4.953089189469E-003
   2.79446003230      -0.959339340832        70.0000000000       0.556110834913      -4.702786279406E-003  3.245574937612E-003
   3.35335203876       -1.15120720900        70.0000000000       0.539501562332      -1.723614653624E-002  3.645649027197E-003
   3.91224404522       -1.34307507716        70.0000000000       0.552785735312      -3.157453339623E-002  2.515073949296E-003
   4.47113605168       -1.53494294533        70.0000000000       0.526524433308      -6.944288658598E-002  2.593732704644E-003
   5.03002805814       -1.72681081350        70.0000000000       0.468776782229      -7.019872468283E-002  2.136159886398E-003
   5.58892006459       -1.91867868166        70.0000000000       0.430224896346      -6.784112458353E-002  3.736575626643E-003
   6.14781207105       -2.11054654983        70.0000000000       0.384412148287      -6.728467727204E-002  1.912858686534E-003
   0.00000000000        0.00000000000        70.0000000000       0.546609084339      -3.331535831727E-002 -2.519345462493E-003
  0.590909090909        0.00000000000        70.0000000000       0.561839664461      -2.496260035301E-002  2.553904208043E-004
   1.18181818182      -1.172487511250E-015   70.0000000000       0.575117409133      -1.469059103703E-002  2.839701562600E-003
   1.77272727273        0.00000000000        70.0000000000       0.583566853544      -6.471952770052E-003  5.011325206563E-003
   2.36363636364        0.00000000000        70.0000000000       0.590258057384       8.133628881465E-004  6.618242557407E-003
   2.95454545455        0.00000000000        70.0000000000       0.537546515414       4.657036726495E-003  3.226658659450E-003
   3.54545454545        0.00000000000        70.0000000000       0.518491398873       4.101693624578E-003  2.952912282139E-003
   4.13636363636        0.00000000000        70.0000000000       0.499232642251       2.799859642048E-003  2.619067143385E-003
   4.72727272727        0.00000000000        70.0000000000       0.481208047738       9.367105594563E-004  2.254534871528E-003
   5.31818181818        0.00000000000        70.0000000000       0.457437914728      -9.597964853131E-004  2.208775667855E-003
   5.90909090909        0.00000000000        70.0000000000       0.434706823912      -1.537745918856E-003  1.702369538209E-003
   6.50000000000        0.00000000000        70.0000000000       0.411975733095      -2.115695352398E-003  1.195963408564E-003
