 12 20 1 1
 1 X [LENGU]
 2 Y [LENGU]
 3 Z [LENGU]
 4 Hx [FIELU]
 5 Hy [FIELU]
 6 Hz [FIELU]
 0
   0.00000000000        0.00000000000       -2.16000000000        3.34268440220      -1.140995794211E-002 -5.490948643314E-003
  0.590909090909        0.00000000000       -2.16000000000        3.35685973669      -9.910802512769E-003 -2.678835492589E-003
   1.18181818182        0.00000000000       -2.16000000000        3.37096659778      -5.307203646285E-003  3.876171212418E-004
   1.77272727273        0.00000000000       -2.16000000000        3.35311337943       8.236740513622E-005 -1.415298763088E-003
   2.36363636364        0.00000000000       -2.16000000000        3.34386269108       1.021999385468E-003 -3.750590046175E-003
   2.95454545455        0.00000000000       -2.16000000000        3.21418188204       1.391937598896E-003 -1.610948617831E-002
   3.54545454545        0.00000000000       -2.16000000000        3.07625325782      -4.671025544031E-002 -3.878231823803E-002
   4.13636363636        0.00000000000       -2.16000000000        2.93147305256      -3.652143672055E-002 -5.795484445209E-002
   4.72727272727        0.00000000000       -2.16000000000        2.78292642036      -3.734767716576E-003 -7.315347439146E-002
   5.31818181818        0.00000000000       -2.16000000000        2.60211874223       9.124647434330E-003 -9.065855129076E-002
   5.90909090909        0.00000000000       -2.16000000000        2.41121034701      -1.398466060152E-002 -0.152782690776     
   6.50000000000        0.00000000000       -2.16000000000        2.22162689507       1.879686259052E-002 -0.184677783759     
   0.00000000000        0.00000000000       -2.16000000000        3.34268440220      -1.140995794211E-002 -5.490948643314E-003
  0.558892006459       0.191867868166       -2.16000000000        3.36872809618      -7.451421176235E-003 -1.266461217200E-003
   1.11778401292       0.383735736333       -2.16000000000        3.38563859327       2.344524569381E-004  1.606458861250E-003
   1.67667601938       0.575603604499       -2.16000000000        3.36082975624       8.329531976321E-003 -1.530200342191E-003
   2.23556802584       0.767471472666       -2.16000000000        3.32579993465       2.528248253033E-002 -6.993142346554E-003
   2.79446003230       0.959339340832       -2.16000000000        3.28497671271       7.032683464583E-002 -7.285961489571E-003
   3.35335203876        1.15120720900       -2.16000000000        3.13505885216       0.219040769547      -2.648300102784E-002
   3.91224404522        1.34307507716       -2.16000000000        3.00473619979       0.307873556705      -4.525743773525E-002
   4.47113605168        1.53494294533       -2.16000000000        2.86625341667       0.377072113109      -5.962127307013E-002
   5.03002805814        1.72681081350       -2.16000000000        2.66596440151       0.433713235577      -7.726998192326E-002
   5.58892006459        1.91867868166       -2.16000000000        2.43304332600       0.470174173941      -0.103862479205     
   6.14781207105        2.11054654983       -2.16000000000        2.10414616575       0.420238172115      -0.126743421895     
   0.00000000000        0.00000000000       -2.16000000000        3.34268440220      -1.140995794211E-002 -5.490948643314E-003
  0.466310301007       0.362943875680       -2.16000000000        3.37687968312      -5.474747602632E-003 -3.566280939702E-004
  0.932620602014       0.725887751361       -2.16000000000        3.39203539562       5.959890186332E-003  1.643154204543E-003
   1.39893090302        1.08883162704       -2.16000000000        3.37425501170       2.030581124668E-002 -9.640974220520E-004
   1.86524120403        1.45177550272       -2.16000000000        3.33652419457       3.758707043260E-002 -6.527957738161E-003
   2.33155150503        1.81471937840       -2.16000000000        3.62875201768       6.004037055377E-002 -4.890063319181E-003
   2.79786180604        2.17766325408       -2.16000000000        3.64285195581       0.315758182741      -5.640229684149E-003
   3.26417210705        2.54060712976       -2.16000000000        3.69442501745       0.768396767045      -1.347810960067E-002
   3.73048240806        2.90355100544       -2.16000000000        3.52541679550       0.905018052376      -3.159982292526E-002
   4.19679270906        3.26649488112       -2.16000000000        3.29415733008        1.07514948486      -7.210727041678E-002
   4.66310301007        3.62943875680       -2.16000000000        2.95927688197        1.38178991993      -0.133928044951     
   5.12941331108        3.99238263248       -2.16000000000        2.52703864768        1.58084259102      -0.245312388632     
   0.00000000000        0.00000000000       -2.16000000000        3.34268440220      -1.140995794211E-002 -5.490948643314E-003
  0.323196638891       0.494689282610       -2.16000000000        3.38036398804      -4.169751417540E-003 -4.650601669506E-005
  0.646393277781       0.989378565219       -2.16000000000        3.37730976439       1.500186372369E-002 -1.169756761720E-003
  0.969589916672        1.48406784783       -2.16000000000        3.38435469883       2.820413952624E-002 -7.430075428223E-004
   1.29278655556        1.97875713044       -2.16000000000        3.37662560373       2.559768113164E-002 -1.980010223661E-003
   1.61598319445        2.47344641305       -2.16000000000        3.77270356762      -3.919519011151E-002 -4.220884594322E-003
   1.93917983334        2.96813569566       -2.16000000000        3.93220578474      -0.231737615781       7.307529828416E-003
   2.26237647223        3.46282497827       -2.16000000000        4.26369329356      -0.205889788525       9.314089695576E-003
   2.58557311112        3.95751426088       -2.16000000000        5.08482852268       4.528109271956E-002 -7.282033169111E-003
   2.90876975001        4.45220354349       -2.16000000000        6.29478598970        1.10054126486      -4.722797710028E-002
   3.23196638891        4.94689282610       -2.16000000000        5.90216106422        5.01682976299      -8.593517054629E-002
   3.55516302780        5.44158210871       -2.16000000000        1.42845844637        4.74919098451      -0.106584794617     
   0.00000000000        0.00000000000       -2.16000000000        3.34268440220      -1.140995794211E-002 -5.490948643314E-003
  0.145059606038       0.572827429873       -2.16000000000        3.37933216719      -3.876511895030E-003 -3.809176421182E-004
  0.290119212075        1.14565485975       -2.16000000000        3.37466499559       1.588013850668E-002 -1.930804291311E-003
  0.435178818113        1.71848228962       -2.16000000000        3.39590958632       1.397301905179E-002  2.053986224046E-004
  0.580238424151        2.29130971949       -2.16000000000        3.41407550777       2.056197773613E-002  2.862518534588E-003
  0.725298030189        2.86413714937       -2.16000000000        3.77842398536      -0.107645073342       2.101536198837E-003
  0.870357636226        3.43696457924       -2.16000000000        3.65911789190      -0.390767088926       1.591399248787E-002
   1.01541724226        4.00979200911       -2.16000000000        3.51034405721      -0.564100675253       4.658474568495E-003
   1.16047684830        4.58261943899       -2.16000000000        3.18459316919       -1.45147636797       8.363933522332E-003
   1.30553645434        5.15544686886       -2.16000000000        2.32095448040       -1.81401805368      -6.806597981027E-003
   1.45059606038        5.72827429873       -2.16000000000        1.06543692689       -1.92025928698      -5.828202405969E-003
   1.59565566642        6.30110172861       -2.16000000000       0.144771430024       -1.26114986972       8.608295700548E-003
   0.00000000000        0.00000000000       -2.16000000000        3.34268440220      -1.140995794211E-002 -5.490948643314E-003
 -4.879688596092E-002  0.588890836777       -2.16000000000        3.37389603438      -4.626806087445E-003 -1.323624281694E-003
 -9.759377192185E-002   1.17778167355       -2.16000000000        3.37553141988       1.175594163036E-002 -1.960409993584E-003
 -0.146390657883        1.76667251033       -2.16000000000        3.39765057476       6.873551129251E-003  3.737740416309E-004
 -0.195187543844        2.35556334711       -2.16000000000        3.40884300165       2.008190825597E-002  3.108646421590E-003
 -0.243984429805        2.94445418388       -2.16000000000        3.74199881349       1.634763263621E-002  3.884475081585E-003
 -0.292781315766        3.53334502066       -2.16000000000        3.11607268204       3.429323898573E-002  9.231304554680E-003
 -0.341578201726        4.12223585744       -2.16000000000        3.03026794790       0.369770095227       3.164982848701E-003
 -0.390375087687        4.71112669421       -2.16000000000        2.53619580832       0.425176885308       1.802422489537E-002
 -0.439171973648        5.30001753099       -2.16000000000        2.06929478621       0.535366947913       1.728532567241E-002
 -0.487968859609        5.88890836777       -2.16000000000        1.34020417100       0.499612560128       6.427957123439E-003
 -0.536765745570        6.47779920454       -2.16000000000       0.693966611069       0.529854475217      -4.951528782655E-003
   0.00000000000        0.00000000000       -2.16000000000        3.34268440220      -1.140995794211E-002 -5.490948643314E-003
 -0.237365478204       0.541138783933       -2.16000000000        3.36464467894      -6.339327977024E-003 -2.772469043424E-003
 -0.474730956408        1.08227756787       -2.16000000000        3.37869225794       3.489073821523E-003 -1.433238776827E-003
 -0.712096434612        1.62341635180       -2.16000000000        3.38945076513       5.566245841302E-003 -3.353989306895E-004
 -0.949461912816        2.16455513573       -2.16000000000        3.36454328327       0.128964819774       1.820850184187E-003
  -1.18682739102        2.70569391966       -2.16000000000        3.72075933020       8.453266259125E-002  1.538975952142E-002
  -1.42419286922        3.24683270360       -2.16000000000        3.76389535320       0.206156137897       9.634172025625E-003
  -1.66155834743        3.78797148753       -2.16000000000        4.01996426148       0.525081893180       3.346119166223E-003
  -1.89892382563        4.32911027146       -2.16000000000        4.55032264782        1.09579759841       2.778809067205E-002
  -2.13628930384        4.87024905539       -2.16000000000        5.12653581468        3.67392001049       6.048107347963E-002
  -2.37365478204        5.41138783933       -2.16000000000       0.422273613233        3.91343225461       7.222273156346E-002
  -2.61102026024        5.95252662326       -2.16000000000       -3.67766146269       0.994952643046       7.048629998337E-002
   0.00000000000        0.00000000000       -2.16000000000        3.34268440220      -1.140995794211E-002 -5.490948643314E-003
 -0.400211837779       0.434745947216       -2.16000000000        3.35284947481      -8.687438910926E-003 -4.536578007336E-003
 -0.800423675558       0.869491894432       -2.16000000000        3.36647220367      -4.150728459874E-003 -3.146613287652E-003
  -1.20063551334        1.30423784165       -2.16000000000        3.37735034787       6.600574807896E-003 -1.810145876204E-003
  -1.60084735112        1.73898378886       -2.16000000000        3.38612383077       2.303113439170E-002  4.232530069109E-004
  -2.00105918889        2.17372973608       -2.16000000000        3.62730765822       9.812071475240E-002  2.714703308805E-003
  -2.40127102667        2.60847568330       -2.16000000000        3.81701408601      -0.167999973838      -1.632143344414E-003
  -2.80148286445        3.04322163051       -2.16000000000        3.88432169242      -0.423869401343       1.795810984456E-002
  -3.20169470223        3.47796757773       -2.16000000000        4.12939170233      -0.892450665893       6.218909900336E-002
  -3.60190654001        3.91271352494       -2.16000000000        4.10673295392       -1.44296362165       0.111946366960     
  -4.00211837779        4.34745947216       -2.16000000000        3.41117460754       -2.07662944815       0.233883343440     
  -4.40233021557        4.78220541938       -2.16000000000        2.54009882189       -2.38980014521       0.323006442039     
   0.00000000000        0.00000000000       -2.16000000000        3.34268440220      -1.140995794211E-002 -5.490948643314E-003
 -0.519689034804       0.281241641340       -2.16000000000        3.34576272472      -8.282139980863E-003 -5.672166805500E-003
  -1.03937806961       0.562483282680       -2.16000000000        3.35911226948      -1.254352943241E-002 -3.754311729463E-003
  -1.55906710441       0.843724924020       -2.16000000000        3.35500017803      -7.891324680017E-004 -4.714259613678E-003
  -2.07875613922        1.12496656536       -2.16000000000        3.35689562254      -1.352492704474E-002 -4.765751414415E-003
  -2.59844517402        1.40620820670       -2.16000000000        3.50146546976      -0.102585420652       1.724459165507E-002
  -3.11813420882        1.68744984804       -2.16000000000        3.40567211540      -0.324676059249       1.827527453942E-002
  -3.63782324363        1.96869148938       -2.16000000000        3.29041188185      -0.463967029574       1.922674807930E-002
  -4.15751227843        2.24993313072       -2.16000000000        3.08614108067      -0.560119447106       3.682748706282E-002
  -4.67720131323        2.53117477206       -2.16000000000        2.90449963963      -0.682929633364       6.780785900579E-002
  -5.19689034804        2.81241641340       -2.16000000000        2.57249065198      -0.772248513839       0.120406815022     
  -5.71657938284        3.09365805474       -2.16000000000        2.21012383300      -0.876504806822       0.140217877896     
   0.00000000000        0.00000000000       -2.16000000000        3.34268440220      -1.140995794211E-002 -5.490948643314E-003
 -0.582849861102       9.726043971134E-002  -2.16000000000        3.33834239062      -8.215788659997E-003 -6.788117803901E-003
  -1.16569972220       0.194520879423       -2.16000000000        3.36956752950      -2.465011943664E-002 -1.366346802953E-003
  -1.74854958330       0.291781319134       -2.16000000000        3.35234658509      -6.001692695795E-004 -4.818242058685E-003
  -2.33139944441       0.389041758845       -2.16000000000        3.33873141244      -5.656165056502E-003 -6.225640289263E-003
  -2.91424930551       0.486302198557       -2.16000000000        3.33471860076      -4.771981885949E-002  1.471782402746E-002
  -3.49709916661       0.583562638268       -2.16000000000        3.18519805202      -6.290360590996E-002  1.883148019395E-002
  -4.07994902771       0.680823077979       -2.16000000000        3.04491831687      -9.998945236567E-002  1.638884282954E-002
  -4.66279888881       0.778083517691       -2.16000000000        2.88648164795      -0.129345629129       4.491031057193E-003
  -5.24564874991       0.875343957402       -2.16000000000        2.71624832728      -0.133773837493      -1.981353542689E-002
  -5.82849861102       0.972604397113       -2.16000000000        2.53666857393      -0.139555862125       6.733075933606E-003
  -6.41134847212        1.06986483682       -2.16000000000        2.59704356408      -4.173004533234E-002 -0.206690134711     
   0.00000000000        0.00000000000       -2.16000000000        3.34268440220      -1.140995794211E-002 -5.490948643314E-003
 -0.582849861102      -9.726043971134E-002  -2.16000000000        3.33943236205      -1.427946428441E-002 -6.120454500875E-003
  -1.16569972220      -0.194520879423       -2.16000000000        3.37122744651      -3.100980615263E-002 -6.348700013989E-004
  -1.74854958330      -0.291781319134       -2.16000000000        3.35717047081      -7.077960435334E-003 -3.943495230236E-003
  -2.33139944441      -0.389041758845       -2.16000000000        3.33341223645       4.065845828078E-003 -6.328229935130E-003
  -2.91424930551      -0.486302198557       -2.16000000000        3.35470082063       4.963099569729E-002  1.109925237311E-002
  -3.49709916661      -0.583562638268       -2.16000000000        3.27562671552       0.176304755618       1.613321506128E-002
  -4.07994902771      -0.680823077979       -2.16000000000        3.07439870495       0.175155406589       2.434345810799E-002
  -4.66279888881      -0.778083517691       -2.16000000000        2.91762410504       0.160406557120       9.122145776071E-003
  -5.24564874991      -0.875343957402       -2.16000000000        2.75472795445       0.157560630390       1.365328294256E-002
  -5.82849861102      -0.972604397113       -2.16000000000        2.52984829578       0.117650160016       6.125880380551E-004
  -6.41134847212       -1.06986483682       -2.16000000000        2.30564712199       1.485004894484E-003 -0.177059319510     
   0.00000000000        0.00000000000       -2.16000000000        3.34268440220      -1.140995794211E-002 -5.490948643314E-003
 -0.519689034804      -0.281241641340       -2.16000000000        3.33914898455      -1.879065896724E-002 -5.737258135282E-003
  -1.03937806961      -0.562483282680       -2.16000000000        3.37399361237      -4.452582868359E-002  1.006007931266E-003
  -1.55906710441      -0.843724924020       -2.16000000000        3.36808768417      -2.048208065432E-002 -2.152996166682E-003
  -2.07875613922       -1.12496656536       -2.16000000000        3.36151814255       7.713155377826E-003 -3.036489458446E-003
  -2.59844517402       -1.40620820670       -2.16000000000        3.51406290400       9.032512391259E-002  7.452320335499E-003
  -3.11813420882       -1.68744984804       -2.16000000000        3.42803833630       0.271596691863       1.007433179127E-002
  -3.63782324363       -1.96869148938       -2.16000000000        3.31772764432       0.455499393019       2.475596119411E-002
  -4.15751227843       -2.24993313072       -2.16000000000        3.16390267760       0.629598514688       5.694489493528E-002
  -4.67720131323       -2.53117477206       -2.16000000000        2.97193139920       0.679748736880       6.583574008468E-002
  -5.19689034804       -2.81241641340       -2.16000000000        2.54367522424       0.806806689847       9.382451106483E-002
  -5.71657938284       -3.09365805474       -2.16000000000        2.11964902083       0.841257269999       0.100138296620     
   0.00000000000        0.00000000000       -2.16000000000        3.34268440220      -1.140995794211E-002 -5.490948643314E-003
 -0.400211837779      -0.434745947216       -2.16000000000        3.33349453983      -1.836242928900E-002 -6.503321391758E-003
 -0.800423675558      -0.869491894432       -2.16000000000        3.37740445275      -6.351534494287E-002  3.336015096458E-003
  -1.20063551334       -1.30423784165       -2.16000000000        3.38171071441      -3.836654777301E-002  1.749161946512E-003
  -1.60084735112       -1.73898378886       -2.16000000000        3.39294637552       1.264436974370E-003  1.322414478544E-003
  -2.00105918889       -2.17372973608       -2.16000000000        3.59204377706      -8.307685332056E-002  4.623040279354E-003
  -2.40127102667       -2.60847568330       -2.16000000000        3.55741251730       0.227142251812       9.231506956258E-003
  -2.80148286445       -3.04322163051       -2.16000000000        3.55984934136       0.508950286137       5.746002977683E-002
  -3.20169470223       -3.47796757773       -2.16000000000        3.83148933629       0.962026086633       8.879820294549E-002
  -3.60190654001       -3.91271352494       -2.16000000000        4.10899295153        1.50260509350       0.112291973848     
  -4.00211837779       -4.34745947216       -2.16000000000        3.57259115735        2.14982955913       0.210975233871     
  -4.40233021557       -4.78220541938       -2.16000000000        2.68736094524        2.22901119191       0.257890452160     
   0.00000000000        0.00000000000       -2.16000000000        3.34268440220      -1.140995794211E-002 -5.490948643314E-003
 -0.237365478204      -0.541138783933       -2.16000000000        3.32308177471      -1.304118057999E-002 -8.335629429769E-003
 -0.474730956408       -1.08227756787       -2.16000000000        3.35790914276      -4.509676835474E-002 -5.654781813456E-004
 -0.712096434612       -1.62341635180       -2.16000000000        3.39701962087      -5.211454542013E-002  6.441963942100E-003
 -0.949461912816       -2.16455513573       -2.16000000000        3.41196018163      -2.039451210222E-002  6.303654127413E-003
  -1.18682739102       -2.70569391966       -2.16000000000        3.65539589293      -9.194140631653E-002  1.310208299336E-002
  -1.42419286922       -3.24683270360       -2.16000000000        3.97786695408      -7.423524568304E-002  3.597438429499E-002
  -1.66155834743       -3.78797148753       -2.16000000000        4.37120859060      -0.699391971138       4.291206604536E-002
  -1.89892382563       -4.32911027146       -2.16000000000        4.41116885551       -1.31973157461       5.263712235631E-002
  -2.13628930384       -4.87024905539       -2.16000000000        4.46079514016       -3.90504667112       7.756108057142E-002
  -2.37365478204       -5.41138783933       -2.16000000000        2.94881479740       -4.12068871668       8.135745672838E-002
  -2.61102026024       -5.95252662326       -2.16000000000       -3.62089331606      -0.976760009687       8.799225085151E-002
   0.00000000000        0.00000000000       -2.16000000000        3.34268440220      -1.140995794211E-002 -5.490948643314E-003
 -4.879688596092E-002 -0.588890836777       -2.16000000000        3.32099016633      -1.200127349990E-002 -8.593244158632E-003
 -9.759377192185E-002  -1.17778167355       -2.16000000000        3.33414005321      -5.896121938693E-004 -6.734087348579E-003
 -0.146390657883       -1.76667251033       -2.16000000000        3.37028353063      -1.048956771207E-002  5.596944052690E-005
 -0.195187543844       -2.35556334711       -2.16000000000        3.40878159125      -4.757694420852E-002  8.503106199916E-003
 -0.243984429805       -2.94445418388       -2.16000000000        3.64710837024      -6.052680549257E-002  1.165978222654E-002
 -0.292781315766       -3.53334502066       -2.16000000000        3.33813589219       4.391986864752E-002  1.147290740336E-002
 -0.341578201726       -4.12223585744       -2.16000000000        2.95696033605      -0.173853920537       1.290240792344E-002
 -0.390375087687       -4.71112669421       -2.16000000000        2.57300101963      -0.406374750922       1.425168793255E-002
 -0.439171973648       -5.30001753099       -2.16000000000        2.04557616645      -0.541845914712       1.538571198384E-002
 -0.487968859609       -5.88890836777       -2.16000000000        1.32945536737      -0.560743042335       3.843321261227E-002
 -0.536765745570       -6.47779920454       -2.16000000000       0.863509414742      -0.422073935800       5.121660078277E-002
   0.00000000000        0.00000000000       -2.16000000000        3.34268440220      -1.140995794211E-002 -5.490948643314E-003
  0.145059606038      -0.572827429873       -2.16000000000        3.32436915879      -1.224735488022E-002 -7.788742911483E-003
  0.290119212075       -1.14565485975       -2.16000000000        3.33690893350       2.535908796670E-003 -5.812764969261E-003
  0.435178818113       -1.71848228962       -2.16000000000        3.35254279880       5.050186487863E-003 -3.963139398159E-003
  0.580238424151       -2.29130971949       -2.16000000000        3.35753964634      -1.600015471565E-002 -1.931286405222E-003
  0.725298030189       -2.86413714937       -2.16000000000        3.76213235079       0.208539771202       8.202446144531E-003
  0.870357636226       -3.43696457924       -2.16000000000        3.60723825484       0.391455890500       3.454496022535E-003
   1.01541724226       -4.00979200911       -2.16000000000        3.39322670762       0.781903157906      -3.801176852622E-004
   1.16047684830       -4.58261943899       -2.16000000000        3.12580342533        1.21013548905      -4.456351288745E-003
   1.30553645434       -5.15544686886       -2.16000000000        2.36353065695        1.74554364982      -2.098678683043E-003
   1.45059606038       -5.72827429873       -2.16000000000        1.06938036719        1.92281045844      -1.372105322251E-002
   1.59565566642       -6.30110172861       -2.16000000000       7.426037295749E-002   1.27102960439      -1.259693010592E-002
   0.00000000000        0.00000000000       -2.16000000000        3.34268440220      -1.140995794211E-002 -5.490948643314E-003
  0.323196638891      -0.494689282610       -2.16000000000        3.32980059222      -1.215630826611E-002 -6.692241393947E-003
  0.646393277781      -0.989378565219       -2.16000000000        3.33690816122      -2.007091186147E-003 -5.001697340566E-003
  0.969589916672       -1.48406784783       -2.16000000000        3.35164886232      -1.157405929396E-002 -4.158376533950E-003
   1.29278655556       -1.97875713044       -2.16000000000        3.35134200820      -1.427926998588E-002 -4.815086033831E-003
   1.61598319445       -2.47344641305       -2.16000000000        3.71829474814       6.551855784696E-002 -6.516962827823E-003
   1.93917983334       -2.96813569566       -2.16000000000        4.06976261372       0.128553430863      -1.638203233641E-002
   2.26237647223       -3.46282497827       -2.16000000000        4.47283398510       0.132705827985      -2.725028705478E-002
   2.58557311112       -3.95751426088       -2.16000000000        4.96706644357      -7.303797666721E-002 -4.351687886107E-002
   2.90876975001       -4.45220354349       -2.16000000000        6.31163325500       -1.09447720946      -7.052133689823E-002
   3.23196638891       -4.94689282610       -2.16000000000        6.04983975348       -5.18132027805      -8.879110098934E-002
   3.55516302780       -5.44158210871       -2.16000000000        1.65318710208       -4.84695810911      -0.117125074131     
   0.00000000000        0.00000000000       -2.16000000000        3.34268440220      -1.140995794211E-002 -5.490948643314E-003
  0.466310301007      -0.362943875680       -2.16000000000        3.33655377334      -1.225519644288E-002 -5.512823349488E-003
  0.932620602014      -0.725887751361       -2.16000000000        3.33137685024      -1.048522179028E-002 -5.064594369952E-003
   1.39893090302       -1.08883162704       -2.16000000000        3.34859926242      -1.090893933382E-002 -2.717683561972E-003
   1.86524120403       -1.45177550272       -2.16000000000        3.32848452881      -2.394812832048E-002 -4.349408015762E-003
   2.33155150503       -1.81471937840       -2.16000000000        3.55532116624      -2.230910062848E-002 -1.684771935237E-002
   2.79786180604       -2.17766325408       -2.16000000000        3.52454012149      -0.220119865369      -3.637225274801E-002
   3.26417210705       -2.54060712976       -2.16000000000        3.52159367412      -0.450080870881      -5.399827827283E-002
   3.73048240806       -2.90355100544       -2.16000000000        3.52728303228      -0.714960177479      -6.761434667736E-002
   4.19679270906       -3.26649488112       -2.16000000000        3.33458783426       -1.11661869860      -0.125655844343     
   4.66310301007       -3.62943875680       -2.16000000000        3.00292257884       -1.46285617864      -0.216593624950     
   5.12941331108       -3.99238263248       -2.16000000000        2.54831874487       -1.48875858392      -0.316788970921     
   0.00000000000        0.00000000000       -2.16000000000        3.34268440220      -1.140995794211E-002 -5.490948643314E-003
  0.558892006459      -0.191867868166       -2.16000000000        3.34389689018      -1.253330334217E-002 -4.378297023781E-003
   1.11778401292      -0.383735736333       -2.16000000000        3.34579606371      -1.115757488733E-002 -2.829508669336E-003
   1.67667601938      -0.575603604499       -2.16000000000        3.34771244093      -9.772840240032E-003 -1.278556333188E-003
   2.23556802584      -0.767471472666       -2.16000000000        3.30462749883      -1.704469364608E-002 -3.567986210890E-003
   2.79446003230      -0.959339340832       -2.16000000000        3.28600760898      -4.643980518597E-002 -1.742546174532E-002
   3.35335203876       -1.15120720900       -2.16000000000        3.16117317082      -0.191225313267      -3.890070365307E-002
   3.91224404522       -1.34307507716       -2.16000000000        3.04612159802      -0.281023802797      -6.071899345820E-002
   4.47113605168       -1.53494294533       -2.16000000000        2.92387346402      -0.370056484152      -7.365596652441E-002
   5.03002805814       -1.72681081350       -2.16000000000        2.70193596282      -0.445661430809      -9.813338086546E-002
   5.58892006459       -1.91867868166       -2.16000000000        2.44937081695      -0.499984374864      -0.120026988455     
   6.14781207105       -2.11054654983       -2.16000000000        2.17577661756      -0.524640745077      -0.105017287165     
   0.00000000000        0.00000000000       -2.16000000000        3.34268440220      -1.140995794211E-002 -5.490948643314E-003
  0.590909090909        0.00000000000       -2.16000000000        3.35685973669      -9.910802512769E-003 -2.678835492589E-003
   1.18181818182      -1.172487511250E-015  -2.16000000000        3.37096659778      -5.307203646285E-003  3.876171212418E-004
   1.77272727273        0.00000000000       -2.16000000000        3.35311337943       8.236740513622E-005 -1.415298763088E-003
   2.36363636364        0.00000000000       -2.16000000000        3.34386269108       1.021999385468E-003 -3.750590046175E-003
   2.95454545455        0.00000000000       -2.16000000000        3.21418188204       1.391937598896E-003 -1.610948617831E-002
   3.54545454545        0.00000000000       -2.16000000000        3.07625325782      -4.671025544031E-002 -3.878231823803E-002
   4.13636363636        0.00000000000       -2.16000000000        2.93147305256      -3.652143672055E-002 -5.795484445209E-002
   4.72727272727        0.00000000000       -2.16000000000        2.78292642036      -3.734767716576E-003 -7.315347439146E-002
   5.31818181818        0.00000000000       -2.16000000000        2.60211874223       9.124647434330E-003 -9.065855129076E-002
   5.90909090909        0.00000000000       -2.16000000000        2.41121034701      -1.398466060152E-002 -0.152782690776     
   6.50000000000        0.00000000000       -2.16000000000        2.22162689507       1.879686259052E-002 -0.184677783759     
