 12 20 1 1
 1 X [LENGU]
 2 Y [LENGU]
 3 Z [LENGU]
 4 Hx [FIELU]
 5 Hy [FIELU]
 6 Hz [FIELU]
 0
   0.00000000000        0.00000000000        95.0400000000       0.603723734972      -5.590287147157E-002  2.527338782816E-002
  0.590909090909        0.00000000000        95.0400000000       0.603806667618      -2.984865631642E-002  3.179379791381E-002
   1.18181818182        0.00000000000        95.0400000000       0.602933831410       1.334254178556E-002  3.852372577007E-002
   1.77272727273        0.00000000000        95.0400000000       0.607350961344       6.553459463294E-002  4.486126463412E-002
   2.36363636364        0.00000000000        95.0400000000       0.640783882867       4.686003665051E-002  3.943551447752E-002
   2.95454545455        0.00000000000        95.0400000000      -0.106440883435       2.707647542522E-002  6.036395886263E-002
   3.54545454545        0.00000000000        95.0400000000      -0.112386292971      -1.796896787646E-002  5.024583343620E-002
   4.13636363636        0.00000000000        95.0400000000      -9.696839287247E-002 -3.882434985093E-002  3.914654885677E-002
   4.72727272727        0.00000000000        95.0400000000      -9.935766745888E-002 -1.345924613446E-002  2.290116592251E-002
   5.31818181818        0.00000000000        95.0400000000      -9.876791143255E-002 -5.427847027868E-003  1.841568028919E-002
   5.90909090909        0.00000000000        95.0400000000      -9.171810296943E-002 -7.727196213272E-005  1.636790870746E-002
   6.50000000000        0.00000000000        95.0400000000      -8.073558121820E-002  1.363980859375E-003  1.451261522650E-002
   0.00000000000        0.00000000000        95.0400000000       0.603723734972      -5.590287147157E-002  2.527338782816E-002
  0.558892006459       0.191867868166        95.0400000000       0.603549597545      -2.759492627049E-002  3.021814721161E-002
   1.11778401292       0.383735736333        95.0400000000       0.610426195000      -1.133926934416E-002  3.313150405113E-002
   1.67667601938       0.575603604499        95.0400000000       0.628688397798      -1.017818653871E-003  3.422674640032E-002
   2.23556802584       0.767471472666        95.0400000000       0.666623309414       2.760325368858E-002  3.615449059977E-002
   2.79446003230       0.959339340832        95.0400000000      -8.767011928204E-002 -0.145927295838       5.373418796353E-002
   3.35335203876        1.15120720900        95.0400000000      -8.820044548990E-002 -0.128795869449       4.973931868170E-002
   3.91224404522        1.34307507716        95.0400000000      -9.942028979233E-002 -0.100337507045       4.309329616962E-002
   4.47113605168        1.53494294533        95.0400000000      -8.971208989564E-002 -8.058572570390E-002  2.569526564818E-002
   5.03002805814        1.72681081350        95.0400000000      -7.443669489896E-002 -8.372993717707E-002  1.590033217401E-002
   5.58892006459        1.91867868166        95.0400000000      -5.898420122734E-002 -6.689676935142E-002  1.261471806784E-002
   6.14781207105        2.11054654983        95.0400000000      -4.718146632690E-002 -3.886331964196E-002  1.051271975313E-002
   0.00000000000        0.00000000000        95.0400000000       0.603723734972      -5.590287147157E-002  2.527338782816E-002
  0.466310301007       0.362943875680        95.0400000000       0.613085065176      -4.549769388963E-002  2.614769164946E-002
  0.932620602014       0.725887751361        95.0400000000       0.632051403825      -5.519155914666E-002  2.473295515578E-002
   1.39893090302        1.08883162704        95.0400000000       0.646570165569      -4.348962894451E-002  2.732152346046E-002
   1.86524120403        1.45177550272        95.0400000000       0.694119031069      -2.748304117238E-002  2.773951457902E-002
   2.33155150503        1.81471937840        95.0400000000       8.174711108881E-002 -0.309683195165       5.362349490999E-002
   2.79786180604        2.17766325408        95.0400000000       8.572005031547E-002 -0.289940609377       5.066878914563E-002
   3.26417210705        2.54060712976        95.0400000000       8.675326376513E-002 -0.259322970361       3.884481449431E-002
   3.73048240806        2.90355100544        95.0400000000       6.696925524483E-002 -0.199465682602       2.081482872717E-002
   4.19679270906        3.26649488112        95.0400000000       3.738928469399E-002 -0.144016097640       2.205073874564E-003
   4.66310301007        3.62943875680        95.0400000000       5.028131884126E-002 -7.704948468153E-002 -1.935870449398E-004
   5.12941331108        3.99238263248        95.0400000000       2.553083671252E-002 -5.847834267967E-002  4.361229892386E-003
   0.00000000000        0.00000000000        95.0400000000       0.603723734972      -5.590287147157E-002  2.527338782816E-002
  0.323196638891       0.494689282610        95.0400000000       0.623381046593      -6.765414825298E-002  2.167758225901E-002
  0.646393277781       0.989378565219        95.0400000000       0.631575537385      -7.224062454079E-002  2.253128733931E-002
  0.969589916672        1.48406784783        95.0400000000       0.657821236901      -6.313197106947E-002  2.418059161626E-002
   1.29278655556        1.97875713044        95.0400000000       0.706117463909      -7.044287069667E-002  2.201984119035E-002
   1.61598319445        2.47344641305        95.0400000000       0.314185005452      -0.318468757960       4.427489187223E-002
   1.93917983334        2.96813569566        95.0400000000       0.311484268270      -0.359298516111       3.867509839220E-002
   2.26237647223        3.46282497827        95.0400000000       0.238551217083      -0.295049609838       2.424727212761E-002
   2.58557311112        3.95751426088        95.0400000000       0.234805118890      -0.245305429679       1.019090005766E-002
   2.90876975001        4.45220354349        95.0400000000       0.287186921775      -0.128211659472       3.545878917068E-003
   3.23196638891        4.94689282610        95.0400000000       0.268663583200       0.104334879454       4.182868952919E-003
   3.55516302780        5.44158210871        95.0400000000       4.379640103741E-002  0.112755012983       2.922645775811E-003
   0.00000000000        0.00000000000        95.0400000000       0.603723734972      -5.590287147157E-002  2.527338782816E-002
  0.145059606038       0.572827429873        95.0400000000       0.622614644643      -7.979037170535E-002  2.002048121720E-002
  0.290119212075        1.14565485975        95.0400000000       0.629241929911      -8.422758797713E-002  2.055001990136E-002
  0.435178818113        1.71848228962        95.0400000000       0.653516146402      -8.077004021785E-002  2.187100415156E-002
  0.580238424151        2.29130971949        95.0400000000       0.690430339604      -0.113170846040       1.958137061150E-002
  0.725298030189        2.86413714937        95.0400000000       0.645284303506      -0.280009995081       3.731218142384E-002
  0.870357636226        3.43696457924        95.0400000000       0.451620410944      -0.177985535597       2.606322838288E-002
   1.01541724226        4.00979200911        95.0400000000       0.381595140817      -0.174579775810       1.367153009560E-002
   1.16047684830        4.58261943899        95.0400000000       0.299762742867      -0.191911252721       2.187008222055E-003
   1.30553645434        5.15544686886        95.0400000000       0.221292414566      -0.194806876700      -6.241864181739E-003
   1.45059606038        5.72827429873        95.0400000000       0.129899839710      -0.194200708440       3.683989899492E-003
   1.59565566642        6.30110172861        95.0400000000       3.562952315523E-002 -0.154267548527       3.097732195944E-003
   0.00000000000        0.00000000000        95.0400000000       0.603723734972      -5.590287147157E-002  2.527338782816E-002
 -4.879688596092E-002  0.588890836777        95.0400000000       0.620841704707      -8.889255588585E-002  1.860690813641E-002
 -9.759377192185E-002   1.17778167355        95.0400000000       0.625619511849      -9.997966818638E-002  1.797261237320E-002
 -0.146390657883        1.76667251033        95.0400000000       0.639664780221      -9.832533617990E-002  1.937169399848E-002
 -0.195187543844        2.35556334711        95.0400000000       0.664496528969      -0.130664320323       1.774826606663E-002
 -0.243984429805        2.94445418388        95.0400000000       0.494119319934       2.710617618198E-003  1.823773750184E-002
 -0.292781315766        3.53334502066        95.0400000000       0.428503424914      -5.095216141850E-004  1.251230401843E-002
 -0.341578201726        4.12223585744        95.0400000000       0.363802534801       1.187388381228E-002  1.072243671451E-002
 -0.390375087687        4.71112669421        95.0400000000       0.296541839476       2.202705405034E-002  7.325289551328E-003
 -0.439171973648        5.30001753099        95.0400000000       0.224547665099       2.137331651823E-002  6.060597357735E-003
 -0.487968859609        5.88890836777        95.0400000000       0.163620218301       2.798593917254E-002  4.896939200871E-003
 -0.536765745570        6.47779920454        95.0400000000       0.108780420940       3.189509890948E-002  1.511741155908E-003
   0.00000000000        0.00000000000        95.0400000000       0.603723734972      -5.590287147157E-002  2.527338782816E-002
 -0.237365478204       0.541138783933        95.0400000000       0.618468599579      -9.415267700866E-002  1.753098721703E-002
 -0.474730956408        1.08227756787        95.0400000000       0.621100828404      -0.117789882859       1.507836685309E-002
 -0.712096434612        1.62341635180        95.0400000000       0.625962257108      -0.119561138696       1.507421626596E-002
 -0.949461912816        2.16455513573        95.0400000000       0.643499000728      -0.114408267385       1.598231846748E-002
  -1.18682739102        2.70569391966        95.0400000000       0.386036180305       0.137736648661       2.686382481888E-003
  -1.42419286922        3.24683270360        95.0400000000       0.371904792564       0.158121499955      -6.251657505921E-003
  -1.66155834743        3.78797148753        95.0400000000       0.345525279262       0.142089457205      -1.299607833295E-003
  -1.89892382563        4.32911027146        95.0400000000       0.313204345955       0.174602365747       1.368662397014E-004
  -2.13628930384        4.87024905539        95.0400000000       0.296756894440       0.258392919244      -2.255028575861E-003
  -2.37365478204        5.41138783933        95.0400000000       7.605666780658E-002  0.339744811060      -2.408186040716E-003
  -2.61102026024        5.95252662326        95.0400000000      -0.151567019221       0.106671759532      -1.877386622059E-003
   0.00000000000        0.00000000000        95.0400000000       0.603723734972      -5.590287147157E-002  2.527338782816E-002
 -0.400211837779       0.434745947216        95.0400000000       0.615752492020      -9.500071933093E-002  1.690931118530E-002
 -0.800423675558       0.869491894432        95.0400000000       0.616175549042      -0.135728218882       1.218091975199E-002
  -1.20063551334        1.30423784165        95.0400000000       0.617436875797      -0.134064317103       1.140876948733E-002
  -1.60084735112        1.73898378886        95.0400000000       0.626050636332      -0.117396154774       1.202541496378E-002
  -2.00105918889        2.17372973608        95.0400000000       7.782090747635E-002  0.438086797493      -2.628362902281E-002
  -2.40127102667        2.60847568330        95.0400000000       0.199391213270       0.202411464357      -2.175002361283E-002
  -2.80148286445        3.04322163051        95.0400000000       0.193685581355       0.165176566193      -1.391549167496E-002
  -3.20169470223        3.47796757773        95.0400000000       0.173613891170       0.101525724026      -5.464263342254E-003
  -3.60190654001        3.91271352494        95.0400000000       0.158370432448       4.316422561857E-002 -1.813780606349E-003
  -4.00211837779        4.34745947216        95.0400000000       0.168107286578      -3.616440364319E-002 -2.937707092893E-003
  -4.40233021557        4.78220541938        95.0400000000       0.137524198769      -4.146228118854E-002 -3.709748935111E-003
   0.00000000000        0.00000000000        95.0400000000       0.603723734972      -5.590287147157E-002  2.527338782816E-002
 -0.519689034804       0.281241641340        95.0400000000       0.612987714429      -9.134478430830E-002  1.680924828556E-002
  -1.03937806961       0.562483282680        95.0400000000       0.612615940963      -0.118702089941       1.259056180090E-002
  -1.55906710441       0.843724924020        95.0400000000       0.613861719917      -0.137280793822       8.950068199923E-003
  -2.07875613922        1.12496656536        95.0400000000       0.607074900485      -0.110704875907       1.082381416151E-002
  -2.59844517402        1.40620820670        95.0400000000       8.057552656627E-002  0.106388681505      -3.104120047249E-002
  -3.11813420882        1.68744984804        95.0400000000       7.002537280940E-002  0.102088560120      -3.167653320266E-002
  -3.63782324363        1.96869148938        95.0400000000       6.351885355876E-002  8.763351790875E-002 -2.587727718224E-002
  -4.15751227843        2.24993313072        95.0400000000       5.497142427651E-002  6.599948950283E-002 -1.662872478351E-002
  -4.67720131323        2.53117477206        95.0400000000       3.869894466364E-002  4.910149978780E-002 -1.023588902350E-002
  -5.19689034804        2.81241641340        95.0400000000       5.647619284988E-002  1.938394020437E-002 -5.763566647789E-003
  -5.71657938284        3.09365805474        95.0400000000       5.858295506505E-002  3.078371464018E-003 -4.066629039582E-003
   0.00000000000        0.00000000000        95.0400000000       0.603723734972      -5.590287147157E-002  2.527338782816E-002
 -0.582849861102       9.726043971134E-002   95.0400000000       0.605233569460      -7.347631120227E-002  1.940883474240E-002
  -1.16569972220       0.194520879423        95.0400000000       0.609402054295      -8.198946663927E-002  1.529254200507E-002
  -1.74854958330       0.291781319134        95.0400000000       0.604150806944      -9.332185057716E-002  1.246529289703E-002
  -2.33139944441       0.389041758845        95.0400000000       0.591711621786      -0.116416835170       8.611916212884E-003
  -2.91424930551       0.486302198557        95.0400000000       2.100965555278E-002 -1.938649942896E-002 -3.724199470376E-002
  -3.49709916661       0.583562638268        95.0400000000       6.971275021797E-003  2.324293346793E-003 -3.449127785291E-002
  -4.07994902771       0.680823077979        95.0400000000       8.477346027903E-003 -4.044308767275E-003 -2.905743441682E-002
  -4.66279888881       0.778083517691        95.0400000000       1.732044136852E-002 -1.913478163484E-003 -1.961540188137E-002
  -5.24564874991       0.875343957402        95.0400000000       1.361186546430E-002 -3.722992573046E-003 -1.230329709243E-002
  -5.82849861102       0.972604397113        95.0400000000       1.888953159826E-002 -6.742029742492E-004 -1.005040806112E-002
  -6.41134847212        1.06986483682        95.0400000000       3.094110761009E-002 -2.425626629667E-003 -5.278384596868E-003
   0.00000000000        0.00000000000        95.0400000000       0.603723734972      -5.590287147157E-002  2.527338782816E-002
 -0.582849861102      -9.726043971134E-002   95.0400000000       0.596914015514      -4.273795685219E-002  2.373088093220E-002
  -1.16569972220      -0.194520879423        95.0400000000       0.592320459332      -3.940753893375E-002  2.164970640588E-002
  -1.74854958330      -0.291781319134        95.0400000000       0.586308532724      -5.278168949578E-002  1.591498784608E-002
  -2.33139944441      -0.389041758845        95.0400000000       0.573111353675      -9.248942612436E-002  9.440319985545E-003
  -2.91424930551      -0.486302198557        95.0400000000       6.393643568397E-002 -0.100923020077      -3.172730882897E-002
  -3.49709916661      -0.583562638268        95.0400000000       4.991091855473E-002 -5.817533423727E-002 -2.754226606845E-002
  -4.07994902771      -0.680823077979        95.0400000000       3.493780627032E-002 -2.711835006971E-002 -2.469677162327E-002
  -4.66279888881      -0.778083517691        95.0400000000       4.146394831724E-002 -2.679499575025E-002 -1.557318641835E-002
  -5.24564874991      -0.875343957402        95.0400000000       4.123546692087E-002 -3.046632810221E-002 -8.915075612239E-003
  -5.82849861102      -0.972604397113        95.0400000000       4.839673587527E-002 -3.022162575458E-002 -6.346098781140E-003
  -6.41134847212       -1.06986483682        95.0400000000       5.343729187984E-002 -1.237832158743E-002 -3.942039632517E-003
   0.00000000000        0.00000000000        95.0400000000       0.603723734972      -5.590287147157E-002  2.527338782816E-002
 -0.519689034804      -0.281241641340        95.0400000000       0.594428700567      -1.773944533102E-002  2.684935886968E-002
  -1.03937806961      -0.562483282680        95.0400000000       0.582911921462      -1.194923969099E-002  2.579328641735E-002
  -1.55906710441      -0.843724924020        95.0400000000       0.557520159116      -3.418220022704E-002  1.502111468915E-002
  -2.07875613922       -1.12496656536        95.0400000000       0.561115540719      -6.118323660479E-002  1.128677566156E-002
  -2.59844517402       -1.40620820670        95.0400000000       0.169854540607      -0.142227440152      -2.112846727254E-002
  -3.11813420882       -1.68744984804        95.0400000000       0.138825411454      -0.110622054916      -1.990591476288E-002
  -3.63782324363       -1.96869148938        95.0400000000       0.114552616919      -8.212328432045E-002 -1.758113160511E-002
  -4.15751227843       -2.24993313072        95.0400000000       0.105463156480      -5.776365527342E-002 -1.182967207593E-002
  -4.67720131323       -2.53117477206        95.0400000000       0.107644095128      -4.398383368621E-002 -3.574123307086E-003
  -5.19689034804       -2.81241641340        95.0400000000       0.100274599046      -2.522272917675E-002 -1.026400818176E-003
  -5.71657938284       -3.09365805474        95.0400000000       9.011240916542E-002  2.663260177593E-003  1.410251594652E-003
   0.00000000000        0.00000000000        95.0400000000       0.603723734972      -5.590287147157E-002  2.527338782816E-002
 -0.400211837779      -0.434745947216        95.0400000000       0.592557522817       4.952896082648E-004  2.941780519559E-002
 -0.800423675558      -0.869491894432        95.0400000000       0.583946414995      -1.133103986386E-002  2.627500590307E-002
  -1.20063551334       -1.30423784165        95.0400000000       0.534851300857      -3.668406256695E-003  1.855238143430E-002
  -1.60084735112       -1.73898378886        95.0400000000       0.546641558329      -6.156997397367E-002  1.110645344079E-002
  -2.00105918889       -2.17372973608        95.0400000000       0.305115948836      -0.236868339001      -9.191513775816E-003
  -2.40127102667       -2.60847568330        95.0400000000       0.251603343682      -0.139495664228      -5.480302270477E-003
  -2.80148286445       -3.04322163051        95.0400000000       0.231267832234      -9.924496343855E-002 -1.050709312623E-003
  -3.20169470223       -3.47796757773        95.0400000000       0.217067834285      -6.077931004999E-002 -1.839251708830E-004
  -3.60190654001       -3.91271352494        95.0400000000       0.207325285583       4.774634421103E-003 -4.104298287369E-003
  -4.00211837779       -4.34745947216        95.0400000000       0.194505985255       6.599209542555E-002 -4.412842254575E-003
  -4.40233021557       -4.78220541938        95.0400000000       0.156274304168       7.403863547610E-002 -2.991799819311E-003
   0.00000000000        0.00000000000        95.0400000000       0.603723734972      -5.590287147157E-002  2.527338782816E-002
 -0.237365478204      -0.541138783933        95.0400000000       0.593992671369       4.901717461871E-003  3.013096969904E-002
 -0.474730956408       -1.08227756787        95.0400000000       0.586804009011      -8.662413040476E-003  2.723278267944E-002
 -0.712096434612       -1.62341635180        95.0400000000       0.547113542525      -1.976107642370E-003  2.133548079201E-002
 -0.949461912816       -2.16455513573        95.0400000000       0.531479890328      -5.349424358139E-002  1.883016246796E-002
  -1.18682739102       -2.70569391966        95.0400000000       0.362458728314      -5.929213002130E-002  3.442402689077E-003
  -1.42419286922       -3.24683270360        95.0400000000       0.320207414197      -7.502191997952E-002  8.491758177777E-003
  -1.66155834743       -3.78797148753        95.0400000000       0.299498511338      -8.192232831414E-002  1.312897154704E-002
  -1.89892382563       -4.32911027146        95.0400000000       0.313825371937      -0.118718375905       1.131514631775E-002
  -2.13628930384       -4.87024905539        95.0400000000       0.308117172510      -0.235915339852       2.665305669840E-003
  -2.37365478204       -5.41138783933        95.0400000000       0.188232811440      -0.253095817131       1.228349760461E-003
  -2.61102026024       -5.95252662326        95.0400000000      -0.139011287532      -7.245859712897E-002  4.887635624584E-004
   0.00000000000        0.00000000000        95.0400000000       0.603723734972      -5.590287147157E-002  2.527338782816E-002
 -4.879688596092E-002 -0.588890836777        95.0400000000       0.596329130084       8.220797253986E-003  3.092919649300E-002
 -9.759377192185E-002  -1.17778167355        95.0400000000       0.591133169614      -4.521930823043E-003  2.853016719110E-002
 -0.146390657883       -1.76667251033        95.0400000000       0.575764240263      -4.841793368521E-003  2.619783273411E-002
 -0.195187543844       -2.35556334711        95.0400000000       0.562632864815      -1.108164011096E-002  2.467160919721E-002
 -0.243984429805       -2.94445418388        95.0400000000       0.408045406297       6.279122356593E-002  2.797599831594E-002
 -0.292781315766       -3.53334502066        95.0400000000       0.365937803589       4.724466710705E-002  2.844138421575E-002
 -0.341578201726       -4.12223585744        95.0400000000       0.307091331933       2.676097423182E-002  2.275588954751E-002
 -0.390375087687       -4.71112669421        95.0400000000       0.247112580308       1.270915672790E-002  1.449216547384E-002
 -0.439171973648       -5.30001753099        95.0400000000       0.188117851101       8.421516509491E-004  2.915390839571E-003
 -0.487968859609       -5.88890836777        95.0400000000       0.138191279693       3.142876040580E-003  2.618634026710E-003
 -0.536765745570       -6.47779920454        95.0400000000       9.605487052793E-002  1.586330341609E-003  4.584517130292E-003
   0.00000000000        0.00000000000        95.0400000000       0.603723734972      -5.590287147157E-002  2.527338782816E-002
  0.145059606038      -0.572827429873        95.0400000000       0.598970100061       1.211195735332E-002  3.203417499825E-002
  0.290119212075       -1.14565485975        95.0400000000       0.597080260061       4.895791242010E-003  3.050667685531E-002
  0.435178818113       -1.71848228962        95.0400000000       0.594505314424      -1.497372787517E-003  2.985650539151E-002
  0.580238424151       -2.29130971949        95.0400000000       0.590306001915      -2.271271303424E-003  3.058287270694E-002
  0.725298030189       -2.86413714937        95.0400000000       0.459965273627       0.276806923459       4.695021641295E-002
  0.870357636226       -3.43696457924        95.0400000000       0.353939504649       0.151177966487       3.029739551566E-002
   1.01541724226       -4.00979200911        95.0400000000       0.291009159118       0.148751175193       2.450496944252E-002
   1.16047684830       -4.58261943899        95.0400000000       0.242980206486       0.183913072578       2.894734510323E-002
   1.30553645434       -5.15544686886        95.0400000000       0.190664183377       0.193695184779       2.506085707421E-002
   1.45059606038       -5.72827429873        95.0400000000       0.100785107138       0.180040687012       1.439289911955E-002
   1.59565566642       -6.30110172861        95.0400000000       3.154651405662E-002  0.150794355101       9.248144437129E-003
   0.00000000000        0.00000000000        95.0400000000       0.603723734972      -5.590287147157E-002  2.527338782816E-002
  0.323196638891      -0.494689282610        95.0400000000       0.601629391223       1.615353018553E-002  3.332616364821E-002
  0.646393277781      -0.989378565219        95.0400000000       0.603953879801       1.824575814052E-002  3.291151042449E-002
  0.969589916672       -1.48406784783        95.0400000000       0.603433524785       1.234205222059E-002  3.337916557488E-002
   1.29278655556       -1.97875713044        95.0400000000       0.602542342332       1.512538063595E-002  3.687657985555E-002
   1.61598319445       -2.47344641305        95.0400000000       0.299706353541       0.257950808391       5.475148570426E-002
   1.93917983334       -2.96813569566        95.0400000000       0.260199440932       0.255404246841       4.328126612158E-002
   2.26237647223       -3.46282497827        95.0400000000       0.232166503493       0.242209677349       3.550887559556E-002
   2.58557311112       -3.95751426088        95.0400000000       0.247614988006       0.205597002754       3.386362406474E-002
   2.90876975001       -4.45220354349        95.0400000000       0.299803529100       0.108784533874       2.599062075159E-002
   3.23196638891       -4.94689282610        95.0400000000       0.258265419649      -0.141856217807       1.497090918434E-002
   3.55516302780       -5.44158210871        95.0400000000       4.992637226551E-002 -0.133276298055       8.173895630619E-003
   0.00000000000        0.00000000000        95.0400000000       0.603723734972      -5.590287147157E-002  2.527338782816E-002
  0.466310301007      -0.362943875680        95.0400000000       0.603125964077       4.976113102963E-003  3.325027175242E-002
  0.932620602014      -0.725887751361        95.0400000000       0.608267264527       2.764129496954E-002  3.681495969105E-002
   1.39893090302       -1.08883162704        95.0400000000       0.611940247543       3.419963488847E-002  3.929276009517E-002
   1.86524120403       -1.45177550272        95.0400000000       0.606344245656       4.333883905259E-002  4.145103116362E-002
   2.33155150503       -1.81471937840        95.0400000000       0.131889628344       0.283403270171       6.163417107262E-002
   2.79786180604       -2.17766325408        95.0400000000       8.096981278384E-002  0.239454477014       4.866151569831E-002
   3.26417210705       -2.54060712976        95.0400000000       7.065433706617E-002  0.216818071958       4.122923369138E-002
   3.73048240806       -2.90355100544        95.0400000000       7.420359783882E-002  0.186060092582       3.044489397548E-002
   4.19679270906       -3.26649488112        95.0400000000       6.290802860647E-002  0.131004943131       2.333884259199E-002
   4.66310301007       -3.62943875680        95.0400000000       6.885145526869E-002  5.743273979810E-002  1.789185709350E-002
   5.12941331108       -3.99238263248        95.0400000000       4.206770436268E-002  4.388284318926E-002  1.350993493905E-002
   0.00000000000        0.00000000000        95.0400000000       0.603723734972      -5.590287147157E-002  2.527338782816E-002
  0.558892006459      -0.191867868166        95.0400000000       0.602702062751      -1.958831911830E-002  3.286987675972E-002
   1.11778401292      -0.383735736333        95.0400000000       0.610294438568       2.445324081714E-002  4.020616844187E-002
   1.67667601938      -0.575603604499        95.0400000000       0.611321900074       5.762240626929E-002  4.383636034314E-002
   2.23556802584      -0.767471472666        95.0400000000       0.612235562220       7.345784933815E-002  4.467206161461E-002
   2.79446003230      -0.959339340832        95.0400000000      -3.801386117925E-002  0.176379868428       6.406107100171E-002
   3.35335203876       -1.15120720900        95.0400000000      -7.157954365632E-002  0.142961974166       5.721883879195E-002
   3.91224404522       -1.34307507716        95.0400000000      -6.621335118150E-002  0.104786470161       4.443630091602E-002
   4.47113605168       -1.53494294533        95.0400000000      -6.758283556817E-002  7.325709531861E-002  3.194883676385E-002
   5.03002805814       -1.72681081350        95.0400000000      -6.717201205537E-002  7.738831262486E-002  2.141511485725E-002
   5.58892006459       -1.91867868166        95.0400000000      -5.402117516690E-002  6.494609445995E-002  1.692406023317E-002
   6.14781207105       -2.11054654983        95.0400000000      -4.628148249214E-002  2.864629443380E-002  1.185767279217E-002
   0.00000000000        0.00000000000        95.0400000000       0.603723734972      -5.590287147157E-002  2.527338782816E-002
  0.590909090909        0.00000000000        95.0400000000       0.603806667618      -2.984865631642E-002  3.179379791381E-002
   1.18181818182      -1.172487511250E-015   95.0400000000       0.602933831410       1.334254178556E-002  3.852372577007E-002
   1.77272727273        0.00000000000        95.0400000000       0.607350961344       6.553459463294E-002  4.486126463412E-002
   2.36363636364        0.00000000000        95.0400000000       0.640783882867       4.686003665051E-002  3.943551447752E-002
   2.95454545455        0.00000000000        95.0400000000      -0.106440883435       2.707647542522E-002  6.036395886263E-002
   3.54545454545        0.00000000000        95.0400000000      -0.112386292971      -1.796896787646E-002  5.024583343620E-002
   4.13636363636        0.00000000000        95.0400000000      -9.696839287247E-002 -3.882434985093E-002  3.914654885677E-002
   4.72727272727        0.00000000000        95.0400000000      -9.935766745888E-002 -1.345924613446E-002  2.290116592251E-002
   5.31818181818        0.00000000000        95.0400000000      -9.876791143255E-002 -5.427847027868E-003  1.841568028919E-002
   5.90909090909        0.00000000000        95.0400000000      -9.171810296943E-002 -7.727196213272E-005  1.636790870746E-002
   6.50000000000        0.00000000000        95.0400000000      -8.073558121820E-002  1.363980859375E-003  1.451261522650E-002
