 12 20 1 1
 1 X [LENGU]
 2 Y [LENGU]
 3 Z [LENGU]
 4 Hx [FIELU]
 5 Hy [FIELU]
 6 Hz [FIELU]
 0
   0.00000000000        0.00000000000       -97.2000000000       0.771284114802      -9.922427060881E-002 -1.606060604102E-002
  0.590909090909        0.00000000000       -97.2000000000       0.778925599321      -0.118016773350      -2.140954914560E-002
   1.18181818182        0.00000000000       -97.2000000000       0.786953842655      -0.134812778961      -2.580373985658E-002
   1.77272727273        0.00000000000       -97.2000000000       0.787321814905      -0.135209871545      -2.656885216460E-002
   2.36363636364        0.00000000000       -97.2000000000       0.790179271413      -0.115938469392      -2.316961739749E-002
   2.95454545455        0.00000000000       -97.2000000000       0.115132043960      -7.360965004552E-002 -0.156827818739     
   3.54545454545        0.00000000000       -97.2000000000       7.726028813572E-002 -4.079229870836E-002 -0.113827279207     
   4.13636363636        0.00000000000       -97.2000000000       5.806321508697E-002 -1.999620649935E-002 -6.807307934119E-002
   4.72727272727        0.00000000000       -97.2000000000       6.769937416115E-002 -7.871053996051E-003 -2.796777424989E-002
   5.31818181818        0.00000000000       -97.2000000000       5.776001516987E-002 -3.147666381720E-002 -2.805055047796E-002
   5.90909090909        0.00000000000       -97.2000000000       6.018003290448E-002 -2.528907209586E-002 -2.145102057103E-002
   6.50000000000        0.00000000000       -97.2000000000       6.260005063908E-002 -1.910148037451E-002 -1.485149066410E-002
   0.00000000000        0.00000000000       -97.2000000000       0.771284114802      -9.922427060881E-002 -1.606060604102E-002
  0.558892006459       0.191867868166       -97.2000000000       0.777318337882      -0.124406371867      -2.127661906843E-002
   1.11778401292       0.383735736333       -97.2000000000       0.780797409926      -0.149395811199      -2.743834884446E-002
   1.67667601938       0.575603604499       -97.2000000000       0.768885723359      -0.145038733196      -2.883449111545E-002
   2.23556802584       0.767471472666       -97.2000000000       0.774132722455      -0.125529673746      -2.595923146998E-002
   2.79446003230       0.959339340832       -97.2000000000       0.227898003678      -0.161896159637      -0.141483639655     
   3.35335203876        1.15120720900       -97.2000000000       0.164538142645      -0.127000219412      -0.111857577468     
   3.91224404522        1.34307507716       -97.2000000000       0.132424736767      -0.102844724142      -6.977935613230E-002
   4.47113605168        1.53494294533       -97.2000000000       0.109919196982      -6.989692981935E-002 -3.541349451914E-002
   5.03002805814        1.72681081350       -97.2000000000       8.590302819059E-002 -6.019640295103E-002 -2.599334904755E-002
   5.58892006459        1.91867868166       -97.2000000000       9.864285360357E-002 -2.971474328424E-002 -1.766628788996E-002
   6.14781207105        2.11054654983       -97.2000000000       0.100712756522      -1.505932896930E-002 -1.180720836432E-002
   0.00000000000        0.00000000000       -97.2000000000       0.771284114802      -9.922427060881E-002 -1.606060604102E-002
  0.466310301007       0.362943875680       -97.2000000000       0.777149694422      -0.134680174131      -2.248306190206E-002
  0.932620602014       0.725887751361       -97.2000000000       0.767943114184      -0.150737260687      -2.664597416759E-002
   1.39893090302        1.08883162704       -97.2000000000       0.764295574723      -0.145021138934      -2.684443484189E-002
   1.86524120403        1.45177550272       -97.2000000000       0.760894762542      -0.122115598481      -2.485033175578E-002
   2.33155150503        1.81471937840       -97.2000000000       0.401481929210      -0.215091153919      -0.116657203858     
   2.79786180604        2.17766325408       -97.2000000000       0.296744961411      -0.150754634190      -5.093830512977E-002
   3.26417210705        2.54060712976       -97.2000000000       0.246944949141      -9.986588036581E-002 -3.349331720332E-002
   3.73048240806        2.90355100544       -97.2000000000       0.255898669212      -6.674410561427E-002 -2.316985191761E-002
   4.19679270906        3.26649488112       -97.2000000000       0.265774481682      -2.671914134740E-002 -1.205986262130E-002
   4.66310301007        3.62943875680       -97.2000000000       0.229576909770       5.131820210597E-002 -3.475546784091E-003
   5.12941331108        3.99238263248       -97.2000000000       0.186006798918       7.436949833144E-002 -1.854876753010E-003
   0.00000000000        0.00000000000       -97.2000000000       0.771284114802      -9.922427060881E-002 -1.606060604102E-002
  0.323196638891       0.494689282610       -97.2000000000       0.793815217548      -8.885753003806E-002 -1.329082762641E-002
  0.646393277781       0.989378565219       -97.2000000000       0.746803482381      -0.134061171866      -2.140463287598E-002
  0.969589916672        1.48406784783       -97.2000000000       0.724039124037      -0.121767827248      -1.958729570703E-002
   1.29278655556        1.97875713044       -97.2000000000       0.740559480568      -0.125362609403      -2.318033641044E-002
   1.61598319445        2.47344641305       -97.2000000000       0.510955420918      -0.187603182008      -9.515592989288E-002
   1.93917983334        2.96813569566       -97.2000000000       0.488663472386      -0.196613716235      -5.606144310869E-002
   2.26237647223        3.46282497827       -97.2000000000       0.446446950198      -0.156978348540      -2.232107652078E-002
   2.58557311112        3.95751426088       -97.2000000000       0.501455614590      -0.135385025941      -1.745967979338E-002
   2.90876975001        4.45220354349       -97.2000000000       0.601515184272      -1.468148269203E-002 -9.342927420973E-003
   3.23196638891        4.94689282610       -97.2000000000       0.560031997174       0.392463589394      -5.979854354888E-003
   3.55516302780        5.44158210871       -97.2000000000       0.159004186643       0.334721347496      -2.998236703244E-003
   0.00000000000        0.00000000000       -97.2000000000       0.771284114802      -9.922427060881E-002 -1.606060604102E-002
  0.145059606038       0.572827429873       -97.2000000000       0.807154526032      -2.901726659561E-002 -1.359502617773E-003
  0.290119212075        1.14565485975       -97.2000000000       0.752320852459      -5.658077108316E-002 -5.052157436647E-003
  0.435178818113        1.71848228962       -97.2000000000       0.697487178885      -8.414427557071E-002 -8.744812255520E-003
  0.580238424151        2.29130971949       -97.2000000000       0.714580995746      -0.106358942257      -1.594245512182E-002
  0.725298030189        2.86413714937       -97.2000000000       0.670731070169      -0.181614771505       2.390615973045E-003
  0.870357636226        3.43696457924       -97.2000000000       0.516458524249      -7.715489106605E-002 -1.485258738734E-002
   1.01541724226        4.00979200911       -97.2000000000       0.451855321089      -9.856552588429E-002 -7.269948677235E-003
   1.16047684830        4.58261943899       -97.2000000000       0.385988322996      -0.133830185359      -6.650367134222E-004
   1.30553645434        5.15544686886       -97.2000000000       0.294068096637      -0.185544560928      -1.756884890583E-003
   1.45059606038        5.72827429873       -97.2000000000       0.157828325733      -0.189133199573       1.456181698508E-003
   1.59565566642        6.30110172861       -97.2000000000       4.936125260811E-002 -0.130535985719       3.471619877753E-003
   0.00000000000        0.00000000000       -97.2000000000       0.771284114802      -9.922427060881E-002 -1.606060604102E-002
 -4.879688596092E-002  0.588890836777       -97.2000000000       0.804441597107      -2.951769065433E-002  2.363523747744E-003
 -9.759377192185E-002   1.17778167355       -97.2000000000       0.746894994608      -5.758161920060E-002  2.393895294387E-003
 -0.146390657883        1.76667251033       -97.2000000000       0.688725208405      -9.198455554979E-002 -4.379286856179E-004
 -0.195187543844        2.35556334711       -97.2000000000       0.717811065395      -0.107266625115      -3.454559738807E-003
 -0.243984429805        2.94445418388       -97.2000000000       0.552133610878       6.004959826225E-002  3.849307839699E-002
 -0.292781315766        3.53334502066       -97.2000000000       0.476263212160       7.762361398622E-002  1.079867038576E-002
 -0.341578201726        4.12223585744       -97.2000000000       0.400843938792       8.337207169157E-002  1.294862816451E-002
 -0.390375087687        4.71112669421       -97.2000000000       0.355526468924       9.216663396706E-002  1.058346529397E-002
 -0.439171973648        5.30001753099       -97.2000000000       0.259337821433       9.045460723442E-002  9.380195515949E-003
 -0.487968859609        5.88890836777       -97.2000000000       0.174460063428       9.307155112393E-002  3.264824722431E-003
 -0.536765745570        6.47779920454       -97.2000000000       0.129919905871       9.665598648016E-002  3.305462921689E-003
   0.00000000000        0.00000000000       -97.2000000000       0.771284114802      -9.922427060881E-002 -1.606060604102E-002
 -0.237365478204       0.541138783933       -97.2000000000       0.807964735489      -2.697695259834E-002  6.083258884919E-003
 -0.474730956408        1.08227756787       -97.2000000000       0.753318268774      -5.775831684707E-002  7.493594597496E-003
 -0.712096434612        1.62341635180       -97.2000000000       0.716350979236      -9.768263920505E-002 -1.046624191355E-003
 -0.949461912816        2.16455513573       -97.2000000000       0.732259160235      -0.105538773970      -2.503595895356E-003
  -1.18682739102        2.70569391966       -97.2000000000       0.481299230367       0.170150546580       8.979193032317E-002
  -1.42419286922        3.24683270360       -97.2000000000       0.466249052448       0.188048570197       2.175374552533E-002
  -1.66155834743        3.78797148753       -97.2000000000       0.414678600698       0.180618751219       2.436633411047E-002
  -1.89892382563        4.32911027146       -97.2000000000       0.439708194708       0.248981681069       1.615232724818E-002
  -2.13628930384        4.87024905539       -97.2000000000       0.488389822476       0.418561515044       1.196676722514E-002
  -2.37365478204        5.41138783933       -97.2000000000       0.124057698735       0.859797561922       9.791297196719E-003
  -2.61102026024        5.95252662326       -97.2000000000      -0.292394154449       0.169502012853       6.699479116853E-003
   0.00000000000        0.00000000000       -97.2000000000       0.771284114802      -9.922427060881E-002 -1.606060604102E-002
 -0.400211837779       0.434745947216       -97.2000000000       0.805744071923      -8.843481581153E-003  6.888487321496E-003
 -0.800423675558       0.869491894432       -97.2000000000       0.770130593651      -6.354008294087E-002  6.824928362428E-003
  -1.20063551334        1.30423784165       -97.2000000000       0.748022443383      -9.838943042829E-002 -4.953069417984E-004
  -1.60084735112        1.73898378886       -97.2000000000       0.744947108287      -8.436928110606E-002 -1.410905205032E-003
  -2.00105918889        2.17372973608       -97.2000000000       0.352252050065       0.353204176435       6.690486644870E-002
  -2.40127102667        2.60847568330       -97.2000000000       0.336132443413       0.198018620208       6.835396121884E-002
  -2.80148286445        3.04322163051       -97.2000000000       0.322109491163       0.184109408223       3.489438841155E-002
  -3.20169470223        3.47796757773       -97.2000000000       0.329409725041       0.122482513893       2.675769633800E-002
  -3.60190654001        3.91271352494       -97.2000000000       0.338178742128      -6.199221902162E-003  2.126090849838E-002
  -4.00211837779        4.34745947216       -97.2000000000       0.301187254820      -8.468727585459E-002  1.536009031619E-002
  -4.40233021557        4.78220541938       -97.2000000000       0.223885273959      -0.109335740094       1.171984165882E-002
   0.00000000000        0.00000000000       -97.2000000000       0.771284114802      -9.922427060881E-002 -1.606060604102E-002
 -0.519689034804       0.281241641340       -97.2000000000       0.784816795408      -3.631414889352E-002 -1.408180682392E-003
  -1.03937806961       0.562483282680       -97.2000000000       0.787902843376      -3.518177905691E-002  1.019992661652E-002
  -1.55906710441       0.843724924020       -97.2000000000       0.758624212027      -6.009229563889E-002  2.460493081749E-003
  -2.07875613922        1.12496656536       -97.2000000000       0.738315358078      -3.067409440947E-002  1.192733287427E-003
  -2.59844517402        1.40620820670       -97.2000000000       0.239092482169       0.146599284527       0.125052921460     
  -3.11813420882        1.68744984804       -97.2000000000       0.189775061537       0.137134193347       7.206630524412E-002
  -3.63782324363        1.96869148938       -97.2000000000       0.157717016206       0.114105685705       4.763449336840E-002
  -4.15751227843        2.24993313072       -97.2000000000       0.144457592172       8.434201818534E-002  4.280638713668E-002
  -4.67720131323        2.53117477206       -97.2000000000       0.148201247926       6.185505601081E-002  3.505913421227E-002
  -5.19689034804        2.81241641340       -97.2000000000       0.132547363829       2.068457162350E-002  2.598360933467E-002
  -5.71657938284        3.09365805474       -97.2000000000       0.116786390482       9.508264687913E-004  1.754382665036E-002
   0.00000000000        0.00000000000       -97.2000000000       0.771284114802      -9.922427060881E-002 -1.606060604102E-002
 -0.582849861102       9.726043971134E-002  -97.2000000000       0.762253985704      -8.163681155868E-002 -1.005588658171E-002
  -1.16569972220       0.194520879423       -97.2000000000       0.793484123526       3.804916228244E-002  1.534128398404E-002
  -1.74854958330       0.291781319134       -97.2000000000       0.764496694254       1.307371141646E-002  9.302987642341E-003
  -2.33139944441       0.389041758845       -97.2000000000       0.745217621179      -7.743678687085E-003  1.687772609140E-003
  -2.91424930551       0.486302198557       -97.2000000000       0.149866156008       5.849247570457E-002  0.132923077679     
  -3.49709916661       0.583562638268       -97.2000000000       9.721130324621E-002  1.914401924646E-002  6.690500870405E-002
  -4.07994902771       0.680823077979       -97.2000000000       7.242629160934E-002 -4.180576171880E-003  4.493868617825E-002
  -4.66279888881       0.778083517691       -97.2000000000       5.911572228088E-002 -9.990481112199E-003  3.625791645075E-002
  -5.24564874991       0.875343957402       -97.2000000000       5.181885903293E-002  5.325537754256E-003  2.987831871116E-002
  -5.82849861102       0.972604397113       -97.2000000000       6.097150115935E-002  4.304960007194E-003  2.404246147107E-002
  -6.41134847212        1.06986483682       -97.2000000000       7.424355111465E-002  2.711962266227E-003  1.669216567338E-002
   0.00000000000        0.00000000000       -97.2000000000       0.771284114802      -9.922427060881E-002 -1.606060604102E-002
 -0.582849861102      -9.726043971134E-002  -97.2000000000       0.765239714638      -7.973933466390E-002 -1.151334451539E-002
  -1.16569972220      -0.194520879423       -97.2000000000       0.768533695190      -3.318977589783E-002 -1.986262646318E-003
  -1.74854958330      -0.291781319134       -97.2000000000       0.786634300539       5.644819700452E-002  1.455559704976E-002
  -2.33139944441      -0.389041758845       -97.2000000000       0.759774721724       1.449328566526E-002  3.600196695581E-003
  -2.91424930551      -0.486302198557       -97.2000000000       0.134692256904      -5.446679423572E-002  0.125051385466     
  -3.49709916661      -0.583562638268       -97.2000000000       0.106937766793      -5.216091433260E-002  4.155214557766E-002
  -4.07994902771      -0.680823077979       -97.2000000000       8.121346318192E-002 -4.088016158464E-002  2.537434929122E-002
  -4.66279888881      -0.778083517691       -97.2000000000       7.401313938898E-002 -2.864115524172E-002  2.084307310661E-002
  -5.24564874991      -0.875343957402       -97.2000000000       6.709172350807E-002 -1.575744360050E-002  1.507350277415E-002
  -5.82849861102      -0.972604397113       -97.2000000000       6.831296218691E-002 -1.739441786172E-002  8.850201607705E-003
  -6.41134847212       -1.06986483682       -97.2000000000       7.615453974699E-002 -1.101577495211E-002  6.864929333986E-003
   0.00000000000        0.00000000000       -97.2000000000       0.771284114802      -9.922427060881E-002 -1.606060604102E-002
 -0.519689034804      -0.281241641340       -97.2000000000       0.768880448118      -7.995335291868E-002 -1.346356879341E-002
  -1.03937806961      -0.562483282680       -97.2000000000       0.766616087940      -5.996331771336E-002 -1.052263965697E-002
  -1.55906710441      -0.843724924020       -97.2000000000       0.784291289879       1.685600011028E-002  4.061181355052E-003
  -2.07875613922       -1.12496656536       -97.2000000000       0.785905719572       4.771445805336E-002  8.905710421933E-003
  -2.59844517402       -1.40620820670       -97.2000000000       0.216816390324      -0.168723002465       0.110622551761     
  -3.11813420882       -1.68744984804       -97.2000000000       0.154651835798      -0.120553152184       4.194688285925E-002
  -3.63782324363       -1.96869148938       -97.2000000000       0.123501797450      -8.921508449992E-002  2.961005334039E-002
  -4.15751227843       -2.24993313072       -97.2000000000       0.113078125768      -7.612044559618E-002  2.406402113180E-002
  -4.67720131323       -2.53117477206       -97.2000000000       0.105146275927      -6.012863231496E-002  1.407151854295E-002
  -5.19689034804       -2.81241641340       -97.2000000000       0.128843163156      -2.841183369238E-002  5.428737450939E-003
  -5.71657938284       -3.09365805474       -97.2000000000       0.120343096538       1.777406087543E-003 -4.176737862144E-003
   0.00000000000        0.00000000000       -97.2000000000       0.771284114802      -9.922427060881E-002 -1.606060604102E-002
 -0.400211837779      -0.434745947216       -97.2000000000       0.773250501330      -7.983543711423E-002 -1.453783172042E-002
 -0.800423675558      -0.869491894432       -97.2000000000       0.777985548813      -6.374000171046E-002 -1.107836709088E-002
  -1.20063551334       -1.30423784165       -97.2000000000       0.777197874592      -4.973132265813E-002 -9.974488468667E-003
  -1.60084735112       -1.73898378886       -97.2000000000       0.803966976456       6.102841641278E-002  1.316210534522E-002
  -2.00105918889       -2.17372973608       -97.2000000000       0.315344960886      -0.396169061477       5.522501631504E-002
  -2.40127102667       -2.60847568330       -97.2000000000       0.327844926996      -0.245434523563       3.791487561606E-002
  -2.80148286445       -3.04322163051       -97.2000000000       0.276115781191      -0.200022335896       2.467749278340E-002
  -3.20169470223       -3.47796757773       -97.2000000000       0.312845688709      -0.112991129890       1.165214299078E-002
  -3.60190654001       -3.91271352494       -97.2000000000       0.300389842752      -4.715801564547E-002 -4.834191022087E-004
  -4.00211837779       -4.34745947216       -97.2000000000       0.256408034595       4.639107569900E-002 -1.679095042498E-002
  -4.40233021557       -4.78220541938       -97.2000000000       0.181915427278       9.848041272196E-002 -3.678807095984E-002
   0.00000000000        0.00000000000       -97.2000000000       0.771284114802      -9.922427060881E-002 -1.606060604102E-002
 -0.237365478204      -0.541138783933       -97.2000000000       0.778125276949      -7.811317306824E-002 -1.400512365374E-002
 -0.474730956408       -1.08227756787       -97.2000000000       0.788345905337      -7.131403374423E-002 -1.245226792457E-002
 -0.712096434612       -1.62341635180       -97.2000000000       0.798188092233      -6.721256374758E-002 -1.167394885218E-002
 -0.949461912816       -2.16455513573       -97.2000000000       0.782333344887      -4.520935303011E-002 -5.362101303623E-003
  -1.18682739102       -2.70569391966       -97.2000000000       0.558679304215      -0.188253968738       4.119988719468E-002
  -1.42419286922       -3.24683270360       -97.2000000000       0.508962142956      -0.227352048589       2.848711542532E-002
  -1.66155834743       -3.78797148753       -97.2000000000       0.451767967701      -0.225184071521       3.310964916804E-003
  -1.89892382563       -4.32911027146       -97.2000000000       0.461472541944      -0.280910814931       1.176333922925E-003
  -2.13628930384       -4.87024905539       -97.2000000000       0.471201926083      -0.429885649796      -2.222200896586E-003
  -2.37365478204       -5.41138783933       -97.2000000000       7.125733221744E-002 -0.909736445674      -5.816349940080E-003
  -2.61102026024       -5.95252662326       -97.2000000000      -0.303396739435      -0.166492196006      -8.637956332289E-003
   0.00000000000        0.00000000000       -97.2000000000       0.771284114802      -9.922427060881E-002 -1.606060604102E-002
 -4.879688596092E-002 -0.588890836777       -97.2000000000       0.782040814654      -7.980340882812E-002 -1.423304657024E-002
 -9.759377192185E-002  -1.17778167355       -97.2000000000       0.796451127082      -7.963994032926E-002 -1.400294679623E-002
 -0.146390657883       -1.76667251033       -97.2000000000       0.810908961169      -8.033373399029E-002 -1.396262990745E-002
 -0.195187543844       -2.35556334711       -97.2000000000       0.825366795256      -8.102752765132E-002 -1.392231301868E-002
 -0.243984429805       -2.94445418388       -97.2000000000       0.655118071545      -5.296084212840E-002 -2.582523968482E-003
 -0.292781315766       -3.53334502066       -97.2000000000       0.562354695983      -5.111442165769E-002  1.531941612634E-002
 -0.341578201726       -4.12223585744       -97.2000000000       0.456988718620      -5.967829997214E-002  3.944065032651E-003
 -0.390375087687       -4.71112669421       -97.2000000000       0.385883163939      -7.596729459398E-002 -8.700834540853E-003
 -0.439171973648       -5.30001753099       -97.2000000000       0.291291280177      -7.148396757296E-002 -7.319499047936E-003
 -0.487968859609       -5.88890836777       -97.2000000000       0.170194627590      -4.973043085652E-002 -5.530650496248E-003
 -0.536765745570       -6.47779920454       -97.2000000000       0.102875331850      -2.274204046529E-002 -4.572573014488E-003
   0.00000000000        0.00000000000       -97.2000000000       0.771284114802      -9.922427060881E-002 -1.606060604102E-002
  0.145059606038      -0.572827429873       -97.2000000000       0.784572805180      -8.472298112258E-002 -1.519690148533E-002
  0.290119212075       -1.14565485975       -97.2000000000       0.801422887508      -8.781548029732E-002 -1.556236358885E-002
  0.435178818113       -1.71848228962       -97.2000000000       0.818366601808      -9.259704394237E-002 -1.630175509638E-002
  0.580238424151       -2.29130971949       -97.2000000000       0.864859301623      -0.121605715545      -1.639902855097E-002
  0.725298030189       -2.86413714937       -97.2000000000       0.746109882162       0.486157816201      -2.982519267987E-002
  0.870357636226       -3.43696457924       -97.2000000000       0.551214419713       0.149874857704      -7.549230923269E-003
   1.01541724226       -4.00979200911       -97.2000000000       0.473856578397       0.181314687612      -1.055148725110E-002
   1.16047684830       -4.58261943899       -97.2000000000       0.392890501229       0.220172481031      -1.927180671795E-002
   1.30553645434       -5.15544686886       -97.2000000000       0.286467814418       0.261050473601      -1.882829896271E-002
   1.45059606038       -5.72827429873       -97.2000000000       0.159169199137       0.252878154561      -7.055114550944E-003
   1.59565566642       -6.30110172861       -97.2000000000       4.867471394576E-002  0.184972384100      -5.394564640083E-005
   0.00000000000        0.00000000000       -97.2000000000       0.771284114802      -9.922427060881E-002 -1.606060604102E-002
  0.323196638891      -0.494689282610       -97.2000000000       0.785446868063      -9.233877795850E-002 -1.679223976320E-002
  0.646393277781      -0.989378565219       -97.2000000000       0.802722419228      -9.495470703627E-002 -1.696153129610E-002
  0.969589916672       -1.48406784783       -97.2000000000       0.822436027248      -0.104413995538      -1.829179330027E-002
   1.29278655556       -1.97875713044       -97.2000000000       0.893308187185      -0.155280554862      -1.845692385394E-002
   1.61598319445       -2.47344641305       -97.2000000000       0.483499267184       0.227770374784      -9.719670073541E-002
   1.93917983334       -2.96813569566       -97.2000000000       0.447954270385       0.263851091065      -3.646500897528E-002
   2.26237647223       -3.46282497827       -97.2000000000       0.418307149465       0.234078638009      -3.620072418255E-002
   2.58557311112       -3.95751426088       -97.2000000000       0.450674862816       0.181067984726      -3.342110173872E-002
   2.90876975001       -4.45220354349       -97.2000000000       0.562770098181       4.545040917857E-002 -2.255309275116E-002
   3.23196638891       -4.94689282610       -97.2000000000       0.521704265717      -0.325164136599      -1.057678778161E-002
   3.55516302780       -5.44158210871       -97.2000000000       0.121423185097      -0.318780830709      -4.411599144997E-003
   0.00000000000        0.00000000000       -97.2000000000       0.771284114802      -9.922427060881E-002 -1.606060604102E-002
  0.466310301007      -0.362943875680       -97.2000000000       0.784568285030      -0.101825509577      -1.884618174722E-002
  0.932620602014      -0.725887751361       -97.2000000000       0.800208897815      -0.100283974552      -1.804882838658E-002
   1.39893090302       -1.08883162704       -97.2000000000       0.820789265964      -0.113517781680      -1.981385159819E-002
   1.86524120403       -1.45177550272       -97.2000000000       0.883457442452      -0.151284309838      -1.950834584124E-002
   2.33155150503       -1.81471937840       -97.2000000000       0.291811105599       0.236992872635      -0.147100755039     
   2.79786180604       -2.17766325408       -97.2000000000       0.278180261293       0.235581965100      -9.394690354200E-002
   3.26417210705       -2.54060712976       -97.2000000000       0.229810273629       0.218705996492      -4.260382661674E-002
   3.73048240806       -2.90355100544       -97.2000000000       0.202340146743       0.136861300531      -2.886362241576E-002
   4.19679270906       -3.26649488112       -97.2000000000       0.186164513758       7.585195930534E-002 -1.484995400514E-002
   4.66310301007       -3.62943875680       -97.2000000000       0.190880278281       5.280381734428E-004 -1.393854045538E-002
   5.12941331108       -3.99238263248       -97.2000000000       0.138097231985      -1.112089302483E-002 -1.440885528116E-002
   0.00000000000        0.00000000000       -97.2000000000       0.771284114802      -9.922427060881E-002 -1.606060604102E-002
  0.558892006459      -0.191867868166       -97.2000000000       0.782032264183      -0.112155141407      -2.113615095324E-002
   1.11778401292      -0.383735736333       -97.2000000000       0.794791125556      -0.114706466661      -2.124805439258E-002
   1.67667601938      -0.575603604499       -97.2000000000       0.807549986929      -0.117257791914      -2.135995783192E-002
   2.23556802584      -0.767471472666       -97.2000000000       0.831271571270      -0.131741884232      -2.186290237771E-002
   2.79446003230      -0.959339340832       -97.2000000000       0.112781423043       6.607679355534E-002 -0.171940051988     
   3.35335203876       -1.15120720900       -97.2000000000       6.497697373392E-002  3.545857344217E-002 -0.129643399552     
   3.91224404522       -1.34307507716       -97.2000000000       5.623126990292E-002  2.986045226374E-002 -7.403540305440E-002
   4.47113605168       -1.53494294533       -97.2000000000       6.790076019714E-002  5.543562768012E-002 -3.252308794321E-002
   5.03002805814       -1.72681081350       -97.2000000000       6.138271545432E-002  3.718519620136E-003 -1.871907464352E-002
   5.58892006459       -1.91867868166       -97.2000000000       6.160153237555E-002 -2.286394451349E-003 -1.476130624622E-002
   6.14781207105       -2.11054654983       -97.2000000000       6.084086909463E-002 -1.244752697152E-003 -1.081252111049E-002
   0.00000000000        0.00000000000       -97.2000000000       0.771284114802      -9.922427060881E-002 -1.606060604102E-002
  0.590909090909        0.00000000000       -97.2000000000       0.778925599321      -0.118016773350      -2.140954914560E-002
   1.18181818182      -1.172487511250E-015  -97.2000000000       0.786953842655      -0.134812778961      -2.580373985658E-002
   1.77272727273        0.00000000000       -97.2000000000       0.787321814905      -0.135209871545      -2.656885216460E-002
   2.36363636364        0.00000000000       -97.2000000000       0.790179271413      -0.115938469392      -2.316961739749E-002
   2.95454545455        0.00000000000       -97.2000000000       0.115132043960      -7.360965004552E-002 -0.156827818739     
   3.54545454545        0.00000000000       -97.2000000000       7.726028813572E-002 -4.079229870836E-002 -0.113827279207     
   4.13636363636        0.00000000000       -97.2000000000       5.806321508697E-002 -1.999620649935E-002 -6.807307934119E-002
   4.72727272727        0.00000000000       -97.2000000000       6.769937416115E-002 -7.871053996051E-003 -2.796777424989E-002
   5.31818181818        0.00000000000       -97.2000000000       5.776001516987E-002 -3.147666381720E-002 -2.805055047796E-002
   5.90909090909        0.00000000000       -97.2000000000       6.018003290448E-002 -2.528907209586E-002 -2.145102057103E-002
   6.50000000000        0.00000000000       -97.2000000000       6.260005063908E-002 -1.910148037451E-002 -1.485149066410E-002
