 12 20 1 1
 1 X [LENGU]
 2 Y [LENGU]
 3 Z [LENGU]
 4 Hx [FIELU]
 5 Hy [FIELU]
 6 Hz [FIELU]
 0
   0.00000000000        0.00000000000        36.7200000000        2.94864198331       1.853134786432E-002  1.851872721502E-003
  0.590909090909        0.00000000000        36.7200000000        2.93940485502       9.725062501930E-004 -2.362132791492E-004
   1.18181818182        0.00000000000        36.7200000000        2.93016772673      -1.658633536394E-002 -2.324299279801E-003
   1.77272727273        0.00000000000        36.7200000000        2.90564842893      -1.783550409952E-002 -1.257748373990E-003
   2.36363636364        0.00000000000        36.7200000000        2.86800369134      -3.760780784184E-003  2.817088096529E-003
   2.95454545455        0.00000000000        36.7200000000        3.00118154204      -1.097054215648E-002  2.233700910968E-003
   3.54545454545        0.00000000000        36.7200000000        2.92825653250       9.002467406382E-003  1.461238362305E-003
   4.13636363636        0.00000000000        36.7200000000        2.79394099291       1.344600236215E-002 -1.915375728865E-004
   4.72727272727        0.00000000000        36.7200000000        2.61412128659       8.338843038398E-003 -1.761498372320E-003
   5.31818181818        0.00000000000        36.7200000000        2.52307224372       2.303992222714E-002 -3.531763410133E-003
   5.90909090909        0.00000000000        36.7200000000        2.37782927716       1.226739698666E-002  3.486504380590E-003
   6.50000000000        0.00000000000        36.7200000000        2.23421026980       1.503801331889E-002 -3.657509377212E-003
   0.00000000000        0.00000000000        36.7200000000        2.94864198331       1.853134786432E-002  1.851872721502E-003
  0.558892006459       0.191867868166        36.7200000000        2.93922985129       5.005282127450E-003 -4.438148067129E-004
   1.11778401292       0.383735736333        36.7200000000        2.92981771927      -8.520783609423E-003 -2.739502334928E-003
   1.67667601938       0.575603604499        36.7200000000        2.90706892625      -1.439370984827E-003 -8.345947530423E-004
   2.23556802584       0.767471472666        36.7200000000        2.90372395770      -6.960203524768E-003 -1.242489457078E-003
   2.79446003230       0.959339340832        36.7200000000        3.05409699151       7.542111337569E-002  3.639385024827E-003
   3.35335203876        1.15120720900        36.7200000000        2.98436912623       0.148215959080       2.746742046907E-003
   3.91224404522        1.34307507716        36.7200000000        2.86650827203       0.255807211322      -3.232863673627E-004
   4.47113605168        1.53494294533        36.7200000000        2.74857320736       0.348120548266      -3.444460346871E-003
   5.03002805814        1.72681081350        36.7200000000        2.54002740013       0.364834191072       4.037120720259E-003
   5.58892006459        1.91867868166        36.7200000000        2.32055536985       0.402904443568      -1.313734056771E-002
   6.14781207105        2.11054654983        36.7200000000        1.99387607870       0.563522593144      -4.887728152099E-003
   0.00000000000        0.00000000000        36.7200000000        2.94864198331       1.853134786432E-002  1.851872721502E-003
  0.466310301007       0.362943875680        36.7200000000        2.94007479811       1.050381710583E-002 -4.026429693323E-004
  0.932620602014       0.725887751361        36.7200000000        2.93150761291       2.476286347340E-003 -2.657158660167E-003
   1.39893090302        1.08883162704        36.7200000000        2.90815011334       7.821565747204E-003 -3.259160348662E-003
   1.86524120403        1.45177550272        36.7200000000        2.89911966547       3.492182892389E-003 -3.620950019843E-003
   2.33155150503        1.81471937840        36.7200000000        3.26409095741       8.778562676595E-002  8.790582125588E-003
   2.79786180604        2.17766325408        36.7200000000        3.28917767606       0.247282771122       8.977764891039E-003
   3.26417210705        2.54060712976        36.7200000000        3.22778380863       0.578105986038      -7.705775572751E-004
   3.73048240806        2.90355100544        36.7200000000        3.54948815242       0.754741833081       6.099372413741E-003
   4.19679270906        3.26649488112        36.7200000000        3.22257940421       0.958921478845      -3.624860909638E-003
   4.66310301007        3.62943875680        36.7200000000        2.93929336212        1.52758323840      -2.086260487790E-003
   5.12941331108        3.99238263248        36.7200000000        2.54494732527        1.58194102428      -4.986885975694E-003
   0.00000000000        0.00000000000        36.7200000000        2.94864198331       1.853134786432E-002  1.851872721502E-003
  0.323196638891       0.494689282610        36.7200000000        2.94024344420       1.682125584255E-002 -2.974102067907E-004
  0.646393277781       0.989378565219        36.7200000000        2.92514968258       1.489836140761E-002 -3.198751662068E-003
  0.969589916672        1.48406784783        36.7200000000        2.91238275924       8.701357058849E-003 -4.431071459834E-003
   1.29278655556        1.97875713044        36.7200000000        2.90088053084      -4.243304313516E-005 -4.767072007634E-003
   1.61598319445        2.47344641305        36.7200000000        3.36029677492      -1.009639533803E-003  7.528356172882E-003
   1.93917983334        2.96813569566        36.7200000000        3.57807821129       1.314882772764E-002  7.375468962354E-003
   2.26237647223        3.46282497827        36.7200000000        3.66968571010      -1.451869929789E-002  8.218190223788E-003
   2.58557311112        3.95751426088        36.7200000000        4.46876348754       0.315058082502       9.653053656913E-003
   2.90876975001        4.45220354349        36.7200000000        5.95059610390       0.952631873911       1.051673962242E-002
   3.23196638891        4.94689282610        36.7200000000        5.86321420117        4.70946246911       1.310091748413E-002
   3.55516302780        5.44158210871        36.7200000000        1.54699891292        3.98734385172       3.913036804676E-002
   0.00000000000        0.00000000000        36.7200000000        2.94864198331       1.853134786432E-002  1.851872721502E-003
  0.145059606038       0.572827429873        36.7200000000        2.93717377691       2.319215512635E-002 -4.252521145196E-004
  0.290119212075        1.14565485975        36.7200000000        2.92575556867       2.248915793591E-002 -2.462173777384E-003
  0.435178818113        1.71848228962        36.7200000000        2.91216928281       1.103784824814E-002 -3.693133807234E-003
  0.580238424151        2.29130971949        36.7200000000        2.89758912041       1.219152165110E-003 -4.247785337736E-003
  0.725298030189        2.86413714937        36.7200000000        3.39097064791      -9.717658036321E-003 -4.703537122059E-003
  0.870357636226        3.43696457924        36.7200000000        3.21654722554      -0.220898245952       6.149634268525E-003
   1.01541724226        4.00979200911        36.7200000000        3.03517224156      -0.542038430758       4.902196310141E-003
   1.16047684830        4.58261943899        36.7200000000        2.81500637387       -1.01417840925      -9.939772209508E-004
   1.30553645434        5.15544686886        36.7200000000        2.22344017326       -1.66579742834      -3.469880263241E-003
   1.45059606038        5.72827429873        36.7200000000        1.02361857079       -1.81206125402      -8.623325848095E-003
   1.59565566642        6.30110172861        36.7200000000       0.178500069466       -1.36364823212      -2.756719782135E-002
   0.00000000000        0.00000000000        36.7200000000        2.94864198331       1.853134786432E-002  1.851872721502E-003
 -4.879688596092E-002  0.588890836777        36.7200000000        2.93607239898       2.908104406686E-002 -2.248350022440E-004
 -9.759377192185E-002   1.17778167355        36.7200000000        2.93033055588       2.871901598147E-002 -1.053005591893E-003
 -0.146390657883        1.76667251033        36.7200000000        2.92313026650       2.095655465024E-002 -1.697127780392E-003
 -0.195187543844        2.35556334711        36.7200000000        2.92008735052       7.791865057965E-003 -1.323172398138E-003
 -0.243984429805        2.94445418388        36.7200000000        3.26965646675       5.092743096132E-002  3.947494928641E-003
 -0.292781315766        3.53334502066        36.7200000000        2.89055800681      -6.164539464595E-003  3.687677775116E-003
 -0.341578201726        4.12223585744        36.7200000000        2.76528120694       0.240652621309       3.515795623309E-003
 -0.390375087687        4.71112669421        36.7200000000        2.63689226171       0.402203144108       4.002951005672E-003
 -0.439171973648        5.30001753099        36.7200000000        1.85127908774       0.523184361771      -3.329999077552E-003
 -0.487968859609        5.88890836777        36.7200000000        1.18223479062       0.538714630634       6.251025058184E-004
 -0.536765745570        6.47779920454        36.7200000000       0.600786411742       0.503146055552       3.372999305140E-003
   0.00000000000        0.00000000000        36.7200000000        2.94864198331       1.853134786432E-002  1.851872721502E-003
 -0.237365478204       0.541138783933        36.7200000000        2.93705866180       3.384977017187E-002  2.821228261290E-004
 -0.474730956408        1.08227756787        36.7200000000        2.93565530860       3.606861487005E-002  4.427543966086E-004
 -0.712096434612        1.62341635180        36.7200000000        2.93636147056       3.149337622117E-002  8.590738971057E-004
 -0.949461912816        2.16455513573        36.7200000000        2.95115753858       1.989169424438E-002  2.415783449604E-003
  -1.18682739102        2.70569391966        36.7200000000        3.33562264347       7.578129564840E-002  1.025164391966E-003
  -1.42419286922        3.24683270360        36.7200000000        3.36609239764       0.196822586659       3.380559841313E-003
  -1.66155834743        3.78797148753        36.7200000000        3.71866609819       0.526617326147       1.100000575693E-003
  -1.89892382563        4.32911027146        36.7200000000        4.02111698737        1.16036365001      -7.222811835081E-003
  -2.13628930384        4.87024905539        36.7200000000        4.68957834719        3.22915812383      -2.278384020650E-003
  -2.37365478204        5.41138783933        36.7200000000        2.74573625166        3.38493455851       1.868685865642E-003
  -2.61102026024        5.95252662326        36.7200000000       -3.01012493883       0.904524757056       3.235644055285E-003
   0.00000000000        0.00000000000        36.7200000000        2.94864198331       1.853134786432E-002  1.851872721502E-003
 -0.400211837779       0.434745947216        36.7200000000        2.94002568848       3.698156797348E-002  1.040684623634E-003
 -0.800423675558       0.869491894432        36.7200000000        2.94049870713       4.316509134631E-002  1.799436239743E-003
  -1.20063551334        1.30423784165        36.7200000000        2.95495578809       4.086904551312E-002  3.795867410876E-003
  -1.60084735112        1.73898378886        36.7200000000        2.98363757102       2.803007915709E-002  6.871698535410E-003
  -2.00105918889        2.17372973608        36.7200000000        3.18056962472       9.396141936649E-002 -3.531228098803E-003
  -2.40127102667        2.60847568330        36.7200000000        3.34263117089      -0.210153228975      -4.934718491671E-003
  -2.80148286445        3.04322163051        36.7200000000        3.62661184236      -0.457908885201      -4.723646311128E-003
  -3.20169470223        3.47796757773        36.7200000000        3.79585139797      -0.612432050703      -1.121227810957E-002
  -3.60190654001        3.91271352494        36.7200000000        3.81156284915       -1.48586116370      -7.273880510408E-003
  -4.00211837779        4.34745947216        36.7200000000        3.37647749193       -2.18386263082       1.134734529049E-002
  -4.40233021557        4.78220541938        36.7200000000        2.83967311155       -2.46705715358       1.062892634316E-002
   0.00000000000        0.00000000000        36.7200000000        2.94864198331       1.853134786432E-002  1.851872721502E-003
 -0.519689034804       0.281241641340        36.7200000000        2.94465195565       3.813705858503E-002  1.968648449212E-003
  -1.03937806961       0.562483282680        36.7200000000        2.94995229889       4.641435851725E-002  3.278144002579E-003
  -1.55906710441       0.843724924020        36.7200000000        2.97670721141       4.220385632918E-002  6.620294788454E-003
  -2.07875613922        1.12496656536        36.7200000000        2.98868914564       3.325159440821E-002  7.905857262581E-003
  -2.59844517402        1.40620820670        36.7200000000        3.14838181487      -0.104660496626      -1.490598626482E-003
  -3.11813420882        1.68744984804        36.7200000000        3.14108136540      -0.277146417575      -3.367064144396E-003
  -3.63782324363        1.96869148938        36.7200000000        3.10390320524      -0.461928177795      -4.760731491137E-003
  -4.15751227843        2.24993313072        36.7200000000        2.88002408789      -0.598829899857      -1.032640785423E-002
  -4.67720131323        2.53117477206        36.7200000000        2.72714100030      -0.767302488568      -1.136711000927E-002
  -5.19689034804        2.81241641340        36.7200000000        2.46222354251      -0.935731923723      -4.397289533253E-003
  -5.71657938284        3.09365805474        36.7200000000        2.11754193124       -1.09836910607      -3.313712044938E-002
   0.00000000000        0.00000000000        36.7200000000        2.94864198331       1.853134786432E-002  1.851872721502E-003
 -0.582849861102       9.726043971134E-002   36.7200000000        2.95043613547       3.719102666949E-002  2.965455023520E-003
  -1.16569972220       0.194520879423        36.7200000000        2.95432637077       4.658303452661E-002  3.840614361862E-003
  -1.74854958330       0.291781319134        36.7200000000        2.98626876655       4.252552789567E-002  7.807406811422E-003
  -2.33139944441       0.389041758845        36.7200000000        2.98194547211       3.281409881056E-002  7.081645549716E-003
  -2.91424930551       0.486302198557        36.7200000000        3.00089387483      -6.893846614135E-002 -2.846205222427E-004
  -3.49709916661       0.583562638268        36.7200000000        2.88867824782      -9.472053056657E-002 -1.212851597684E-003
  -4.07994902771       0.680823077979        36.7200000000        2.76394428365      -0.130608167711      -9.158167848992E-004
  -4.66279888881       0.778083517691        36.7200000000        2.64542958324      -0.185513683024      -1.492660205081E-003
  -5.24564874991       0.875343957402        36.7200000000        2.49850525098      -0.210821439774      -4.074971470820E-003
  -5.82849861102       0.972604397113        36.7200000000        2.33767145533      -0.196254709605       7.357685991014E-004
  -6.41134847212        1.06986483682        36.7200000000        2.14942539889      -0.196058213295       2.858654896748E-003
   0.00000000000        0.00000000000        36.7200000000        2.94864198331       1.853134786432E-002  1.851872721502E-003
 -0.582849861102      -9.726043971134E-002   36.7200000000        2.95675142231       3.424598946410E-002  3.923084887184E-003
  -1.16569972220      -0.194520879423        36.7200000000        2.95164365553       4.586915319882E-002  3.412560464178E-003
  -1.74854958330      -0.291781319134        36.7200000000        2.97867896573       4.164912286369E-002  6.775342769138E-003
  -2.33139944441      -0.389041758845        36.7200000000        2.96450822660       3.190990309676E-002  4.659716925348E-003
  -2.91424930551      -0.486302198557        36.7200000000        3.01096581147       5.538423733194E-002  1.604419809773E-003
  -3.49709916661      -0.583562638268        36.7200000000        2.92719323365       0.199048147656      -6.828410491265E-003
  -4.07994902771      -0.680823077979        36.7200000000        2.78891791749       0.229787813893      -3.058566459976E-003
  -4.66279888881      -0.778083517691        36.7200000000        2.63533308388       0.177837444062      -2.868469610517E-003
  -5.24564874991      -0.875343957402        36.7200000000        2.51659373072       0.168983623604      -4.103098168812E-003
  -5.82849861102      -0.972604397113        36.7200000000        2.34313707281       0.188039493505       1.302428100187E-003
  -6.41134847212       -1.06986483682        36.7200000000        2.14649192982       0.207464987173       7.693258848192E-003
   0.00000000000        0.00000000000        36.7200000000        2.94864198331       1.853134786432E-002  1.851872721502E-003
 -0.519689034804      -0.281241641340        36.7200000000        2.94885293353       2.856252471397E-002  3.912805585595E-003
  -1.03937806961      -0.562483282680        36.7200000000        2.96229951945       3.636921096779E-002  4.675354727925E-003
  -1.55906710441      -0.843724924020        36.7200000000        2.96287831987       4.211310724827E-002  4.713291946580E-003
  -2.07875613922       -1.12496656536        36.7200000000        2.97111702156       3.893959381578E-002  5.668929492161E-003
  -2.59844517402       -1.40620820670        36.7200000000        3.17326689097       8.360108510706E-002  2.580707544136E-003
  -3.11813420882       -1.68744984804        36.7200000000        3.18983391756       0.346853740726       2.304241894540E-003
  -3.63782324363       -1.96869148938        36.7200000000        3.00071338735       0.562492734689      -5.954229462562E-003
  -4.15751227843       -2.24993313072        36.7200000000        2.82784295872       0.639262328161      -3.869083980359E-003
  -4.67720131323       -2.53117477206        36.7200000000        2.71042883582       0.754631813210      -1.225382235528E-002
  -5.19689034804       -2.81241641340        36.7200000000        2.41611733050       0.932625761651      -1.429435377846E-002
  -5.71657938284       -3.09365805474        36.7200000000        1.98743369545        1.15838723539       6.825515672404E-002
   0.00000000000        0.00000000000        36.7200000000        2.94864198331       1.853134786432E-002  1.851872721502E-003
 -0.400211837779      -0.434745947216        36.7200000000        2.93555880862       2.134447801510E-002  3.417062414634E-003
 -0.800423675558      -0.869491894432        36.7200000000        3.00840999750       1.817397660395E-003  8.343385794132E-003
  -1.20063551334       -1.30423784165        36.7200000000        2.99518682395       1.496104022474E-002  7.005227156103E-003
  -1.60084735112       -1.73898378886        36.7200000000        2.97561026892       2.636121929560E-002  4.036943643876E-003
  -2.00105918889       -2.17372973608        36.7200000000        3.19608242928      -0.100113923044      -2.638819276139E-003
  -2.40127102667       -2.60847568330        36.7200000000        3.41558340348       0.213672523422       1.015570625678E-003
  -2.80148286445       -3.04322163051        36.7200000000        3.63713050669       0.328980987910       6.935037620526E-004
  -3.20169470223       -3.47796757773        36.7200000000        3.84833801375       0.654993146977      -6.407374601139E-004
  -3.60190654001       -3.91271352494        36.7200000000        3.86644981686        1.53100281186       1.370749104528E-002
  -4.00211837779       -4.34745947216        36.7200000000        3.41668328917        2.21107540380       3.785127898475E-002
  -4.40233021557       -4.78220541938        36.7200000000        2.89336791157        2.23906542074       1.374028882867E-002
   0.00000000000        0.00000000000        36.7200000000        2.94864198331       1.853134786432E-002  1.851872721502E-003
 -0.237365478204      -0.541138783933        36.7200000000        2.92713920842       1.416894379589E-002  2.847075993536E-003
 -0.474730956408       -1.08227756787        36.7200000000        2.93344010626       4.863311601854E-003  3.324216748407E-003
 -0.712096434612       -1.62341635180        36.7200000000        3.02558430443      -1.848919301221E-002  7.188979620301E-003
 -0.949461912816       -2.16455513573        36.7200000000        2.99092633337      -4.804748419082E-003  1.359924676048E-003
  -1.18682739102       -2.70569391966        36.7200000000        3.31851579372      -7.784600714960E-002  1.562744185387E-003
  -1.42419286922       -3.24683270360        36.7200000000        3.22977896077      -0.170104372282       4.073907099071E-004
  -1.66155834743       -3.78797148753        36.7200000000        3.34570795128      -0.454355984932       2.114578742786E-003
  -1.89892382563       -4.32911027146        36.7200000000        3.97787426277       -1.15536087965      -6.716397843102E-003
  -2.13628930384       -4.87024905539        36.7200000000        4.60604089542       -2.99942241880       2.167813806407E-003
  -2.37365478204       -5.41138783933        36.7200000000      -0.288091008049       -7.91950467334       1.036583407223E-003
  -2.61102026024       -5.95252662326        36.7200000000       -2.94974009933       -1.00939455287      -5.221481202133E-003
   0.00000000000        0.00000000000        36.7200000000        2.94864198331       1.853134786432E-002  1.851872721502E-003
 -4.879688596092E-002 -0.588890836777        36.7200000000        2.92450652723       7.813502528889E-003  2.264613195279E-003
 -9.759377192185E-002  -1.17778167355        36.7200000000        2.91809502187      -1.685630726497E-003  7.803257960246E-004
 -0.146390657883       -1.76667251033        36.7200000000        2.98526284830      -4.296705625529E-002 -4.430235015021E-004
 -0.195187543844       -2.35556334711        36.7200000000        3.02128017900      -8.187099130191E-002 -8.134017580440E-003
 -0.243984429805       -2.94445418388        36.7200000000        3.31871645087      -3.898820816841E-002 -3.136372791804E-003
 -0.292781315766       -3.53334502066        36.7200000000        3.32308044910      -5.570699934204E-002  3.379526773010E-004
 -0.341578201726       -4.12223585744        36.7200000000        2.80073490446      -9.551313872870E-002  4.050158177400E-004
 -0.390375087687       -4.71112669421        36.7200000000        2.39344054518      -0.250211613113       4.511952648420E-004
 -0.439171973648       -5.30001753099        36.7200000000        1.84092943132      -0.497964309611      -2.907116122656E-003
 -0.487968859609       -5.88890836777        36.7200000000        1.18446668534      -0.508518002200      -1.080012860791E-003
 -0.536765745570       -6.47779920454        36.7200000000       0.584359155718      -0.479120875483       3.456789435898E-003
   0.00000000000        0.00000000000        36.7200000000        2.94864198331       1.853134786432E-002  1.851872721502E-003
  0.145059606038      -0.572827429873        36.7200000000        2.92794605693       2.966864890198E-003  1.732792901894E-003
  0.290119212075       -1.14565485975        36.7200000000        2.92346141425      -1.151376806769E-002 -2.523147211025E-004
  0.435178818113       -1.71848228962        36.7200000000        2.93118826402      -7.491387229042E-002 -1.225097602405E-002
  0.580238424151       -2.29130971949        36.7200000000        3.06139648241      -0.175719059919      -2.171445310953E-002
  0.725298030189       -2.86413714937        36.7200000000        3.38137658783      -4.741804801964E-002 -9.363614963486E-003
  0.870357636226       -3.43696457924        36.7200000000        3.37545037068       0.265634211210       2.264914933402E-003
   1.01541724226       -4.00979200911        36.7200000000        3.15395073616       0.287017388275       3.363598497790E-003
   1.16047684830       -4.58261943899        36.7200000000        2.87595250292       0.902658145328       6.465967766137E-005
   1.30553645434       -5.15544686886        36.7200000000        2.16352586643        1.61353013404      -1.284863628574E-002
   1.45059606038       -5.72827429873        36.7200000000        1.03900506559        1.80434004307      -1.686286098428E-002
   1.59565566642       -6.30110172861        36.7200000000       0.228509034131        1.37292466555      -3.007332681050E-002
   0.00000000000        0.00000000000        36.7200000000        2.94864198331       1.853134786432E-002  1.851872721502E-003
  0.323196638891      -0.494689282610        36.7200000000        2.93708507110       1.542392713032E-004  1.309246094213E-003
  0.646393277781      -0.989378565219        36.7200000000        2.92810887075      -1.835425506283E-002 -8.200681569946E-004
  0.969589916672       -1.48406784783        36.7200000000        2.93789674542      -8.221881702872E-002 -1.251558009071E-002
   1.29278655556       -1.97875713044        36.7200000000        2.99417810805      -0.243707688535      -4.763044205379E-002
   1.61598319445       -2.47344641305        36.7200000000        3.36633736435       8.820634687550E-003  6.476931018788E-005
   1.93917983334       -2.96813569566        36.7200000000        3.30799100138       0.170742277465       5.282853574720E-003
   2.26237647223       -3.46282497827        36.7200000000        3.79418422875       2.367392196095E-002  7.208231819761E-003
   2.58557311112       -3.95751426088        36.7200000000        4.52147513580      -0.162277855374       2.337272690677E-003
   2.90876975001       -4.45220354349        36.7200000000        5.73954709316       -1.05468029648      -2.387967771765E-003
   3.23196638891       -4.94689282610        36.7200000000        5.70982510491       -4.87479560458      -5.951248414060E-003
   3.55516302780       -5.44158210871        36.7200000000        1.65646482364       -4.26151406456      -5.511174141714E-003
   0.00000000000        0.00000000000        36.7200000000        2.94864198331       1.853134786432E-002  1.851872721502E-003
  0.466310301007      -0.362943875680        36.7200000000        2.94263038426      -1.153907808756E-003  8.108019119017E-004
  0.932620602014      -0.725887751361        36.7200000000        2.93153376735      -2.146581880489E-002 -8.614096172706E-004
   1.39893090302       -1.08883162704        36.7200000000        2.94111112650      -6.525008964550E-002 -8.280616678594E-003
   1.86524120403       -1.45177550272        36.7200000000        2.91605345830      -0.117892438656      -2.275019768410E-002
   2.33155150503       -1.81471937840        36.7200000000        3.27709960903      -6.651998431462E-002  2.926076485831E-003
   2.79786180604       -2.17766325408        36.7200000000        3.16186313545      -7.574295377635E-002  3.250115509432E-003
   3.26417210705       -2.54060712976        36.7200000000        3.33684449423      -0.389522960145      -2.319076600834E-003
   3.73048240806       -2.90355100544        36.7200000000        3.26681323253      -0.762158473588       9.619243406029E-003
   4.19679270906       -3.26649488112        36.7200000000        3.11343671806       -1.13668964323       1.628546459781E-002
   4.66310301007       -3.62943875680        36.7200000000        2.92783037392       -1.51861818402      -2.327932522336E-002
   5.12941331108       -3.99238263248        36.7200000000        2.52366434225       -1.61029406326      -2.381332800175E-002
   0.00000000000        0.00000000000        36.7200000000        2.94864198331       1.853134786432E-002  1.851872721502E-003
  0.558892006459      -0.191867868166        36.7200000000        2.94058084493      -1.157496684673E-003  1.976647665777E-004
   1.11778401292      -0.383735736333        36.7200000000        2.93251970655      -2.084634123367E-002 -1.456543188347E-003
   1.67667601938      -0.575603604499        36.7200000000        2.93745615904      -7.045891337342E-002 -1.123844510736E-002
   2.23556802584      -0.767471472666        36.7200000000        2.88780577394      -3.930767020977E-002 -2.274008238133E-003
   2.79446003230      -0.959339340832        36.7200000000        3.04646353270      -7.600875623282E-002  1.307863225097E-004
   3.35335203876       -1.15120720900        36.7200000000        2.96786416847      -0.173042692738       1.695109074290E-003
   3.91224404522       -1.34307507716        36.7200000000        2.89298258872      -0.244249543077       2.503313010903E-003
   4.47113605168       -1.53494294533        36.7200000000        2.74522194727      -0.373097444889       2.953092803263E-005
   5.03002805814       -1.72681081350        36.7200000000        2.51258990022      -0.412775968117       3.291160220727E-003
   5.58892006459       -1.91867868166        36.7200000000        2.27810564201      -0.413419308153       3.332455990916E-003
   6.14781207105       -2.11054654983        36.7200000000        2.04741816603      -0.397310347037      -1.075279430984E-002
   0.00000000000        0.00000000000        36.7200000000        2.94864198331       1.853134786432E-002  1.851872721502E-003
  0.590909090909        0.00000000000        36.7200000000        2.93940485502       9.725062501930E-004 -2.362132791492E-004
   1.18181818182      -1.172487511250E-015   36.7200000000        2.93016772673      -1.658633536394E-002 -2.324299279801E-003
   1.77272727273        0.00000000000        36.7200000000        2.90564842893      -1.783550409952E-002 -1.257748373990E-003
   2.36363636364        0.00000000000        36.7200000000        2.86800369134      -3.760780784184E-003  2.817088096529E-003
   2.95454545455        0.00000000000        36.7200000000        3.00118154204      -1.097054215648E-002  2.233700910968E-003
   3.54545454545        0.00000000000        36.7200000000        2.92825653250       9.002467406382E-003  1.461238362305E-003
   4.13636363636        0.00000000000        36.7200000000        2.79394099291       1.344600236215E-002 -1.915375728865E-004
   4.72727272727        0.00000000000        36.7200000000        2.61412128659       8.338843038398E-003 -1.761498372320E-003
   5.31818181818        0.00000000000        36.7200000000        2.52307224372       2.303992222714E-002 -3.531763410133E-003
   5.90909090909        0.00000000000        36.7200000000        2.37782927716       1.226739698666E-002  3.486504380590E-003
   6.50000000000        0.00000000000        36.7200000000        2.23421026980       1.503801331889E-002 -3.657509377212E-003
