 12 20 1 1
 1 X [LENGU]
 2 Y [LENGU]
 3 Z [LENGU]
 4 Hx [FIELU]
 5 Hy [FIELU]
 6 Hz [FIELU]
 0
   0.00000000000        0.00000000000       -2.16000000000        2.62903331293      -8.974184558594E-003 -3.767335565945E-003
  0.590909090909        0.00000000000       -2.16000000000        2.64024306259      -7.893848355633E-003 -1.544891398626E-003
   1.18181818182        0.00000000000       -2.16000000000        2.65127396053      -4.260474270098E-003  9.406333510089E-004
   1.77272727273        0.00000000000       -2.16000000000        2.63711647744      -3.424794943831E-005 -4.675496120607E-004
   2.36363636364        0.00000000000       -2.16000000000        2.62984343474       6.794244702922E-004 -2.425273976153E-003
   2.95454545455        0.00000000000       -2.16000000000        2.52431043557       1.243211250367E-003 -1.085945714902E-002
   3.54545454545        0.00000000000       -2.16000000000        2.41598547845      -3.663770720788E-002 -2.817441447020E-002
   4.13636363636        0.00000000000       -2.16000000000        2.30238287865      -2.865137995892E-002 -4.277052445159E-002
   4.72727272727        0.00000000000       -2.16000000000        2.18586643052      -2.861770306368E-003 -5.430553720096E-002
   5.31818181818        0.00000000000       -2.16000000000        2.04473439620       7.072158575921E-003 -6.770620846665E-002
   5.90909090909        0.00000000000       -2.16000000000        1.89633248893      -1.081299263683E-002 -0.115367795615     
   6.50000000000        0.00000000000       -2.16000000000        1.74851760289       1.500291187358E-002 -0.139873040234     
   0.00000000000        0.00000000000       -2.16000000000        2.62903331293      -8.974184558594E-003 -3.767335565945E-003
  0.558892006459       0.191867868166       -2.16000000000        2.64957304191      -5.962602131936E-003 -4.589504556333E-004
   1.11778401292       0.383735736333       -2.16000000000        2.66273062332       7.426082034174E-005  1.817395067715E-003
   1.67667601938       0.575603604499       -2.16000000000        2.64309965516       6.416084469972E-003 -6.947794293587E-004
   2.23556802584       0.767471472666       -2.16000000000        2.61556984316       1.977211346656E-002 -5.023985349707E-003
   2.79446003230       0.959339340832       -2.16000000000        2.58015828972       5.450912296432E-002 -4.099222357700E-003
   3.35335203876        1.15120720900       -2.16000000000        2.46208085377       0.171406431863      -1.874297801440E-002
   3.91224404522        1.34307507716       -2.16000000000        2.36009529743       0.241221712027      -3.303892668580E-002
   4.47113605168        1.53494294533       -2.16000000000        2.25155166157       0.295579503123      -4.390590236067E-002
   5.03002805814        1.72681081350       -2.16000000000        2.09480416967       0.340493159389      -5.716293761428E-002
   5.58892006459        1.91867868166       -2.16000000000        1.91245846935       0.369335993302      -7.729796262730E-002
   6.14781207105        2.11054654983       -2.16000000000        1.65595583998       0.330399332091      -9.436749946382E-002
   0.00000000000        0.00000000000       -2.16000000000        2.62903331293      -8.974184558594E-003 -3.767335565945E-003
  0.466310301007       0.362943875680       -2.16000000000        2.65596706295      -4.394754840374E-003  2.505601298470E-004
  0.932620602014       0.725887751361       -2.16000000000        2.66774271478       4.570547407631E-003  1.789130951483E-003
   1.39893090302        1.08883162704       -2.16000000000        2.65362199246       1.584555769725E-002 -2.836384921372E-004
   1.86524120403        1.45177550272       -2.16000000000        2.62389399985       2.945823336457E-002 -4.669407495093E-003
   2.33155150503        1.81471937840       -2.16000000000        2.85000869613       4.531487630225E-002 -2.724426909666E-003
   2.79786180604        2.17766325408       -2.16000000000        2.86144295256       0.247352744712      -2.855051915744E-003
   3.26417210705        2.54060712976       -2.16000000000        2.90159944916       0.603453942339      -8.737646695476E-003
   3.73048240806        2.90355100544       -2.16000000000        2.76919663312       0.710520242934      -2.261308417978E-002
   4.19679270906        3.26649488112       -2.16000000000        2.58811300696       0.843703390452      -5.379011422709E-002
   4.66310301007        3.62943875680       -2.16000000000        2.32638030028        1.08564339607      -0.101190636524     
   5.12941331108        3.99238263248       -2.16000000000        1.98782714907        1.24291464803      -0.186919165753     
   0.00000000000        0.00000000000       -2.16000000000        2.62903331293      -8.974184558594E-003 -3.767335565945E-003
  0.323196638891       0.494689282610       -2.16000000000        2.65867767065      -3.338712192588E-003  5.101877467171E-004
  0.646393277781       0.989378565219       -2.16000000000        2.65624319177       1.171549477052E-002 -4.073623574231E-004
  0.969589916672        1.48406784783       -2.16000000000        2.66159342217       2.209951270812E-002 -1.000833702178E-004
   1.29278655556        1.97875713044       -2.16000000000        2.65532385861       2.011806125427E-002 -1.106969582289E-003
   1.61598319445        2.47344641305       -2.16000000000        2.96338410375      -3.325382974645E-002 -2.548704276519E-003
   1.93917983334        2.96813569566       -2.16000000000        3.08935796854      -0.182850232294       6.698136458505E-003
   2.26237647223        3.46282497827       -2.16000000000        3.34901831285      -0.162501280542       8.469438485860E-003
   2.58557311112        3.95751426088       -2.16000000000        3.99347727996       3.481509044061E-002 -3.555460946012E-003
   2.90876975001        4.45220354349       -2.16000000000        4.94410813724       0.864127620228      -3.406958340314E-002
   3.23196638891        4.94689282610       -2.16000000000        4.63639613111        3.93953385573      -6.334226135332E-002
   3.55516302780        5.44158210871       -2.16000000000        1.12507486614        3.73038974815      -7.912383115282E-002
   0.00000000000        0.00000000000       -2.16000000000        2.62903331293      -8.974184558594E-003 -3.767335565945E-003
  0.145059606038       0.572827429873       -2.16000000000        2.65784070474      -3.078140493602E-003  2.647630812975E-004
  0.290119212075        1.14565485975       -2.16000000000        2.65412592151       1.246433783544E-002 -9.716961882731E-004
  0.435178818113        1.71848228962       -2.16000000000        2.67071943358       1.100758104575E-002  6.517842581057E-004
  0.580238424151        2.29130971949       -2.16000000000        2.68478824786       1.622647219687E-002  2.704585870705E-003
  0.725298030189        2.86413714937       -2.16000000000        2.96986912827      -8.708735669965E-002  2.149587064726E-003
  0.870357636226        3.43696457924       -2.16000000000        2.87656369226      -0.307416668972       1.355900276195E-002
   1.01541724226        4.00979200911       -2.16000000000        2.75907871593      -0.444160677933       5.335095370135E-003
   1.16047684830        4.58261943899       -2.16000000000        2.50278517183       -1.14037222703       9.164530145369E-003
   1.30553645434        5.15544686886       -2.16000000000        1.82514010541       -1.42358681404      -1.639462346645E-003
   1.45059606038        5.72827429873       -2.16000000000       0.838838851471       -1.50666126709       2.587348224954E-004
   1.59565566642        6.30110172861       -2.16000000000       0.117176332518      -0.987866300495       1.333393119364E-002
   0.00000000000        0.00000000000       -2.16000000000        2.62903331293      -8.974184558594E-003 -3.767335565945E-003
 -4.879688596092E-002  0.588890836777       -2.16000000000        2.65354686344      -3.641276730187E-003 -4.591182957574E-004
 -9.759377192185E-002   1.17778167355       -2.16000000000        2.65476511900       9.280691252452E-003 -9.552612482504E-004
 -0.146390657883        1.76667251033       -2.16000000000        2.67207745730       5.507779353740E-003  8.304421087778E-004
 -0.195187543844        2.35556334711       -2.16000000000        2.68085631014       1.591013791263E-002  2.922367714237E-003
 -0.243984429805        2.94445418388       -2.16000000000        2.94173204682       1.119033601688E-002  3.929715393196E-003
 -0.292781315766        3.53334502066       -2.16000000000        2.45049477571       2.758594240949E-002  8.309409825210E-003
 -0.341578201726        4.12223585744       -2.16000000000        2.38259530345       0.289385196891       4.256045964779E-003
 -0.390375087687        4.71112669421       -2.16000000000        1.99423998850       0.333511624137       1.703341077053E-002
 -0.439171973648        5.30001753099       -2.16000000000        1.62731298210       0.421264106439       1.735269708629E-002
 -0.487968859609        5.88890836777       -2.16000000000        1.05432484926       0.393563536974       1.057022539594E-002
 -0.536765745570        6.47779920454       -2.16000000000       0.545450047449       0.419145016558       2.805013558639E-003
   0.00000000000        0.00000000000       -2.16000000000        2.62903331293      -8.974184558594E-003 -3.767335565945E-003
 -0.237365478204       0.541138783933       -2.16000000000        2.64626145110      -4.967096353150E-003 -1.583012605067E-003
 -0.474730956408        1.08227756787       -2.16000000000        2.65722234168       2.832203720929E-003 -5.008983825093E-004
 -0.712096434612        1.62341635180       -2.16000000000        2.66562671420       4.534803985513E-003  3.417959284337E-004
 -0.949461912816        2.16455513573       -2.16000000000        2.64611167336       0.101617037691       1.945951487326E-003
  -1.18682739102        2.70569391966       -2.16000000000        2.92604600150       6.551974847585E-002  1.283635766842E-002
  -1.42419286922        3.24683270360       -2.16000000000        2.95897557763       0.160620866848       8.552407783285E-003
  -1.66155834743        3.78797148753       -2.16000000000        3.16110959916       0.412726675536       3.968095825148E-003
  -1.89892382563        4.32911027146       -2.16000000000        3.57626441907       0.861247501471       2.415841854189E-002
  -2.13628930384        4.87024905539       -2.16000000000        4.02762277604        2.88760737139       5.075923988216E-002
  -2.37365478204        5.41138783933       -2.16000000000       0.333345151264        3.07661046722       6.088194883929E-002
  -2.61102026024        5.95252662326       -2.16000000000       -2.88605059328       0.786646221446       6.037699039099E-002
   0.00000000000        0.00000000000       -2.16000000000        2.62903331293      -8.974184558594E-003 -3.767335565945E-003
 -0.400211837779       0.434745947216       -2.16000000000        2.63698206560      -6.797186721590E-003 -2.959348865257E-003
 -0.800423675558       0.869491894432       -2.16000000000        2.64760734772      -3.144512244113E-003 -1.819808162458E-003
  -1.20063551334        1.30423784165       -2.16000000000        2.65608392327       5.397812808561E-003 -7.362964969887E-004
  -1.60084735112        1.73898378886       -2.16000000000        2.66304727212       1.841111140102E-002  8.869367952671E-004
  -2.00105918889        2.17372973608       -2.16000000000        2.85450588541       7.557190512511E-002  2.767422270399E-003
  -2.40127102667        2.60847568330       -2.16000000000        3.00248864302      -0.129705198707       5.961691815495E-004
  -2.80148286445        3.04322163051       -2.16000000000        3.05909589708      -0.328332863624       1.518614019399E-002
  -3.20169470223        3.47796757773       -2.16000000000        3.25189736678      -0.693980923757       5.002596378131E-002
  -3.60190654001        3.91271352494       -2.16000000000        3.23050786540       -1.12289149601       8.833325720088E-002
  -4.00211837779        4.34745947216       -2.16000000000        2.67978523529       -1.61893408942       0.186126742008     
  -4.40233021557        4.78220541938       -2.16000000000        1.99023469600       -1.86452919842       0.257543629181     
   0.00000000000        0.00000000000       -2.16000000000        2.62903331293      -8.974184558594E-003 -3.767335565945E-003
 -0.519689034804       0.281241641340       -2.16000000000        2.63133875741      -6.383567477858E-003 -3.866123474386E-003
  -1.03937806961       0.562483282680       -2.16000000000        2.64177132178      -9.667612822793E-003 -2.308043015473E-003
  -1.55906710441       0.843724924020       -2.16000000000        2.63861734180      -4.682043938647E-004 -3.041930007667E-003
  -2.07875613922        1.12496656536       -2.16000000000        2.64011197947      -1.032982675019E-002 -3.195696568853E-003
  -2.59844517402        1.40620820670       -2.16000000000        2.75689226962      -7.943128361004E-002  1.459540494053E-002
  -3.11813420882        1.68744984804       -2.16000000000        2.68543854284      -0.250074808526       1.403034972563E-002
  -3.63782324363        1.96869148938       -2.16000000000        2.60066889708      -0.353980421882       1.350809387046E-002
  -4.15751227843        2.24993313072       -2.16000000000        2.43722515538      -0.422218026490       2.245134813874E-002
  -4.67720131323        2.53117477206       -2.16000000000        2.29298861916      -0.514726916858       4.419732670930E-002
  -5.19689034804        2.81241641340       -2.16000000000        2.02301388673      -0.579666028789       8.678647210151E-002
  -5.71657938284        3.09365805474       -2.16000000000        1.73053886919      -0.658694275403       0.105522345060     
   0.00000000000        0.00000000000       -2.16000000000        2.62903331293      -8.974184558594E-003 -3.767335565945E-003
 -0.582849861102       9.726043971134E-002  -2.16000000000        2.62544561854      -6.250681792390E-003 -4.762192880784E-003
  -1.16569972220       0.194520879423       -2.16000000000        2.65004345924      -1.923741221584E-002 -4.527446404715E-004
  -1.74854958330       0.291781319134       -2.16000000000        2.63663818893      -3.973338982017E-004 -3.168827957212E-003
  -2.33139944441       0.389041758845       -2.16000000000        2.62600822346      -4.327782458857E-003 -4.339931073932E-003
  -2.91424930551       0.486302198557       -2.16000000000        2.62840401723      -3.705663250140E-002  1.068172820749E-002
  -3.49709916661       0.583562638268       -2.16000000000        2.52561270288      -4.857257515378E-002  1.375656571077E-002
  -4.07994902771       0.680823077979       -2.16000000000        2.42067712092      -7.359864222259E-002  1.057773467196E-002
  -4.66279888881       0.778083517691       -2.16000000000        2.30136999352      -9.238673905845E-002 -9.746666414710E-003
  -5.24564874991       0.875343957402       -2.16000000000        2.17382753373      -9.069101026698E-002 -4.457431291189E-002
  -5.82849861102       0.972604397113       -2.16000000000        2.02990897897      -9.027922123740E-002 -3.989784485796E-002
  -6.41134847212        1.06986483682       -2.16000000000        2.15547556527       7.890561284918E-003 -0.267517615799     
   0.00000000000        0.00000000000       -2.16000000000        2.62903331293      -8.974184558594E-003 -3.767335565945E-003
 -0.582849861102      -9.726043971134E-002  -2.16000000000        2.62630275087      -1.101131160006E-002 -4.253543252091E-003
  -1.16569972220      -0.194520879423       -2.16000000000        2.65138515035      -2.426816658323E-002  8.866031682910E-005
  -1.74854958330      -0.291781319134       -2.16000000000        2.64047572560      -5.539442575751E-003 -2.524524747002E-003
  -2.33139944441      -0.389041758845       -2.16000000000        2.62197984993       3.148879689544E-003 -4.441162833393E-003
  -2.91424930551      -0.486302198557       -2.16000000000        2.64157607558       3.869933120586E-002  9.765419399735E-003
  -3.49709916661      -0.583562638268       -2.16000000000        2.59140178415       0.131074707463       1.228450397659E-002
  -4.07994902771      -0.680823077979       -2.16000000000        2.44724714337       0.123094257532       1.781011433832E-002
  -4.66279888881      -0.778083517691       -2.16000000000        2.33395416250       0.108418572551      -6.981301696891E-003
  -5.24564874991      -0.875343957402       -2.16000000000        2.20705508825       0.105791519318      -1.645880312419E-002
  -5.82849861102      -0.972604397113       -2.16000000000        2.02146218699       6.699875799912E-002 -4.741923031649E-002
  -6.41134847212       -1.06986483682       -2.16000000000        1.85831638196      -4.855713899042E-002 -0.236094886459     
   0.00000000000        0.00000000000       -2.16000000000        2.62903331293      -8.974184558594E-003 -3.767335565945E-003
 -0.519689034804      -0.281241641340       -2.16000000000        2.62609027343      -1.456413363699E-002 -3.970590430873E-003
  -1.03937806961      -0.562483282680       -2.16000000000        2.65358225869      -3.490948891395E-002  1.344536945378E-003
  -1.55906710441      -0.843724924020       -2.16000000000        2.64903481989      -1.608982723155E-002 -1.157335319044E-003
  -2.07875613922       -1.12496656536       -2.16000000000        2.64406167861       5.957636320502E-003 -1.847356569204E-003
  -2.59844517402       -1.40620820670       -2.16000000000        2.76471623697       7.007412998633E-002  6.386779741137E-003
  -3.11813420882       -1.68744984804       -2.16000000000        2.70109563883       0.208953031348       8.821463631109E-003
  -3.63782324363       -1.96869148938       -2.16000000000        2.61720167611       0.350007053269       1.943684704769E-002
  -4.15751227843       -2.24993313072       -2.16000000000        2.49814252060       0.483180259507       4.171743256998E-002
  -4.67720131323       -2.53117477206       -2.16000000000        2.35112186720       0.517472897553       4.458358116459E-002
  -5.19689034804       -2.81241641340       -2.16000000000        2.00399259858       0.609018334934       6.499773413568E-002
  -5.71657938284       -3.09365805474       -2.16000000000        1.66205908309       0.631855159342       7.175588724583E-002
   0.00000000000        0.00000000000       -2.16000000000        2.62903331293      -8.974184558594E-003 -3.767335565945E-003
 -0.400211837779      -0.434745947216       -2.16000000000        2.62164371287      -1.422007143087E-002 -4.593829114098E-003
 -0.800423675558      -0.869491894432       -2.16000000000        2.65626938913      -4.983656536253E-002  3.145292600026E-003
  -1.20063551334       -1.30423784165       -2.16000000000        2.65973095564      -3.015273963209E-002  1.889802785134E-003
  -1.60084735112       -1.73898378886       -2.16000000000        2.66862086589       8.843080990161E-004  1.572867950787E-003
  -2.00105918889       -2.17372973608       -2.16000000000        2.82489672449      -6.600012430465E-002  4.357633427554E-003
  -2.40127102667       -2.60847568330       -2.16000000000        2.80289345654       0.173312942057       9.096947018697E-003
  -2.80148286445       -3.04322163051       -2.16000000000        2.80373954693       0.392970517613       4.444049760793E-002
  -3.20169470223       -3.47796757773       -2.16000000000        3.01536248226       0.747555693837       7.060689804055E-002
  -3.60190654001       -3.91271352494       -2.16000000000        3.23223053113        1.17058637709       8.976246194956E-002
  -4.00211837779       -4.34745947216       -2.16000000000        2.80827729816        1.67658249118       0.167869506308     
  -4.40233021557       -4.78220541938       -2.16000000000        2.10544317292        1.73176249051       0.206033593244     
   0.00000000000        0.00000000000       -2.16000000000        2.62903331293      -8.974184558594E-003 -3.767335565945E-003
 -0.237365478204      -0.541138783933       -2.16000000000        2.61344492301      -1.001640946042E-002 -6.055721719895E-003
 -0.474730956408       -1.08227756787       -2.16000000000        2.64091419948      -3.531904423796E-002  4.631682210887E-005
 -0.712096434612       -1.62341635180       -2.16000000000        2.67173981588      -4.094775889012E-002  5.584267969719E-003
 -0.949461912816       -2.16455513573       -2.16000000000        2.68331517961      -1.614969694952E-002  5.440174718736E-003
  -1.18682739102       -2.70569391966       -2.16000000000        2.87574548181      -7.300396577876E-002  1.180790142168E-002
  -1.42419286922       -3.24683270360       -2.16000000000        3.12891518767      -5.999016381819E-002  2.971259922947E-002
  -1.66155834743       -3.78797148753       -2.16000000000        3.43744340394      -0.551230072902       3.585706396159E-002
  -1.89892382563       -4.32911027146       -2.16000000000        3.46851275015       -1.03859645880       4.398070363981E-002
  -2.13628930384       -4.87024905539       -2.16000000000        3.50566440342       -3.07018069323       6.458729980320E-002
  -2.37365478204       -5.41138783933       -2.16000000000        2.31716249045       -3.24013718402       6.801581636082E-002
  -2.61102026024       -5.95252662326       -2.16000000000       -2.84181514360      -0.772288546629       7.412099930611E-002
   0.00000000000        0.00000000000       -2.16000000000        2.62903331293      -8.974184558594E-003 -3.767335565945E-003
 -4.879688596092E-002 -0.588890836777       -2.16000000000        2.61183868968      -9.244149957162E-003 -6.269998403980E-003
 -9.759377192185E-002  -1.17778167355       -2.16000000000        2.62217145119      -2.771550926151E-004 -4.806398862889E-003
 -0.146390657883       -1.76667251033       -2.16000000000        2.65049684021      -8.181744195859E-003  5.179196323894E-004
 -0.195187543844       -2.35556334711       -2.16000000000        2.68071101972      -3.743775163123E-002  7.141783026435E-003
 -0.243984429805       -2.94445418388       -2.16000000000        2.86820171548      -4.742848948087E-002  1.085822541285E-002
 -0.292781315766       -3.53334502066       -2.16000000000        2.62550457134       3.437620115591E-002  1.123288371133E-002
 -0.341578201726       -4.12223585744       -2.16000000000        2.32559101867      -0.137036215312       1.293247322396E-002
 -0.390375087687       -4.71112669421       -2.16000000000        2.02346307580      -0.320028287699       1.453266246679E-002
 -0.439171973648       -5.30001753099       -2.16000000000        1.60885877649      -0.427316557565       1.601744063988E-002
 -0.487968859609       -5.88890836777       -2.16000000000        1.04629312715      -0.443078299030       3.569538127549E-002
 -0.536765745570       -6.47779920454       -2.16000000000       0.680293910645      -0.335833146508       4.653723507067E-002
   0.00000000000        0.00000000000       -2.16000000000        2.62903331293      -8.974184558594E-003 -3.767335565945E-003
  0.145059606038      -0.572827429873       -2.16000000000        2.61453346867      -9.492016423442E-003 -5.618912715793E-003
  0.290119212075       -1.14565485975       -2.16000000000        2.62436755766       2.135300904289E-003 -4.021725756849E-003
  0.435178818113       -1.71848228962       -2.16000000000        2.63645111218       4.068828717116E-003 -2.622721090636E-003
  0.580238424151       -2.29130971949       -2.16000000000        2.64033418040      -1.244978809940E-002 -1.091124013962E-003
  0.725298030189       -2.86413714937       -2.16000000000        2.95694506559       0.166604649060       7.396278138297E-003
  0.870357636226       -3.43696457924       -2.16000000000        2.83497988156       0.307594359470       5.063978817813E-003
   1.01541724226       -4.00979200911       -2.16000000000        2.66680349905       0.613840978534       2.456068546805E-003
   1.16047684830       -4.58261943899       -2.16000000000        2.45669122748       0.949713360973      -3.601299018870E-004
   1.30553645434       -5.15544686886       -2.16000000000        1.85791244165        1.36924178828       2.153516504757E-003
   1.45059606038       -5.72827429873       -2.16000000000       0.841636668149        1.50760091680      -6.240228846331E-003
   1.59565566642       -6.30110172861       -2.16000000000       5.985447529569E-002  0.994126080454      -4.000789972760E-003
   0.00000000000        0.00000000000       -2.16000000000        2.62903331293      -8.974184558594E-003 -3.767335565945E-003
  0.323196638891      -0.494689282610       -2.16000000000        2.61884295047      -9.479976825491E-003 -4.726258688831E-003
  0.646393277781      -0.989378565219       -2.16000000000        2.62438244483      -1.469747221072E-003 -3.328854752512E-003
  0.969589916672       -1.48406784783       -2.16000000000        2.63587081039      -8.987336424433E-003 -2.655696943163E-003
   1.29278655556       -1.97875713044       -2.16000000000        2.63548667126      -1.109311160589E-002 -3.278053805553E-003
   1.61598319445       -2.47344641305       -2.16000000000        2.92155347145       5.236123313204E-002 -3.193193989210E-003
   1.93917983334       -2.96813569566       -2.16000000000        3.19732557733       0.101999810520      -1.060605033976E-002
   2.26237647223       -3.46282497827       -2.16000000000        3.51364632775       0.105152307849      -1.869299338634E-002
   2.58557311112       -3.95751426088       -2.16000000000        3.90151207648      -5.660792130098E-002 -3.093210315563E-002
   2.90876975001       -4.45220354349       -2.16000000000        4.95687206918      -0.859149396063      -5.115223905891E-002
   3.23196638891       -4.94689282610       -2.16000000000        4.75136454670       -4.06799177369      -6.461671589713E-002
   3.55516302780       -5.44158210871       -2.16000000000        1.29999903978       -3.80629546373      -8.575830940537E-002
   0.00000000000        0.00000000000       -2.16000000000        2.62903331293      -8.974184558594E-003 -3.767335565945E-003
  0.466310301007      -0.362943875680       -2.16000000000        2.62420899114      -9.637124853605E-003 -3.774669276549E-003
  0.932620602014      -0.725887751361       -2.16000000000        2.62003655892      -8.143803497556E-003 -3.340085943376E-003
   1.39893090302       -1.08883162704       -2.16000000000        2.63355671410      -8.534032512372E-003 -1.431791760959E-003
   1.86524120403       -1.45177550272       -2.16000000000        2.61761752657      -1.876506222080E-002 -2.795123802222E-003
   2.33155150503       -1.81471937840       -2.16000000000        2.79293587522      -1.651421484294E-002 -1.130504592433E-002
   2.79786180604       -2.17766325408       -2.16000000000        2.76866297202      -0.171694662829      -2.621370337066E-002
   3.26417210705       -2.54060712976       -2.16000000000        2.76618757086      -0.352194434239      -3.964106417071E-002
   3.73048240806       -2.90355100544       -2.16000000000        2.77045305589      -0.560259516625      -4.995797603548E-002
   4.19679270906       -3.26649488112       -2.16000000000        2.61918769986      -0.875983707815      -9.446079401105E-002
   4.66310301007       -3.62943875680       -2.16000000000        2.35871341600       -1.14851576872      -0.164511956036     
   5.12941331108       -3.99238263248       -2.16000000000        2.00404037294       -1.17188867936      -0.241222897304     
   0.00000000000        0.00000000000       -2.16000000000        2.62903331293      -8.974184558594E-003 -3.767335565945E-003
  0.558892006459      -0.191867868166       -2.16000000000        2.63005009693      -9.946431080535E-003 -2.867263957197E-003
   1.11778401292      -0.383735736333       -2.16000000000        2.63150728866      -8.851617218418E-003 -1.552126599852E-003
   1.67667601938      -0.575603604499       -2.16000000000        2.63297779841      -7.749477979882E-003 -2.353429117585E-004
   2.23556802584      -0.767471472666       -2.16000000000        2.59905620923      -1.356051899701E-002 -2.212775328594E-003
   2.79446003230      -0.959339340832       -2.16000000000        2.58083059114      -3.579750908811E-002 -1.184056305708E-002
   3.35335203876       -1.15120720900       -2.16000000000        2.48269868671      -0.149383890121      -2.827682981687E-002
   3.91224404522       -1.34307507716       -2.16000000000        2.39235574479      -0.219874083910      -4.493966634560E-002
   4.47113605168       -1.53494294533       -2.16000000000        2.29636341147      -0.289774919729      -5.478277560465E-002
   5.03002805814       -1.72681081350       -2.16000000000        2.12281962943      -0.349102420087      -7.324479426892E-002
   5.58892006459       -1.91867868166       -2.16000000000        1.92550206092      -0.391559790251      -8.970531347181E-002
   6.14781207105       -2.11054654983       -2.16000000000        1.71222374677      -0.411032373488      -7.762558824423E-002
   0.00000000000        0.00000000000       -2.16000000000        2.62903331293      -8.974184558594E-003 -3.767335565945E-003
  0.590909090909        0.00000000000       -2.16000000000        2.64024306259      -7.893848355633E-003 -1.544891398626E-003
   1.18181818182      -1.172487511250E-015  -2.16000000000        2.65127396053      -4.260474270098E-003  9.406333510089E-004
   1.77272727273        0.00000000000       -2.16000000000        2.63711647744      -3.424794943831E-005 -4.675496120607E-004
   2.36363636364        0.00000000000       -2.16000000000        2.62984343474       6.794244702922E-004 -2.425273976153E-003
   2.95454545455        0.00000000000       -2.16000000000        2.52431043557       1.243211250367E-003 -1.085945714902E-002
   3.54545454545        0.00000000000       -2.16000000000        2.41598547845      -3.663770720788E-002 -2.817441447020E-002
   4.13636363636        0.00000000000       -2.16000000000        2.30238287865      -2.865137995892E-002 -4.277052445159E-002
   4.72727272727        0.00000000000       -2.16000000000        2.18586643052      -2.861770306368E-003 -5.430553720096E-002
   5.31818181818        0.00000000000       -2.16000000000        2.04473439620       7.072158575921E-003 -6.770620846665E-002
   5.90909090909        0.00000000000       -2.16000000000        1.89633248893      -1.081299263683E-002 -0.115367795615     
   6.50000000000        0.00000000000       -2.16000000000        1.74851760289       1.500291187358E-002 -0.139873040234     
