 12 20 1 1
 1 X [LENGU]
 2 Y [LENGU]
 3 Z [LENGU]
 4 Hx [FIELU]
 5 Hy [FIELU]
 6 Hz [FIELU]
 0
   0.00000000000        0.00000000000        36.7200000000        1.27432906613       5.027945708499E-003  5.410125415597E-004
  0.590909090909        0.00000000000        36.7200000000        1.27161740132      -1.988409029839E-003 -1.979390527836E-004
   1.18181818182        0.00000000000        36.7200000000        1.26890573651      -9.004763768177E-003 -9.368906471269E-004
   1.77272727273        0.00000000000        36.7200000000        1.25829100679      -8.625863617637E-003 -3.311111932155E-004
   2.36363636364        0.00000000000        36.7200000000        1.24074713346      -1.245252642323E-003  1.544475027911E-003
   2.95454545455        0.00000000000        36.7200000000        1.30002235187      -5.222461921240E-003  1.747351133457E-003
   3.54545454545        0.00000000000        36.7200000000        1.27012670864       2.715547136626E-003  1.141151122080E-003
   4.13636363636        0.00000000000        36.7200000000        1.21345880715       4.186080757616E-003  2.415160102930E-004
   4.72727272727        0.00000000000        36.7200000000        1.13585744771       2.524994515880E-003 -5.669467038549E-004
   5.31818181818        0.00000000000        36.7200000000        1.09982446702       9.039267450939E-003 -1.326171501949E-003
   5.90909090909        0.00000000000        36.7200000000        1.03802320931       3.923653463044E-003  1.863507842760E-003
   6.50000000000        0.00000000000        36.7200000000       0.976503295718       5.027442863770E-003 -1.362055182760E-003
   0.00000000000        0.00000000000        36.7200000000        1.27432906613       5.027945708499E-003  5.410125415597E-004
  0.558892006459       0.191867868166        36.7200000000        1.27150024231      -4.386353918916E-004 -2.579053685532E-004
   1.11778401292       0.383735736333        36.7200000000        1.26867141850      -5.905216492282E-003 -1.056823278666E-003
   1.67667601938       0.575603604499        36.7200000000        1.25826065662      -1.768970113246E-003 -1.258831051331E-004
   2.23556802584       0.767471472666        36.7200000000        1.25699786759      -2.842596273441E-003 -2.844497573115E-004
   2.79446003230       0.959339340832        36.7200000000        1.32244141659       3.201778776278E-002  2.248232616261E-003
   3.35335203876        1.15120720900        36.7200000000        1.29431621442       6.312569601557E-002  1.477420971793E-003
   3.91224404522        1.34307507716        36.7200000000        1.24365368591       0.108380481167       1.955652041416E-004
   4.47113605168        1.53494294533        36.7200000000        1.19323827390       0.147280854465      -1.267085994623E-003
   5.03002805814        1.72681081350        36.7200000000        1.10451319361       0.152947562015       2.177046650764E-003
   5.58892006459        1.91867868166        36.7200000000        1.01053085752       0.167904741343      -5.398723279787E-003
   6.14781207105        2.11054654983        36.7200000000       0.869784127059       0.236977641298      -1.766703018849E-003
   0.00000000000        0.00000000000        36.7200000000        1.27432906613       5.027945708499E-003  5.410125415597E-004
  0.466310301007       0.362943875680        36.7200000000        1.27168963026       1.703527131029E-003 -2.312965322735E-004
  0.932620602014       0.725887751361        36.7200000000        1.26905019439      -1.620891446441E-003 -1.003605606107E-003
   1.39893090302        1.08883162704        36.7200000000        1.25893229786       2.027944526429E-003 -1.200293592341E-003
   1.86524120403        1.45177550272        36.7200000000        1.25702196033       1.591991520528E-003 -1.448737125755E-003
   2.33155150503        1.81471937840        36.7200000000        1.41214617820       3.729919752080E-002  4.260696472652E-003
   2.79786180604        2.17766325408        36.7200000000        1.42400110926       0.105784476867       4.211833909247E-003
   3.26417210705        2.54060712976        36.7200000000        1.39723877950       0.246377333086      -2.691940418153E-004
   3.73048240806        2.90355100544        36.7200000000        1.53409438112       0.321262729280       2.679725682566E-003
   4.19679270906        3.26649488112        36.7200000000        1.39366278874       0.407956925805      -1.495317156384E-003
   4.66310301007        3.62943875680        36.7200000000        1.27245685189       0.650470192672      -8.240195810573E-004
   5.12941331108        3.99238263248        36.7200000000        1.10398105601       0.673685106047      -1.964310296275E-003
   0.00000000000        0.00000000000        36.7200000000        1.27432906613       5.027945708499E-003  5.410125415597E-004
  0.323196638891       0.494689282610        36.7200000000        1.27151313224       4.242333475821E-003 -2.007807041702E-004
  0.646393277781       0.989378565219        36.7200000000        1.26597724240       3.608557029401E-003 -1.275458675504E-003
  0.969589916672        1.48406784783        36.7200000000        1.26182508187       1.699210325603E-003 -1.863052920283E-003
   1.29278655556        1.97875713044        36.7200000000        1.25840734826      -1.018190493552E-003 -2.189006161407E-003
   1.61598319445        2.47344641305        36.7200000000        1.45278345586       4.531189754840E-004  3.275625116991E-003
   1.93917983334        2.96813569566        36.7200000000        1.54680209501       7.511138456836E-003  3.196978884121E-003
   2.26237647223        3.46282497827        36.7200000000        1.58529408466      -4.710308983848E-003  3.527445724292E-003
   2.58557311112        3.95751426088        36.7200000000        1.92551858648       0.136152063290       4.027930054729E-003
   2.90876975001        4.45220354349        36.7200000000        2.55643946653       0.407598407224       4.156328806959E-003
   3.23196638891        4.94689282610        36.7200000000        2.51858940687        2.00921660416       5.111270053142E-003
   3.55516302780        5.44158210871        36.7200000000       0.677187618500        1.70039518274       1.629678708551E-002
   0.00000000000        0.00000000000        36.7200000000        1.27432906613       5.027945708499E-003  5.410125415597E-004
  0.145059606038       0.572827429873        36.7200000000        1.26995647302       6.960352035517E-003 -2.961387023285E-004
  0.290119212075        1.14565485975        36.7200000000        1.26550739321       6.274923911047E-003 -1.162496967568E-003
  0.435178818113        1.71848228962        36.7200000000        1.26034070390       2.120048094748E-003 -1.722744791824E-003
  0.580238424151        2.29130971949        36.7200000000        1.25491092189      -1.344585304710E-003 -2.147080054184E-003
  0.725298030189        2.86413714937        36.7200000000        1.47030789868       1.097385208219E-002 -3.390270312569E-003
  0.870357636226        3.43696457924        36.7200000000        1.38990836457      -9.177629862041E-002  1.933917045923E-003
   1.01541724226        4.00979200911        36.7200000000        1.31385900346      -0.227965932204       1.686224846748E-003
   1.16047684830        4.58261943899        36.7200000000        1.21921673657      -0.428917564744      -1.013247080675E-003
   1.30553645434        5.15544686886        36.7200000000       0.966602889048      -0.706414123765      -3.076713783979E-003
   1.45059606038        5.72827429873        36.7200000000       0.454371363677      -0.767995365011      -7.681371654600E-003
   1.59565566642        6.30110172861        36.7200000000       9.065325407640E-002 -0.577059652354      -2.156510531922E-002
   0.00000000000        0.00000000000        36.7200000000        1.27432906613       5.027945708499E-003  5.410125415597E-004
 -4.879688596092E-002  0.588890836777        36.7200000000        1.26916840153       9.452510621891E-003 -2.647051482138E-004
 -9.759377192185E-002   1.17778167355        36.7200000000        1.26660982516       8.375615513865E-003 -7.862345874449E-004
 -0.146390657883        1.76667251033        36.7200000000        1.26387638604       5.407032210555E-003 -1.160469423646E-003
 -0.195187543844        2.35556334711        36.7200000000        1.26316689308       6.589194154061E-004 -9.966705925488E-004
 -0.243984429805        2.94445418388        36.7200000000        1.41091215488       2.510937288472E-002  6.128661079065E-004
 -0.292781315766        3.53334502066        36.7200000000        1.24988518241       1.610980373223E-004  4.154301399848E-004
 -0.341578201726        4.12223585744        36.7200000000        1.19726766699       0.105945126477       7.767729810644E-004
 -0.390375087687        4.71112669421        36.7200000000        1.14228259562       0.175123740487       1.291536779814E-003
 -0.439171973648        5.30001753099        36.7200000000       0.808483843435       0.224863494141      -1.400536738568E-003
 -0.487968859609        5.88890836777        36.7200000000       0.524513286276       0.230829839782       1.792140233690E-003
 -0.536765745570        6.47779920454        36.7200000000       0.276859100684       0.217183304407       4.678582118080E-003
   0.00000000000        0.00000000000        36.7200000000        1.27432906613       5.027945708499E-003  5.410125415597E-004
 -0.237365478204       0.541138783933        36.7200000000        1.26923431757       1.144874518228E-002 -1.098863551561E-004
 -0.474730956408        1.08227756787        36.7200000000        1.26803304357       1.109222035868E-002 -3.339291975372E-004
 -0.712096434612        1.62341635180        36.7200000000        1.26831125318       9.059638056493E-003 -3.086780804277E-004
 -0.949461912816        2.16455513573        36.7200000000        1.27533178501       4.624779532714E-003  4.403006024667E-004
  -1.18682739102        2.70569391966        36.7200000000        1.43756249404       3.459014506526E-002 -6.976778567698E-004
  -1.42419286922        3.24683270360        36.7200000000        1.45042605617       8.628828442403E-002  3.953664671504E-004
  -1.66155834743        3.78797148753        36.7200000000        1.60187756679       0.227015004824      -7.330224742063E-004
  -1.89892382563        4.32911027146        36.7200000000        1.73049677281       0.496498280883      -3.596468206541E-003
  -2.13628930384        4.87024905539        36.7200000000        2.01505863245        1.37808576543      -6.139734110194E-004
  -2.37365478204        5.41138783933        36.7200000000        1.18543166840        1.44484797447       1.871636522883E-003
  -2.61102026024        5.95252662326        36.7200000000       -1.26995710674       0.387630189608       3.192715102019E-003
   0.00000000000        0.00000000000        36.7200000000        1.27432906613       5.027945708499E-003  5.410125415597E-004
 -0.400211837779       0.434745947216        36.7200000000        1.27014707810       1.273273272731E-002  1.515406583555E-004
 -0.800423675558       0.869491894432        36.7200000000        1.26943113420       1.410803168488E-002  1.398222763301E-004
  -1.20063551334        1.30423784165        36.7200000000        1.27527587314       1.243745399523E-002  8.486971823810E-004
  -1.60084735112        1.73898378886        36.7200000000        1.28842687764       7.403315711729E-003  2.269241544741E-003
  -2.00105918889        2.17372973608        36.7200000000        1.36310071929       4.614310401564E-002 -3.760658444502E-003
  -2.40127102667        2.60847568330        36.7200000000        1.43932883232      -8.964938229327E-002 -3.052951830335E-003
  -2.80148286445        3.04322163051        36.7200000000        1.56095602270      -0.194772264747      -2.800221482645E-003
  -3.20169470223        3.47796757773        36.7200000000        1.63360192357      -0.260178057820      -5.146598032285E-003
  -3.60190654001        3.91271352494        36.7200000000        1.64058266323      -0.632436433157      -3.244628857988E-003
  -4.00211837779        4.34745947216        36.7200000000        1.45546736517      -0.929993397417       4.662401412719E-003
  -4.40233021557        4.78220541938        36.7200000000        1.22705437499       -1.05063909113       4.412001391243E-003
   0.00000000000        0.00000000000        36.7200000000        1.27432906613       5.027945708499E-003  5.410125415597E-004
 -0.519689034804       0.281241641340        36.7200000000        1.27180777135       1.316533328334E-002  4.912462189491E-004
  -1.03937806961       0.562483282680        36.7200000000        1.27336759610       1.622910281872E-002  8.734667693334E-004
  -1.55906710441       0.843724924020        36.7200000000        1.28478597537       1.414358026845E-002  2.269363246929E-003
  -2.07875613922        1.12496656536        36.7200000000        1.29017173232       9.448370194373E-003  2.728254622607E-003
  -2.59844517402        1.40620820670        36.7200000000        1.35661641471      -4.565536835926E-002 -1.379821627591E-003
  -3.11813420882        1.68744984804        36.7200000000        1.35450167509      -0.119061169411      -2.162137765070E-003
  -3.63782324363        1.96869148938        36.7200000000        1.33915373598      -0.197671397659      -2.648140719041E-003
  -4.15751227843        2.24993313072        36.7200000000        1.24375250715      -0.255917994766      -4.935498379879E-003
  -4.67720131323        2.53117477206        36.7200000000        1.17886671856      -0.327301392519      -5.275661833736E-003
  -5.19689034804        2.81241641340        36.7200000000        1.06610729185      -0.398879529939      -2.204265437057E-003
  -5.71657938284        3.09365805474        36.7200000000       0.919315335637      -0.467931479463      -1.440528324513E-002
   0.00000000000        0.00000000000        36.7200000000        1.27432906613       5.027945708499E-003  5.410125415597E-004
 -0.582849861102       9.726043971134E-002   36.7200000000        1.27403643544       1.269966786764E-002  8.724179580595E-004
  -1.16569972220       0.194520879423        36.7200000000        1.27529100965       1.667940985728E-002  1.184146956644E-003
  -1.74854958330       0.291781319134        36.7200000000        1.28903592922       1.492165300946E-002  2.903157162497E-003
  -2.33139944441       0.389041758845        36.7200000000        1.28768378677       1.047418527841E-002  2.621962795545E-003
  -2.91424930551       0.486302198557        36.7200000000        1.29431522554      -3.135600361889E-002 -7.600449812177E-004
  -3.49709916661       0.583562638268        36.7200000000        1.24762490316      -4.226833301212E-002 -1.158964995087E-003
  -4.07994902771       0.680823077979        36.7200000000        1.19500501083      -5.736661622789E-002 -1.019832605013E-003
  -4.66279888881       0.778083517691        36.7200000000        1.14500869893      -8.055779674977E-002 -1.211732056725E-003
  -5.24564874991       0.875343957402        36.7200000000        1.08312840246      -9.115469673939E-002 -2.391161357207E-003
  -5.82849861102       0.972604397113        36.7200000000        1.01503473837      -8.454443697371E-002 -3.331203903699E-004
  -6.41134847212        1.06986483682        36.7200000000       0.934656586679      -8.424324340915E-002  5.921856159272E-004
   0.00000000000        0.00000000000        36.7200000000        1.27432906613       5.027945708499E-003  5.410125415597E-004
 -0.582849861102      -9.726043971134E-002   36.7200000000        1.27659156005       1.138619855355E-002  1.253750003265E-003
  -1.16569972220      -0.194520879423        36.7200000000        1.27420538738       1.637024223407E-002  1.009480911626E-003
  -1.74854958330      -0.291781319134        36.7200000000        1.28578069400       1.451419976520E-002  2.458299725782E-003
  -2.33139944441      -0.389041758845        36.7200000000        1.28013963606       1.038581344769E-002  1.632338467226E-003
  -2.91424930551      -0.486302198557        36.7200000000        1.29895648246       2.128366648243E-002  8.272001655143E-005
  -3.49709916661      -0.583562638268        36.7200000000        1.26378991089       8.258166680418E-002 -3.475774642409E-003
  -4.07994902771      -0.680823077979        36.7200000000        1.20542564197       9.572501817844E-002 -1.881844730381E-003
  -4.66279888881      -0.778083517691        36.7200000000        1.14088851761       7.301149330127E-002 -1.920748250831E-003
  -5.24564874991      -0.875343957402        36.7200000000        1.09140378541       6.898928492935E-002 -2.495007086468E-003
  -5.82849861102      -0.972604397113        36.7200000000        1.01751642889       7.699619955433E-002 -1.384709854315E-004
  -6.41134847212       -1.06986483682        36.7200000000       0.933133094557       8.523197941369E-002  2.650438059202E-003
   0.00000000000        0.00000000000        36.7200000000        1.27432906613       5.027945708499E-003  5.410125415597E-004
 -0.519689034804      -0.281241641340        36.7200000000        1.27332851446       8.961023069718E-003  1.254125045103E-003
  -1.03937806961      -0.562483282680        36.7200000000        1.27883484047       1.224855836873E-002  1.557611731430E-003
  -1.55906710441      -0.843724924020        36.7200000000        1.27902617902       1.470100985273E-002  1.572089762493E-003
  -2.07875613922       -1.12496656536        36.7200000000        1.28267335021       1.326535464725E-002  2.015109031634E-003
  -2.59844517402       -1.40620820670        36.7200000000        1.36786411129       3.297933235610E-002  5.404562835770E-004
  -3.11813420882       -1.68744984804        36.7200000000        1.37596530269       0.145298033021       4.525411762741E-004
  -3.63782324363       -1.96869148938        36.7200000000        1.29553481029       0.237143017801      -3.039383448280E-003
  -4.15751227843       -2.24993313072        36.7200000000        1.22206724937       0.269797575491      -2.151659088521E-003
  -4.67720131323       -2.53117477206        36.7200000000        1.17198955568       0.318839370393      -5.701754251915E-003
  -5.19689034804       -2.81241641340        36.7200000000        1.04625689964       0.394503811681      -6.605316419827E-003
  -5.71657938284       -3.09365805474        36.7200000000       0.863045713881       0.490762767775       2.867223971066E-002
   0.00000000000        0.00000000000        36.7200000000        1.27432906613       5.027945708499E-003  5.410125415597E-004
 -0.400211837779      -0.434745947216        36.7200000000        1.26792077212       5.903369614218E-003  1.072671193573E-003
 -0.800423675558      -0.869491894432        36.7200000000        1.29911410606      -2.937771108036E-003  3.158239626398E-003
  -1.20063551334       -1.30423784165        36.7200000000        1.29315865584       2.831801882196E-003  2.563696827105E-003
  -1.60084735112       -1.73898378886        36.7200000000        1.28468203746       8.846342725713E-003  1.463640235926E-003
  -2.00105918889       -2.17372973608        36.7200000000        1.37333018040      -5.240343850001E-002 -1.927790423651E-003
  -2.40127102667       -2.60847568330        36.7200000000        1.47166003575       8.816153184542E-002  5.416145066024E-005
  -2.80148286445       -3.04322163051        36.7200000000        1.56661497983       0.137493891014      -6.800511963777E-005
  -3.20169470223       -3.47796757773        36.7200000000        1.65671095085       0.276359087862      -6.231797461831E-004
  -3.60190654001       -3.91271352494        36.7200000000        1.66449917641       0.649807094494       5.498305803742E-003
  -4.00211837779       -4.34745947216        36.7200000000        1.47278385360       0.939761319125       1.582101464886E-002
  -4.40233021557       -4.78220541938        36.7200000000        1.24974775438       0.951631190835       5.530321518561E-003
   0.00000000000        0.00000000000        36.7200000000        1.27432906613       5.027945708499E-003  5.410125415597E-004
 -0.237365478204      -0.541138783933        36.7200000000        1.26467220620       2.953992648558E-003  8.659714588632E-004
 -0.474730956408       -1.08227756787        36.7200000000        1.26691797206      -7.620110491400E-004  1.168479534412E-003
 -0.712096434612       -1.62341635180        36.7200000000        1.30676142516      -1.051249702038E-002  2.890420114411E-003
 -0.949461912816       -2.16455513573        36.7200000000        1.29148192666      -3.443362860735E-003  5.252378386508E-004
  -1.18682739102       -2.70569391966        36.7200000000        1.42924898398      -3.738104982958E-002  4.044460100599E-004
  -1.42419286922       -3.24683270360        36.7200000000        1.39267565070      -7.655419759063E-002 -2.761290474152E-005
  -1.66155834743       -3.78797148753        36.7200000000        1.44231918811      -0.197272460896       6.291556778669E-004
  -1.89892382563       -4.32911027146        36.7200000000        1.71193483450      -0.495968392162      -2.921515219481E-003
  -2.13628930384       -4.87024905539        36.7200000000        1.97978572321       -1.28223497777       1.035765388813E-003
  -2.37365478204       -5.41138783933        36.7200000000      -0.107694130687       -3.38040278717       7.899097588022E-004
  -2.61102026024       -5.95252662326        36.7200000000       -1.24309059503      -0.433796270260      -1.623756430252E-003
   0.00000000000        0.00000000000        36.7200000000        1.27432906613       5.027945708499E-003  5.410125415597E-004
 -4.879688596092E-002 -0.588890836777        36.7200000000        1.26393484922       4.325029312649E-004  6.564249645049E-004
 -9.759377192185E-002  -1.17778167355        36.7200000000        1.26079703868      -2.742398615721E-003  2.142075726913E-004
 -0.146390657883       -1.76667251033        36.7200000000        1.28936855842      -1.999717790969E-002 -1.876557259821E-004
 -0.195187543844       -2.35556334711        36.7200000000        1.30433560008      -3.616870454026E-002 -3.427265946328E-003
 -0.243984429805       -2.94445418388        36.7200000000        1.43051236915      -2.065532409782E-002 -1.591951103639E-003
 -0.292781315766       -3.53334502066        36.7200000000        1.43339077994      -2.851168260983E-002  3.128295331999E-006
 -0.341578201726       -4.12223585744        36.7200000000        1.21078191257      -4.536228480850E-002  4.794134081322E-006
 -0.390375087687       -4.71112669421        36.7200000000        1.03728104418      -0.111025160838       8.365384587954E-005
 -0.439171973648       -5.30001753099        36.7200000000       0.802290486381      -0.216218811344      -1.433953816407E-003
 -0.487968859609       -5.88890836777        36.7200000000       0.522957573904      -0.220336012727      -2.284858839183E-004
 -0.536765745570       -6.47779920454        36.7200000000       0.266939028899      -0.207037513693       2.153957346965E-003
   0.00000000000        0.00000000000        36.7200000000        1.27432906613       5.027945708499E-003  5.410125415597E-004
  0.145059606038      -0.572827429873        36.7200000000        1.26578860526      -1.387857001847E-003  4.667393246113E-004
  0.290119212075       -1.14565485975        36.7200000000        1.26387132231      -6.483564897380E-003 -1.572703689393E-004
  0.435178818113       -1.71848228962        36.7200000000        1.26576350094      -3.321065968194E-002 -5.174529485648E-003
  0.580238424151       -2.29130971949        36.7200000000        1.32122409755      -7.427883329701E-002 -8.673556499800E-003
  0.725298030189       -2.86413714937        36.7200000000        1.46045313288      -3.217564074280E-002 -4.858760258087E-003
  0.870357636226       -3.43696457924        36.7200000000        1.45670907504       0.108150175289       7.708388300600E-004
   1.01541724226       -4.00979200911        36.7200000000        1.36309980956       0.117034691449       1.466819519493E-003
   1.16047684830       -4.58261943899        36.7200000000        1.24415716180       0.380270549215      -2.429731370387E-004
   1.30553645434       -5.15544686886        36.7200000000       0.940201285472       0.682809169837      -6.781877839860E-003
   1.45059606038       -5.72827429873        36.7200000000       0.460328712325       0.763749847439      -1.092714941305E-002
   1.59565566642       -6.30110172861        36.7200000000       0.113274541173       0.582868319003      -2.247932801732E-002
   0.00000000000        0.00000000000        36.7200000000        1.27432906613       5.027945708499E-003  5.410125415597E-004
  0.323196638891      -0.494689282610        36.7200000000        1.27003259109      -2.309822906231E-003  3.174699215408E-004
  0.646393277781      -0.989378565219        36.7200000000        1.26665330203      -9.232614663582E-003 -3.846826736643E-004
  0.969589916672       -1.48406784783        36.7200000000        1.26990409277      -3.601469413857E-002 -5.256348150485E-003
   1.29278655556       -1.97875713044        36.7200000000        1.29105868904      -9.929513495615E-002 -1.885626418461E-002
   1.61598319445       -2.47344641305        36.7200000000        1.45389604060      -2.600230243205E-005  8.989840100228E-005
   1.93917983334       -2.96813569566        36.7200000000        1.43049266115       6.817858207609E-002  2.288960820356E-003
   2.26237647223       -3.46282497827        36.7200000000        1.63804088656       6.282974806591E-003  2.954930033246E-003
   2.58557311112       -3.95751426088        36.7200000000        1.94788145956      -7.279946430387E-002  8.321582992356E-004
   2.90876975001       -4.45220354349        36.7200000000        2.46652406515      -0.452810242205      -1.279039899198E-003
   3.23196638891       -4.94689282610        36.7200000000        2.45322569173       -2.08140537011      -2.864908522726E-003
   3.55516302780       -5.44158210871        36.7200000000       0.724640986410       -1.81895988006      -2.667211648698E-003
   0.00000000000        0.00000000000        36.7200000000        1.27432906613       5.027945708499E-003  5.410125415597E-004
  0.466310301007      -0.362943875680        36.7200000000        1.27268873290      -2.721415218668E-003  1.470483402342E-004
  0.932620602014      -0.725887751361        36.7200000000        1.26884150716      -1.069164571626E-002 -4.433856896014E-004
   1.39893090302       -1.08883162704        36.7200000000        1.27294939845      -2.854433093777E-002 -3.446352646672E-003
   1.86524120403       -1.45177550272        36.7200000000        1.26025809017      -4.897461637192E-002 -9.089305714465E-003
   2.33155150503       -1.81471937840        36.7200000000        1.41711161345      -3.132854643034E-002  1.790806965393E-003
   2.79786180604       -2.17766325408        36.7200000000        1.36989049814      -3.575335093695E-002  1.504354831850E-003
   3.26417210705       -2.54060712976        36.7200000000        1.44418165421      -0.169209868198      -7.362094561680E-004
   3.73048240806       -2.90355100544        36.7200000000        1.41400970097      -0.327310676687       4.250707779235E-003
   4.19679270906       -3.26649488112        36.7200000000        1.34792147559      -0.486978615564       6.988171127199E-003
   4.66310301007       -3.62943875680        36.7200000000        1.26857079844      -0.649481929394      -9.851013818409E-003
   5.12941331108       -3.99238263248        36.7200000000        1.09603345873      -0.688490875499      -1.005043665754E-002
   0.00000000000        0.00000000000        36.7200000000        1.27432906613       5.027945708499E-003  5.410125415597E-004
  0.558892006459      -0.191867868166        36.7200000000        1.27202841128      -2.777851761927E-003 -5.789586575151E-005
   1.11778401292      -0.383735736333        36.7200000000        1.26972775644      -1.058364923235E-002 -6.568042730627E-004
   1.67667601938      -0.575603604499        36.7200000000        1.27200770817      -3.017667301381E-002 -4.458485629330E-003
   2.23556802584      -0.767471472666        36.7200000000        1.25069393765      -1.695243806350E-002 -7.638445946023E-004
   2.79446003230      -0.959339340832        36.7200000000        1.31867121865      -3.366099277214E-002  9.248841852194E-004
   3.35335203876       -1.15120720900        36.7200000000        1.28714969134      -7.531125719273E-002  1.346645569302E-003
   3.91224404522       -1.34307507716        36.7200000000        1.25657311512      -0.106094610977       1.426134960412E-003
   4.47113605168       -1.53494294533        36.7200000000        1.19273857911      -0.160695907086       2.914318862664E-004
   5.03002805814       -1.72681081350        36.7200000000        1.09282671727      -0.176668728598       1.585575882198E-003
   5.58892006459       -1.91867868166        36.7200000000       0.993311562856      -0.175952437290       1.735393117238E-003
   6.14781207105       -2.11054654983        36.7200000000       0.894205964097      -0.168455211258      -4.375095433171E-003
   0.00000000000        0.00000000000        36.7200000000        1.27432906613       5.027945708499E-003  5.410125415597E-004
  0.590909090909        0.00000000000        36.7200000000        1.27161740132      -1.988409029839E-003 -1.979390527836E-004
   1.18181818182      -1.172487511250E-015   36.7200000000        1.26890573651      -9.004763768177E-003 -9.368906471269E-004
   1.77272727273        0.00000000000        36.7200000000        1.25829100679      -8.625863617637E-003 -3.311111932155E-004
   2.36363636364        0.00000000000        36.7200000000        1.24074713346      -1.245252642323E-003  1.544475027911E-003
   2.95454545455        0.00000000000        36.7200000000        1.30002235187      -5.222461921240E-003  1.747351133457E-003
   3.54545454545        0.00000000000        36.7200000000        1.27012670864       2.715547136626E-003  1.141151122080E-003
   4.13636363636        0.00000000000        36.7200000000        1.21345880715       4.186080757616E-003  2.415160102930E-004
   4.72727272727        0.00000000000        36.7200000000        1.13585744771       2.524994515880E-003 -5.669467038549E-004
   5.31818181818        0.00000000000        36.7200000000        1.09982446702       9.039267450939E-003 -1.326171501949E-003
   5.90909090909        0.00000000000        36.7200000000        1.03802320931       3.923653463044E-003  1.863507842760E-003
   6.50000000000        0.00000000000        36.7200000000       0.976503295718       5.027442863770E-003 -1.362055182760E-003
