 12 20 1 1
 1 X [LENGU]
 2 Y [LENGU]
 3 Z [LENGU]
 4 Hx [FIELU]
 5 Hy [FIELU]
 6 Hz [FIELU]
 0
   0.00000000000        0.00000000000        2.16000000000        6.39983314488      -2.900645005608E-002 -1.195419204312E-002
  0.590909090909        0.00000000000        2.16000000000        6.43030237013      -2.047566472245E-002 -5.849790371364E-003
   1.18181818182        0.00000000000        2.16000000000        6.44830683615      -1.101703351553E-002 -1.894013112996E-003
   1.77272727273        0.00000000000        2.16000000000        6.39324849153       1.814521461583E-003 -8.849359337100E-003
   2.36363636364        0.00000000000        2.16000000000        6.40731298992      -8.879492032190E-003 -9.311707091016E-003
   2.95454545455        0.00000000000        2.16000000000        6.28614441173       2.871818847978E-002  2.532155856555E-002
   3.54545454545        0.00000000000        2.16000000000        5.99633560017       3.167049726290E-002  7.202428652480E-002
   4.13636363636        0.00000000000        2.16000000000        5.70042744076       1.011839550247E-002  0.104682318506     
   4.72727272727        0.00000000000        2.16000000000        5.38721060837       4.846178204376E-002  0.180001444309     
   5.31818181818        0.00000000000        2.16000000000        5.05265803054       0.124422929236       0.310669593176     
   5.90909090909        0.00000000000        2.16000000000        4.67164526865      -3.622430597524E-002  0.432525860476     
   6.50000000000        0.00000000000        2.16000000000        3.95207819851       1.692098939949E-003  0.325061334665     
   0.00000000000        0.00000000000        2.16000000000        6.39983314488      -2.900645005608E-002 -1.195419204312E-002
  0.558892006459       0.191867868166        2.16000000000        6.45306064119      -1.575210807961E-002 -3.036825451742E-003
   1.11778401292       0.383735736333        2.16000000000        6.47488061242      -3.093621684545E-004  5.412883099474E-004
   1.67667601938       0.575603604499        2.16000000000        6.40584638944       1.701371297412E-002 -8.641099300283E-003
   2.23556802584       0.767471472666        2.16000000000        6.36574247793       3.722576236542E-002 -1.572136032743E-002
   2.79446003230       0.959339340832        2.16000000000        6.33956725267       0.141797653963      -1.564220190570E-002
   3.35335203876        1.15120720900        2.16000000000        6.16351914874       0.410219416012       8.857300318048E-003
   3.91224404522        1.34307507716        2.16000000000        5.97437181865       0.481500638905       5.668718292230E-002
   4.47113605168        1.53494294533        2.16000000000        5.54228997107       0.655155464505       9.100307223216E-002
   5.03002805814        1.72681081350        2.16000000000        5.15832157839       0.785642287922       0.154488515543     
   5.58892006459        1.91867868166        2.16000000000        4.68318043888       0.823538521067       0.242355214278     
   6.14781207105        2.11054654983        2.16000000000        4.00258486293       0.785072968415       0.280025586628     
   0.00000000000        0.00000000000        2.16000000000        6.39983314488      -2.900645005608E-002 -1.195419204312E-002
  0.466310301007       0.362943875680        2.16000000000        6.47005088713      -1.246486505223E-002 -1.190195569496E-003
  0.932620602014       0.725887751361        2.16000000000        6.50130506564       6.967513596198E-003  2.862193078126E-003
   1.39893090302        1.08883162704        2.16000000000        6.43922269477       2.609314620436E-002 -5.551948544260E-003
   1.86524120403        1.45177550272        2.16000000000        6.37305237255       6.679220132994E-002 -1.619542379809E-002
   2.33155150503        1.81471937840        2.16000000000        6.98540071565       0.121711891835      -9.273147750835E-003
   2.79786180604        2.17766325408        2.16000000000        6.93138196529       0.206737480013       1.472976440344E-002
   3.26417210705        2.54060712976        2.16000000000        6.92699080522       0.717918851168       2.871788669148E-002
   3.73048240806        2.90355100544        2.16000000000        6.59296327701        1.46672155682       3.214490980307E-002
   4.19679270906        3.26649488112        2.16000000000        6.27204293356        2.11627052206       0.191278653515     
   4.66310301007        3.62943875680        2.16000000000        5.74390653529        2.74721791712       0.246037157718     
   5.12941331108        3.99238263248        2.16000000000        4.48735978675        2.84493580674       0.721734938098     
   0.00000000000        0.00000000000        2.16000000000        6.39983314488      -2.900645005608E-002 -1.195419204312E-002
  0.323196638891       0.494689282610        2.16000000000        6.47943195115      -1.097015942916E-002 -5.100117257807E-004
  0.646393277781       0.989378565219        2.16000000000        6.51959106586       1.000192437235E-002  4.135715239298E-003
  0.969589916672        1.48406784783        2.16000000000        6.48661453462       4.161680019243E-002 -1.367634673866E-003
   1.29278655556        1.97875713044        2.16000000000        6.43580684311       5.714421612829E-002 -8.974625785346E-003
   1.61598319445        2.47344641305        2.16000000000        7.25470530994      -5.907099713566E-002 -8.967911475942E-003
   1.93917983334        2.96813569566        2.16000000000        7.58085134658      -0.227549860654       1.275628449741E-002
   2.26237647223        3.46282497827        2.16000000000        8.05849087132      -0.215658451367       3.340982909969E-002
   2.58557311112        3.95751426088        2.16000000000        9.30533873068      -3.379428912652E-002  7.705197464114E-002
   2.90876975001        4.45220354349        2.16000000000        12.0079958502        1.90629778870       0.136704131071     
   3.23196638891        4.94689282610        2.16000000000        11.4065579407        11.2861825299       0.217761214428     
   3.55516302780        5.44158210871        2.16000000000        2.73988041777        8.98117219780       0.285812855972     
   0.00000000000        0.00000000000        2.16000000000        6.39983314488      -2.900645005608E-002 -1.195419204312E-002
  0.145059606038       0.572827429873        2.16000000000        6.48018724941      -1.142996575740E-002 -1.069982394204E-003
  0.290119212075        1.14565485975        2.16000000000        6.50481589301       1.588472887461E-002  9.109010798696E-004
  0.435178818113        1.71848228962        2.16000000000        6.51002404435       4.264226156275E-002  1.569353437461E-005
  0.580238424151        2.29130971949        2.16000000000        6.52970465280       3.771115658647E-002  2.124126496516E-003
  0.725298030189        2.86413714937        2.16000000000        7.26294846927      -0.172557748413       1.827621563093E-003
  0.870357636226        3.43696457924        2.16000000000        7.05953942145      -0.672682927425       2.342001677756E-002
   1.01541724226        4.00979200911        2.16000000000        6.82394382441      -0.628530670242       3.348392074846E-002
   1.16047684830        4.58261943899        2.16000000000        6.54667993119       -2.34966248989       4.287792596848E-002
   1.30553645434        5.15544686886        2.16000000000        4.50340171907       -3.48308054959       5.903032638037E-002
   1.45059606038        5.72827429873        2.16000000000        2.02368630067       -3.71933653974       8.477998037447E-002
   1.59565566642        6.30110172861        2.16000000000       0.424683517380       -2.66437974154       0.114114164495     
   0.00000000000        0.00000000000        2.16000000000        6.39983314488      -2.900645005608E-002 -1.195419204312E-002
 -4.879688596092E-002  0.588890836777        2.16000000000        6.47223493362      -1.379445688665E-002 -2.809426064000E-003
 -9.759377192185E-002   1.17778167355        2.16000000000        6.48692359952       1.486672368389E-002 -2.312813474573E-003
 -0.146390657883        1.76667251033        2.16000000000        6.51559662927       1.582859003739E-002 -7.867412211434E-005
 -0.195187543844        2.35556334711        2.16000000000        6.54789121828       3.439521818473E-002  5.655097291428E-003
 -0.243984429805        2.94445418388        2.16000000000        7.16503532169       4.662599998632E-002  3.484746571338E-004
 -0.292781315766        3.53334502066        2.16000000000        6.30436905125       2.609453955350E-003  7.052959043511E-003
 -0.341578201726        4.12223585744        2.16000000000        5.76474014060       0.103390216316       9.420820395317E-003
 -0.390375087687        4.71112669421        2.16000000000        5.04851590777       0.729442674070       2.784620683433E-003
 -0.439171973648        5.30001753099        2.16000000000        3.90462182491        1.04294780453      -6.223574814735E-003
 -0.487968859609        5.88890836777        2.16000000000        2.40760386854        1.15698612801      -1.078482361474E-002
 -0.536765745570        6.47779920454        2.16000000000        1.65444042457       0.540363708082       2.830518600014E-003
   0.00000000000        0.00000000000        2.16000000000        6.39983314488      -2.900645005608E-002 -1.195419204312E-002
 -0.237365478204       0.541138783933        2.16000000000        6.45488595457      -1.727887492036E-002 -5.632038667063E-003
 -0.474730956408        1.08227756787        2.16000000000        6.49310557125      -1.199833631297E-003 -1.472669758840E-003
 -0.712096434612        1.62341635180        2.16000000000        6.50521013591       5.291385767871E-003 -1.718013628214E-003
 -0.949461912816        2.16455513573        2.16000000000        6.49851126389       0.105150066974       2.984582170713E-003
  -1.18682739102        2.70569391966        2.16000000000        7.12005442912       0.174257093173       2.298099051204E-002
  -1.42419286922        3.24683270360        2.16000000000        7.33751803870       0.492560352673       1.517069654487E-002
  -1.66155834743        3.78797148753        2.16000000000        7.82758494516        1.08508655552      -1.996093187472E-002
  -1.89892382563        4.32911027146        2.16000000000        8.69863281900       0.568228398789      -2.473957558956E-002
  -2.13628930384        4.87024905539        2.16000000000        9.93071903585        6.60269549672      -5.934065961572E-002
  -2.37365478204        5.41138783933        2.16000000000        3.22593033363        11.5097069340      -8.546914462193E-002
  -2.61102026024        5.95252662326        2.16000000000       -7.09126746878        1.73495930744      -0.101417467604     
   0.00000000000        0.00000000000        2.16000000000        6.39983314488      -2.900645005608E-002 -1.195419204312E-002
 -0.400211837779       0.434745947216        2.16000000000        6.43177083440      -2.210221214173E-002 -9.127883897437E-003
 -0.800423675558       0.869491894432        2.16000000000        6.45878189153      -1.351893373649E-002 -6.594452058926E-003
  -1.20063551334        1.30423784165        2.16000000000        6.48579294866      -4.935655331237E-003 -4.061020220414E-003
  -1.60084735112        1.73898378886        2.16000000000        6.49445672336       4.115122815265E-002 -4.994403556669E-004
  -2.00105918889        2.17372973608        2.16000000000        6.93060698101       0.195266857199       1.768800213661E-003
  -2.40127102667        2.60847568330        2.16000000000        7.22754878348      -0.433456291047      -1.547344100999E-002
  -2.80148286445        3.04322163051        2.16000000000        7.82022684956       -1.00513739035      -0.110695261200     
  -3.20169470223        3.47796757773        2.16000000000        8.13170146048       -2.21065472526      -0.118363179623     
  -3.60190654001        3.91271352494        2.16000000000        7.70828400163       -2.88190858839      -0.121679498282     
  -4.00211837779        4.34745947216        2.16000000000        6.79982166360       -4.34049649007      -0.336558429167     
  -4.40233021557        4.78220541938        2.16000000000        5.24203910778       -4.62164340189      -0.412543732681     
   0.00000000000        0.00000000000        2.16000000000        6.39983314488      -2.900645005608E-002 -1.195419204312E-002
 -0.519689034804       0.281241641340        2.16000000000        6.40572864707      -2.785568076160E-002 -1.289826577776E-002
  -1.03937806961       0.562483282680        2.16000000000        6.40851305663      -2.415463250047E-002 -1.390006226076E-002
  -1.55906710441       0.843724924020        2.16000000000        6.42643119507      -2.539705672725E-002 -1.220470923577E-002
  -2.07875613922        1.12496656536        2.16000000000        6.41512795324      -2.720329176985E-002 -1.364270020541E-002
  -2.59844517402        1.40620820670        2.16000000000        6.73138679442      -0.152456968681      -3.101056636550E-002
  -3.11813420882        1.68744984804        2.16000000000        6.57263293140      -0.705950453172      -4.581467954130E-002
  -3.63782324363        1.96869148938        2.16000000000        6.24445802005      -0.954992432793      -5.748912313725E-002
  -4.15751227843        2.24993313072        2.16000000000        5.84848129785       -1.19240717646      -0.104488767689     
  -4.67720131323        2.53117477206        2.16000000000        5.56191165316       -1.41539623213      -0.160608564347     
  -5.19689034804        2.81241641340        2.16000000000        5.01645668046       -1.69073322948      -0.254566361638     
  -5.71657938284        3.09365805474        2.16000000000        4.21623806867       -1.98221092966      -0.371733130423     
   0.00000000000        0.00000000000        2.16000000000        6.39983314488      -2.900645005608E-002 -1.195419204312E-002
 -0.582849861102       9.726043971134E-002   2.16000000000        6.38814572635      -2.980599968381E-002 -1.542533927298E-002
  -1.16569972220       0.194520879423        2.16000000000        6.40037254650      -3.871535825082E-002 -1.395412742261E-002
  -1.74854958330       0.291781319134        2.16000000000        6.42219746827      -2.581432269919E-002 -1.225063367033E-002
  -2.33139944441       0.389041758845        2.16000000000        6.37955114968      -1.133458129890E-002 -1.645647486293E-002
  -2.91424930551       0.486302198557        2.16000000000        6.35030512801      -0.112656225080      -4.479703696841E-002
  -3.49709916661       0.583562638268        2.16000000000        5.95991724858      -0.170259629237      -2.906612607227E-002
  -4.07994902771       0.680823077979        2.16000000000        5.69682485003      -0.209063012016      -3.474364371531E-002
  -4.66279888881       0.778083517691        2.16000000000        5.43494791193      -0.276623791703      -4.203964114464E-002
  -5.24564874991       0.875343957402        2.16000000000        5.13680330675      -0.363154504015      -7.585582322038E-002
  -5.82849861102       0.972604397113        2.16000000000        4.69237543938      -0.304829645666      -0.121432522618     
  -6.41134847212        1.06986483682        2.16000000000        4.27476840686      -0.201932612318      -7.301316224842E-002
   0.00000000000        0.00000000000        2.16000000000        6.39983314488      -2.900645005608E-002 -1.195419204312E-002
 -0.582849861102      -9.726043971134E-002   2.16000000000        6.37499468641      -3.058882937355E-002 -1.720368472689E-002
  -1.16569972220      -0.194520879423        2.16000000000        6.41982088142      -7.291384536603E-002 -8.120531816888E-003
  -1.74854958330      -0.291781319134        2.16000000000        6.42995599369      -4.070614271115E-002 -1.025569446948E-002
  -2.33139944441      -0.389041758845        2.16000000000        6.39305560480      -3.034261404601E-003 -1.441468896838E-002
  -2.91424930551      -0.486302198557        2.16000000000        6.36815077217       0.101086873343      -4.431169111422E-002
  -3.49709916661      -0.583562638268        2.16000000000        6.02559017880       0.168272765124      -3.917318757445E-002
  -4.07994902771      -0.680823077979        2.16000000000        5.72647760274       0.221341770878      -3.891540278736E-002
  -4.66279888881      -0.778083517691        2.16000000000        5.43159060486       0.294356929346      -5.356104254339E-002
  -5.24564874991      -0.875343957402        2.16000000000        5.10941199968       0.399316335715      -9.564931738975E-002
  -5.82849861102      -0.972604397113        2.16000000000        4.81482483885       0.331376159909      -0.174131428893     
  -6.41134847212       -1.06986483682        2.16000000000        4.58969791320       0.310397345246      -8.481228659586E-003
   0.00000000000        0.00000000000        2.16000000000        6.39983314488      -2.900645005608E-002 -1.195419204312E-002
 -0.519689034804      -0.281241641340        2.16000000000        6.36438169882      -3.112075366802E-002 -1.841998317135E-002
  -1.03937806961      -0.562483282680        2.16000000000        6.41864472655      -9.015783617622E-002 -6.494666708552E-003
  -1.55906710441      -0.843724924020        2.16000000000        6.44915805464      -6.393188076910E-002 -4.692023322553E-003
  -2.07875613922       -1.12496656536        2.16000000000        6.45567994364       1.486975597934E-002 -6.552517909901E-003
  -2.59844517402       -1.40620820670        2.16000000000        6.68812386249       0.175253603973      -4.330392491861E-002
  -3.11813420882       -1.68744984804        2.16000000000        6.50285534686       0.542219078671      -4.329562529100E-002
  -3.63782324363       -1.96869148938        2.16000000000        6.25401932273       0.858130482720      -5.781498377779E-002
  -4.15751227843       -2.24993313072        2.16000000000        5.92649066776        1.11084011547      -9.031868149522E-002
  -4.67720131323       -2.53117477206        2.16000000000        5.57719742604        1.39831513835      -0.135846338055     
  -5.19689034804       -2.81241641340        2.16000000000        4.97084587886        1.66993289316      -0.188374052669     
  -5.71657938284       -3.09365805474        2.16000000000        4.23771027739        1.84791804528      -0.252135961916     
   0.00000000000        0.00000000000        2.16000000000        6.39983314488      -2.900645005608E-002 -1.195419204312E-002
 -0.400211837779      -0.434745947216        2.16000000000        6.36209947910      -2.832190774381E-002 -1.827345737639E-002
 -0.800423675558      -0.869491894432        2.16000000000        6.40697630175      -3.041368002082E-002 -1.120584221778E-002
  -1.20063551334       -1.30423784165        2.16000000000        6.49099981016      -7.387496469402E-002  4.978847704345E-003
  -1.60084735112       -1.73898378886        2.16000000000        6.51014871373       4.743859152670E-003  1.579241370602E-003
  -2.00105918889       -2.17372973608        2.16000000000        6.81565202600      -0.243703323486       5.411349815276E-003
  -2.40127102667       -2.60847568330        2.16000000000        7.14896481807       0.273692956924      -3.821444769032E-002
  -2.80148286445       -3.04322163051        2.16000000000        7.43442540129       0.824966280798      -6.482832905381E-002
  -3.20169470223       -3.47796757773        2.16000000000        8.20562219947        1.88873646350      -0.123428089841     
  -3.60190654001       -3.91271352494        2.16000000000        8.05796964912        2.83017257254      -0.215219640307     
  -4.00211837779       -4.34745947216        2.16000000000        6.89086146690        4.30720337565      -0.414497999056     
  -4.40233021557       -4.78220541938        2.16000000000        5.37238252155        5.07474822420      -0.628641850113     
   0.00000000000        0.00000000000        2.16000000000        6.39983314488      -2.900645005608E-002 -1.195419204312E-002
 -0.237365478204      -0.541138783933        2.16000000000        6.37568373681      -2.020252727317E-002 -1.593914865521E-002
 -0.474730956408       -1.08227756787        2.16000000000        6.40920402878       1.508338577223E-002 -1.255873927014E-002
 -0.712096434612       -1.62341635180        2.16000000000        6.47151721125      -1.277653451862E-002 -7.187534860905E-004
 -0.949461912816       -2.16455513573        2.16000000000        6.54306680506      -3.564560426641E-002  1.200999750778E-002
  -1.18682739102       -2.70569391966        2.16000000000        7.05573208246      -0.225078611331      -1.222699080899E-002
  -1.42419286922       -3.24683270360        2.16000000000        7.23253465196      -0.731649690927      -1.849107130886E-002
  -1.66155834743       -3.78797148753        2.16000000000        7.52274974763       -1.16191530629      -2.938539721975E-002
  -1.89892382563       -4.32911027146        2.16000000000        8.25873267413       -2.66790952287      -6.317948939937E-002
  -2.13628930384       -4.87024905539        2.16000000000        9.70171467977       -6.48323230837      -0.107699769805     
  -2.37365478204       -5.41138783933        2.16000000000       0.192887937639       -7.97987053779      -0.141208711100     
  -2.61102026024       -5.95252662326        2.16000000000       -7.37729905805       -2.11657217868      -0.152199883043     
   0.00000000000        0.00000000000        2.16000000000        6.39983314488      -2.900645005608E-002 -1.195419204312E-002
 -4.879688596092E-002 -0.588890836777        2.16000000000        6.38563555077      -1.590692299836E-002 -1.397115974336E-002
 -9.759377192185E-002  -1.17778167355        2.16000000000        6.42185678764       4.046995818093E-003 -1.076066076844E-002
 -0.146390657883       -1.76667251033        2.16000000000        6.44903277848       2.245288360710E-002 -6.361193537147E-003
 -0.195187543844       -2.35556334711        2.16000000000        6.49400847738      -4.992949727434E-002  5.302717217150E-003
 -0.243984429805       -2.94445418388        2.16000000000        7.03809974029      -9.140681345937E-002 -9.849951189645E-004
 -0.292781315766       -3.53334502066        2.16000000000        6.37869164599       6.087974278025E-002  4.631844243372E-003
 -0.341578201726       -4.12223585744        2.16000000000        5.98884503563      -0.289778883921      -2.546678813752E-004
 -0.390375087687       -4.71112669421        2.16000000000        5.50659685456      -0.650754343643       8.074319321165E-004
 -0.439171973648       -5.30001753099        2.16000000000        3.87449474783       -1.14455749691      -1.315229213847E-002
 -0.487968859609       -5.88890836777        2.16000000000        2.50357363531       -1.13092517682      -4.109962861284E-002
 -0.536765745570       -6.47779920454        2.16000000000        1.14522555733      -0.703726300302      -5.951473216133E-002
   0.00000000000        0.00000000000        2.16000000000        6.39983314488      -2.900645005608E-002 -1.195419204312E-002
  0.145059606038      -0.572827429873        2.16000000000        6.39087648751      -1.590059029571E-002 -1.258275277593E-002
  0.290119212075       -1.14565485975        2.16000000000        6.42809241435      -7.434633628995E-003 -9.235841323234E-003
  0.435178818113       -1.71848228962        2.16000000000        6.45683673229      -4.181491820656E-003 -5.407959432366E-003
  0.580238424151       -2.29130971949        2.16000000000        6.42933822966      -1.459588331832E-002 -9.737691492220E-003
  0.725298030189       -2.86413714937        2.16000000000        7.24569062159       0.280787271960       9.543725532779E-003
  0.870357636226       -3.43696457924        2.16000000000        6.88380284204       0.644518876632       2.185559600395E-002
   1.01541724226       -4.00979200911        2.16000000000        6.67646780133        1.17097071032       2.648277309382E-002
   1.16047684830       -4.58261943899        2.16000000000        5.95950898633        2.04956870686       3.611800399344E-002
   1.30553645434       -5.15544686886        2.16000000000        4.49133319263        3.58637938969       6.768937659844E-002
   1.45059606038       -5.72827429873        2.16000000000        1.98382527459        3.72350349186       8.137073559006E-002
   1.59565566642       -6.30110172861        2.16000000000       0.346292383312        2.70418465554       6.531955936479E-002
   0.00000000000        0.00000000000        2.16000000000        6.39983314488      -2.900645005608E-002 -1.195419204312E-002
  0.323196638891      -0.494689282610        2.16000000000        6.39083861021      -2.018421541183E-002 -1.192438319120E-002
  0.646393277781      -0.989378565219        2.16000000000        6.42923872796      -1.269383020991E-002 -7.558778619699E-003
  0.969589916672       -1.48406784783        2.16000000000        6.45459820943      -3.611203637047E-002 -6.299909960782E-003
   1.29278655556       -1.97875713044        2.16000000000        6.45362667612      -4.742863364719E-002 -8.542440145293E-003
   1.61598319445       -2.47344641305        2.16000000000        7.15724100826       6.371384804400E-002  2.414266390152E-002
   1.93917983334       -2.96813569566        2.16000000000        7.72472770556      -3.751491840656E-002  2.544961999322E-002
   2.26237647223       -3.46282497827        2.16000000000        8.09394251032       9.263931620319E-002  4.940870400966E-002
   2.58557311112       -3.95751426088        2.16000000000        9.63026763381      -0.207019196936       0.104670902481     
   2.90876975001       -4.45220354349        2.16000000000        12.1323695964       -2.06059916486       0.163010420571     
   3.23196638891       -4.94689282610        2.16000000000        11.6882937827       -10.2841925860       0.214244849925     
   3.55516302780       -5.44158210871        2.16000000000        2.59433400915       -9.33474407239       0.223382148359     
   0.00000000000        0.00000000000        2.16000000000        6.39983314488      -2.900645005608E-002 -1.195419204312E-002
  0.466310301007      -0.362943875680        2.16000000000        6.38771713868      -2.728907975089E-002 -1.178769775099E-002
  0.932620602014      -0.725887751361        2.16000000000        6.42517150760      -1.116067837028E-002 -5.911208424070E-003
   1.39893090302       -1.08883162704        2.16000000000        6.44719321561      -4.173409248486E-002 -4.951344484793E-003
   1.86524120403       -1.45177550272        2.16000000000        6.41464776802      -7.445730282997E-002 -7.404776927291E-003
   2.33155150503       -1.81471937840        2.16000000000        6.89515746338      -9.463265277420E-002  4.025066630835E-002
   2.79786180604       -2.17766325408        2.16000000000        6.79847042446      -0.378934624006       5.210323493098E-002
   3.26417210705       -2.54060712976        2.16000000000        7.02510164241       -1.16517558815       8.972892805672E-002
   3.73048240806       -2.90355100544        2.16000000000        6.92533209927       -1.70638873729       0.140223487938     
   4.19679270906       -3.26649488112        2.16000000000        6.53303649322       -2.05136032478       0.216991911370     
   4.66310301007       -3.62943875680        2.16000000000        5.67880130942       -2.65955808633       0.306939584913     
   5.12941331108       -3.99238263248        2.16000000000        4.76973291589       -2.95135325838       0.437774810802     
   0.00000000000        0.00000000000        2.16000000000        6.39983314488      -2.900645005608E-002 -1.195419204312E-002
  0.558892006459      -0.191867868166        2.16000000000        6.40424228572      -2.612366432496E-002 -9.324261931671E-003
   1.11778401292      -0.383735736333        2.16000000000        6.42333767761      -2.634861644498E-002 -5.550490645743E-003
   1.67667601938      -0.575603604499        2.16000000000        6.43244127791      -2.943804532414E-002 -4.640661169497E-003
   2.23556802584      -0.767471472666        2.16000000000        6.28572829139      -4.348551947423E-002 -1.113800511167E-002
   2.79446003230      -0.959339340832        2.16000000000        6.41070897740      -0.111586059764       2.911741835235E-002
   3.35335203876       -1.15120720900        2.16000000000        6.13380578660      -0.287141590760       5.034068714673E-002
   3.91224404522       -1.34307507716        2.16000000000        5.82930360279      -0.430093484377       7.562001058211E-002
   4.47113605168       -1.53494294533        2.16000000000        5.47394680631      -0.662054055310       0.123633177355     
   5.03002805814       -1.72681081350        2.16000000000        5.10112684364      -0.752110498649       0.195174900839     
   5.58892006459       -1.91867868166        2.16000000000        4.65597560842      -0.832552028413       0.257432767425     
   6.14781207105       -2.11054654983        2.16000000000        4.09172375243      -0.889637390302       0.297507190803     
   0.00000000000        0.00000000000        2.16000000000        6.39983314488      -2.900645005608E-002 -1.195419204312E-002
  0.590909090909        0.00000000000        2.16000000000        6.43030237013      -2.047566472245E-002 -5.849790371364E-003
   1.18181818182      -1.172487511250E-015   2.16000000000        6.44830683615      -1.101703351553E-002 -1.894013112996E-003
   1.77272727273        0.00000000000        2.16000000000        6.39324849153       1.814521461583E-003 -8.849359337100E-003
   2.36363636364        0.00000000000        2.16000000000        6.40731298992      -8.879492032190E-003 -9.311707091016E-003
   2.95454545455        0.00000000000        2.16000000000        6.28614441173       2.871818847978E-002  2.532155856555E-002
   3.54545454545        0.00000000000        2.16000000000        5.99633560017       3.167049726290E-002  7.202428652480E-002
   4.13636363636        0.00000000000        2.16000000000        5.70042744076       1.011839550247E-002  0.104682318506     
   4.72727272727        0.00000000000        2.16000000000        5.38721060837       4.846178204376E-002  0.180001444309     
   5.31818181818        0.00000000000        2.16000000000        5.05265803054       0.124422929236       0.310669593176     
   5.90909090909        0.00000000000        2.16000000000        4.67164526865      -3.622430597524E-002  0.432525860476     
   6.50000000000        0.00000000000        2.16000000000        3.95207819851       1.692098939949E-003  0.325061334665     
