 12 20 1 1
 1 X [LENGU]
 2 Y [LENGU]
 3 Z [LENGU]
 4 Hx [FIELU]
 5 Hy [FIELU]
 6 Hz [FIELU]
 0
   0.00000000000        0.00000000000        95.0400000000       0.517712356708      -5.690817400102E-002  2.541973525230E-002
  0.590909090909        0.00000000000        95.0400000000       0.517879916606      -2.976354521375E-002  3.215593885699E-002
   1.18181818182        0.00000000000        95.0400000000       0.517116861759       1.470701635596E-002  3.908425249328E-002
   1.77272727273        0.00000000000        95.0400000000       0.521894668465       6.845255732115E-002  4.564604554579E-002
   2.36363636364        0.00000000000        95.0400000000       0.555662919096       4.803128836061E-002  4.000480576342E-002
   2.95454545455        0.00000000000        95.0400000000      -0.199299831392       2.803138955984E-002  6.095845248773E-002
   3.54545454545        0.00000000000        95.0400000000      -0.201942278254      -1.557756208771E-002  5.090485541844E-002
   4.13636363636        0.00000000000        95.0400000000      -0.181946771102      -3.748477128645E-002  3.988441551456E-002
   4.72727272727        0.00000000000        95.0400000000      -0.180694133854      -1.338267939940E-002  2.338370125832E-002
   5.31818181818        0.00000000000        95.0400000000      -0.176172230844      -5.461470382695E-003  1.878867337722E-002
   5.90909090909        0.00000000000        95.0400000000      -0.165178782532       2.781945511095E-004  1.664229281168E-002
   6.50000000000        0.00000000000        95.0400000000      -0.149522115833       2.057980287809E-003  1.483498988004E-002
   0.00000000000        0.00000000000        95.0400000000       0.517712356708      -5.690817400102E-002  2.541973525230E-002
  0.558892006459       0.191867868166        95.0400000000       0.517768586067      -2.695491651255E-002  3.065947255595E-002
   1.11778401292       0.383735736333        95.0400000000       0.524647258749      -1.052272232983E-002  3.363543544176E-002
   1.67667601938       0.575603604499        95.0400000000       0.543077259215      -6.598808458041E-004  3.469874966308E-002
   2.23556802584       0.767471472666        95.0400000000       0.581380000207       2.731897286589E-002  3.655791758867E-002
   2.79446003230       0.959339340832        95.0400000000      -0.182870765728      -0.147913391658       5.440817704719E-002
   3.35335203876        1.15120720900        95.0400000000      -0.179669399636      -0.133444782622       5.039746990076E-002
   3.91224404522        1.34307507716        95.0400000000      -0.187086501021      -0.108717948702       4.374104053883E-002
   4.47113605168        1.53494294533        95.0400000000      -0.174350979241      -9.189056313814E-002  2.618464539203E-002
   5.03002805814        1.72681081350        95.0400000000      -0.153914971998      -9.634988651643E-002  1.608267902621E-002
   5.58892006459        1.91867868166        95.0400000000      -0.130488589269      -7.917838067307E-002  1.281161041027E-002
   6.14781207105        2.11054654983        95.0400000000      -0.110925428700      -5.116519412344E-002  1.072474430771E-002
   0.00000000000        0.00000000000        95.0400000000       0.517712356708      -5.690817400102E-002  2.541973525230E-002
  0.466310301007       0.362943875680        95.0400000000       0.527412122660      -4.553440395671E-002  2.649733781295E-002
  0.932620602014       0.725887751361        95.0400000000       0.546455247599      -5.619559268919E-002  2.499424818671E-002
   1.39893090302        1.08883162704        95.0400000000       0.560921451332      -4.478116661189E-002  2.758149025786E-002
   1.86524120403        1.45177550272        95.0400000000       0.608312855725      -3.029034175718E-002  2.784273731791E-002
   2.33155150503        1.81471937840        95.0400000000      -1.997343670037E-002 -0.312911634382       5.427272663894E-002
   2.79786180604        2.17766325408        95.0400000000      -1.445350179063E-002 -0.299286073778       5.121676670448E-002
   3.26417210705        2.54060712976        95.0400000000      -1.072565175231E-002 -0.275916792984       3.950934194920E-002
   3.73048240806        2.90355100544        95.0400000000      -3.055516297965E-002 -0.225506554888       2.177884895924E-002
   4.19679270906        3.26649488112        95.0400000000      -6.038639136406E-002 -0.180306764033       3.404298078583E-003
   4.66310301007        3.62943875680        95.0400000000      -4.028619296408E-002 -0.126782668512       1.633735275461E-003
   5.12941331108        3.99238263248        95.0400000000      -5.167565515129E-002 -0.107724904235       6.105110094904E-003
   0.00000000000        0.00000000000        95.0400000000       0.517712356708      -5.690817400102E-002  2.541973525230E-002
  0.323196638891       0.494689282610        95.0400000000       0.537795214842      -6.860551894981E-002  2.189916563316E-002
  0.646393277781       0.989378565219        95.0400000000       0.546057925878      -7.351887781970E-002  2.275958082119E-002
  0.969589916672        1.48406784783        95.0400000000       0.572168371907      -6.513932698282E-002  2.433647475523E-002
   1.29278655556        1.97875713044        95.0400000000       0.620187369350      -7.313143063791E-002  2.207258797143E-002
   1.61598319445        2.47344641305        95.0400000000       0.209906911889      -0.319320399003       4.467488185618E-002
   1.93917983334        2.96813569566        95.0400000000       0.199699892607      -0.360701523060       3.914944643823E-002
   2.26237647223        3.46282497827        95.0400000000       0.117561883390      -0.295180476368       2.485313819779E-002
   2.58557311112        3.95751426088        95.0400000000       8.696357762563E-002 -0.251132769250       1.078208527059E-002
   2.90876975001        4.45220354349        95.0400000000       0.103881116867      -0.159063133343       3.954254372710E-003
   3.23196638891        4.94689282610        95.0400000000       9.691550347709E-002 -3.742174713082E-002  4.471915600441E-003
   3.55516302780        5.44158210871        95.0400000000      -6.627664419922E-003 -2.442876900146E-002  3.261983783451E-003
   0.00000000000        0.00000000000        95.0400000000       0.517712356708      -5.690817400102E-002  2.541973525230E-002
  0.145059606038       0.572827429873        95.0400000000       0.537077434108      -8.089243607664E-002  2.022114373559E-002
  0.290119212075        1.14565485975        95.0400000000       0.543771275418      -8.567874737577E-002  2.074460148364E-002
  0.435178818113        1.71848228962        95.0400000000       0.567979889336      -8.279279674366E-002  2.199841785789E-002
  0.580238424151        2.29130971949        95.0400000000       0.604918828620      -0.114883080191       1.965746194663E-002
  0.725298030189        2.86413714937        95.0400000000       0.545506771565      -0.276453995267       3.778764082578E-002
  0.870357636226        3.43696457924        95.0400000000       0.353940661457      -0.170732772049       2.616756800018E-002
   1.01541724226        4.00979200911        95.0400000000       0.285444794248      -0.157843640127       1.374280135440E-002
   1.16047684830        4.58261943899        95.0400000000       0.217582546450      -0.153868030390       2.284485932674E-003
   1.30553645434        5.15544686886        95.0400000000       0.152251280142      -0.146999490090      -6.196306774199E-003
   1.45059606038        5.72827429873        95.0400000000       9.804572022876E-002 -0.139544371583       3.542905392773E-003
   1.59565566642        6.30110172861        95.0400000000       3.758246760848E-002 -0.114365669464       2.765893221093E-003
   0.00000000000        0.00000000000        95.0400000000       0.517712356708      -5.690817400102E-002  2.541973525230E-002
 -4.879688596092E-002  0.588890836777        95.0400000000       0.535335553188      -9.007275478271E-002  1.879029473720E-002
 -9.759377192185E-002   1.17778167355        95.0400000000       0.540200869248      -0.101566935221       1.813337921985E-002
 -0.146390657883        1.76667251033        95.0400000000       0.554278454053      -0.100099623568       1.950211188996E-002
 -0.195187543844        2.35556334711        95.0400000000       0.579236606217      -0.132169709663       1.782941512696E-002
 -0.243984429805        2.94445418388        95.0400000000       0.390363699184       1.124097485295E-003  1.811273371374E-002
 -0.292781315766        3.53334502066        95.0400000000       0.333280674601      -5.309239622033E-003  1.237934236837E-002
 -0.341578201726        4.12223585744        95.0400000000       0.281350760916       5.831584891507E-003  1.063546383652E-002
 -0.390375087687        4.71112669421        95.0400000000       0.224567789695       1.316352060930E-002  7.285010344970E-003
 -0.439171973648        5.30001753099        95.0400000000       0.168901906416       5.854097587535E-003  6.052817354165E-003
 -0.487968859609        5.88890836777        95.0400000000       0.123486812768       9.822771814518E-003  4.956963784374E-003
 -0.536765745570        6.47779920454        95.0400000000       8.548198426184E-002  1.237959605678E-002  1.644210566074E-003
   0.00000000000        0.00000000000        95.0400000000       0.517712356708      -5.690817400102E-002  2.541973525230E-002
 -0.237365478204       0.541138783933        95.0400000000       0.532973141924      -9.534518864650E-002  1.770034280392E-002
 -0.474730956408        1.08227756787        95.0400000000       0.535733616278      -0.119461709671       1.520888047938E-002
 -0.712096434612        1.62341635180        95.0400000000       0.540632370165      -0.121497777565       1.516897813334E-002
 -0.949461912816        2.16455513573        95.0400000000       0.558385656705      -0.115783070270       1.610185287561E-002
  -1.18682739102        2.70569391966        95.0400000000       0.281409831960       0.135876307215       2.425349896222E-003
  -1.42419286922        3.24683270360        95.0400000000       0.262508669365       0.151222817232      -6.790665014309E-003
  -1.66155834743        3.78797148753        95.0400000000       0.228228933244       0.125260124441      -1.713221412007E-003
  -1.89892382563        4.32911027146        95.0400000000       0.183175214984       0.134549150054      -3.040538114500E-004
  -2.13628930384        4.87024905539        95.0400000000       0.152028890822       0.159368200352      -2.671926095471E-003
  -2.37365478204        5.41138783933        95.0400000000       4.977390896030E-002  0.187258304220      -2.856885800274E-003
  -2.61102026024        5.95252662326        95.0400000000      -5.259707434260E-002  7.805162111279E-002 -2.245772257155E-003
   0.00000000000        0.00000000000        95.0400000000       0.517712356708      -5.690817400102E-002  2.541973525230E-002
 -0.400211837779       0.434745947216        95.0400000000       0.530246204234      -9.613838764863E-002  1.706940114008E-002
 -0.800423675558       0.869491894432        95.0400000000       0.530853612683      -0.137423894249       1.228802007905E-002
  -1.20063551334        1.30423784165        95.0400000000       0.532267388492      -0.135525757344       1.152315442471E-002
  -1.60084735112        1.73898378886        95.0400000000       0.541188327361      -0.117809767291       1.221885399939E-002
  -2.00105918889        2.17372973608        95.0400000000      -2.019844257397E-002  0.435336047884      -2.679745002936E-002
  -2.40127102667        2.60847568330        95.0400000000       9.150043407739E-002  0.209305431235      -2.233042749279E-002
  -2.80148286445        3.04322163051        95.0400000000       8.426342508485E-002  0.180602502502      -1.503421214767E-002
  -3.20169470223        3.47796757773        95.0400000000       5.693375207797E-002  0.129011220469      -6.784028906919E-003
  -3.60190654001        3.91271352494        95.0400000000       3.926416710403E-002  8.928076401817E-002 -3.399587817442E-003
  -4.00211837779        4.34745947216        95.0400000000       5.666528454439E-002  3.740490710836E-002 -4.791235265336E-003
  -4.40233021557        4.78220541938        95.0400000000       4.133521581775E-002  3.097989651555E-002 -5.102818474337E-003
   0.00000000000        0.00000000000        95.0400000000       0.517712356708      -5.690817400102E-002  2.541973525230E-002
 -0.519689034804       0.281241641340        95.0400000000       0.527450246129      -9.236639636948E-002  1.696584206502E-002
  -1.03937806961       0.562483282680        95.0400000000       0.527341793184      -0.119619113690       1.274358060768E-002
  -1.55906710441       0.843724924020        95.0400000000       0.528939686598      -0.137632724302       9.143749520911E-003
  -2.07875613922        1.12496656536        95.0400000000       0.522125686023      -0.111196227209       1.101322386866E-002
  -2.59844517402        1.40620820670        95.0400000000      -1.713603469407E-002  0.109511506096      -3.140435892549E-002
  -3.11813420882        1.68744984804        95.0400000000      -2.482562537009E-002  0.110197639102      -3.219630912642E-002
  -3.63782324363        1.96869148938        95.0400000000      -2.774803849348E-002  0.100401055300      -2.656725696647E-002
  -4.15751227843        2.24993313072        95.0400000000      -3.247957478653E-002  8.368830529307E-002 -1.740832651889E-002
  -4.67720131323        2.53117477206        95.0400000000      -4.569722205158E-002  7.237037426787E-002 -1.091214228172E-002
  -5.19689034804        2.81241641340        95.0400000000      -1.801774469176E-002  4.802125874814E-002 -6.308275003628E-003
  -5.71657938284        3.09365805474        95.0400000000      -3.791981393400E-003  4.078913543953E-002 -4.703740557431E-003
   0.00000000000        0.00000000000        95.0400000000       0.517712356708      -5.690817400102E-002  2.541973525230E-002
 -0.582849861102       9.726043971134E-002   95.0400000000       0.519436780854      -7.442117385028E-002  1.950852160409E-002
  -1.16569972220       0.194520879423        95.0400000000       0.524153676781      -8.164762963112E-002  1.552511408885E-002
  -1.74854958330       0.291781319134        95.0400000000       0.519080018612      -9.311170255985E-002  1.270437768361E-002
  -2.33139944441       0.389041758845        95.0400000000       0.506435283116      -0.116993446609       8.773991799772E-003
  -2.91424930551       0.486302198557        95.0400000000      -7.182878979970E-002 -1.764474018216E-002 -3.775385147664E-002
  -3.49709916661       0.583562638268        95.0400000000      -8.245954861843E-002  4.636783834430E-003 -3.511760202935E-002
  -4.07994902771       0.680823077979        95.0400000000      -7.729884293480E-002 -4.442023206360E-004 -2.983938818977E-002
  -4.66279888881       0.778083517691        95.0400000000      -6.436161083485E-002  2.733533684686E-003 -2.045173123087E-002
  -5.24564874991       0.875343957402        95.0400000000      -6.433778712436E-002  2.329335551297E-003 -1.291653530034E-002
  -5.82849861102       0.972604397113        95.0400000000      -5.471709609800E-002  5.888266161257E-003 -1.063124542467E-002
  -6.41134847212        1.06986483682        95.0400000000      -3.607428963254E-002  1.894158533506E-003 -6.058265081355E-003
   0.00000000000        0.00000000000        95.0400000000       0.517712356708      -5.690817400102E-002  2.541973525230E-002
 -0.582849861102      -9.726043971134E-002   95.0400000000       0.510817171429      -4.332022886687E-002  2.378345319007E-002
  -1.16569972220      -0.194520879423        95.0400000000       0.506464461585      -3.955447045000E-002  2.176592581225E-002
  -1.74854958330      -0.291781319134        95.0400000000       0.500722463144      -5.254748213660E-002  1.611574906898E-002
  -2.33139944441      -0.389041758845        95.0400000000       0.487040673032      -9.304204696185E-002  9.564697248488E-003
  -2.91424930551      -0.486302198557        95.0400000000      -2.879559221592E-002 -0.102971691288      -3.222910855850E-002
  -3.49709916661      -0.583562638268        95.0400000000      -3.918053857454E-002 -6.283572235882E-002 -2.823155758680E-002
  -4.07994902771      -0.680823077979        95.0400000000      -5.073320375367E-002 -3.348564811931E-002 -2.554796405148E-002
  -4.66279888881      -0.778083517691        95.0400000000      -4.030427848837E-002 -3.345694507023E-002 -1.643188058622E-002
  -5.24564874991      -0.875343957402        95.0400000000      -3.678736164633E-002 -3.723068092779E-002 -9.629601557032E-003
  -5.82849861102      -0.972604397113        95.0400000000      -2.537794752438E-002 -3.782071142263E-002 -7.068012098687E-003
  -6.41134847212       -1.06986483682        95.0400000000      -1.339660775678E-002 -1.967848256431E-002 -4.616914364787E-003
   0.00000000000        0.00000000000        95.0400000000       0.517712356708      -5.690817400102E-002  2.541973525230E-002
 -0.519689034804      -0.281241641340        95.0400000000       0.508347545544      -1.812350479975E-002  2.692486401439E-002
  -1.03937806961      -0.562483282680        95.0400000000       0.496732182949      -1.249777227281E-002  2.584606518788E-002
  -1.55906710441      -0.843724924020        95.0400000000       0.471052840958      -3.406611441946E-002  1.511765688013E-002
  -2.07875613922       -1.12496656536        95.0400000000       0.474336662676      -6.167366240989E-002  1.136898863908E-002
  -2.59844517402       -1.40620820670        95.0400000000       7.191331546264E-002 -0.145753288081      -2.161174720817E-002
  -3.11813420882       -1.68744984804        95.0400000000       4.248102088254E-002 -0.120763254340      -2.045780697746E-002
  -3.63782324363       -1.96869148938        95.0400000000       2.065165660590E-002 -9.810776264010E-002 -1.823863330729E-002
  -4.15751227843       -2.24993313072        95.0400000000       1.374084184778E-002 -7.617290859400E-002 -1.270897269834E-002
  -4.67720131323       -2.53117477206        95.0400000000       2.147039996904E-002 -6.610626980886E-002 -4.504085089156E-003
  -5.19689034804       -2.81241641340        95.0400000000       2.585579776468E-002 -5.173401316677E-002 -2.001879501579E-003
  -5.71657938284       -3.09365805474        95.0400000000       2.533327709316E-002 -3.183463802280E-002 -5.961722291423E-004
   0.00000000000        0.00000000000        95.0400000000       0.517712356708      -5.690817400102E-002  2.541973525230E-002
 -0.400211837779      -0.434745947216        95.0400000000       0.506458603890       6.834596283120E-007  2.950152299811E-002
 -0.800423675558      -0.869491894432        95.0400000000       0.497887619878      -1.181803524433E-002  2.634741438513E-002
  -1.20063551334       -1.30423784165        95.0400000000       0.447485735789      -3.980416303122E-003  1.850739971292E-002
  -1.60084735112       -1.73898378886        95.0400000000       0.459917724614      -6.021313786345E-002  1.119268093628E-002
  -2.00105918889       -2.17372973608        95.0400000000       0.208273447993      -0.235863123284      -1.030324707860E-002
  -2.40127102667       -2.60847568330        95.0400000000       0.139407207994      -0.144704259567      -5.887803348268E-003
  -2.80148286445       -3.04322163051        95.0400000000       0.111615201458      -0.108145085267      -1.577030363753E-003
  -3.20169470223       -3.47796757773        95.0400000000       9.875890634438E-002 -8.397807645543E-002 -8.986365056728E-004
  -3.60190654001       -3.91271352494        95.0400000000       9.074356375936E-002 -4.309654032668E-002 -3.972318196813E-003
  -4.00211837779       -4.34745947216        95.0400000000       8.661730015927E-002 -6.278761569700E-003 -3.836189870785E-003
  -4.40233021557       -4.78220541938        95.0400000000       6.734812847943E-002  4.633901756012E-004 -2.883757257712E-003
   0.00000000000        0.00000000000        95.0400000000       0.517712356708      -5.690817400102E-002  2.541973525230E-002
 -0.237365478204      -0.541138783933        95.0400000000       0.507918605225       4.386002551074E-003  3.021703324124E-002
 -0.474730956408       -1.08227756787        95.0400000000       0.500797764005      -9.172191837471E-003  2.731203202781E-002
 -0.712096434612       -1.62341635180        95.0400000000       0.460148057436      -2.283752152491E-003  2.133459928985E-002
 -0.949461912816       -2.16455513573        95.0400000000       0.444547627031      -5.104055108120E-002  1.880330231985E-002
  -1.18682739102       -2.70569391966        95.0400000000       0.260224598256      -5.597475430528E-002  3.185172568801E-003
  -1.42419286922       -3.24683270360        95.0400000000       0.218024175256      -6.168429682820E-002  8.270993541580E-003
  -1.66155834743       -3.78797148753        95.0400000000       0.189216688417      -6.407320202257E-002  1.292994652543E-002
  -1.89892382563       -4.32911027146        95.0400000000       0.188339897029      -8.200023802012E-002  1.121953022723E-002
  -2.13628930384       -4.87024905539        95.0400000000       0.167251556183      -0.122883735466       2.763390985592E-003
  -2.37365478204       -5.41138783933        95.0400000000       0.105820543697      -0.125723348163       1.494113917354E-003
  -2.61102026024       -5.95252662326        95.0400000000      -3.768613383139E-002 -4.404415846543E-002  9.741743376023E-004
   0.00000000000        0.00000000000        95.0400000000       0.517712356708      -5.690817400102E-002  2.541973525230E-002
 -4.879688596092E-002 -0.588890836777        95.0400000000       0.510282747991       7.703370729492E-003  3.102039692812E-002
 -9.759377192185E-002  -1.17778167355        95.0400000000       0.505095672131      -5.149082042769E-003  2.860062227342E-002
 -0.146390657883       -1.76667251033        95.0400000000       0.489658278032      -5.167706545663E-003  2.628630722396E-002
 -0.195187543844       -2.35556334711        95.0400000000       0.476386395598      -1.100481699886E-002  2.477219650421E-002
 -0.243984429805       -2.94445418388        95.0400000000       0.304940248699       6.584650819325E-002  2.778143506013E-002
 -0.292781315766       -3.53334502066        95.0400000000       0.262522656066       5.985593064458E-002  2.832419717143E-002
 -0.341578201726       -4.12223585744        95.0400000000       0.207731241348       3.851600820974E-002  2.265503235322E-002
 -0.390375087687       -4.71112669421        95.0400000000       0.167232630939       2.597938609443E-002  1.449225609387E-002
 -0.439171973648       -5.30001753099        95.0400000000       0.129566134379       1.843788175244E-002  3.144982028347E-003
 -0.487968859609       -5.88890836777        95.0400000000       0.100078910122       2.121458252934E-002  2.819372317538E-003
 -0.536765745570       -6.47779920454        95.0400000000       7.328736274083E-002  2.025120667275E-002  4.501088377477E-003
   0.00000000000        0.00000000000        95.0400000000       0.517712356708      -5.690817400102E-002  2.541973525230E-002
  0.145059606038      -0.572827429873        95.0400000000       0.512945567503       1.160135380570E-002  3.213410815423E-002
  0.290119212075       -1.14565485975        95.0400000000       0.511073904025       4.256641593586E-003  3.058459949837E-002
  0.435178818113       -1.71848228962        95.0400000000       0.508671354449      -2.045638687652E-003  2.995948945400E-002
  0.580238424151       -2.29130971949        95.0400000000       0.504807665677      -2.091419798437E-003  3.081892684593E-002
  0.725298030189       -2.86413714937        95.0400000000       0.356089105197       0.275096062933       4.700416434311E-002
  0.870357636226       -3.43696457924        95.0400000000       0.242850691120       0.148074059441       3.037871510332E-002
   1.01541724226       -4.00979200911        95.0400000000       0.184152867034       0.140219986638       2.461650499333E-002
   1.16047684830       -4.58261943899        95.0400000000       0.153547008670       0.150787373225       2.902092964109E-002
   1.30553645434       -5.15544686886        95.0400000000       0.123084826034       0.144237764534       2.491646442867E-002
   1.45059606038       -5.72827429873        95.0400000000       6.992755566348E-002  0.126926439673       1.430850197028E-002
   1.59565566642       -6.30110172861        95.0400000000       3.170016481206E-002  0.111185133278       8.842837578880E-003
   0.00000000000        0.00000000000        95.0400000000       0.517712356708      -5.690817400102E-002  2.541973525230E-002
  0.323196638891      -0.494689282610        95.0400000000       0.515618505949       1.565754482995E-002  3.343747902721E-002
  0.646393277781      -0.989378565219        95.0400000000       0.518026793017       1.768700402872E-002  3.300999327262E-002
  0.969589916672       -1.48406784783        95.0400000000       0.517568301802       1.191658206594E-002  3.352607653604E-002
   1.29278655556       -1.97875713044        95.0400000000       0.517222623127       1.613236764567E-002  3.732911947651E-002
   1.61598319445       -2.47344641305        95.0400000000       0.194504202050       0.256876487484       5.469507897437E-002
   1.93917983334       -2.96813569566        95.0400000000       0.147642452915       0.250396403720       4.347715449882E-002
   2.26237647223       -3.46282497827        95.0400000000       0.110518281674       0.238481113217       3.586629890050E-002
   2.58557311112       -3.95751426088        95.0400000000       0.102925693572       0.208750339911       3.420285292208E-002
   2.90876975001       -4.45220354349        95.0400000000       0.117908888543       0.141442975657       2.641070549688E-002
   3.23196638891       -4.94689282610        95.0400000000       9.728133561745E-002  1.490563054776E-002  1.539623889766E-002
   3.55516302780       -5.44158210871        95.0400000000      -4.564340693611E-004  8.449306180455E-003  8.172705001142E-003
   0.00000000000        0.00000000000        95.0400000000       0.517712356708      -5.690817400102E-002  2.541973525230E-002
  0.466310301007      -0.362943875680        95.0400000000       0.517052905316       4.317581128748E-003  3.337115535080E-002
  0.932620602014      -0.725887751361        95.0400000000       0.522487119952       2.772091656081E-002  3.706062412077E-002
   1.39893090302       -1.08883162704        95.0400000000       0.526402163027       3.495178489586E-002  3.968779674879E-002
   1.86524120403       -1.45177550272        95.0400000000       0.520939238066       4.530296940601E-002  4.206979766835E-002
   2.33155150503       -1.81471937840        95.0400000000       2.995476723500E-002  0.285291283822       6.187192606125E-002
   2.79786180604       -2.17766325408        95.0400000000      -2.339538690811E-002  0.245946638437       4.925304663095E-002
   3.26417210705       -2.54060712976        95.0400000000      -3.123688536498E-002  0.229975232682       4.179592720832E-002
   3.73048240806       -2.90355100544        95.0400000000      -2.426703916722E-002  0.206807439016       3.095743780009E-002
   4.19679270906       -3.26649488112        95.0400000000      -3.540455369052E-002  0.163883324238       2.367584140133E-002
   4.66310301007       -3.62943875680        95.0400000000      -2.394669118111E-002  0.107592135421       1.731667994101E-002
   5.12941331108       -3.99238263248        95.0400000000      -3.780612164719E-002  9.616982207803E-002  1.277332603177E-002
   0.00000000000        0.00000000000        95.0400000000       0.517712356708      -5.690817400102E-002  2.541973525230E-002
  0.558892006459      -0.191867868166        95.0400000000       0.516614116603      -2.004932768889E-002  3.310583283227E-002
   1.11778401292      -0.383735736333        95.0400000000       0.524665061497       2.538867650134E-002  4.067005172693E-002
   1.67667601938      -0.575603604499        95.0400000000       0.525924300200       5.973991415933E-002  4.447716162819E-002
   2.23556802584      -0.767471472666        95.0400000000       0.526979641324       7.638139633187E-002  4.544969710132E-002
   2.79446003230      -0.959339340832        95.0400000000      -0.132153430303       0.179340459228       6.445167212222E-002
   3.35335203876       -1.15120720900        95.0400000000      -0.161746408690       0.149888353924       5.763694540450E-002
   3.91224404522       -1.34307507716        95.0400000000      -0.153102712932       0.115229035766       4.494972059637E-002
   4.47113605168       -1.53494294533        95.0400000000      -0.150535117436       8.599633644919E-002  3.223374610974E-002
   5.03002805814       -1.72681081350        95.0400000000      -0.146158154101       9.100732831924E-002  2.143162611046E-002
   5.58892006459       -1.91867868166        95.0400000000      -0.126612074173       7.910112062753E-002  1.671388583215E-002
   6.14781207105       -2.11054654983        95.0400000000      -0.110426531962       4.094364949723E-002  1.159497386014E-002
   0.00000000000        0.00000000000        95.0400000000       0.517712356708      -5.690817400102E-002  2.541973525230E-002
  0.590909090909        0.00000000000        95.0400000000       0.517879916606      -2.976354521375E-002  3.215593885699E-002
   1.18181818182      -1.172487511250E-015   95.0400000000       0.517116861759       1.470701635596E-002  3.908425249328E-002
   1.77272727273        0.00000000000        95.0400000000       0.521894668465       6.845255732115E-002  4.564604554579E-002
   2.36363636364        0.00000000000        95.0400000000       0.555662919096       4.803128836061E-002  4.000480576342E-002
   2.95454545455        0.00000000000        95.0400000000      -0.199299831392       2.803138955984E-002  6.095845248773E-002
   3.54545454545        0.00000000000        95.0400000000      -0.201942278254      -1.557756208771E-002  5.090485541844E-002
   4.13636363636        0.00000000000        95.0400000000      -0.181946771102      -3.748477128645E-002  3.988441551456E-002
   4.72727272727        0.00000000000        95.0400000000      -0.180694133854      -1.338267939940E-002  2.338370125832E-002
   5.31818181818        0.00000000000        95.0400000000      -0.176172230844      -5.461470382695E-003  1.878867337722E-002
   5.90909090909        0.00000000000        95.0400000000      -0.165178782532       2.781945511095E-004  1.664229281168E-002
   6.50000000000        0.00000000000        95.0400000000      -0.149522115833       2.057980287809E-003  1.483498988004E-002
