 12 20 1 1
 1 X [LENGU]
 2 Y [LENGU]
 3 Z [LENGU]
 4 Hx [FIELU]
 5 Hy [FIELU]
 6 Hz [FIELU]
 0
   0.00000000000        0.00000000000        2.16000000000        1.26792628179      -6.031223009274E-003 -2.596222892718E-004
  0.590909090909        0.00000000000        2.16000000000        1.27377466911      -4.281653556457E-003  1.249802389197E-003
   1.18181818182        0.00000000000        2.16000000000        1.27695100622      -2.396875638488E-003  2.245446810022E-003
   1.77272727273        0.00000000000        2.16000000000        1.26589924427       1.172361164296E-004  7.689085929070E-004
   2.36363636364        0.00000000000        2.16000000000        1.26857116818      -2.178664209483E-003  6.591644772983E-005
   2.95454545455        0.00000000000        2.16000000000        1.23715497221       4.801277887373E-003  9.890584568288E-003
   3.54545454545        0.00000000000        2.16000000000        1.18124357529       5.791882090244E-003  1.884762681680E-002
   4.13636363636        0.00000000000        2.16000000000        1.12380352857       1.859758401417E-003  2.523326541871E-002
   4.72727272727        0.00000000000        2.16000000000        1.06269329609       9.592976767161E-003  4.035955864047E-002
   5.31818181818        0.00000000000        2.16000000000       0.997134948250       2.444154494100E-002  6.665931808977E-002
   5.90909090909        0.00000000000        2.16000000000       0.922589192527      -7.532844912451E-003  9.091800469812E-002
   6.50000000000        0.00000000000        2.16000000000       0.780911716133       7.983114394078E-005  6.994619844238E-002
   0.00000000000        0.00000000000        2.16000000000        1.26792628179      -6.031223009274E-003 -2.596222892718E-004
  0.558892006459       0.191867868166        2.16000000000        1.27826506793      -3.357287883888E-003  1.713277720113E-003
   1.11778401292       0.383735736333        2.16000000000        1.28191193472      -3.650046113422E-004  2.416151588125E-003
   1.67667601938       0.575603604499        2.16000000000        1.26803427919       2.986468577907E-003  3.179795643258E-004
   2.23556802584       0.767471472666        2.16000000000        1.26011145999       6.958013524795E-003 -1.498352829062E-003
   2.79446003230       0.959339340832        2.16000000000        1.24539672529       2.658337451460E-002  2.699125659487E-003
   3.35335203876        1.15120720900        2.16000000000        1.21202903245       7.922478140229E-002  6.995836131872E-003
   3.91224404522        1.34307507716        2.16000000000        1.17794130671       9.339440121571E-002  1.515051468297E-002
   4.47113605168        1.53494294533        2.16000000000        1.09176050882       0.127504400589       2.295298438624E-002
   5.03002805814        1.72681081350        2.16000000000        1.01711708391       0.153069549787       3.547478964527E-002
   5.58892006459        1.91867868166        2.16000000000       0.924392870039       0.160401661371       5.285853068487E-002
   6.14781207105        2.11054654983        2.16000000000       0.790330509923       0.152851095793       6.021934246696E-002
   0.00000000000        0.00000000000        2.16000000000        1.26792628179      -6.031223009274E-003 -2.596222892718E-004
  0.466310301007       0.362943875680        2.16000000000        1.28163509884      -2.722684572532E-003  1.962958722314E-003
  0.932620602014       0.725887751361        2.16000000000        1.28699397235       1.007073597724E-003  2.581084648693E-003
   1.39893090302        1.08883162704        2.16000000000        1.27432728553       4.665316204650E-003  5.432851084888E-004
   1.86524120403        1.45177550272        2.16000000000        1.26120093461       1.283477066589E-002 -1.627164491986E-003
   2.33155150503        1.81471937840        2.16000000000        1.37134323054       1.901346005028E-002  2.162561326672E-003
   2.79786180604        2.17766325408        2.16000000000        1.36563402141       4.086061255092E-002  7.064524402624E-003
   3.26417210705        2.54060712976        2.16000000000        1.36595267579       0.139406425320       9.169465401541E-003
   3.73048240806        2.90355100544        2.16000000000        1.29761906862       0.287166390417       1.076397856208E-002
   4.19679270906        3.26649488112        2.16000000000        1.23590241432       0.414396616776       4.281377726740E-002
   4.66310301007        3.62943875680        2.16000000000        1.13287409839       0.538604479678       5.333656711274E-002
   5.12941331108        3.99238263248        2.16000000000       0.883872609203       0.556275882159       0.148571786099     
   0.00000000000        0.00000000000        2.16000000000        1.26792628179      -6.031223009274E-003 -2.596222892718E-004
  0.323196638891       0.494689282610        2.16000000000        1.28351956672      -2.446612738060E-003  1.971788585012E-003
  0.646393277781       0.989378565219        2.16000000000        1.29065822896       1.565810061693E-003  2.577549535032E-003
  0.969589916672        1.48406784783        2.16000000000        1.28368772361       7.805247786303E-003  1.334182967269E-003
   1.29278655556        1.97875713044        2.16000000000        1.27319084955       1.105652212081E-002 -2.496854743321E-004
   1.61598319445        2.47344641305        2.16000000000        1.42332306329      -1.833650050782E-002  7.426750397032E-004
   1.93917983334        2.96813569566        2.16000000000        1.49275410113      -4.516188708583E-002  5.685962077366E-003
   2.26237647223        3.46282497827        2.16000000000        1.58712608462      -3.993781605394E-002  1.015226977220E-002
   2.58557311112        3.95751426088        2.16000000000        1.82916521252      -3.982698343131E-003  1.916496783238E-002
   2.90876975001        4.45220354349        2.16000000000        2.35633462797       0.376468024186       3.166473475442E-002
   3.23196638891        4.94689282610        2.16000000000        2.23792342753        2.20740502759       4.782866215767E-002
   3.55516302780        5.44158210871        2.16000000000       0.545214447563        1.75678570023       6.128704664811E-002
   0.00000000000        0.00000000000        2.16000000000        1.26792628179      -6.031223009274E-003 -2.596222892718E-004
  0.145059606038       0.572827429873        2.16000000000        1.28371426021      -2.558989047434E-003  1.738810455574E-003
  0.290119212075        1.14565485975        2.16000000000        1.28809544416       2.807124692699E-003  1.918229519233E-003
  0.435178818113        1.71848228962        2.16000000000        1.28859140382       8.187750332066E-003  1.666260220918E-003
  0.580238424151        2.29130971949        2.16000000000        1.29172130321       7.486267489379E-003  1.953556673452E-003
  0.725298030189        2.86413714937        2.16000000000        1.43330751947      -3.751275551266E-002  1.772993989925E-003
  0.870357636226        3.43696457924        2.16000000000        1.39251747888      -0.129187945735       7.855677113939E-003
   1.01541724226        4.00979200911        2.16000000000        1.34631357405      -0.117678349117       1.039871279961E-002
   1.16047684830        4.58261943899        2.16000000000        1.28994541024      -0.451034262998       1.283941406649E-002
   1.30553645434        5.15544686886        2.16000000000       0.889890054519      -0.672762513541       1.623650924616E-002
   1.45059606038        5.72827429873        2.16000000000       0.404703730810      -0.719217387093       2.164134359972E-002
   1.59565566642        6.30110172861        2.16000000000       9.191549928047E-002 -0.513717203264       2.759664834972E-002
   0.00000000000        0.00000000000        2.16000000000        1.26792628179      -6.031223009274E-003 -2.596222892718E-004
 -4.879688596092E-002  0.588890836777        2.16000000000        1.28219808127      -3.047635783834E-003  1.289271129353E-003
 -9.759377192185E-002   1.17778167355        2.16000000000        1.28486186543       2.760233022080E-003  1.390142125653E-003
 -0.146390657883        1.76667251033        2.16000000000        1.29012928627       3.187575838719E-003  1.715810412225E-003
 -0.195187543844        2.35556334711        2.16000000000        1.29588718295       7.019964661349E-003  2.734386287240E-003
 -0.243984429805        2.94445418388        2.16000000000        1.41255036553       7.127263551166E-003  2.708267700271E-003
 -0.292781315766        3.53334502066        2.16000000000        1.24558654118       4.114252550061E-003  4.955574898307E-003
 -0.341578201726        4.12223585744        2.16000000000        1.13763767107       2.923314668720E-002  4.868718795436E-003
 -0.390375087687        4.71112669421        2.16000000000       0.997031338445       0.153603686149       5.256385210057E-003
 -0.439171973648        5.30001753099        2.16000000000       0.772572145622       0.214859563300       3.777851492274E-003
 -0.487968859609        5.88890836777        2.16000000000       0.479033764508       0.237064372236       3.272476075162E-003
 -0.536765745570        6.47779920454        2.16000000000       0.331221019019       0.116124396165       5.515961837909E-003
   0.00000000000        0.00000000000        2.16000000000        1.26792628179      -6.031223009274E-003 -2.596222892718E-004
 -0.237365478204       0.541138783933        2.16000000000        1.27874530238      -3.676073208237E-003  7.650310614358E-004
 -0.474730956408        1.08227756787        2.16000000000        1.28597824116      -2.210551207769E-004  1.706090403061E-003
 -0.712096434612        1.62341635180        2.16000000000        1.28802555970       1.349402851116E-003  1.653334401861E-003
 -0.949461912816        2.16455513573        2.16000000000        1.28691665777       2.124592729714E-002  2.330664276953E-003
  -1.18682739102        2.70569391966        2.16000000000        1.40744989693       3.504698464665E-002  6.654859330154E-003
  -1.42419286922        3.24683270360        2.16000000000        1.44761966150       0.101690848094       5.752548826271E-003
  -1.66155834743        3.78797148753        2.16000000000        1.53952015914       0.217648595753       2.949892368778E-004
  -1.89892382563        4.32911027146        2.16000000000        1.71434742698       0.120970299290      -2.813218586947E-004
  -2.13628930384        4.87024905539        2.16000000000        1.94981615156        1.30545829228      -6.081389448502E-003
  -2.37365478204        5.41138783933        2.16000000000       0.638577975895        2.26396156245      -1.130190835112E-002
  -2.61102026024        5.95252662326        2.16000000000       -1.37743634154       0.354088333761      -1.480601737256E-002
   0.00000000000        0.00000000000        2.16000000000        1.26792628179      -6.031223009274E-003 -2.596222892718E-004
 -0.400211837779       0.434745947216        2.16000000000        1.27417033568      -4.583359015161E-003  1.177602433021E-004
 -0.800423675558       0.869491894432        2.16000000000        1.27917533733      -2.552461779463E-003  7.910505640624E-004
  -1.20063551334        1.30423784165        2.16000000000        1.28418033897      -5.215645437657E-004  1.464340884823E-003
  -1.60084735112        1.73898378886        2.16000000000        1.28597799295       8.924708940524E-003  1.865715745614E-003
  -2.00105918889        2.17372973608        2.16000000000        1.37232139038       3.883046393811E-002  2.945456906670E-003
  -2.40127102667        2.60847568330        2.16000000000        1.42846113744      -7.809692613600E-002  4.758842569952E-003
  -2.80148286445        3.04322163051        2.16000000000        1.54416650747      -0.177827266905      -8.596453593403E-003
  -3.20169470223        3.47796757773        2.16000000000        1.60886269487      -0.406236544274      -1.041528500269E-002
  -3.60190654001        3.91271352494        2.16000000000        1.52310402163      -0.532893971799      -1.245958812505E-002
  -4.00211837779        4.34745947216        2.16000000000        1.33400517095      -0.810755137955      -5.287574753947E-002
  -4.40233021557        4.78220541938        2.16000000000        1.01935572066      -0.862426337066      -6.775450094452E-002
   0.00000000000        0.00000000000        2.16000000000        1.26792628179      -6.031223009274E-003 -2.596222892718E-004
 -0.519689034804       0.281241641340        2.16000000000        1.26905299940      -5.710724050190E-003 -6.024720282618E-004
  -1.03937806961       0.562483282680        2.16000000000        1.26925720971      -4.585595208083E-003 -6.139125337720E-004
  -1.55906710441       0.843724924020        2.16000000000        1.27250380242      -4.510056941140E-003 -1.002650880969E-004
  -2.07875613922        1.12496656536        2.16000000000        1.27047524972      -4.527395666654E-003 -7.275074380932E-004
  -2.59844517402        1.40620820670        2.16000000000        1.33708756107      -2.291568863540E-002  1.074467399210E-002
  -3.11813420882        1.68744984804        2.16000000000        1.31929730093      -0.118267791212       9.558924923474E-003
  -3.63782324363        1.96869148938        2.16000000000        1.26304466097      -0.147566544537       1.263780326857E-002
  -4.15751227843        2.24993313072        2.16000000000        1.18610424825      -0.181450963074       1.369274379163E-002
  -4.67720131323        2.53117477206        2.16000000000        1.12456721238      -0.214524124480       1.315826810458E-002
  -5.19689034804        2.81241641340        2.16000000000       0.995041867005      -0.256246419014      -2.848373235539E-003
  -5.71657938284        3.09365805474        2.16000000000       0.806062699376      -0.310348461755      -2.429328296538E-002
   0.00000000000        0.00000000000        2.16000000000        1.26792628179      -6.031223009274E-003 -2.596222892718E-004
 -0.582849861102       9.726043971134E-002   2.16000000000        1.26544104118      -5.890685813621E-003 -1.150150100952E-003
  -1.16569972220       0.194520879423        2.16000000000        1.26740156947      -7.103166211469E-003 -7.402179746340E-004
  -1.74854958330       0.291781319134        2.16000000000        1.27201322175      -4.850555427441E-003 -2.913657545693E-004
  -2.33139944441       0.389041758845        2.16000000000        1.26411541640      -2.086899158773E-003 -1.269827607153E-003
  -2.91424930551       0.486302198557        2.16000000000        1.27157671258      -1.732925042608E-002  8.664804973953E-003
  -3.49709916661       0.583562638268        2.16000000000        1.26599701993      -1.840715906112E-002  2.034561860266E-002
  -4.07994902771       0.680823077979        2.16000000000        1.23484003147      -1.521109127921E-002  6.338672496634E-002
  -4.66279888881       0.778083517691        2.16000000000        1.20129773492      -8.678025281224E-003  0.101845325557     
  -5.24564874991       0.875343957402        2.16000000000        1.13627586210      -2.155733516330E-002  0.125912690084     
  -5.82849861102       0.972604397113        2.16000000000        1.00487765637       2.275968442935E-002  0.150231713048     
  -6.41134847212        1.06986483682        2.16000000000       0.903292844717       0.106921227631       0.289995848743     
   0.00000000000        0.00000000000        2.16000000000        1.26792628179      -6.031223009274E-003 -2.596222892718E-004
 -0.582849861102      -9.726043971134E-002   2.16000000000        1.26269147637      -5.827869723789E-003 -1.581935149150E-003
  -1.16569972220      -0.194520879423        2.16000000000        1.27139540642      -1.399840751754E-002  3.086770648678E-004
  -1.74854958330      -0.291781319134        2.16000000000        1.27369749178      -7.954363229576E-003 -7.773085244529E-005
  -2.33139944441      -0.389041758845        2.16000000000        1.26713954812      -8.691813031691E-004 -9.657928140773E-004
  -2.91424930551      -0.486302198557        2.16000000000        1.27426265387       1.324867358239E-002  1.058328312105E-002
  -3.49709916661      -0.583562638268        2.16000000000        1.26538590292       7.861699079860E-003  1.318926986172E-002
  -4.07994902771      -0.680823077979        2.16000000000        1.24753184539       9.124543552026E-003  3.567072579409E-002
  -4.66279888881      -0.778083517691        2.16000000000        1.19284618550       1.994876935636E-002  7.783943185766E-002
  -5.24564874991      -0.875343957402        2.16000000000        1.10664652648       3.431469188096E-002  0.112633165112     
  -5.82849861102      -0.972604397113        2.16000000000        1.10409210876      -1.759709477504E-002  0.160655256809     
  -6.41134847212       -1.06986483682        2.16000000000        1.26211862778      -3.791638453332E-002  0.414157308384     
   0.00000000000        0.00000000000        2.16000000000        1.26792628179      -6.031223009274E-003 -2.596222892718E-004
 -0.519689034804      -0.281241641340        2.16000000000        1.26046801201      -5.760980085449E-003 -1.858574682928E-003
  -1.03937806961      -0.562483282680        2.16000000000        1.27123921801      -1.744870080680E-002  4.917872844963E-004
  -1.55906710441      -0.843724924020        2.16000000000        1.27757120665      -1.264728212470E-002  9.021097728629E-004
  -2.07875613922       -1.12496656536        2.16000000000        1.27940518796       2.461496882398E-003  6.542696344617E-004
  -2.59844517402       -1.40620820670        2.16000000000        1.32867482007       2.554950516368E-002  6.251905967851E-003
  -3.11813420882       -1.68744984804        2.16000000000        1.30758672836       8.436559118219E-002  9.198846564051E-003
  -3.63782324363       -1.96869148938        2.16000000000        1.26769222760       0.131495744404       1.239907594799E-002
  -4.15751227843       -2.24993313072        2.16000000000        1.20451655946       0.164159437996       1.591286113330E-002
  -4.67720131323       -2.53117477206        2.16000000000        1.13119835019       0.207762795643       1.546346291037E-002
  -5.19689034804       -2.81241641340        2.16000000000       0.988437132817       0.248023931101       1.202451550234E-002
  -5.71657938284       -3.09365805474        2.16000000000       0.819693460001       0.277678430981      -4.205429609858E-003
   0.00000000000        0.00000000000        2.16000000000        1.26792628179      -6.031223009274E-003 -2.596222892718E-004
 -0.400211837779      -0.434745947216        2.16000000000        1.25988352376      -5.070136962507E-003 -1.745168769208E-003
 -0.800423675558      -0.869491894432        2.16000000000        1.26887501278      -5.644688839599E-003 -4.347192895740E-004
  -1.20063551334       -1.30423784165        2.16000000000        1.28582094565      -1.468933867661E-002  2.863058638538E-003
  -1.60084735112       -1.73898378886        2.16000000000        1.28934842085       3.596333436235E-004  2.152206619022E-003
  -2.00105918889       -2.17372973608        2.16000000000        1.34532557708      -5.532831880791E-002  4.095416898318E-003
  -2.40127102667       -2.60847568330        2.16000000000        1.42636289167       3.383115108614E-002  3.367421349636E-003
  -2.80148286445       -3.04322163051        2.16000000000        1.47936450456       0.132943492906      -9.092599833893E-004
  -3.20169470223       -3.47796757773        2.16000000000        1.62472337794       0.335640101886      -7.025993493210E-003
  -3.60190654001       -3.91271352494        2.16000000000        1.58934976350       0.514892346900      -2.271752207309E-002
  -4.00211837779       -4.34745947216        2.16000000000        1.35187523185       0.801043423230      -6.515209035353E-002
  -4.40233021557       -4.78220541938        2.16000000000        1.04275277442       0.950233775324      -0.111113717606     
   0.00000000000        0.00000000000        2.16000000000        1.26792628179      -6.031223009274E-003 -2.596222892718E-004
 -0.237365478204      -0.541138783933        2.16000000000        1.26263966700      -3.612804600274E-003 -1.159571687234E-003
 -0.474730956408       -1.08227756787        2.16000000000        1.26933146606       3.220625185618E-003 -5.577552740898E-004
 -0.712096434612       -1.62341635180        2.16000000000        1.28119644680      -2.624425928411E-003  1.589292945822E-003
 -0.949461912816       -2.16455513573        2.16000000000        1.29484896935      -7.704915893787E-003  3.997721325048E-003
  -1.18682739102       -2.70569391966        2.16000000000        1.39465158456      -5.223622935192E-002  4.892900997314E-003
  -1.42419286922       -3.24683270360        2.16000000000        1.42957672835      -0.152813927128       3.704217288137E-003
  -1.66155834743       -3.78797148753        2.16000000000        1.48556206345      -0.239476057672       1.830548461743E-003
  -1.89892382563       -4.32911027146        2.16000000000        1.62598561905      -0.537149764652      -4.085456792483E-003
  -2.13628930384       -4.87024905539        2.16000000000        1.90526088941       -1.28319282253      -1.313354173948E-002
  -2.37365478204       -5.41138783933        2.16000000000       4.558307891597E-002  -1.57575169579      -2.044750749540E-002
  -2.61102026024       -5.95252662326        2.16000000000       -1.43423767811      -0.429765742416      -2.385689532092E-002
   0.00000000000        0.00000000000        2.16000000000        1.26792628179      -6.031223009274E-003 -2.596222892718E-004
 -4.879688596092E-002 -0.588890836777        2.16000000000        1.26467064998      -2.895980386930E-003 -6.391907517683E-004
 -9.759377192185E-002  -1.17778167355        2.16000000000        1.27174856019       9.434418956359E-004 -3.057633973815E-005
 -0.146390657883       -1.76667251033        2.16000000000        1.27602713233       4.350500104475E-003  4.092930585671E-004
 -0.195187543844       -2.35556334711        2.16000000000        1.28497157323      -1.001806616033E-002  2.584922325453E-003
 -0.243984429805       -2.94445418388        2.16000000000        1.38718451832      -2.510802983639E-002  5.440132055674E-003
 -0.292781315766       -3.53334502066        2.16000000000        1.25908162078       3.147159338290E-003  6.069582929710E-003
 -0.341578201726       -4.12223585744        2.16000000000        1.18188445668      -6.694594582636E-002  5.331410651482E-003
 -0.390375087687       -4.71112669421        2.16000000000        1.08716491560      -0.138571485191       5.987837165587E-003
 -0.439171973648       -5.30001753099        2.16000000000       0.767150469586      -0.235420346505       3.027556028989E-003
 -0.487968859609       -5.88890836777        2.16000000000       0.498421419167      -0.232403838409      -2.507762861703E-003
 -0.536765745570       -6.47779920454        2.16000000000       0.231476357965      -0.147922921514      -6.529348599807E-003
   0.00000000000        0.00000000000        2.16000000000        1.26792628179      -6.031223009274E-003 -2.596222892718E-004
  0.145059606038      -0.572827429873        2.16000000000        1.26575638418      -2.997343348665E-003 -2.404173117101E-004
  0.290119212075       -1.14565485975        2.16000000000        1.27295676036      -1.432417633089E-003  4.662066082508E-004
  0.435178818113       -1.71848228962        2.16000000000        1.27765794670      -9.609508879802E-004  9.373626750709E-004
  0.580238424151       -2.29130971949        2.16000000000        1.27198504671      -2.615029037908E-003 -4.735606623452E-004
  0.725298030189       -2.86413714937        2.16000000000        1.43064077343       5.503058248582E-002  5.178916933949E-003
  0.870357636226       -3.43696457924        2.16000000000        1.35779970714       0.119143833637       9.107038589157E-003
   1.01541724226       -4.00979200911        2.16000000000        1.31683495051       0.220308127908       9.843890837124E-003
   1.16047684830       -4.58261943899        2.16000000000        1.17582464471       0.391162295339       1.197303377798E-002
   1.30553645434       -5.15544686886        2.16000000000       0.887759030143       0.691821238322       1.851171601845E-002
   1.45059606038       -5.72827429873        2.16000000000       0.396920274327       0.719733104558       2.140279312177E-002
   1.59565566642       -6.30110172861        2.16000000000       7.661911788942E-002  0.521994803821       1.788221634480E-002
   0.00000000000        0.00000000000        2.16000000000        1.26792628179      -6.031223009274E-003 -2.596222892718E-004
  0.323196638891      -0.494689282610        2.16000000000        1.26577921344      -3.905909235767E-003 -6.464656897637E-006
  0.646393277781      -0.989378565219        2.16000000000        1.27327964712      -2.624122388935E-003  1.020671662221E-003
  0.969589916672       -1.48406784783        2.16000000000        1.27767869097      -7.212718814511E-003  1.214489759841E-003
   1.29278655556       -1.97875713044        2.16000000000        1.27709325403      -9.289170867135E-003  2.495376562944E-004
   1.61598319445       -2.47344641305        2.16000000000        1.41034020311       9.946001233428E-003  9.962107679455E-003
   1.93917983334       -2.96813569566        2.16000000000        1.52121879839      -1.033539181883E-002  9.737384575576E-003
   2.26237647223       -3.46282497827        2.16000000000        1.59315826088       1.423596336338E-002  1.416985136500E-002
   2.58557311112       -3.95751426088        2.16000000000        1.89256831190      -4.521764913138E-002  2.517357407197E-002
   2.90876975001       -4.45220354349        2.16000000000        2.38019798372      -0.407409893184       3.698026417988E-002
   3.23196638891       -4.94689282610        2.16000000000        2.29277335504       -2.01263268673       4.726415397102E-002
   3.55516302780       -5.44158210871        2.16000000000       0.516813919423       -1.82665731387       4.887447576418E-002
   0.00000000000        0.00000000000        2.16000000000        1.26792628179      -6.031223009274E-003 -2.596222892718E-004
  0.466310301007      -0.362943875680        2.16000000000        1.26519454714      -5.359244714736E-003  9.492199472330E-005
  0.932620602014      -0.725887751361        2.16000000000        1.27268223067      -2.502532670401E-003  1.572733930164E-003
   1.39893090302       -1.08883162704        2.16000000000        1.27662981423      -8.501296772323E-003  1.859851552270E-003
   1.86524120403       -1.45177550272        2.16000000000        1.26985449051      -1.493663387210E-002  8.310867303342E-004
   2.33155150503       -1.81471937840        2.16000000000        1.35804174260      -1.889315812355E-002  1.299025306296E-002
   2.79786180604       -2.17766325408        2.16000000000        1.33943193191      -7.489218744113E-002  1.435000098426E-002
   3.26417210705       -2.54060712976        2.16000000000        1.38329401709      -0.229293888510       2.203446351823E-002
   3.73048240806       -2.90355100544        2.16000000000        1.36362661840      -0.335682108165       3.253516780667E-002
   4.19679270906       -3.26649488112        2.16000000000        1.28685943888      -0.403411578577       4.786127897593E-002
   4.66310301007       -3.62943875680        2.16000000000        1.11939613192      -0.522185370694       6.551261510301E-002
   5.12941331108       -3.99238263248        2.16000000000       0.940468319840      -0.578506359412       9.115382362263E-002
   0.00000000000        0.00000000000        2.16000000000        1.26792628179      -6.031223009274E-003 -2.596222892718E-004
  0.558892006459      -0.191867868166        2.16000000000        1.26865050678      -5.395612226607E-003  6.227574732320E-004
   1.11778401292      -0.383735736333        2.16000000000        1.27225151555      -5.432078080099E-003  1.672542026379E-003
   1.67667601938      -0.575603604499        2.16000000000        1.27373123623      -6.153532407000E-003  1.957064116717E-003
   2.23556802584      -0.767471472666        2.16000000000        1.24484066228      -9.336730257823E-003 -1.453116108383E-004
   2.79446003230      -0.959339340832        2.16000000000        1.26205213866      -2.163820568950E-002  1.073463716277E-002
   3.35335203876       -1.15120720900        2.16000000000        1.20838296373      -5.615020061875E-002  1.464229709949E-002
   3.91224404522       -1.34307507716        2.16000000000        1.14937895585      -8.436616437983E-002  1.956002373527E-002
   4.47113605168       -1.53494294533        2.16000000000        1.07997873741      -0.129999356796       2.936328073483E-002
   5.03002805814       -1.72681081350        2.16000000000        1.00692316536      -0.147596530895       4.366453929464E-002
   5.58892006459       -1.91867868166        2.16000000000       0.919483414977      -0.163314379786       5.600558730756E-002
   6.14781207105       -2.11054654983        2.16000000000       0.808411296682      -0.174699174980       6.362112117263E-002
   0.00000000000        0.00000000000        2.16000000000        1.26792628179      -6.031223009274E-003 -2.596222892718E-004
  0.590909090909        0.00000000000        2.16000000000        1.27377466911      -4.281653556457E-003  1.249802389197E-003
   1.18181818182      -1.172487511250E-015   2.16000000000        1.27695100622      -2.396875638488E-003  2.245446810022E-003
   1.77272727273        0.00000000000        2.16000000000        1.26589924427       1.172361164296E-004  7.689085929070E-004
   2.36363636364        0.00000000000        2.16000000000        1.26857116818      -2.178664209483E-003  6.591644772983E-005
   2.95454545455        0.00000000000        2.16000000000        1.23715497221       4.801277887373E-003  9.890584568288E-003
   3.54545454545        0.00000000000        2.16000000000        1.18124357529       5.791882090244E-003  1.884762681680E-002
   4.13636363636        0.00000000000        2.16000000000        1.12380352857       1.859758401417E-003  2.523326541871E-002
   4.72727272727        0.00000000000        2.16000000000        1.06269329609       9.592976767161E-003  4.035955864047E-002
   5.31818181818        0.00000000000        2.16000000000       0.997134948250       2.444154494100E-002  6.665931808977E-002
   5.90909090909        0.00000000000        2.16000000000       0.922589192527      -7.532844912451E-003  9.091800469812E-002
   6.50000000000        0.00000000000        2.16000000000       0.780911716133       7.983114394078E-005  6.994619844238E-002
