 12 20 1 1
 1 X [LENGU]
 2 Y [LENGU]
 3 Z [LENGU]
 4 Hx [FIELU]
 5 Hy [FIELU]
 6 Hz [FIELU]
 0
   0.00000000000        0.00000000000       -43.2000000000       0.311401289230       3.998800259540E-003  1.399072620666E-003
  0.590909090909        0.00000000000       -43.2000000000       0.311187626064       3.985837423062E-003  1.370504675082E-003
   1.18181818182        0.00000000000       -43.2000000000       0.310973962897       3.972874586584E-003  1.341936729497E-003
   1.77272727273        0.00000000000       -43.2000000000       0.311768917536       3.903935869341E-003  1.466137633524E-003
   2.36363636364        0.00000000000       -43.2000000000       0.311333588481       2.220787483633E-003  1.288958004905E-003
   2.95454545455        0.00000000000       -43.2000000000       0.327035642818      -2.574743775442E-003  3.699290445845E-004
   3.54545454545        0.00000000000       -43.2000000000       0.314823706533      -3.715700965761E-004  2.987316175947E-004
   4.13636363636        0.00000000000       -43.2000000000       0.301350832403       1.444209608148E-003 -1.110005383926E-004
   4.72727272727        0.00000000000       -43.2000000000       0.288800833953       5.896884089199E-004 -1.590284266704E-004
   5.31818181818        0.00000000000       -43.2000000000       0.276250835502      -2.648327903078E-004 -2.070563149481E-004
   5.90909090909        0.00000000000       -43.2000000000       0.263700837052      -1.119353989535E-003 -2.550842032259E-004
   6.50000000000        0.00000000000       -43.2000000000       0.251150838601      -1.973875188763E-003 -3.031120915036E-004
   0.00000000000        0.00000000000       -43.2000000000       0.311401289230       3.998800259540E-003  1.399072620666E-003
  0.558892006459       0.191867868166       -43.2000000000       0.311233292222       4.480336139759E-003  1.411638974422E-003
   1.11778401292       0.383735736333       -43.2000000000       0.311065295214       4.961872019977E-003  1.424205328178E-003
   1.67667601938       0.575603604499       -43.2000000000       0.311118184664       5.256247915622E-003  1.452412795846E-003
   2.23556802584       0.767471472666       -43.2000000000       0.311740712922       5.128058860259E-003  1.513380020350E-003
   2.79446003230       0.959339340832       -43.2000000000       0.332202959106       8.144225734847E-003  7.005518840359E-004
   3.35335203876        1.15120720900       -43.2000000000       0.319478340760       2.069663158962E-002  1.007011120901E-003
   3.91224404522        1.34307507716       -43.2000000000       0.306564341782       2.540084701512E-002  6.547220971277E-004
   4.47113605168        1.53494294533       -43.2000000000       0.293459612132       3.187924037883E-002  1.577238533909E-003
   5.03002805814        1.72681081350       -43.2000000000       0.281566682055       3.805545348580E-002  1.933532439958E-003
   5.58892006459        1.91867868166       -43.2000000000       0.264406696846       3.587257977214E-002  3.666372533828E-003
   6.14781207105        2.11054654983       -43.2000000000       0.232516921711       2.940821901082E-002  6.551091869642E-003
   0.00000000000        0.00000000000       -43.2000000000       0.311401289230       3.998800259540E-003  1.399072620666E-003
  0.466310301007       0.362943875680       -43.2000000000       0.311364618349       4.383946994471E-003  1.415883790617E-003
  0.932620602014       0.725887751361       -43.2000000000       0.311132158943       6.503948471613E-003  1.504283406113E-003
   1.39893090302        1.08883162704       -43.2000000000       0.311512034728       6.685311442090E-003  1.565661172089E-003
   1.86524120403        1.45177550272       -43.2000000000       0.310951769752       1.015904889432E-002  1.623057796618E-003
   2.33155150503        1.81471937840       -43.2000000000       0.350305233199       1.026949359144E-002  1.070292479013E-003
   2.79786180604        2.17766325408       -43.2000000000       0.343235988027       3.066384037602E-002  1.036840149251E-003
   3.26417210705        2.54060712976       -43.2000000000       0.337044771207       5.055640114444E-002  1.132946643139E-003
   3.73048240806        2.90355100544       -43.2000000000       0.339951465571       7.586519070788E-002  1.947614000706E-003
   4.19679270906        3.26649488112       -43.2000000000       0.335946958075       0.106220464442       2.227097605375E-003
   4.66310301007        3.62943875680       -43.2000000000       0.315288540468       0.144065586384       4.769187213070E-003
   5.12941331108        3.99238263248       -43.2000000000       0.275328796437       0.151380537004       1.416835592133E-003
   0.00000000000        0.00000000000       -43.2000000000       0.311401289230       3.998800259540E-003  1.399072620666E-003
  0.323196638891       0.494689282610       -43.2000000000       0.311453959115       4.653059441501E-003  1.435111461999E-003
  0.646393277781       0.989378565219       -43.2000000000       0.311231935426       7.741339967132E-003  1.571589723519E-003
  0.969589916672        1.48406784783       -43.2000000000       0.311269777098       9.860638855311E-003  1.683255783566E-003
   1.29278655556        1.97875713044       -43.2000000000       0.310412065176       1.476233185383E-002  1.752117148696E-003
   1.61598319445        2.47344641305       -43.2000000000       0.353993844714      -6.729529185849E-004  1.125095095011E-003
   1.93917983334        2.96813569566       -43.2000000000       0.376549380552      -6.836142788915E-003  1.054903406332E-003
   2.26237647223        3.46282497827       -43.2000000000       0.412613401988      -1.445418897318E-002  1.124029979168E-003
   2.58557311112        3.95751426088       -43.2000000000       0.486754966055       1.554927354759E-002  1.762629175606E-003
   2.90876975001        4.45220354349       -43.2000000000       0.596059744894       0.103240525184       1.842054500187E-003
   3.23196638891        4.94689282610       -43.2000000000       0.576856587764       0.440500223177       2.633859755238E-003
   3.55516302780        5.44158210871       -43.2000000000       0.202150622155       0.415982038192       3.437853949391E-003
   0.00000000000        0.00000000000       -43.2000000000       0.311401289230       3.998800259540E-003  1.399072620666E-003
  0.145059606038       0.572827429873       -43.2000000000       0.311527907069       4.937092074699E-003  1.453975083389E-003
  0.290119212075        1.14565485975       -43.2000000000       0.311379831334       8.309405233528E-003  1.609316966297E-003
  0.435178818113        1.71848228962       -43.2000000000       0.312285244171       7.285279924193E-003  1.601932354506E-003
  0.580238424151        2.29130971949       -43.2000000000       0.312488400304       8.986201416000E-003  1.656692219220E-003
  0.725298030189        2.86413714937       -43.2000000000       0.345570219360      -1.731574390711E-002  6.021164865941E-004
  0.870357636226        3.43696457924       -43.2000000000       0.331578542715      -2.443553261944E-002  9.128383429110E-004
   1.01541724226        4.00979200911       -43.2000000000       0.318038037667      -7.426907816728E-002  5.658569564768E-004
   1.16047684830        4.58261943899       -43.2000000000       0.318958732981      -9.899431728809E-002 -4.317147658086E-004
   1.30553645434        5.15544686886       -43.2000000000       0.237660520314      -0.152480069912       5.175825229453E-004
   1.45059606038        5.72827429873       -43.2000000000       0.123549052256      -0.181583218988       2.065009278047E-003
   1.59565566642        6.30110172861       -43.2000000000       4.494327181822E-002 -0.138281459949       2.279320473686E-003
   0.00000000000        0.00000000000       -43.2000000000       0.311401289230       3.998800259540E-003  1.399072620666E-003
 -4.879688596092E-002  0.588890836777       -43.2000000000       0.311617901326       4.855682250308E-003  1.456005001387E-003
 -9.759377192185E-002   1.17778167355       -43.2000000000       0.311760807504       7.307820090269E-003  1.582331361813E-003
 -0.146390657883        1.76667251033       -43.2000000000       0.312992885075       5.214607242691E-003  1.540419501707E-003
 -0.195187543844        2.35556334711       -43.2000000000       0.316094078982      -8.603567345904E-004  1.382341567348E-003
 -0.243984429805        2.94445418388       -43.2000000000       0.351370364294      -1.730409913958E-003  1.524962149153E-003
 -0.292781315766        3.53334502066       -43.2000000000       0.324861840864       9.023435524933E-003  7.555443508074E-004
 -0.341578201726        4.12223585744       -43.2000000000       0.299087105208       5.664679346258E-002  6.134758199071E-004
 -0.390375087687        4.71112669421       -43.2000000000       0.272058505452       4.454817928230E-002 -7.894686875208E-004
 -0.439171973648        5.30001753099       -43.2000000000       0.209191212465       4.315553092139E-002 -1.595158571447E-003
 -0.487968859609        5.88890836777       -43.2000000000       0.141107312874       4.514332057212E-002 -2.723539105547E-003
 -0.536765745570        6.47779920454       -43.2000000000       8.648772531420E-002  4.575986780646E-002 -3.232295260675E-003
   0.00000000000        0.00000000000       -43.2000000000       0.311401289230       3.998800259540E-003  1.399072620666E-003
 -0.237365478204       0.541138783933       -43.2000000000       0.311714189612       4.417651986003E-003  1.440981242882E-003
 -0.474730956408        1.08227756787       -43.2000000000       0.311965538662       6.381035819093E-003  1.550406394024E-003
 -0.712096434612        1.62341635180       -43.2000000000       0.314033138338       3.171979089802E-003  1.476332789866E-003
 -0.949461912816        2.16455513573       -43.2000000000       0.320451797453      -1.243882610000E-002  9.516384830969E-004
  -1.18682739102        2.70569391966       -43.2000000000       0.352571425393      -2.027572490413E-003  2.024016038514E-003
  -1.42419286922        3.24683270360       -43.2000000000       0.362913609628       9.243024268277E-003  1.067636999944E-003
  -1.66155834743        3.78797148753       -43.2000000000       0.396636987101       3.334734894530E-002  4.757026755019E-005
  -1.89892382563        4.32911027146       -43.2000000000       0.456416348286       0.101161426640      -1.282575393952E-003
  -2.13628930384        4.87024905539       -43.2000000000       0.477111543963       0.293436130936      -2.031036746770E-003
  -2.37365478204        5.41138783933       -43.2000000000       4.488843392743E-002  0.465072923704      -2.701706274417E-003
  -2.61102026024        5.95252662326       -43.2000000000      -0.292571312483       8.200214487824E-002 -2.505746619944E-003
   0.00000000000        0.00000000000       -43.2000000000       0.311401289230       3.998800259540E-003  1.399072620666E-003
 -0.400211837779       0.434745947216       -43.2000000000       0.311806337598       3.670468657664E-003  1.410531865225E-003
 -0.800423675558       0.869491894432       -43.2000000000       0.311936692393       5.776158399457E-003  1.522430529970E-003
  -1.20063551334        1.30423784165       -43.2000000000       0.313702029284       2.794830899958E-003  1.451775974969E-003
  -1.60084735112        1.73898378886       -43.2000000000       0.319200310431      -7.578988157467E-003  1.132698589885E-003
  -2.00105918889        2.17372973608       -43.2000000000       0.341320051272       8.647726656752E-003  1.696577169891E-003
  -2.40127102667        2.60847568330       -43.2000000000       0.367046493396      -3.219369698549E-002  2.167840707799E-003
  -2.80148286445        3.04322163051       -43.2000000000       0.352523201825      -6.743858162031E-002  1.343953800166E-003
  -3.20169470223        3.47796757773       -43.2000000000       0.405280308444      -8.593824380993E-002  5.982812531858E-004
  -3.60190654001        3.91271352494       -43.2000000000       0.407813149213      -0.156462651588      -7.549088382965E-004
  -4.00211837779        4.34745947216       -43.2000000000       0.359109513298      -0.227176769960      -4.065369035623E-003
  -4.40233021557        4.78220541938       -43.2000000000       0.308482065023      -0.244256463895      -4.061002264868E-003
   0.00000000000        0.00000000000       -43.2000000000       0.311401289230       3.998800259540E-003  1.399072620666E-003
 -0.519689034804       0.281241641340       -43.2000000000       0.311792012181       3.513378914962E-003  1.401722603798E-003
  -1.03937806961       0.562483282680       -43.2000000000       0.312092736435       3.825423429445E-003  1.437279861433E-003
  -1.55906710441       0.843724924020       -43.2000000000       0.312626439435       3.598088294210E-003  1.456351873711E-003
  -2.07875613922        1.12496656536       -43.2000000000       0.316086569069      -1.125458222742E-003  1.334489254107E-003
  -2.59844517402        1.40620820670       -43.2000000000       0.343558802207      -1.329278164310E-002  1.863102019168E-003
  -3.11813420882        1.68744984804       -43.2000000000       0.339477945499      -2.565396953360E-002  2.118416581987E-003
  -3.63782324363        1.96869148938       -43.2000000000       0.334097122765      -4.439712693115E-002  1.533328671474E-003
  -4.15751227843        2.24993313072       -43.2000000000       0.321751002745      -5.856923932912E-002  5.959990574934E-004
  -4.67720131323        2.53117477206       -43.2000000000       0.302252080283      -7.595178529542E-002 -3.676586363866E-004
  -5.19689034804        2.81241641340       -43.2000000000       0.277283559198      -9.411269719015E-002  1.475529087336E-003
  -5.71657938284        3.09365805474       -43.2000000000       0.239797999721      -0.115702910658       5.691192284731E-003
   0.00000000000        0.00000000000       -43.2000000000       0.311401289230       3.998800259540E-003  1.399072620666E-003
 -0.582849861102       9.726043971134E-002  -43.2000000000       0.311728194616       3.472258356298E-003  1.395240971606E-003
  -1.16569972220       0.194520879423       -43.2000000000       0.312055100002       2.945716453056E-003  1.391409322545E-003
  -1.74854958330       0.291781319134       -43.2000000000       0.312382005388       2.419174549814E-003  1.387577673485E-003
  -2.33139944441       0.389041758845       -43.2000000000       0.312708910774       1.892632646572E-003  1.383746024424E-003
  -2.91424930551       0.486302198557       -43.2000000000       0.330360572682      -8.494870868483E-003  1.687088163205E-003
  -3.49709916661       0.583562638268       -43.2000000000       0.320998686474      -1.597142361574E-002  1.522813269769E-003
  -4.07994902771       0.680823077979       -43.2000000000       0.311315060872      -1.536646959350E-002  1.581298491293E-003
  -4.66279888881       0.778083517691       -43.2000000000       0.293275365238      -2.059715882050E-002  5.427486942741E-004
  -5.24564874991       0.875343957402       -43.2000000000       0.283594868317      -2.380070162943E-002 -4.424863442541E-004
  -5.82849861102       0.972604397113       -43.2000000000       0.268867922558      -2.254728166329E-002 -1.334871972959E-004
  -6.41134847212        1.06986483682       -43.2000000000       0.253145484885      -2.215779924264E-002 -9.979046940769E-006
   0.00000000000        0.00000000000       -43.2000000000       0.311401289230       3.998800259540E-003  1.399072620666E-003
 -0.582849861102      -9.726043971134E-002  -43.2000000000       0.311628951780       3.488196782990E-003  1.389174558043E-003
  -1.16569972220      -0.194520879423       -43.2000000000       0.311856614331       2.977593306440E-003  1.379276495420E-003
  -1.74854958330      -0.291781319134       -43.2000000000       0.312084276881       2.466989829889E-003  1.369378432797E-003
  -2.33139944441      -0.389041758845       -43.2000000000       0.312311939432       1.956386353339E-003  1.359480370174E-003
  -2.91424930551      -0.486302198557       -43.2000000000       0.327813395485       4.449153893825E-003  1.532736306286E-003
  -3.49709916661      -0.583562638268       -43.2000000000       0.317785374968       8.626116885396E-003  1.673281168521E-003
  -4.07994902771      -0.680823077979       -43.2000000000       0.311549995571       1.382339244973E-002  1.199194856753E-003
  -4.66279888881      -0.778083517691       -43.2000000000       0.293639916335       1.432671423152E-002  4.836044268749E-004
  -5.24564874991      -0.875343957402       -43.2000000000       0.279990860517       1.776405392131E-002  1.365862386572E-003
  -5.82849861102      -0.972604397113       -43.2000000000       0.263026943037       2.022783471774E-002  2.930667163202E-003
  -6.41134847212       -1.06986483682       -43.2000000000       0.243453352497       1.890609817072E-002  2.415645824032E-003
   0.00000000000        0.00000000000       -43.2000000000       0.311401289230       3.998800259540E-003  1.399072620666E-003
 -0.519689034804      -0.281241641340       -43.2000000000       0.311565530779       3.076362985808E-003  1.352319984298E-003
  -1.03937806961      -0.562483282680       -43.2000000000       0.311729772328       2.153925712077E-003  1.305567347929E-003
  -1.55906710441      -0.843724924020       -43.2000000000       0.311894013877       1.231488438345E-003  1.258814711560E-003
  -2.07875613922       -1.12496656536       -43.2000000000       0.312817593496       1.828057210827E-003  1.333827008907E-003
  -2.59844517402       -1.40620820670       -43.2000000000       0.341786621932       1.198745929977E-002  1.185964030330E-003
  -3.11813420882       -1.68744984804       -43.2000000000       0.331160997300       1.794820608153E-002  1.598831489935E-003
  -3.63782324363       -1.96869148938       -43.2000000000       0.327397846677       3.840036023552E-002  1.424417456030E-003
  -4.15751227843       -2.24993313072       -43.2000000000       0.313889158487       6.254292887383E-002  6.193327056171E-004
  -4.67720131323       -2.53117477206       -43.2000000000       0.298459973931       6.745522336532E-002  1.537322992479E-003
  -5.19689034804       -2.81241641340       -43.2000000000       0.273196570323       8.647830531059E-002  5.126862448928E-004
  -5.71657938284       -3.09365805474       -43.2000000000       0.223708221592       0.118817342026       4.784512464084E-003
   0.00000000000        0.00000000000       -43.2000000000       0.311401289230       3.998800259540E-003  1.399072620666E-003
 -0.400211837779      -0.434745947216       -43.2000000000       0.311509410671       2.564044665761E-003  1.307312418026E-003
 -0.800423675558      -0.869491894432       -43.2000000000       0.311647303975       8.634561073831E-004  1.205877112916E-003
  -1.20063551334       -1.30423784165       -43.2000000000       0.312319795116       6.279604084234E-004  1.200500988040E-003
  -1.60084735112       -1.73898378886       -43.2000000000       0.313937791783       1.997882779094E-003  1.371423126071E-003
  -2.00105918889       -2.17372973608       -43.2000000000       0.335503486217      -6.910019161719E-003  2.526129935839E-003
  -2.40127102667       -2.60847568330       -43.2000000000       0.363974564090       2.354331146462E-002  1.496151162294E-003
  -2.80148286445       -3.04322163051       -43.2000000000       0.366933680100       3.972166318218E-002  7.676737939352E-004
  -3.20169470223       -3.47796757773       -43.2000000000       0.387233202780       7.989598085757E-002  4.752166838253E-004
  -3.60190654001       -3.91271352494       -43.2000000000       0.403193183892       0.145162408456      -1.034197215835E-005
  -4.00211837779       -4.34745947216       -43.2000000000       0.374411253498       0.209601340325      -4.093799772244E-003
  -4.40233021557       -4.78220541938       -43.2000000000       0.313767350172       0.218203234733      -2.104994450424E-003
   0.00000000000        0.00000000000       -43.2000000000       0.311401289230       3.998800259540E-003  1.399072620666E-003
 -0.237365478204      -0.541138783933       -43.2000000000       0.311441573927       2.207204376827E-003  1.272248493517E-003
 -0.474730956408       -1.08227756787       -43.2000000000       0.311614199579      -3.160172403373E-004  1.112053384206E-003
 -0.712096434612       -1.62341635180       -43.2000000000       0.312667017152       3.100813323361E-004  1.158220305321E-003
 -0.949461912816       -2.16455513573       -43.2000000000       0.313200430362      -3.837417124593E-003  1.011408799995E-003
  -1.18682739102       -2.70569391966       -43.2000000000       0.348303503484      -7.011690198785E-003  1.342847554895E-003
  -1.42419286922       -3.24683270360       -43.2000000000       0.353121712128      -2.411400666268E-002  1.221465987836E-003
  -1.66155834743       -3.78797148753       -43.2000000000       0.390771520933      -5.228184833424E-002  1.112152360345E-003
  -1.89892382563       -4.32911027146       -43.2000000000       0.429358444889      -0.124060206292       6.049061707714E-004
  -2.13628930384       -4.87024905539       -43.2000000000       0.472162623245      -0.320584924825       3.931662639012E-005
  -2.37365478204       -5.41138783933       -43.2000000000       8.724556683712E-002 -0.424978313431      -1.175000566430E-004
  -2.61102026024       -5.95252662326       -43.2000000000      -0.336981927233      -9.860165605925E-002  1.236337942633E-006
   0.00000000000        0.00000000000       -43.2000000000       0.311401289230       3.998800259540E-003  1.399072620666E-003
 -4.879688596092E-002 -0.588890836777       -43.2000000000       0.311376858426       1.977662423770E-003  1.248494938073E-003
 -9.759377192185E-002  -1.17778167355       -43.2000000000       0.311542156200      -8.602216471847E-004  1.055046035494E-003
 -0.146390657883       -1.76667251033       -43.2000000000       0.312146415477      -2.196709217962E-003  9.711339705152E-004
 -0.195187543844       -2.35556334711       -43.2000000000       0.310416758640       3.820963250684E-003  1.079555080550E-003
 -0.243984429805       -2.94445418388       -43.2000000000       0.351182758767      -9.019576563368E-003  7.505645561844E-004
 -0.292781315766       -3.53334502066       -43.2000000000       0.323859633821      -3.290847453490E-002  5.239107974778E-004
 -0.341578201726       -4.12223585744       -43.2000000000       0.306254641832      -5.677493980829E-002  5.956374055627E-005
 -0.390375087687       -4.71112669421       -43.2000000000       0.279541985281      -4.071601332693E-002 -2.818905929575E-004
 -0.439171973648       -5.30001753099       -43.2000000000       0.210551033831      -4.771086359466E-002 -9.714229722082E-004
 -0.487968859609       -5.88890836777       -43.2000000000       0.144391696945      -5.358490657844E-002 -1.690562362255E-003
 -0.536765745570       -6.47779920454       -43.2000000000       9.290862420341E-002 -6.625476047632E-002 -1.516364068156E-003
   0.00000000000        0.00000000000       -43.2000000000       0.311401289230       3.998800259540E-003  1.399072620666E-003
  0.145059606038      -0.572827429873       -43.2000000000       0.311318328502       1.935550245813E-003  1.239909011583E-003
  0.290119212075       -1.14565485975       -43.2000000000       0.311419545228      -1.038105538090E-003  1.036611386153E-003
  0.435178818113       -1.71848228962       -43.2000000000       0.311724983597      -2.833759315242E-003  8.835892226082E-004
  0.580238424151       -2.29130971949       -43.2000000000       0.310066890045       5.369487803852E-003  1.119716426245E-003
  0.725298030189       -2.86413714937       -43.2000000000       0.356243986574       1.699117603922E-002  1.735737797707E-003
  0.870357636226       -3.43696457924       -43.2000000000       0.336109304777       2.510881638903E-002  3.447620219306E-004
   1.01541724226       -4.00979200911       -43.2000000000       0.333659803698       5.160347544824E-002  5.095517472762E-005
   1.16047684830       -4.58261943899       -43.2000000000       0.302971853835       0.100793825267      -3.109253494067E-004
   1.30553645434       -5.15544686886       -43.2000000000       0.237281289760       0.154922897162      -5.608105691495E-004
   1.45059606038       -5.72827429873       -43.2000000000       0.134419536315       0.169281035019      -9.047140606673E-004
   1.59565566642       -6.30110172861       -43.2000000000       3.369291849167E-002  0.127495243543      -2.935909552495E-003
   0.00000000000        0.00000000000       -43.2000000000       0.311401289230       3.998800259540E-003  1.399072620666E-003
  0.323196638891      -0.494689282610       -43.2000000000       0.311251913472       2.267701770517E-003  1.254054940935E-003
  0.646393277781      -0.989378565219       -43.2000000000       0.311259653465      -8.303924333201E-004  1.058747116481E-003
  0.969589916672       -1.48406784783       -43.2000000000       0.311351721674      -2.505685779250E-003  8.826226858741E-004
   1.29278655556       -1.97875713044       -43.2000000000       0.312652790053      -4.055214558657E-003  9.330030702031E-004
   1.61598319445       -2.47344641305       -43.2000000000       0.354426263546      -5.454406868662E-003 -4.057199345812E-005
   1.93917983334       -2.96813569566       -43.2000000000       0.368176026157      -5.521012082800E-003  6.276210251439E-005
   2.26237647223       -3.46282497827       -43.2000000000       0.415787724657       1.892774778247E-003  1.253568400151E-005
   2.58557311112       -3.95751426088       -43.2000000000       0.488666997904      -1.804942096048E-002  8.102193230794E-004
   2.90876975001       -4.45220354349       -43.2000000000       0.608478857695      -9.772441196151E-002  5.337618352333E-004
   3.23196638891       -4.94689282610       -43.2000000000       0.573911524285      -0.450173170876       4.389270222663E-004
   3.55516302780       -5.44158210871       -43.2000000000       0.197155919067      -0.416252765319       1.081988206526E-003
   0.00000000000        0.00000000000       -43.2000000000       0.311401289230       3.998800259540E-003  1.399072620666E-003
  0.466310301007      -0.362943875680       -43.2000000000       0.311202133225       2.783448040930E-003  1.283770326808E-003
  0.932620602014      -0.725887751361       -43.2000000000       0.311124056339       4.869803532263E-004  1.129120381084E-003
   1.39893090302       -1.08883162704       -43.2000000000       0.311509821053      -1.696099451497E-003  1.025346584079E-003
   1.86524120403       -1.45177550272       -43.2000000000       0.312677908281      -4.001511876787E-003  1.197976979161E-003
   2.33155150503       -1.81471937840       -43.2000000000       0.349599817443      -1.320512768336E-002 -2.421920309828E-004
   2.79786180604       -2.17766325408       -43.2000000000       0.358634957177      -4.554821568593E-002  3.587055104721E-004
   3.26417210705       -2.54060712976       -43.2000000000       0.345750593888      -5.891246663872E-002  6.828315751297E-004
   3.73048240806       -2.90355100544       -43.2000000000       0.336026453460      -8.201352254421E-002  1.804825833090E-003
   4.19679270906       -3.26649488112       -43.2000000000       0.333885899319      -0.110998350663       7.483358396316E-004
   4.66310301007       -3.62943875680       -43.2000000000       0.319515340029      -0.156404825295       3.466542329518E-003
   5.12941331108       -3.99238263248       -43.2000000000       0.268576819824      -0.158063623456       3.726140908673E-003
   0.00000000000        0.00000000000       -43.2000000000       0.311401289230       3.998800259540E-003  1.399072620666E-003
  0.558892006459      -0.191867868166       -43.2000000000       0.311183055118       3.349459667652E-003  1.323016574582E-003
   1.11778401292      -0.383735736333       -43.2000000000       0.311003017566       2.359061992225E-003  1.234547612605E-003
   1.67667601938      -0.575603604499       -43.2000000000       0.311684480518       5.725196039493E-004  1.223892473609E-003
   2.23556802584      -0.767471472666       -43.2000000000       0.311778797715      -1.703154572170E-003  1.122582480492E-003
   2.79446003230      -0.959339340832       -43.2000000000       0.331458416619      -1.218726603859E-002 -6.499594963119E-005
   3.35335203876       -1.15120720900       -43.2000000000       0.322559946825      -2.583264364165E-002  8.882402803219E-005
   3.91224404522       -1.34307507716       -43.2000000000       0.305928569166      -2.973742400611E-002 -7.559804040283E-005
   4.47113605168       -1.53494294533       -43.2000000000       0.298786779712      -3.338224938019E-002  5.287361810401E-005
   5.03002805814       -1.72681081350       -43.2000000000       0.278051722003      -3.225630909107E-002  2.145554752895E-003
   5.58892006459       -1.91867868166       -43.2000000000       0.258390798660      -3.277124364380E-002  3.545240175150E-003
   6.14781207105       -2.11054654983       -43.2000000000       0.234965392197      -3.195586006363E-002  3.124893977016E-003
   0.00000000000        0.00000000000       -43.2000000000       0.311401289230       3.998800259540E-003  1.399072620666E-003
  0.590909090909        0.00000000000       -43.2000000000       0.311187626064       3.985837423062E-003  1.370504675082E-003
   1.18181818182      -1.172487511250E-015  -43.2000000000       0.310973962897       3.972874586584E-003  1.341936729497E-003
   1.77272727273        0.00000000000       -43.2000000000       0.311768917536       3.903935869341E-003  1.466137633524E-003
   2.36363636364        0.00000000000       -43.2000000000       0.311333588481       2.220787483633E-003  1.288958004905E-003
   2.95454545455        0.00000000000       -43.2000000000       0.327035642818      -2.574743775442E-003  3.699290445845E-004
   3.54545454545        0.00000000000       -43.2000000000       0.314823706533      -3.715700965761E-004  2.987316175947E-004
   4.13636363636        0.00000000000       -43.2000000000       0.301350832403       1.444209608148E-003 -1.110005383926E-004
   4.72727272727        0.00000000000       -43.2000000000       0.288800833953       5.896884089199E-004 -1.590284266704E-004
   5.31818181818        0.00000000000       -43.2000000000       0.276250835502      -2.648327903078E-004 -2.070563149481E-004
   5.90909090909        0.00000000000       -43.2000000000       0.263700837052      -1.119353989535E-003 -2.550842032259E-004
   6.50000000000        0.00000000000       -43.2000000000       0.251150838601      -1.973875188763E-003 -3.031120915036E-004
