 12 20 1 1
 1 X [LENGU]
 2 Y [LENGU]
 3 Z [LENGU]
 4 Hx [FIELU]
 5 Hy [FIELU]
 6 Hz [FIELU]
 0
   0.00000000000        0.00000000000        36.7200000000       0.705271350901       4.321757720792E-004  9.424872377032E-005
  0.590909090909        0.00000000000        36.7200000000       0.704780935499      -3.001225536259E-003 -1.856050479443E-004
   1.18181818182        0.00000000000        36.7200000000       0.704290520097      -6.434626844596E-003 -4.654588196589E-004
   1.77272727273        0.00000000000        36.7200000000       0.698399932471      -5.502101007691E-003 -1.649308452986E-005
   2.36363636364        0.00000000000        36.7200000000       0.687681216780      -3.958523006449E-004  1.110672262986E-003
   2.95454545455        0.00000000000        36.7200000000       0.721853009972      -3.271651187260E-003  1.586003300337E-003
   3.54545454545        0.00000000000        36.7200000000       0.706588780358       5.751270754243E-004  1.034781810530E-003
   4.13636363636        0.00000000000        36.7200000000       0.676389427475       1.034577410754E-003  3.901521752638E-004
   4.72727272727        0.00000000000        36.7200000000       0.633452866898       5.474195519408E-004 -1.603696177959E-004
   5.31818181818        0.00000000000        36.7200000000       0.616112245237       4.275695501829E-003 -5.774886168925E-004
   5.90909090909        0.00000000000        36.7200000000       0.582668752067       1.082358751291E-003  1.310249078807E-003
   6.50000000000        0.00000000000        36.7200000000       0.549051533717       1.619192112876E-003 -5.837730964747E-004
   0.00000000000        0.00000000000        36.7200000000       0.705271350901       4.321757720792E-004  9.424872377032E-005
  0.558892006459       0.191867868166        36.7200000000       0.704682515209      -2.295535393781E-003 -1.955488953278E-004
   1.11778401292       0.383735736333        36.7200000000       0.704093679517      -5.023246559641E-003 -4.853465144259E-004
   1.67667601938       0.575603604499        36.7200000000       0.697871514680      -1.887361706796E-003  1.139103802389E-004
   2.23556802584       0.767471472666        36.7200000000       0.697314451304      -1.448526136507E-003  3.993190415755E-005
   2.79446003230       0.959339340832        36.7200000000       0.733909029003       1.726693176176E-002  1.778302924001E-003
   3.35335203876        1.15120720900        36.7200000000       0.719933173288       3.420852394761E-002  1.046753826466E-003
   3.91224404522        1.34307507716        36.7200000000       0.692106363286       5.827700273216E-002  3.730273371338E-004
   4.47113605168        1.53494294533        36.7200000000       0.664639018006       7.902811764800E-002 -5.264192310297E-004
   5.03002805814        1.72681081350        36.7200000000       0.616634865399       8.093565805465E-002  1.544863278324E-003
   5.58892006459        1.91867868166        36.7200000000       0.565300750214       8.803734689596E-002 -2.768783987288E-003
   6.14781207105        2.11054654983        36.7200000000       0.487745735522       0.125996875377      -7.061670252265E-004
   0.00000000000        0.00000000000        36.7200000000       0.705271350901       4.321757720792E-004  9.424872377032E-005
  0.466310301007       0.362943875680        36.7200000000       0.704647904403      -1.294255421682E-003 -1.740886740086E-004
  0.932620602014       0.725887751361        36.7200000000       0.704024457905      -3.020686615444E-003 -4.424260717876E-004
   1.39893090302        1.08883162704        36.7200000000       0.698403838119       5.244584090499E-005 -5.016192027708E-004
   1.86524120403        1.45177550272        36.7200000000       0.698913767962       9.406040352667E-004 -7.119285287719E-004
   2.33155150503        1.81471937840        36.7200000000       0.782733078691       2.014463925074E-002  2.723147631008E-003
   2.79786180604        2.17766325408        36.7200000000       0.790097603040       5.769991464728E-002  2.592792086192E-003
   3.26417210705        2.54060712976        36.7200000000       0.775031920523       0.133569748684      -9.862079549334E-005
   3.73048240806        2.90355100544        36.7200000000       0.849137382500       0.173942274346       1.518211060609E-003
   4.19679270906        3.26649488112        36.7200000000       0.772080546609       0.220707883718      -7.708372728771E-004
   4.66310301007        3.62943875680        36.7200000000       0.705957443931       0.352374460693      -3.941806959495E-004
   5.12941331108        3.99238263248        36.7200000000       0.614245992351       0.365004931506      -9.362110431158E-004
   0.00000000000        0.00000000000        36.7200000000       0.705271350901       4.321757720792E-004  9.424872377032E-005
  0.323196638891       0.494689282610        36.7200000000       0.704353024367      -3.975805848438E-005 -1.691447307386E-004
  0.646393277781       0.989378565219        36.7200000000       0.702066899184      -2.357709926171E-004 -6.227728530273E-004
  0.969589916672        1.48406784783        36.7200000000       0.700843141846      -6.877159740768E-004 -9.915127409451E-004
   1.29278655556        1.97875713044        36.7200000000       0.700173146825      -1.356507935014E-003 -1.314581833110E-003
   1.61598319445        2.47344641305        36.7200000000       0.804484001855       9.548719518874E-004  1.831395853738E-003
   1.93917983334        2.96813569566        36.7200000000       0.856444995403       5.602970219765E-003  1.777289940552E-003
   2.26237647223        3.46282497827        36.7200000000       0.876885473606      -1.373031338650E-003  1.901394604843E-003
   2.58557311112        3.95751426088        36.7200000000        1.06116368480       7.535260522989E-002  2.091452003687E-003
   2.90876975001        4.45220354349        36.7200000000        1.40289333919       0.222366493438       1.995698607651E-003
   3.23196638891        4.94689282610        36.7200000000        1.38187698551        1.09151297937       2.396809274508E-003
   3.55516302780        5.44158210871        36.7200000000       0.381567253567       0.923155491046       8.537284184708E-003
   0.00000000000        0.00000000000        36.7200000000       0.705271350901       4.321757720792E-004  9.424872377032E-005
  0.145059606038       0.572827429873        36.7200000000       0.703310157828       1.436843946441E-003 -2.535292820381E-004
  0.290119212075        1.14565485975        36.7200000000       0.701230340513       7.566122561333E-004 -7.220539710280E-004
  0.435178818113        1.71848228962        36.7200000000       0.698924463971      -9.187006562790E-004 -1.054674316192E-003
  0.580238424151        2.29130971949        36.7200000000       0.696604029400      -2.223774003594E-003 -1.435271465563E-003
  0.725298030189        2.86413714937        36.7200000000       0.817539736233       1.802721278857E-002 -2.946949222284E-003
  0.870357636226        3.43696457924        36.7200000000       0.769093825214      -4.760381438176E-002  5.520404401012E-004
   1.01541724226        4.00979200911        36.7200000000       0.728624152774      -0.121112377739       6.031315374142E-004
   1.16047684830        4.58261943899        36.7200000000       0.676861689960      -0.230007748574      -1.022764101424E-003
   1.30553645434        5.15544686886        36.7200000000       0.539445626499      -0.380356280805      -2.942759243779E-003
   1.45059606038        5.72827429873        36.7200000000       0.260962662998      -0.413134907999      -7.474812438682E-003
   1.59565566642        6.30110172861        36.7200000000       6.079253963854E-002 -0.309730063344      -1.952410687274E-002
   0.00000000000        0.00000000000        36.7200000000       0.705271350901       4.321757720792E-004  9.424872377032E-005
 -4.879688596092E-002  0.588890836777        36.7200000000       0.702628039196       2.774674255160E-003 -2.796118120276E-004
 -9.759377192185E-002   1.17778167355        36.7200000000       0.701151208299       1.453696182046E-003 -6.971793389267E-004
 -0.146390657883        1.76667251033        36.7200000000       0.699934673649       1.139787377824E-004 -9.800674280194E-004
 -0.195187543844        2.35556334711        36.7200000000       0.700017440002      -1.773663176298E-003 -8.879967518682E-004
 -0.243984429805        2.94445418388        36.7200000000       0.779179491863       1.634969666681E-002 -5.372934123547E-004
 -0.292781315766        3.53334502066        36.7200000000       0.692271477330       2.308761383055E-003 -6.814387571310E-004
 -0.341578201726        4.12223585744        36.7200000000       0.664348550041       6.016152151237E-002 -1.859565136111E-004
 -0.390375087687        4.71112669421        36.7200000000       0.634312020624       9.794641358831E-002  3.689456392882E-004
 -0.439171973648        5.30001753099        36.7200000000       0.454069141660       0.123472028354      -7.448200018902E-004
 -0.487968859609        5.88890836777        36.7200000000       0.300971425117       0.126187370797       2.189295588369E-003
 -0.536765745570        6.47779920454        36.7200000000       0.166762162377       0.119990827491       5.123600477280E-003
   0.00000000000        0.00000000000        36.7200000000       0.705271350901       4.321757720792E-004  9.424872377032E-005
 -0.237365478204       0.541138783933        36.7200000000       0.702380586611       3.828758195146E-003 -2.445658738705E-004
 -0.474730956408        1.08227756787        36.7200000000       0.701247207789       2.595680783824E-003 -5.997701224331E-004
 -0.712096434612        1.62341635180        36.7200000000       0.701378568720       1.426738016296E-003 -7.078297624800E-004
 -0.949461912816        2.16455513573        36.7200000000       0.705755953407      -5.724831458287E-004 -2.334620877772E-004
  -1.18682739102        2.70569391966        36.7200000000       0.792469223826       2.058278783513E-002 -1.286022334321E-003
  -1.42419286922        3.24683270360        36.7200000000       0.799353789702       4.870979806612E-002 -5.947919577521E-004
  -1.66155834743        3.78797148753        36.7200000000       0.882449386819       0.125181875826      -1.357777723888E-003
  -1.89892382563        4.32911027146        36.7200000000       0.951986573940       0.270869108159      -2.354508280319E-003
  -2.13628930384        4.87024905539        36.7200000000        1.10608371347       0.748931230080      -4.975640129935E-005
  -2.37365478204        5.41138783933        36.7200000000       0.655135011313       0.785478311956       1.871407903329E-003
  -2.61102026024        5.95252662326        36.7200000000      -0.678551851688       0.211945325578       3.049152554625E-003
   0.00000000000        0.00000000000        36.7200000000       0.705271350901       4.321757720792E-004  9.424872377032E-005
 -0.400211837779       0.434745947216        36.7200000000       0.702594615398       4.484869415704E-003 -1.521892387599E-004
 -0.800423675558       0.869491894432        36.7200000000       0.701473282630       4.224954178313E-003 -4.262525715607E-004
  -1.20063551334        1.30423784165        36.7200000000       0.704390112863       2.766289383688E-003 -1.552403729052E-004
  -1.60084735112        1.73898378886        36.7200000000       0.712262489706       3.845112206973E-004  7.026781532448E-004
  -2.00105918889        2.17372973608        36.7200000000       0.745385510362       2.988588691078E-002 -3.843543061282E-003
  -2.40127102667        2.60847568330        36.7200000000       0.792457598441      -4.870742670681E-002 -2.419933950233E-003
  -2.80148286445        3.04322163051        36.7200000000       0.858909474906      -0.105353583106      -2.158118373927E-003
  -3.20169470223        3.47796757773        36.7200000000       0.898728021853      -0.140470388812      -3.087120362582E-003
  -3.60190654001        3.91271352494        36.7200000000       0.902741035503      -0.342398602670      -1.877167248594E-003
  -4.00211837779        4.34745947216        36.7200000000       0.802578810689      -0.503856860096       2.387659467712E-003
  -4.40233021557        4.78220541938        36.7200000000       0.678972430586      -0.569254657692       2.295606651281E-003
   0.00000000000        0.00000000000        36.7200000000       0.705271350901       4.321757720792E-004  9.424872377032E-005
 -0.519689034804       0.281241641340        36.7200000000       0.703246932218       4.671908085472E-003 -1.249234848126E-005
  -1.03937806961       0.562483282680        36.7200000000       0.703534166816       5.963519934719E-003  5.428454865742E-005
  -1.55906710441       0.843724924020        36.7200000000       0.709739594187       4.599884192034E-003  7.885912814847E-004
  -2.07875613922        1.12496656536        36.7200000000       0.712883345167       1.350289522995E-003  9.663037044442E-004
  -2.59844517402        1.40620820670        36.7200000000       0.747656506543      -2.561402991918E-002 -1.345763226219E-003
  -3.11813420882        1.68744984804        36.7200000000       0.747305446468      -6.534454077802E-002 -1.755531053645E-003
  -3.63782324363        1.96869148938        36.7200000000       0.739378422042      -0.107870274785      -1.932671921560E-003
  -4.15751227843        2.24993313072        36.7200000000       0.687641687772      -0.139385459171      -3.105450852849E-003
  -4.67720131323        2.53117477206        36.7200000000       0.652662847273      -0.177771352702      -3.206974823701E-003
  -5.19689034804        2.81241641340        36.7200000000       0.591617295810      -0.216432972652      -1.460156452886E-003
  -5.71657938284        3.09365805474        36.7200000000       0.512082291013      -0.253677755921      -8.039489018873E-003
   0.00000000000        0.00000000000        36.7200000000       0.705271350901       4.321757720792E-004  9.424872377032E-005
 -0.582849861102       9.726043971134E-002   36.7200000000       0.704266848421       4.369605662376E-003  1.593864712832E-004
  -1.16569972220       0.194520879423        36.7200000000       0.704624443548       6.510012701408E-003  2.794548457008E-004
  -1.74854958330       0.291781319134        36.7200000000       0.712184159936       5.533819879302E-003  1.234471919887E-003
  -2.33139944441       0.389041758845        36.7200000000       0.711841621690       2.874580320777E-003  1.104277732517E-003
  -2.91424930551       0.486302198557        36.7200000000       0.714308315937      -1.859102565033E-002 -9.253985142137E-004
  -3.49709916661       0.583562638268        36.7200000000       0.689891091894      -2.445006927769E-002 -1.143778998227E-003
  -4.07994902771       0.680823077979        36.7200000000       0.661780058339      -3.248266755850E-002 -1.058227589989E-003
  -4.66279888881       0.778083517691        36.7200000000       0.635069976979      -4.489492751757E-002 -1.118692591375E-003
  -5.24564874991       0.875343957402        36.7200000000       0.602091302030      -5.049236697675E-002 -1.820949315779E-003
  -5.82849861102       0.972604397113        36.7200000000       0.565515747657      -4.658736674223E-002 -6.980901992910E-004
  -6.41134847212        1.06986483682        36.7200000000       0.521797979305      -4.625119433886E-002 -1.793083883492E-004
   0.00000000000        0.00000000000        36.7200000000       0.705271350901       4.321757720792E-004  9.424872377032E-005
 -0.582849861102      -9.726043971134E-002   36.7200000000       0.705543840262       3.610721304666E-003  3.448214834372E-004
  -1.16569972220      -0.194520879423        36.7200000000       0.704081558134       6.338429411591E-003  1.908995662755E-004
  -1.74854958330      -0.291781319134        36.7200000000       0.710401746722       5.285817672933E-003  9.891366574754E-004
  -2.33139944441      -0.389041758845        36.7200000000       0.707658989403       3.063832746790E-003  6.014175045059E-004
  -2.91424930551      -0.486302198557        36.7200000000       0.717102455167       9.691239769094E-003 -4.382167868464E-004
  -3.49709916661      -0.583562638268        36.7200000000       0.698460721776       4.299593922010E-002 -2.339365666757E-003
  -4.07994902771      -0.680823077979        36.7200000000       0.667254433210       5.015865650327E-002 -1.484654802424E-003
  -4.66279888881      -0.778083517691        36.7200000000       0.632979587323       3.738240605356E-002 -1.600819819890E-003
  -5.24564874991      -0.875343957402        36.7200000000       0.607030182260       3.500276841381E-002 -1.950365511793E-003
  -5.82849861102      -0.972604397113        36.7200000000       0.566981901571       3.925437618320E-002 -6.296598801910E-004
  -6.41134847212       -1.06986483682        36.7200000000       0.520752040179       4.368722799365E-002  9.360137202767E-004
   0.00000000000        0.00000000000        36.7200000000       0.705271350901       4.321757720792E-004  9.424872377032E-005
 -0.519689034804      -0.281241641340        36.7200000000       0.703856608211       2.292917834878E-003  3.488967639070E-004
  -1.03937806961      -0.562483282680        36.7200000000       0.706662951956       4.044649334987E-003  4.961558986681E-004
  -1.55906710441      -0.843724924020        36.7200000000       0.706721652814       5.378495970089E-003  5.025413632570E-004
  -2.07875613922       -1.12496656536        36.7200000000       0.708807419732       4.533129894994E-003  7.712277319131E-004
  -2.59844517402       -1.40620820670        36.7200000000       0.754266363550       1.577566448474E-002 -1.569890430779E-004
  -3.11813420882       -1.68744984804        36.7200000000       0.759497551228       7.679916890775E-002 -1.795034617482E-004
  -3.63782324363       -1.96869148938        36.7200000000       0.716006751693       0.126570740172      -2.051278602689E-003
  -4.15751227843       -2.24993313072        36.7200000000       0.676322132872       0.144232513814      -1.569681139179E-003
  -4.67720131323       -2.53117477206        36.7200000000       0.649128985311       0.170733211753      -3.477240409832E-003
  -5.19689034804       -2.81241641340        36.7200000000       0.580688706246       0.211619672112      -3.993423090035E-003
  -5.71657938284       -3.09365805474        36.7200000000       0.480902689420       0.263865608335       1.521913313043E-002
   0.00000000000        0.00000000000        36.7200000000       0.705271350901       4.321757720792E-004  9.424872377032E-005
 -0.400211837779      -0.434745947216        36.7200000000       0.701129836525       6.491675814947E-004  2.743896628964E-004
 -0.800423675558      -0.869491894432        36.7200000000       0.718165690751      -4.561153207775E-003  1.394323816178E-003
  -1.20063551334       -1.30423784165        36.7200000000       0.714677967997      -1.296402354423E-003  1.052295949910E-003
  -1.60084735112       -1.73898378886        36.7200000000       0.709972560394       2.888911902229E-003  5.873397305052E-004
  -2.00105918889       -2.17372973608        36.7200000000       0.753831133301      -3.618472965352E-002 -1.689085245662E-003
  -2.40127102667       -2.60847568330        36.7200000000       0.810987487760       4.550843905549E-002 -2.752831610344E-004
  -2.80148286445       -3.04322163051        36.7200000000       0.862920931344       7.241581852410E-002 -3.375237147386E-004
  -3.20169470223       -3.47796757773        36.7200000000       0.911856025300       0.147678437093      -6.052661945572E-004
  -3.60190654001       -3.91271352494        36.7200000000       0.916135813988       0.350328346813       2.706855149170E-003
  -4.00211837779       -4.34745947216        36.7200000000       0.812122233792       0.507697502884       8.333193670556E-003
  -4.40233021557       -4.78220541938        36.7200000000       0.691140173575       0.514088916964       2.739583637610E-003
   0.00000000000        0.00000000000        36.7200000000       0.705271350901       4.321757720792E-004  9.424872377032E-005
 -0.237365478204      -0.541138783933        36.7200000000       0.699639762118      -8.639065263768E-004  1.913410387506E-004
 -0.474730956408       -1.08227756787        36.7200000000       0.700505448459      -2.679465754753E-003  4.343680951047E-004
 -0.712096434612       -1.62341635180        36.7200000000       0.722575719220      -7.807152476299E-003  1.428184198720E-003
 -0.949461912816       -2.16455513573        36.7200000000       0.713879368227      -2.983637243090E-003  2.402189116242E-004
  -1.18682739102       -2.70569391966        36.7200000000       0.787139536852      -2.363331943378E-002  8.278316501451E-006
  -1.42419286922       -3.24683270360        36.7200000000       0.768302135452      -4.475901472599E-002 -1.776304395281E-004
  -1.66155834743       -3.78797148753        36.7200000000       0.795420821142      -0.109897551706       1.223634176190E-004
  -1.89892382563       -4.32911027146        36.7200000000       0.941821368025      -0.271864650706      -1.633831265399E-003
  -2.13628930384       -4.87024905539        36.7200000000        1.08721693778      -0.698629232943       6.429724872777E-004
  -2.37365478204       -5.41138783933        36.7200000000      -4.639109982585E-002  -1.83774020284       7.055347623994E-004
  -2.61102026024       -5.95252662326        36.7200000000      -0.663073016163      -0.238172371948      -4.018185188611E-004
   0.00000000000        0.00000000000        36.7200000000       0.705271350901       4.321757720792E-004  9.424872377032E-005
 -4.879688596092E-002 -0.588890836777        36.7200000000       0.699547857674      -2.082339431385E-003  1.087504985279E-004
 -9.759377192185E-002  -1.17778167355        36.7200000000       0.697520875675      -3.106230446894E-003  2.075751816213E-005
 -0.146390657883       -1.76667251033        36.7200000000       0.712975505189      -1.219562596511E-002 -1.019746131240E-004
 -0.195187543844       -2.35556334711        36.7200000000       0.720787688388      -2.064138798648E-002 -1.829028150326E-003
 -0.243984429805       -2.94445418388        36.7200000000       0.788767581249      -1.442911790095E-002 -1.069032831996E-003
 -0.292781315766       -3.53334502066        36.7200000000       0.791145418024      -1.927247047957E-002 -1.119896564096E-004
 -0.341578201726       -4.12223585744        36.7200000000       0.670405921549      -2.832082049586E-002 -1.329423067140E-004
 -0.390375087687       -4.71112669421        36.7200000000       0.576363536600      -6.372435151211E-002 -4.276237783675E-005
 -0.439171973648       -5.30001753099        36.7200000000       0.449287014800      -0.120468606719      -9.340681712220E-004
 -0.487968859609       -5.88890836777        36.7200000000       0.298127435212      -0.122399113404       6.045666303140E-005
 -0.536765745570       -6.47779920454        36.7200000000       0.159053060139      -0.114572776212       1.711125934050E-003
   0.00000000000        0.00000000000        36.7200000000       0.705271350901       4.321757720792E-004  9.424872377032E-005
  0.145059606038      -0.572827429873        36.7200000000       0.700864082464      -2.874095022338E-003  3.556800878565E-005
  0.290119212075       -1.14565485975        36.7200000000       0.699819008010      -4.778554311069E-003 -1.255716366204E-004
  0.435178818113       -1.71848228962        36.7200000000       0.699725387969      -1.904299007549E-002 -2.770763694093E-003
  0.580238424151       -2.29130971949        36.7200000000       0.729785168172      -3.981188318709E-002 -4.243070612401E-003
  0.725298030189       -2.86413714937        36.7200000000       0.807592007660      -2.702483283777E-002 -3.329970085915E-003
  0.870357636226       -3.43696457924        36.7200000000       0.804589657672       5.461733673765E-002  2.624187670207E-004
   1.01541724226       -4.00979200911        36.7200000000       0.754447641736       5.925557513857E-002  8.217859079954E-004
   1.16047684830       -4.58261943899        36.7200000000       0.689582205204       0.202729434165      -3.622114704907E-004
   1.30553645434       -5.15544686886        36.7200000000       0.524427818595       0.366484534203      -4.719899878639E-003
   1.45059606038       -5.72827429873        36.7200000000       0.263642874317       0.410042139952      -8.884734197039E-003
   1.59565566642       -6.30110172861        36.7200000000       7.409335353909E-002  0.314343481219      -1.984309572625E-002
   0.00000000000        0.00000000000        36.7200000000       0.705271350901       4.321757720792E-004  9.424872377032E-005
  0.323196638891      -0.494689282610        36.7200000000       0.703445803111      -3.153374295602E-003 -2.027597216916E-005
  0.646393277781      -0.989378565219        36.7200000000       0.701969932211      -6.137399788910E-003 -2.369367838151E-004
  0.969589916672       -1.48406784783        36.7200000000       0.702997815763      -2.031763130972E-002 -2.789836526698E-003
   1.29278655556       -1.97875713044        36.7200000000       0.712211395102      -5.022555613346E-002 -9.079342997904E-003
   1.61598319445       -2.47344641305        36.7200000000       0.803914295772      -3.043291308785E-003  9.977475086456E-005
   1.93917983334       -2.96813569566        36.7200000000       0.792395764651       3.330930166841E-002  1.271672612400E-003
   2.26237647223       -3.46282497827        36.7200000000       0.905244230337       3.619762410065E-004  1.509353911446E-003
   2.58557311112       -3.95751426088        36.7200000000        1.07321041865      -4.239774170440E-002  3.207354076308E-004
   2.90876975001       -4.45220354349        36.7200000000        1.35414438420      -0.248265500678      -8.974843019625E-004
   3.23196638891       -4.94689282610        36.7200000000        1.34643400721       -1.13204814054      -1.813800563712E-003
   3.55516302780       -5.44158210871        36.7200000000       0.407953397645      -0.988926665025      -1.697081400084E-003
   0.00000000000        0.00000000000        36.7200000000       0.705271350901       4.321757720792E-004  9.424872377032E-005
  0.466310301007      -0.362943875680        36.7200000000       0.705120784079      -3.260265149007E-003 -7.910177438550E-005
  0.932620602014      -0.725887751361        36.7200000000       0.703740562266      -7.035514888232E-003 -3.012697817151E-004
   1.39893090302       -1.08883162704        36.7200000000       0.705990780232      -1.607512645536E-002 -1.803173795822E-003
   1.86524120403       -1.45177550272        36.7200000000       0.697495145765      -2.556001931246E-002 -4.447989111355E-003
   2.33155150503       -1.81471937840        36.7200000000       0.784956769242      -1.937991963623E-002  1.408459207925E-003
   2.79786180604       -2.17766325408        36.7200000000       0.760866457863      -2.217538731982E-002  9.118520459500E-004
   3.26417210705       -2.54060712976        36.7200000000       0.800937308545      -9.434716720542E-002 -1.974035656761E-004
   3.73048240806       -2.90355100544        36.7200000000       0.784309293456      -0.179534115675       2.433965156848E-003
   4.19679270906       -3.26649488112        36.7200000000       0.747887436420      -0.266177634425       3.827698088375E-003
   4.66310301007       -3.62943875680        36.7200000000       0.704649962979      -0.354106234589      -5.288281274264E-003
   5.12941331108       -3.99238263248        36.7200000000       0.610834706096      -0.375214488189      -5.374700602555E-003
   0.00000000000        0.00000000000        36.7200000000       0.705271350901       4.321757720792E-004  9.424872377032E-005
  0.558892006459      -0.191867868166        36.7200000000       0.704932499907      -3.334853372268E-003 -1.453347020169E-004
   1.11778401292      -0.383735736333        36.7200000000       0.704593648914      -7.101882516615E-003 -3.849181278040E-004
   1.67667601938      -0.575603604499        36.7200000000       0.705972566090      -1.649305041942E-002 -2.154037415382E-003
   2.23556802584      -0.767471472666        36.7200000000       0.694286158738      -9.360522246530E-003 -2.507242904477E-004
   2.79446003230      -0.959339340832        36.7200000000       0.731445883283      -1.927662165131E-002  1.200385476647E-003
   3.35335203876       -1.15120720900        36.7200000000       0.715935416384      -4.210491686559E-002  1.232022491303E-003
   3.91224404522       -1.34307507716        36.7200000000       0.700446609861      -5.915044518302E-002  1.062001835635E-003
   4.47113605168       -1.53494294533        36.7200000000       0.665151666728      -8.851596078260E-002  4.500701170640E-004
   5.03002805814       -1.72681081350        36.7200000000       0.610304004232      -9.643299520287E-002  1.007947460361E-003
   5.58892006459       -1.91867868166        36.7200000000       0.556660019951      -9.525742803785E-002  1.190327331396E-003
   6.14781207105       -2.11054654983        36.7200000000       0.502275495466      -9.068843963362E-002 -2.209890594029E-003
   0.00000000000        0.00000000000        36.7200000000       0.705271350901       4.321757720792E-004  9.424872377032E-005
  0.590909090909        0.00000000000        36.7200000000       0.704780935499      -3.001225536259E-003 -1.856050479443E-004
   1.18181818182      -1.172487511250E-015   36.7200000000       0.704290520097      -6.434626844596E-003 -4.654588196589E-004
   1.77272727273        0.00000000000        36.7200000000       0.698399932471      -5.502101007691E-003 -1.649308452986E-005
   2.36363636364        0.00000000000        36.7200000000       0.687681216780      -3.958523006449E-004  1.110672262986E-003
   2.95454545455        0.00000000000        36.7200000000       0.721853009972      -3.271651187260E-003  1.586003300337E-003
   3.54545454545        0.00000000000        36.7200000000       0.706588780358       5.751270754243E-004  1.034781810530E-003
   4.13636363636        0.00000000000        36.7200000000       0.676389427475       1.034577410754E-003  3.901521752638E-004
   4.72727272727        0.00000000000        36.7200000000       0.633452866898       5.474195519408E-004 -1.603696177959E-004
   5.31818181818        0.00000000000        36.7200000000       0.616112245237       4.275695501829E-003 -5.774886168925E-004
   5.90909090909        0.00000000000        36.7200000000       0.582668752067       1.082358751291E-003  1.310249078807E-003
   6.50000000000        0.00000000000        36.7200000000       0.549051533717       1.619192112876E-003 -5.837730964747E-004
