 12 20 1 1
 1 X [LENGU]
 2 Y [LENGU]
 3 Z [LENGU]
 4 Hx [FIELU]
 5 Hy [FIELU]
 6 Hz [FIELU]
 0
   0.00000000000        0.00000000000       -97.2000000000        3.06111618689      -0.149865989354      -1.784505622006E-002
  0.590909090909        0.00000000000       -97.2000000000        3.06386275601      -0.142495167874      -1.851233907679E-002
   1.18181818182        0.00000000000       -97.2000000000        3.06745845549      -0.139323871224      -1.906164795767E-002
   1.77272727273        0.00000000000       -97.2000000000        3.06663931881      -0.133362651108      -1.753926166313E-002
   2.36363636364        0.00000000000       -97.2000000000        3.06749614349      -0.113498168469      -1.257537614237E-002
   2.95454545455        0.00000000000       -97.2000000000        2.53832244580      -4.871976127414E-002 -0.127464400393     
   3.54545454545        0.00000000000       -97.2000000000        2.41772490354      -1.727482714489E-003 -8.882590285969E-002
   4.13636363636        0.00000000000       -97.2000000000        2.31815142259      -2.482680913348E-003 -5.220635036845E-002
   4.72727272727        0.00000000000       -97.2000000000        2.23600227305      -1.514130239544E-002 -1.878638631467E-002
   5.31818181818        0.00000000000       -97.2000000000        2.07025363917      -3.531714733500E-002 -9.564934551711E-003
   5.90909090909        0.00000000000       -97.2000000000        1.96995956310      -2.371069471938E-002 -4.270532512535E-003
   6.50000000000        0.00000000000       -97.2000000000        1.86966548703      -1.210424210377E-002  1.023869526642E-003
   0.00000000000        0.00000000000       -97.2000000000        3.06111618689      -0.149865989354      -1.784505622006E-002
  0.558892006459       0.191867868166       -97.2000000000        3.06681941129      -0.169476906809      -2.148050754454E-002
   1.11778401292       0.383735736333       -97.2000000000        3.07208159672      -0.184705084253      -2.530994795090E-002
   1.67667601938       0.575603604499       -97.2000000000        3.05739644982      -0.159544782710      -2.281358697784E-002
   2.23556802584       0.767471472666       -97.2000000000        3.05386156509      -0.119439926304      -1.638710599195E-002
   2.79446003230       0.959339340832       -97.2000000000        2.68180561338      -8.596462087073E-002 -0.127719427985     
   3.35335203876        1.15120720900       -97.2000000000        2.55634475007       5.795670730610E-002 -9.874703330464E-002
   3.91224404522        1.34307507716       -97.2000000000        2.44909582257       0.137514238237      -6.076644267993E-002
   4.47113605168        1.53494294533       -97.2000000000        2.39553894794       0.231407330512      -2.811343519683E-002
   5.03002805814        1.72681081350       -97.2000000000        2.16242181063       0.292552698006      -2.072073732185E-002
   5.58892006459        1.91867868166       -97.2000000000        1.96468146766       0.320191299989      -2.516402562926E-002
   6.14781207105        2.11054654983       -97.2000000000        1.79550694407       0.353779623887      -2.050129650015E-002
   0.00000000000        0.00000000000       -97.2000000000        3.06111618689      -0.149865989354      -1.784505622006E-002
  0.466310301007       0.362943875680       -97.2000000000        3.07383453435      -0.199429697744      -2.562910328361E-002
  0.932620602014       0.725887751361       -97.2000000000        3.07143605545      -0.214458445472      -2.874789224701E-002
   1.39893090302        1.08883162704       -97.2000000000        3.06429434890      -0.201994693209      -2.770277113109E-002
   1.86524120403        1.45177550272       -97.2000000000        3.05637805889      -0.137820074546      -1.923054698356E-002
   2.33155150503        1.81471937840       -97.2000000000        3.05298223219      -0.170563056585      -0.116563940604     
   2.79786180604        2.17766325408       -97.2000000000        3.14645614989      -2.058105607269E-002 -4.797992052624E-002
   3.26417210705        2.54060712976       -97.2000000000        2.92101153975       0.435813603354      -2.845736563193E-002
   3.73048240806        2.90355100544       -97.2000000000        3.07337209852       0.638519254364      -1.050547227071E-002
   4.19679270906        3.26649488112       -97.2000000000        2.89738410993       0.834092891891      -3.495878293523E-003
   4.66310301007        3.62943875680       -97.2000000000        2.57052204611        1.34956377129       4.804130038398E-002
   5.12941331108        3.99238263248       -97.2000000000        2.17694412305        1.51745935328       3.069710702505E-002
   0.00000000000        0.00000000000       -97.2000000000        3.06111618689      -0.149865989354      -1.784505622006E-002
  0.323196638891       0.494689282610       -97.2000000000        3.08674563207      -0.193405659728      -2.356275579521E-002
  0.646393277781       0.989378565219       -97.2000000000        3.05838996505      -0.192099917267      -2.285232788957E-002
  0.969589916672        1.48406784783       -97.2000000000        3.04040586107      -0.171313240263      -1.929018293402E-002
   1.29278655556        1.97875713044       -97.2000000000        3.06664880154      -0.166510985270      -2.173704781892E-002
   1.61598319445        2.47344641305       -97.2000000000        3.22632170527      -0.217595076003      -9.597379369838E-002
   1.93917983334        2.96813569566       -97.2000000000        3.52083737915      -0.351077786738      -6.709911614570E-002
   2.26237647223        3.46282497827       -97.2000000000        3.62096608905      -0.392886384617      -1.892629627911E-002
   2.58557311112        3.95751426088       -97.2000000000        4.48114286847      -0.208897891452      -1.437275377791E-002
   2.90876975001        4.45220354349       -97.2000000000        5.44907996347       0.821541730939      -1.520314474708E-003
   3.23196638891        4.94689282610       -97.2000000000        5.19485648634        4.51529769992       1.392182228265E-002
   3.55516302780        5.44158210871       -97.2000000000        1.48149677688        3.81776912355       3.391781917483E-002
   0.00000000000        0.00000000000       -97.2000000000        3.06111618689      -0.149865989354      -1.784505622006E-002
  0.145059606038       0.572827429873       -97.2000000000        3.09290128524      -0.164524023491      -1.761409939082E-002
  0.290119212075        1.14565485975       -97.2000000000        3.05749277790      -0.147423891551      -1.312791699065E-002
  0.435178818113        1.71848228962       -97.2000000000        3.02208427056      -0.130323759610      -8.641734590484E-003
  0.580238424151        2.29130971949       -97.2000000000        3.04824192334      -0.138621026485      -1.359581346200E-002
  0.725298030189        2.86413714937       -97.2000000000        3.25764835845      -0.377606414408       6.554629129280E-003
  0.870357636226        3.43696457924       -97.2000000000        3.32326317802      -0.179261221804      -2.114980198503E-002
   1.01541724226        4.00979200911       -97.2000000000        2.92661504850      -0.546523468641      -1.508750091990E-003
   1.16047684830        4.58261943899       -97.2000000000        2.73281278976       -1.03591002501       6.284741762394E-004
   1.30553645434        5.15544686886       -97.2000000000        2.04175728294       -1.53822428994      -8.626669662008E-004
   1.45059606038        5.72827429873       -97.2000000000       0.964833933086       -1.67809547207       1.209082365950E-002
   1.59565566642        6.30110172861       -97.2000000000       0.110276637412       -1.13580444227       1.920734112101E-002
   0.00000000000        0.00000000000       -97.2000000000        3.06111618689      -0.149865989354      -1.784505622006E-002
 -4.879688596092E-002  0.588890836777       -97.2000000000        3.08585797069      -0.150223146401      -1.241716191575E-002
 -9.759377192185E-002   1.17778167355       -97.2000000000        3.04340614880      -0.118822137369      -2.734042040516E-003
 -0.146390657883        1.76667251033       -97.2000000000        3.00343339145      -9.208758763322E-002  4.831805170849E-003
 -0.195187543844        2.35556334711       -97.2000000000        3.03213826014      -9.683492866367E-002  2.446108037687E-003
 -0.243984429805        2.94445418388       -97.2000000000        3.26323102499       7.882719526609E-002  3.022031459126E-002
 -0.292781315766        3.53334502066       -97.2000000000        2.99867703333       0.225317843294       5.283195681658E-003
 -0.341578201726        4.12223585744       -97.2000000000        2.68649613521       0.110979453251       1.309580163611E-002
 -0.390375087687        4.71112669421       -97.2000000000        2.51738666349       0.371598867864       1.439842158899E-002
 -0.439171973648        5.30001753099       -97.2000000000        1.79324459742       0.467445281427       1.038790331915E-002
 -0.487968859609        5.88890836777       -97.2000000000        1.14384401456       0.536918130940      -5.661851160477E-003
 -0.536765745570        6.47779920454       -97.2000000000       0.801597882416       0.561488776839      -2.808038528956E-003
   0.00000000000        0.00000000000       -97.2000000000        3.06111618689      -0.149865989354      -1.784505622006E-002
 -0.237365478204       0.541138783933       -97.2000000000        3.08341496975      -0.139325055875      -8.269540728252E-003
 -0.474730956408        1.08227756787       -97.2000000000        3.04048826601      -0.100698691778       3.865510954999E-003
 -0.712096434612        1.62341635180       -97.2000000000        3.01677901334      -0.102638395985       2.641453617323E-003
 -0.949461912816        2.16455513573       -97.2000000000        3.02589255630      -0.129769395213      -2.173056707624E-003
  -1.18682739102        2.70569391966       -97.2000000000        3.23630031575       0.215422817657       7.849260515739E-002
  -1.42419286922        3.24683270360       -97.2000000000        3.46620844703       0.278857321692       1.856836191755E-002
  -1.66155834743        3.78797148753       -97.2000000000        3.46346034833       0.295343868927       2.473604113437E-002
  -1.89892382563        4.32911027146       -97.2000000000        3.76266846860        1.17116436306       1.732324175666E-002
  -2.13628930384        4.87024905539       -97.2000000000        4.45071142693        3.04633151437       1.047075710272E-002
  -2.37365478204        5.41138783933       -97.2000000000        1.05485983712        7.45420970344       1.097575296872E-002
  -2.61102026024        5.95252662326       -97.2000000000       -2.89888326818       0.936903062583       1.079902925424E-002
   0.00000000000        0.00000000000       -97.2000000000        3.06111618689      -0.149865989354      -1.784505622006E-002
 -0.400211837779       0.434745947216       -97.2000000000        3.08437207350      -0.141197322188      -1.030375949284E-002
 -0.800423675558       0.869491894432       -97.2000000000        3.05146893229      -9.952157426526E-002  3.876067594462E-003
  -1.20063551334        1.30423784165       -97.2000000000        3.03466657931      -0.106449916649       1.775784818825E-003
  -1.60084735112        1.73898378886       -97.2000000000        3.03174719286      -0.136408366633      -5.660897630691E-003
  -2.00105918889        2.17372973608       -97.2000000000        3.00878741006       0.479283833037       3.592923493564E-002
  -2.40127102667        2.60847568330       -97.2000000000        3.28764904601       0.168961596393       5.977049297669E-002
  -2.80148286445        3.04322163051       -97.2000000000        3.31562718034       4.964878734794E-002  3.037058717864E-002
  -3.20169470223        3.47796757773       -97.2000000000        3.50782111144      -0.334118192710       2.042435083166E-002
  -3.60190654001        3.91271352494       -97.2000000000        3.56340635694       -1.27882377686       2.168571622110E-002
  -4.00211837779        4.34745947216       -97.2000000000        3.28426353313       -1.91809791103      -2.825107268455E-003
  -4.40233021557        4.78220541938       -97.2000000000        2.60072944703       -2.08110939363       3.518037584528E-003
   0.00000000000        0.00000000000       -97.2000000000        3.06111618689      -0.149865989354      -1.784505622006E-002
 -0.519689034804       0.281241641340       -97.2000000000        3.07494761500      -0.162600616437      -1.637354911218E-002
  -1.03937806961       0.562483282680       -97.2000000000        3.06362965814      -0.104096052673       1.680909733556E-003
  -1.55906710441       0.843724924020       -97.2000000000        3.04757008396      -0.104809565875      -8.878560890888E-004
  -2.07875613922        1.12496656536       -97.2000000000        3.03578507692      -0.127329620005      -9.170240715614E-003
  -2.59844517402        1.40620820670       -97.2000000000        2.80410680592       6.940767495899E-002  0.108304452661     
  -3.11813420882        1.68744984804       -97.2000000000        2.69657781011      -3.558956759548E-002  6.296095964272E-002
  -3.63782324363        1.96869148938       -97.2000000000        2.60593482143      -0.217101836052       4.049891325870E-002
  -4.15751227843        2.24993313072       -97.2000000000        2.53439841589      -0.423014010940       3.328351084228E-002
  -4.67720131323        2.53117477206       -97.2000000000        2.39914069945      -0.530072168655       3.365614966738E-002
  -5.19689034804        2.81241641340       -97.2000000000        2.15131836888      -0.748616722509       3.284541558716E-002
  -5.71657938284        3.09365805474       -97.2000000000        1.88839088333      -0.838666803212       2.320800549799E-002
   0.00000000000        0.00000000000       -97.2000000000        3.06111618689      -0.149865989354      -1.784505622006E-002
 -0.582849861102       9.726043971134E-002  -97.2000000000        3.05799671694      -0.168448573091      -1.804168520603E-002
  -1.16569972220       0.194520879423       -97.2000000000        3.07375596647      -0.121093299863      -6.676647169600E-003
  -1.74854958330       0.291781319134       -97.2000000000        3.05926338163      -0.104418794312      -5.137090327269E-003
  -2.33139944441       0.389041758845       -97.2000000000        3.04184189438      -7.267135498492E-002 -4.093267728284E-003
  -2.91424930551       0.486302198557       -97.2000000000        2.57686705142      -8.640025838805E-004  0.114372623339     
  -3.49709916661       0.583562638268       -97.2000000000        2.47165946659      -0.126053088391       5.523065256476E-002
  -4.07994902771       0.680823077979       -97.2000000000        2.35300415338      -0.181190349145       3.360678457851E-002
  -4.66279888881       0.778083517691       -97.2000000000        2.23354152839      -0.191165243155       2.345328926807E-002
  -5.24564874991       0.875343957402       -97.2000000000        2.13360385289      -0.179112593129       2.006195079521E-002
  -5.82849861102       0.972604397113       -97.2000000000        2.01361682646      -0.189121681003       1.736819084274E-002
  -6.41134847212        1.06986483682       -97.2000000000        1.87224240673      -0.196918588835       1.146579821539E-002
   0.00000000000        0.00000000000       -97.2000000000        3.06111618689      -0.149865989354      -1.784505622006E-002
 -0.582849861102      -9.726043971134E-002  -97.2000000000        3.05881743786      -0.145823991782      -1.633206325748E-002
  -1.16569972220      -0.194520879423       -97.2000000000        3.06066355077      -0.126012398366      -1.209728806192E-002
  -1.74854958330      -0.291781319134       -97.2000000000        3.06870006934      -6.424436972396E-002 -1.677017891572E-003
  -2.33139944441      -0.389041758845       -97.2000000000        3.06415961726      -1.451185787438E-002  1.459849333686E-003
  -2.91424930551      -0.486302198557       -97.2000000000        2.56471195466      -3.278249787780E-002  0.101241108381     
  -3.49709916661      -0.583562638268       -97.2000000000        2.54326896791      -2.333873372155E-002  3.281771401442E-002
  -4.07994902771      -0.680823077979       -97.2000000000        2.37454331930       2.079885220846E-002  9.780866206647E-003
  -4.66279888881      -0.778083517691       -97.2000000000        2.26060583216       5.910820241282E-002 -3.915499962126E-005
  -5.24564874991      -0.875343957402       -97.2000000000        2.15410339684       0.101562746908      -8.312951126279E-003
  -5.82849861102      -0.972604397113       -97.2000000000        2.04719841343       0.113764467810      -1.473057506484E-002
  -6.41134847212       -1.06986483682       -97.2000000000        1.88624238138       0.159434676316      -9.933299337283E-003
   0.00000000000        0.00000000000       -97.2000000000        3.06111618689      -0.149865989354      -1.784505622006E-002
 -0.519689034804      -0.281241641340       -97.2000000000        3.05988726391      -0.123637423627      -1.478639757294E-002
  -1.03937806961      -0.562483282680       -97.2000000000        3.05896418886      -9.892148309452E-002 -1.168524592590E-002
  -1.55906710441      -0.843724924020       -97.2000000000        3.08492257194      -4.344352292121E-002 -4.555186759109E-003
  -2.07875613922       -1.12496656536       -97.2000000000        3.11802316146       3.016449740821E-002  2.199473007406E-003
  -2.59844517402       -1.40620820670       -97.2000000000        2.78438751087      -0.113734992902       8.786353595555E-002
  -3.11813420882       -1.68744984804       -97.2000000000        2.75786632877       9.428998521108E-002  4.214609981290E-002
  -3.63782324363       -1.96869148938       -97.2000000000        2.56300871603       0.241343655084       6.442463013618E-003
  -4.15751227843       -2.24993313072       -97.2000000000        2.43691649947       0.345261233464      -2.276858392768E-002
  -4.67720131323       -2.53117477206       -97.2000000000        2.32862346169       0.453227324693      -5.049985957480E-002
  -5.19689034804       -2.81241641340       -97.2000000000        2.20515740626       0.620314679119      -8.332859583746E-002
  -5.71657938284       -3.09365805474       -97.2000000000        1.98495953658       0.904080480759      -9.309312858289E-002
   0.00000000000        0.00000000000       -97.2000000000        3.06111618689      -0.149865989354      -1.784505622006E-002
 -0.400211837779      -0.434745947216       -97.2000000000        3.06211961405      -0.109383966530      -1.342917204355E-002
 -0.800423675558      -0.869491894432       -97.2000000000        3.06779360500      -9.844688172313E-002 -1.117145480996E-002
  -1.20063551334       -1.30423784165       -97.2000000000        3.10852049616      -4.321119930524E-002 -1.025950576342E-002
  -1.60084735112       -1.73898378886       -97.2000000000        3.14565240446       3.118738587741E-002  1.564343004156E-004
  -2.00105918889       -2.17372973608       -97.2000000000        2.86255604771      -0.432440665432       3.146882878858E-002
  -2.40127102667       -2.60847568330       -97.2000000000        3.14609477032      -0.146965254284       3.183132362223E-002
  -2.80148286445       -3.04322163051       -97.2000000000        2.86560734274      -0.146032331853       8.552387087741E-004
  -3.20169470223       -3.47796757773       -97.2000000000        3.40376096430       0.606712711196      -5.758740448873E-002
  -3.60190654001       -3.91271352494       -97.2000000000        3.39478701663       0.963133866557      -0.125172795217     
  -4.00211837779       -4.34745947216       -97.2000000000        2.94774255523        1.61059062308      -0.258959880074     
  -4.40233021557       -4.78220541938       -97.2000000000        2.26028696449        1.95578154599      -0.411390577572     
   0.00000000000        0.00000000000       -97.2000000000        3.06111618689      -0.149865989354      -1.784505622006E-002
 -0.237365478204      -0.541138783933       -97.2000000000        3.06581918372      -0.107311536702      -1.233152049019E-002
 -0.474730956408       -1.08227756787       -97.2000000000        3.07539907693      -0.100516956914      -1.120960868941E-002
 -0.712096434612       -1.62341635180       -97.2000000000        3.08830821175      -9.098560015784E-002 -1.072092347372E-002
 -0.949461912816       -2.16455513573       -97.2000000000        3.14334599976      -1.366838130711E-002 -9.055860327006E-003
  -1.18682739102       -2.70569391966       -97.2000000000        3.26924892353      -0.262063426133       3.318768856065E-002
  -1.42419286922       -3.24683270360       -97.2000000000        3.33818574103      -0.526898953322       2.618524081571E-002
  -1.66155834743       -3.78797148753       -97.2000000000        3.37930671949      -0.786990827273      -8.660550371064E-003
  -1.89892382563       -4.32911027146       -97.2000000000        3.80224641807       -1.35099068122      -2.615506286515E-002
  -2.13628930384       -4.87024905539       -97.2000000000        4.20010588285       -3.02607400752      -6.308868459408E-002
  -2.37365478204       -5.41138783933       -97.2000000000       0.443594621031       -7.89368776615      -9.553961909805E-002
  -2.61102026024       -5.95252662326       -97.2000000000       -3.06837575882      -0.904173387374      -0.118205140174     
   0.00000000000        0.00000000000       -97.2000000000        3.06111618689      -0.149865989354      -1.784505622006E-002
 -4.879688596092E-002 -0.588890836777       -97.2000000000        3.06853072837      -0.107484617476      -1.189781016031E-002
 -9.759377192185E-002  -1.17778167355       -97.2000000000        3.08091477402      -0.103652553412      -1.134462540532E-002
 -0.146390657883       -1.76667251033       -97.2000000000        3.09331487268      -0.100304021534      -1.096520728936E-002
 -0.195187543844       -2.35556334711       -97.2000000000        3.10571497134      -9.695548965694E-002 -1.058578917339E-002
 -0.243984429805       -2.94445418388       -97.2000000000        3.33701611108      -8.850016394782E-002 -2.337084701365E-003
 -0.292781315766       -3.53334502066       -97.2000000000        3.04388286580      -0.164811622149       2.036746354804E-002
 -0.341578201726       -4.12223585744       -97.2000000000        2.88425725408      -0.245402742187       6.725699874929E-003
 -0.390375087687       -4.71112669421       -97.2000000000        2.37857501426      -0.399083507876      -1.125949549776E-002
 -0.439171973648       -5.30001753099       -97.2000000000        1.71918590871      -0.480646640438      -1.680798283479E-002
 -0.487968859609       -5.88890836777       -97.2000000000       0.964569398570      -0.379317230102      -2.506183143110E-002
 -0.536765745570       -6.47779920454       -97.2000000000       0.517153853511      -0.182518307324      -2.001022222492E-002
   0.00000000000        0.00000000000       -97.2000000000        3.06111618689      -0.149865989354      -1.784505622006E-002
  0.145059606038      -0.572827429873       -97.2000000000        3.06996041008      -0.109884452865      -1.217504029785E-002
  0.290119212075       -1.14565485975       -97.2000000000        3.08374298492      -0.107513880684      -1.156187380151E-002
  0.435178818113       -1.71848228962       -97.2000000000        3.09755718903      -0.106096012442      -1.129107988365E-002
  0.580238424151       -2.29130971949       -97.2000000000        3.13029523561      -0.121297331653      -1.179764698044E-002
  0.725298030189       -2.86413714937       -97.2000000000        3.40696271841       0.435776017723      -1.954612961766E-002
  0.870357636226       -3.43696457924       -97.2000000000        3.23664507336       0.271194238270       7.718736505225E-004
   1.01541724226       -4.00979200911       -97.2000000000        2.91919382633       0.670213989307       1.563225705194E-003
   1.16047684830       -4.58261943899       -97.2000000000        2.59815006126        1.15051454401      -1.021030126091E-002
   1.30553645434       -5.15544686886       -97.2000000000        2.01004535770        1.57803515322      -6.944062479772E-003
   1.45059606038       -5.72827429873       -97.2000000000       0.921805396062        1.72371266925       1.224708147554E-002
   1.59565566642       -6.30110172861       -97.2000000000       8.051742923484E-002   1.21505889282       1.687388737474E-002
   0.00000000000        0.00000000000       -97.2000000000        3.06111618689      -0.149865989354      -1.784505622006E-002
  0.323196638891      -0.494689282610       -97.2000000000        3.06995330064      -0.114250983466      -1.313316871575E-002
  0.646393277781      -0.989378565219       -97.2000000000        3.08357722909      -0.111682504005      -1.183781164331E-002
  0.969589916672       -1.48406784783       -97.2000000000        3.10016176554      -0.115179402218      -1.182440680174E-002
   1.29278655556       -1.97875713044       -97.2000000000        3.15078478148      -0.148846318621      -1.321113690392E-002
   1.61598319445       -2.47344641305       -97.2000000000        3.20147484418       0.224861229119      -8.307982193931E-002
   1.93917983334       -2.96813569566       -97.2000000000        3.34271716727       0.206906300780      -2.560834882688E-002
   2.26237647223       -3.46282497827       -97.2000000000        3.54463328798       0.128209479937      -2.806680787572E-002
   2.58557311112       -3.95751426088       -97.2000000000        4.13357658682       3.039069024938E-002 -2.788011867912E-002
   2.90876975001       -4.45220354349       -97.2000000000        5.39212340645      -0.811520816574      -5.384515153210E-003
   3.23196638891       -4.94689282610       -97.2000000000        5.10564845472       -4.22903720024       8.591242051399E-003
   3.55516302780       -5.44158210871       -97.2000000000        1.39230915273       -4.03433909410       4.859549134299E-002
   0.00000000000        0.00000000000       -97.2000000000        3.06111618689      -0.149865989354      -1.784505622006E-002
  0.466310301007      -0.362943875680       -97.2000000000        3.06851017047      -0.120111027936      -1.466836733303E-002
  0.932620602014      -0.725887751361       -97.2000000000        3.08043546874      -0.115706688355      -1.214253678393E-002
   1.39893090302       -1.08883162704       -97.2000000000        3.09830690145      -0.124050663293      -1.240110578366E-002
   1.86524120403       -1.45177550272       -97.2000000000        3.16773714973      -0.182125527457      -1.474388055707E-002
   2.33155150503       -1.81471937840       -97.2000000000        2.92488745520       0.167572540127      -0.125616509813     
   2.79786180604       -2.17766325408       -97.2000000000        2.86681627074       4.602735317841E-002 -8.214268926992E-002
   3.26417210705       -2.54060712976       -97.2000000000        2.86225929831      -8.275927750446E-002 -3.371556434828E-002
   3.73048240806       -2.90355100544       -97.2000000000        2.81161716701      -0.506967874427      -3.978873387621E-003
   4.19679270906       -3.26649488112       -97.2000000000        2.72786206711      -0.842516887802       2.464417190639E-002
   4.66310301007       -3.62943875680       -97.2000000000        2.59277865433       -1.27016677651       9.720013607356E-003
   5.12941331108       -3.99238263248       -97.2000000000        2.14873756858       -1.29564719873      -2.004927420473E-002
   0.00000000000        0.00000000000       -97.2000000000        3.06111618689      -0.149865989354      -1.784505622006E-002
  0.558892006459      -0.191867868166       -97.2000000000        3.06578740512      -0.126829559529      -1.661427355845E-002
   1.11778401292      -0.383735736333       -97.2000000000        3.07487314881      -0.125625948088      -1.477015855729E-002
   1.67667601938      -0.575603604499       -97.2000000000        3.08395889249      -0.124422336648      -1.292604355613E-002
   2.23556802584      -0.767471472666       -97.2000000000        3.11611694851      -0.147606010597      -1.343413749524E-002
   2.79446003230      -0.959339340832       -97.2000000000        2.58698510646       2.676497694089E-002 -0.139145719859     
   3.35335203876       -1.15120720900       -97.2000000000        2.45822952506      -0.123340880111      -0.103928039955     
   3.91224404522       -1.34307507716       -97.2000000000        2.38477357461      -0.229266733474      -5.907049952073E-002
   4.47113605168       -1.53494294533       -97.2000000000        2.32268280059      -0.273500401206      -2.435615007675E-002
   5.03002805814       -1.72681081350       -97.2000000000        2.14218410700      -0.330786263702      -1.725691859261E-002
   5.58892006459       -1.91867868166       -97.2000000000        1.94509820825      -0.319672646591      -1.770478142062E-002
   6.14781207105       -2.11054654983       -97.2000000000        1.74668058865      -0.323547896110      -1.636570741029E-002
   0.00000000000        0.00000000000       -97.2000000000        3.06111618689      -0.149865989354      -1.784505622006E-002
  0.590909090909        0.00000000000       -97.2000000000        3.06386275601      -0.142495167874      -1.851233907679E-002
   1.18181818182      -1.172487511250E-015  -97.2000000000        3.06745845549      -0.139323871224      -1.906164795767E-002
   1.77272727273        0.00000000000       -97.2000000000        3.06663931881      -0.133362651108      -1.753926166313E-002
   2.36363636364        0.00000000000       -97.2000000000        3.06749614349      -0.113498168469      -1.257537614237E-002
   2.95454545455        0.00000000000       -97.2000000000        2.53832244580      -4.871976127414E-002 -0.127464400393     
   3.54545454545        0.00000000000       -97.2000000000        2.41772490354      -1.727482714489E-003 -8.882590285969E-002
   4.13636363636        0.00000000000       -97.2000000000        2.31815142259      -2.482680913348E-003 -5.220635036845E-002
   4.72727272727        0.00000000000       -97.2000000000        2.23600227305      -1.514130239544E-002 -1.878638631467E-002
   5.31818181818        0.00000000000       -97.2000000000        2.07025363917      -3.531714733500E-002 -9.564934551711E-003
   5.90909090909        0.00000000000       -97.2000000000        1.96995956310      -2.371069471938E-002 -4.270532512535E-003
   6.50000000000        0.00000000000       -97.2000000000        1.86966548703      -1.210424210377E-002  1.023869526642E-003
