 12 20 1 1
 1 X [LENGU]
 2 Y [LENGU]
 3 Z [LENGU]
 4 Hx [FIELU]
 5 Hy [FIELU]
 6 Hz [FIELU]
 0
   0.00000000000        0.00000000000       -70.0000000000        3.13310256780       1.118493256024E-002  8.287369702137E-003
  0.590909090909        0.00000000000       -70.0000000000        3.14049366606       2.302517665761E-002  1.008596462747E-002
   1.18181818182        0.00000000000       -70.0000000000        3.12105261041       0.107002271403       1.302632534151E-002
   1.77272727273        0.00000000000       -70.0000000000        3.11171784149       8.454755133295E-002  9.868858670100E-003
   2.36363636364        0.00000000000       -70.0000000000        3.11901640238       3.744048383045E-003  5.110448588572E-003
   2.95454545455        0.00000000000       -70.0000000000        3.17121304973      -4.308652402893E-002 -5.628124730173E-003
   3.54545454545        0.00000000000       -70.0000000000        3.01969397159      -4.987298181929E-002 -7.692735965611E-003
   4.13636363636        0.00000000000       -70.0000000000        2.88180067582      -4.577190876324E-002 -9.159598125543E-003
   4.72727272727        0.00000000000       -70.0000000000        2.74390738004      -4.167083570720E-002 -1.062646028548E-002
   5.31818181818        0.00000000000       -70.0000000000        2.60895001859      -2.298719910515E-002 -1.199444023926E-002
   5.90909090909        0.00000000000       -70.0000000000        2.47678437478      -3.880173380684E-002 -2.112271800755E-002
   6.50000000000        0.00000000000       -70.0000000000        2.32795002367       3.592550667190E-002 -1.128361148881E-002
   0.00000000000        0.00000000000       -70.0000000000        3.13310256780       1.118493256024E-002  8.287369702137E-003
  0.558892006459       0.191867868166       -70.0000000000        3.14225825093       2.264079160789E-002  1.049536843738E-002
   1.11778401292       0.383735736333       -70.0000000000        3.14827403291       3.459438530390E-002  1.232415523836E-002
   1.67667601938       0.575603604499       -70.0000000000        3.14511638811       5.546446242519E-002  1.346182063269E-002
   2.23556802584       0.767471472666       -70.0000000000        3.13698563577       5.052305735926E-002  1.186304716458E-002
   2.79446003230       0.959339340832       -70.0000000000        3.23041872907       8.905690396809E-002 -2.565562544485E-003
   3.35335203876        1.15120720900       -70.0000000000        3.08708315948       0.213752436034      -1.844973228647E-003
   3.91224404522        1.34307507716       -70.0000000000        2.94277000870       0.274702155785      -4.894890072367E-003
   4.47113605168        1.53494294533       -70.0000000000        2.80714293133       0.340852196794      -7.765449883635E-003
   5.03002805814        1.72681081350       -70.0000000000        2.67151585395       0.407002237802      -1.063600969490E-002
   5.58892006459        1.91867868166       -70.0000000000        2.45268304350       0.420819224330      -2.078380219597E-002
   6.14781207105        2.11054654983       -70.0000000000        2.18156450701       0.357669456966      -2.286311064260E-002
   0.00000000000        0.00000000000       -70.0000000000        3.13310256780       1.118493256024E-002  8.287369702137E-003
  0.466310301007       0.362943875680       -70.0000000000        3.14310573247       2.121882108849E-002  1.068661478386E-002
  0.932620602014       0.725887751361       -70.0000000000        3.14470723271       3.686482802961E-002  1.231022930607E-002
   1.39893090302        1.08883162704       -70.0000000000        3.14201664179       5.535721558833E-002  1.347216437861E-002
   1.86524120403        1.45177550272       -70.0000000000        3.14630973256       7.702183895706E-002  1.507584621466E-002
   2.33155150503        1.81471937840       -70.0000000000        3.43985540907       0.121475358184      -2.805116856716E-003
   2.79786180604        2.17766325408       -70.0000000000        3.37479223246       0.295363524991      -4.810483791441E-003
   3.26417210705        2.54060712976       -70.0000000000        3.32460698570       0.533644089870       2.461427669649E-003
   3.73048240806        2.90355100544       -70.0000000000        3.29539275795       0.846376289941       1.108541563859E-002
   4.19679270906        3.26649488112       -70.0000000000        3.24982358737        1.15901482481       1.986684847183E-002
   4.66310301007        3.62943875680       -70.0000000000        3.05836709219        1.56091137657       3.653885798634E-002
   5.12941331108        3.99238263248       -70.0000000000        2.76741867088        1.60482112302       4.042464966069E-004
   0.00000000000        0.00000000000       -70.0000000000        3.13310256780       1.118493256024E-002  8.287369702137E-003
  0.323196638891       0.494689282610       -70.0000000000        3.14294427290       1.891335766936E-002  1.063897915777E-002
  0.646393277781       0.989378565219       -70.0000000000        3.13633491330       3.114364745082E-002  1.110954483295E-002
  0.969589916672        1.48406784783       -70.0000000000        3.13415973650       4.289909338820E-002  1.190323164745E-002
   1.29278655556        1.97875713044       -70.0000000000        3.14558508351       7.588641150481E-002  1.487310175520E-002
   1.61598319445        2.47344641305       -70.0000000000        3.55869966720      -1.092144667761E-002 -5.770825144086E-003
   1.93917983334        2.96813569566       -70.0000000000        3.72989489662       6.487195189785E-002 -4.617664888045E-003
   2.26237647223        3.46282497827       -70.0000000000        4.19066582130      -0.106861080143      -5.721202746078E-003
   2.58557311112        3.95751426088       -70.0000000000        4.99260243879       0.130190855555      -6.207911156198E-003
   2.90876975001        4.45220354349       -70.0000000000        5.97408374224        1.03035173231      -2.177339130080E-003
   3.23196638891        4.94689282610       -70.0000000000        5.95810540372        5.35186109648       8.262590912481E-003
   3.55516302780        5.44158210871       -70.0000000000        1.79545286349        4.63684829123       2.120311998869E-002
   0.00000000000        0.00000000000       -70.0000000000        3.13310256780       1.118493256024E-002  8.287369702137E-003
  0.145059606038       0.572827429873       -70.0000000000        3.14151706620       1.522930184622E-002  1.028046254729E-002
  0.290119212075        1.14565485975       -70.0000000000        3.12329482336       1.468292220810E-002  8.524472018790E-003
  0.435178818113        1.71848228962       -70.0000000000        3.12509857340       2.928649893234E-002  9.610065269517E-003
  0.580238424151        2.29130971949       -70.0000000000        3.13804646160       6.368532464428E-002  1.256698404240E-002
  0.725298030189        2.86413714937       -70.0000000000        3.52745557006      -9.065994650768E-002 -2.886801950392E-003
  0.870357636226        3.43696457924       -70.0000000000        3.33267408231      -0.416914546037      -7.724486851745E-003
   1.01541724226        4.00979200911       -70.0000000000        3.32809786015      -0.556375476160      -4.964665649883E-003
   1.16047684830        4.58261943899       -70.0000000000        2.82663728703       -1.25995972874      -2.896563135715E-003
   1.30553645434        5.15544686886       -70.0000000000        2.29879019489       -1.69207324754      -8.556770105341E-003
   1.45059606038        5.72827429873       -70.0000000000        1.05100516106       -1.82725296916      -5.642462662716E-003
   1.59565566642        6.30110172861       -70.0000000000       0.155208172495       -1.25554553471      -5.474002267611E-005
   0.00000000000        0.00000000000       -70.0000000000        3.13310256780       1.118493256024E-002  8.287369702137E-003
 -4.879688596092E-002  0.588890836777       -70.0000000000        3.13769972881       7.092340036384E-003  9.290122088686E-003
 -9.759377192185E-002   1.17778167355       -70.0000000000        3.12371641482       1.285785302872E-002  8.385890028823E-003
 -0.146390657883        1.76667251033       -70.0000000000        3.12710742523       2.922041486588E-002  9.652474138430E-003
 -0.195187543844        2.35556334711       -70.0000000000        3.13555086459       3.497074308898E-002  1.017441996872E-002
 -0.243984429805        2.94445418388       -70.0000000000        3.42352705857       3.686512874905E-002 -4.055093321840E-003
 -0.292781315766        3.53334502066       -70.0000000000        3.20886745208      -0.176088184608      -1.384090868591E-003
 -0.341578201726        4.12223585744       -70.0000000000        2.77236333959       5.822294892954E-002 -1.399440997275E-003
 -0.390375087687        4.71112669421       -70.0000000000        2.47471754510       0.340843923119       3.177505215471E-004
 -0.439171973648        5.30001753099       -70.0000000000        1.89137618155       0.497972557418       1.641110935658E-003
 -0.487968859609        5.88890836777       -70.0000000000        1.17736376959       0.546624196937       1.854290511663E-003
 -0.536765745570        6.47779920454       -70.0000000000       0.822638941424       0.586013373787       2.680304973868E-003
   0.00000000000        0.00000000000       -70.0000000000        3.13310256780       1.118493256024E-002  8.287369702137E-003
 -0.237365478204       0.541138783933       -70.0000000000        3.13338421769      -6.011258703770E-004  8.191117849696E-003
 -0.474730956408        1.08227756787       -70.0000000000        3.12662002745       1.376517897588E-002  8.415632788125E-003
 -0.712096434612        1.62341635180       -70.0000000000        3.12785618727       2.216282704475E-002  9.302580679148E-003
 -0.949461912816        2.16455513573       -70.0000000000        3.14080342220       1.317198788856E-002  9.327890161110E-003
  -1.18682739102        2.70569391966       -70.0000000000        3.55806207455       9.288043373827E-002  4.678733728011E-004
  -1.42419286922        3.24683270360       -70.0000000000        3.56746697588       0.247061274306       2.904857267466E-004
  -1.66155834743        3.78797148753       -70.0000000000        3.95235026741       0.533842971958       1.110950309490E-003
  -1.89892382563        4.32911027146       -70.0000000000        4.40076311055        1.32469058003       3.125532093344E-003
  -2.13628930384        4.87024905539       -70.0000000000        4.83629269462        3.21179251706       3.356752219876E-003
  -2.37365478204        5.41138783933       -70.0000000000        1.21998490734        3.12935778199       6.815200982009E-003
  -2.61102026024        5.95252662326       -70.0000000000       -3.14063647509       0.997310072179       7.754093949685E-003
   0.00000000000        0.00000000000       -70.0000000000        3.13310256780       1.118493256024E-002  8.287369702137E-003
 -0.400211837779       0.434745947216       -70.0000000000        3.12903818544      -7.017389466641E-003  7.102543992419E-003
 -0.800423675558       0.869491894432       -70.0000000000        3.12803629121      -9.701135047262E-003  7.029349890545E-003
  -1.20063551334        1.30423784165       -70.0000000000        3.12908940303       1.527166701903E-002  8.811368849893E-003
  -1.60084735112        1.73898378886       -70.0000000000        3.13049434275      -8.050951350481E-003  6.607016096668E-003
  -2.00105918889        2.17372973608       -70.0000000000        3.41298365406       0.173409592074       1.599210990060E-003
  -2.40127102667        2.60847568330       -70.0000000000        3.65088805022      -0.162199909868       2.777766716592E-003
  -2.80148286445        3.04322163051       -70.0000000000        3.86824992184      -0.812034912541       7.678269860183E-003
  -3.20169470223        3.47796757773       -70.0000000000        3.97335555465       -1.15414248669       8.610485031496E-003
  -3.60190654001        3.91271352494       -70.0000000000        4.07846118746       -1.49625006084       9.542700202808E-003
  -4.00211837779        4.34745947216       -70.0000000000        3.70755623041       -2.27230122664       3.247496321014E-002
  -4.40233021557        4.78220541938       -70.0000000000        3.09574974992       -2.38777064700      -8.154766495457E-003
   0.00000000000        0.00000000000       -70.0000000000        3.13310256780       1.118493256024E-002  8.287369702137E-003
 -0.519689034804       0.281241641340       -70.0000000000        3.12513259208      -1.146114903317E-002  6.142364385254E-003
  -1.03937806961       0.562483282680       -70.0000000000        3.11838799421      -4.298173356008E-002  3.158672253109E-003
  -1.55906710441       0.843724924020       -70.0000000000        3.12126822529      -1.132884897599E-002  4.863308610816E-003
  -2.07875613922        1.12496656536       -70.0000000000        3.11344152364      -3.492345413332E-002  2.291788803985E-003
  -2.59844517402        1.40620820670       -70.0000000000        3.33185577079      -6.543050076865E-002  9.518299708006E-003
  -3.11813420882        1.68744984804       -70.0000000000        3.21078915315      -0.255057714018       9.315462225205E-003
  -3.63782324363        1.96869148938       -70.0000000000        3.10411843918      -0.462299563737       6.822377385667E-003
  -4.15751227843        2.24993313072       -70.0000000000        2.93478930282      -0.466432906694       3.428749295660E-003
  -4.67720131323        2.53117477206       -70.0000000000        2.82609367662      -0.724474236080       1.256731588116E-003
  -5.19689034804        2.81241641340       -70.0000000000        2.52424161840      -0.890435350132      -6.378976297693E-003
  -5.71657938284        3.09365805474       -70.0000000000        2.17690176218       -1.10588045487       5.028628441446E-002
   0.00000000000        0.00000000000       -70.0000000000        3.13310256780       1.118493256024E-002  8.287369702137E-003
 -0.582849861102       9.726043971134E-002  -70.0000000000        3.12209066925      -1.345085426889E-002  5.414629387361E-003
  -1.16569972220       0.194520879423       -70.0000000000        3.11286943085      -5.105506447354E-002  1.316305422289E-003
  -1.74854958330       0.291781319134       -70.0000000000        3.11023047412      -5.126987611532E-002  8.442691089605E-004
  -2.33139944441       0.389041758845       -70.0000000000        3.10845305687      -2.821820496050E-002  2.921845489945E-003
  -2.91424930551       0.486302198557       -70.0000000000        3.14993295472      -3.671481658171E-002  1.256615600895E-002
  -3.49709916661       0.583562638268       -70.0000000000        3.06917402491      -6.733482511734E-002  1.069329922922E-002
  -4.07994902771       0.680823077979       -70.0000000000        2.91489229239      -9.609691821020E-002  9.533558500847E-003
  -4.66279888881       0.778083517691       -70.0000000000        2.78568545069      -0.151889081595       7.197341456645E-003
  -5.24564874991       0.875343957402       -70.0000000000        2.62612132291      -0.182859629928       6.665215655578E-003
  -5.82849861102       0.972604397113       -70.0000000000        2.44133811718      -0.183369904939       1.938813918511E-002
  -6.41134847212        1.06986483682       -70.0000000000        2.26672697546      -0.199592114304       2.447216667504E-002
   0.00000000000        0.00000000000       -70.0000000000        3.13310256780       1.118493256024E-002  8.287369702137E-003
 -0.582849861102      -9.726043971134E-002  -70.0000000000        3.12032293329      -1.335662032060E-002  4.942845782601E-003
  -1.16569972220      -0.194520879423       -70.0000000000        3.10934788673      -5.096746535910E-002  3.632055867413E-004
  -1.74854958330      -0.291781319134       -70.0000000000        3.10553993535      -6.023723568400E-002  6.826032740666E-004
  -2.33139944441      -0.389041758845       -70.0000000000        3.11167888082      -1.310726705003E-002  4.962969512730E-003
  -2.91424930551      -0.486302198557       -70.0000000000        3.14448537775       4.160993434736E-002  1.371787856437E-002
  -3.49709916661      -0.583562638268       -70.0000000000        3.07439325786       0.119964099113       1.121419531201E-002
  -4.07994902771      -0.680823077979       -70.0000000000        2.89098098468       0.104835247325       1.612158930552E-002
  -4.66279888881      -0.778083517691       -70.0000000000        2.77092257776       0.179138814209       4.332621549611E-003
  -5.24564874991      -0.875343957402       -70.0000000000        2.63335751550       0.216314848996       4.137131300855E-003
  -5.82849861102      -0.972604397113       -70.0000000000        2.51315014217       0.208801552220       8.529687490203E-003
  -6.41134847212       -1.06986483682       -70.0000000000        2.30757235735       0.195715930080      -8.752147890273E-004
   0.00000000000        0.00000000000       -70.0000000000        3.13310256780       1.118493256024E-002  8.287369702137E-003
 -0.519689034804      -0.281241641340       -70.0000000000        3.11978707970      -9.494940148315E-003  4.938203901124E-003
  -1.03937806961      -0.562483282680       -70.0000000000        3.10851695231      -4.149477019314E-002  6.159061407995E-004
  -1.55906710441      -0.843724924020       -70.0000000000        3.10584740564      -4.251267987371E-002  1.815180957722E-003
  -2.07875613922       -1.12496656536       -70.0000000000        3.11666563694      -8.276669072915E-003  8.159838211151E-003
  -2.59844517402       -1.40620820670       -70.0000000000        3.34345652640       5.913644383613E-002  1.205486522224E-002
  -3.11813420882       -1.68744984804       -70.0000000000        3.14641968564       0.376572845697       1.127199523779E-002
  -3.63782324363       -1.96869148938       -70.0000000000        3.10965900172       0.535275355818       7.937931136818E-003
  -4.15751227843       -2.24993313072       -70.0000000000        3.07055724786       0.641789964899       9.243023722953E-004
  -4.67720131323       -2.53117477206       -70.0000000000        2.90438461628       0.745083842374      -6.703514651318E-003
  -5.19689034804       -2.81241641340       -70.0000000000        2.54932847729       0.973507974037       2.310935458691E-002
  -5.71657938284       -3.09365805474       -70.0000000000        2.24255158985        1.08828723880       6.121521820709E-002
   0.00000000000        0.00000000000       -70.0000000000        3.13310256780       1.118493256024E-002  8.287369702137E-003
 -0.400211837779      -0.434745947216       -70.0000000000        3.12077504265      -3.978005469320E-003  5.241141506716E-003
 -0.800423675558      -0.869491894432       -70.0000000000        3.10956455016      -2.723078265416E-002  1.430381315761E-003
  -1.20063551334       -1.30423784165       -70.0000000000        3.10809325121      -2.297743889500E-002  2.966406452638E-003
  -1.60084735112       -1.73898378886       -70.0000000000        3.12813339904      -4.409458753565E-003  1.029160538946E-002
  -2.00105918889       -2.17372973608       -70.0000000000        3.34427122765      -8.582430219917E-002 -6.700402123607E-003
  -2.40127102667       -2.60847568330       -70.0000000000        3.56804324819       0.182760590858       1.024398477983E-002
  -2.80148286445       -3.04322163051       -70.0000000000        3.76115169744       0.572175443496       5.908548819912E-003
  -3.20169470223       -3.47796757773       -70.0000000000        3.93782310941       0.950107723122       3.506219904191E-003
  -3.60190654001       -3.91271352494       -70.0000000000        4.06605519065        1.58380734776      -6.944295732445E-003
  -4.00211837779       -4.34745947216       -70.0000000000        3.69956577711        2.34097231849       2.789203379230E-002
  -4.40233021557       -4.78220541938       -70.0000000000        3.04810974274        2.40544754631       3.325142863926E-002
   0.00000000000        0.00000000000       -70.0000000000        3.13310256780       1.118493256024E-002  8.287369702137E-003
 -0.237365478204      -0.541138783933       -70.0000000000        3.12309888422       3.182068822402E-003  5.874185204383E-003
 -0.474730956408       -1.08227756787       -70.0000000000        3.11327927887      -6.153936947332E-003  3.335011831151E-003
 -0.712096434612       -1.62341635180       -70.0000000000        3.10703816541      -1.065430923502E-002  2.104987301668E-003
 -0.949461912816       -2.16455513573       -70.0000000000        3.13554743837       1.153772436514E-003  9.165460548067E-003
  -1.18682739102       -2.70569391966       -70.0000000000        3.53004228652      -9.213509917461E-002 -1.381229658182E-003
  -1.42419286922       -3.24683270360       -70.0000000000        3.65018613846      -0.295913362589       5.494071310801E-003
  -1.66155834743       -3.78797148753       -70.0000000000        3.81922868566      -0.543120776008       7.505110249644E-003
  -1.89892382563       -4.32911027146       -70.0000000000        4.32224187192       -1.27916679143       4.013742006728E-003
  -2.13628930384       -4.87024905539       -70.0000000000        4.82538325371       -3.57260823118       4.947291713418E-003
  -2.37365478204       -5.41138783933       -70.0000000000      -0.173229443656       -3.65969859307       6.893652664986E-003
  -2.61102026024       -5.95252662326       -70.0000000000       -3.12936189673       -1.09613295863       9.467500241069E-003
   0.00000000000        0.00000000000       -70.0000000000        3.13310256780       1.118493256024E-002  8.287369702137E-003
 -4.879688596092E-002 -0.588890836777       -70.0000000000        3.12650678014       1.120937757734E-002  6.768734886797E-003
 -9.759377192185E-002  -1.17778167355       -70.0000000000        3.11962905562       1.046815792969E-002  5.170791508168E-003
 -0.146390657883       -1.76667251033       -70.0000000000        3.11167594092       6.581709504055E-003  3.195654371480E-003
 -0.195187543844       -2.35556334711       -70.0000000000        3.12642453488       3.440921462460E-002  6.666333379534E-003
 -0.243984429805       -2.94445418388       -70.0000000000        3.54808340307      -6.022287766426E-002 -1.155839571292E-002
 -0.292781315766       -3.53334502066       -70.0000000000        3.42211981931      -0.336286558917      -3.297532621753E-003
 -0.341578201726       -4.12223585744       -70.0000000000        3.09245742128      -0.572175182536      -7.596336363668E-004
 -0.390375087687       -4.71112669421       -70.0000000000        2.64487266256      -0.473608534320       6.933696555483E-004
 -0.439171973648       -5.30001753099       -70.0000000000        1.95735255601      -0.551112579085       7.401892694583E-003
 -0.487968859609       -5.88890836777       -70.0000000000        1.42436056963      -0.588351229058       5.705262618357E-003
 -0.536765745570       -6.47779920454       -70.0000000000       0.930079949117      -0.617864659742       3.343321804921E-003
   0.00000000000        0.00000000000       -70.0000000000        3.13310256780       1.118493256024E-002  8.287369702137E-003
  0.145059606038      -0.572827429873       -70.0000000000        3.12908777730       1.504731796553E-002  7.394186260408E-003
  0.290119212075       -1.14565485975       -70.0000000000        3.11802436929       3.502661384705E-002  6.631170220817E-003
  0.435178818113       -1.71848228962       -70.0000000000        3.10437697866       7.374370218037E-003  1.510050132719E-003
  0.580238424151       -2.29130971949       -70.0000000000        3.11072643722      -2.898680263281E-003 -2.343008781226E-003
  0.725298030189       -2.86413714937       -70.0000000000        3.59631553035       0.207391897289       1.426407473517E-003
  0.870357636226       -3.43696457924       -70.0000000000        3.42718794234       0.362375636697      -1.175600001527E-002
   1.01541724226       -4.00979200911       -70.0000000000        3.19106310395       0.830657605361      -1.145153121652E-002
   1.16047684830       -4.58261943899       -70.0000000000        2.89718826769        1.25593196605      -8.189206216191E-003
   1.30553645434       -5.15544686886       -70.0000000000        2.31286936144        1.66876776355      -3.396508830105E-003
   1.45059606038       -5.72827429873       -70.0000000000        1.12591073536        1.78443744972      -6.675276329765E-003
   1.59565566642       -6.30110172861       -70.0000000000       6.375954138865E-002   1.31116772195      -2.032541223638E-002
   0.00000000000        0.00000000000       -70.0000000000        3.13310256780       1.118493256024E-002  8.287369702137E-003
  0.323196638891      -0.494689282610       -70.0000000000        3.13197355070       1.811288016738E-002  8.079777862229E-003
  0.646393277781      -0.989378565219       -70.0000000000        3.11131603505       5.036496714260E-002  6.757841228022E-003
  0.969589916672       -1.48406784783       -70.0000000000        3.09938339762       1.774814997818E-002  1.222764575057E-003
   1.29278655556       -1.97875713044       -70.0000000000        3.09702808727       1.006215486735E-002 -2.348950345841E-003
   1.61598319445       -2.47344641305       -70.0000000000        3.55956297414       1.516588458132E-002 -1.381609094543E-002
   1.93917983334       -2.96813569566       -70.0000000000        3.72365842983       5.531719311525E-002 -1.269940038180E-002
   2.26237647223       -3.46282497827       -70.0000000000        4.18657945269       0.125176071028      -8.304293393935E-003
   2.58557311112       -3.95751426088       -70.0000000000        4.98679623399      -0.109675042642      -4.497150722755E-003
   2.90876975001       -4.45220354349       -70.0000000000        6.11479016574       -1.00401480143      -3.405869682297E-003
   3.23196638891       -4.94689282610       -70.0000000000        6.07098106840       -5.25277651514      -1.040273513201E-002
   3.55516302780       -5.44158210871       -70.0000000000        1.75651939805       -4.27621063023      -2.212868801150E-002
   0.00000000000        0.00000000000       -70.0000000000        3.13310256780       1.118493256024E-002  8.287369702137E-003
  0.466310301007      -0.362943875680       -70.0000000000        3.13505672763       2.063152636194E-002  8.808978721181E-003
  0.932620602014      -0.725887751361       -70.0000000000        3.11027302793       6.392662466185E-002  7.728260376145E-003
   1.39893090302       -1.08883162704       -70.0000000000        3.09622444890       3.584197624664E-002  2.478215761529E-003
   1.86524120403       -1.45177550272       -70.0000000000        3.09249389001       1.570153710989E-002 -1.670668276117E-003
   2.33155150503       -1.81471937840       -70.0000000000        3.44953893858      -7.557469835117E-002 -1.083825507390E-002
   2.79786180604       -2.17766325408       -70.0000000000        3.63102951397      -0.424527752926      -7.577437533515E-003
   3.26417210705       -2.54060712976       -70.0000000000        3.60883385768      -0.762508959077      -7.642359401412E-003
   3.73048240806       -2.90355100544       -70.0000000000        3.45430637735      -0.930746703600      -1.543746826736E-002
   4.19679270906       -3.26649488112       -70.0000000000        3.26624198389       -1.17694728888      -2.499967254556E-002
   4.66310301007       -3.62943875680       -70.0000000000        3.08158338765       -1.61520482729      -4.024343487750E-002
   5.12941331108       -3.99238263248       -70.0000000000        2.74251040752       -1.64466095905      -5.418447230753E-002
   0.00000000000        0.00000000000       -70.0000000000        3.13310256780       1.118493256024E-002  8.287369702137E-003
  0.558892006459      -0.191867868166       -70.0000000000        3.13800319801       2.233032215319E-002  9.502768609480E-003
   1.11778401292      -0.383735736333       -70.0000000000        3.11339740507       8.515834668786E-002  9.977469283321E-003
   1.67667601938      -0.575603604499       -70.0000000000        3.09573122471       6.038442344337E-002  5.201720011895E-003
   2.23556802584      -0.767471472666       -70.0000000000        3.10953905563      -1.379940296404E-002  5.702593488360E-004
   2.79446003230      -0.959339340832       -70.0000000000        3.21224550905      -0.112139835051      -1.009131650081E-002
   3.35335203876       -1.15120720900       -70.0000000000        3.07338169335      -0.254594920208      -8.314094661280E-003
   3.91224404522       -1.34307507716       -70.0000000000        2.91604112843      -0.297799641805      -1.682526026402E-002
   4.47113605168       -1.53494294533       -70.0000000000        2.76778749080      -0.356169756417      -1.971931687431E-002
   5.03002805814       -1.72681081350       -70.0000000000        2.62943878550      -0.430568220835      -2.382976451388E-002
   5.58892006459       -1.91867868166       -70.0000000000        2.47529785242      -0.485866043234      -3.025869726917E-002
   6.14781207105       -2.11054654983       -70.0000000000        2.16207121452      -0.390924726595      -4.047146122239E-002
   0.00000000000        0.00000000000       -70.0000000000        3.13310256780       1.118493256024E-002  8.287369702137E-003
  0.590909090909        0.00000000000       -70.0000000000        3.14049366606       2.302517665761E-002  1.008596462747E-002
   1.18181818182      -1.172487511250E-015  -70.0000000000        3.12105261041       0.107002271403       1.302632534151E-002
   1.77272727273        0.00000000000       -70.0000000000        3.11171784149       8.454755133295E-002  9.868858670100E-003
   2.36363636364        0.00000000000       -70.0000000000        3.11901640238       3.744048383045E-003  5.110448588572E-003
   2.95454545455        0.00000000000       -70.0000000000        3.17121304973      -4.308652402893E-002 -5.628124730173E-003
   3.54545454545        0.00000000000       -70.0000000000        3.01969397159      -4.987298181929E-002 -7.692735965611E-003
   4.13636363636        0.00000000000       -70.0000000000        2.88180067582      -4.577190876324E-002 -9.159598125543E-003
   4.72727272727        0.00000000000       -70.0000000000        2.74390738004      -4.167083570720E-002 -1.062646028548E-002
   5.31818181818        0.00000000000       -70.0000000000        2.60895001859      -2.298719910515E-002 -1.199444023926E-002
   5.90909090909        0.00000000000       -70.0000000000        2.47678437478      -3.880173380684E-002 -2.112271800755E-002
   6.50000000000        0.00000000000       -70.0000000000        2.32795002367       3.592550667190E-002 -1.128361148881E-002
