 12 20 1 1
 1 X [LENGU]
 2 Y [LENGU]
 3 Z [LENGU]
 4 Hx [FIELU]
 5 Hy [FIELU]
 6 Hz [FIELU]
 0
   0.00000000000        0.00000000000       -97.2000000000        6.35935091502      -0.223018321844      -2.041425544039E-002
  0.590909090909        0.00000000000       -97.2000000000        6.35506401290      -0.178016641712      -1.435793912120E-002
   1.18181818182        0.00000000000       -97.2000000000        6.35229900360      -0.146134889947      -9.386150341411E-003
   1.77272727273        0.00000000000       -97.2000000000        6.34975711375      -0.131023914061      -4.576233021860E-003
   2.36363636364        0.00000000000       -97.2000000000        6.34771984156      -0.110237695414       2.651017750976E-003
   2.95454545455        0.00000000000       -97.2000000000        6.02899411612      -1.247141417143E-002 -8.633155033227E-002
   3.54545454545        0.00000000000       -97.2000000000        5.78889020722       5.497266975301E-002 -5.430589805283E-002
   4.13636363636        0.00000000000       -97.2000000000        5.57324108400       2.329553324342E-002 -3.114105220436E-002
   4.72727272727        0.00000000000       -97.2000000000        5.35864198777      -2.481146578980E-002 -7.810598212280E-003
   5.31818181818        0.00000000000       -97.2000000000        4.96868847411      -3.988931492435E-002  1.468634237301E-002
   5.90909090909        0.00000000000       -97.2000000000        4.72056448461      -2.045392746958E-002  1.778977599385E-002
   6.50000000000        0.00000000000       -97.2000000000        4.47244049510      -1.018540014811E-003  2.089320961469E-002
   0.00000000000        0.00000000000       -97.2000000000        6.35935091502      -0.223018321844      -2.041425544039E-002
  0.558892006459       0.191867868166       -97.2000000000        6.36461395545      -0.234694523455      -2.179493699169E-002
   1.11778401292       0.383735736333       -97.2000000000        6.37246008926      -0.235952162390      -2.229005392584E-002
   1.67667601938       0.575603604499       -97.2000000000        6.35369996525      -0.180826924320      -1.419766054844E-002
   2.23556802584       0.767471472666       -97.2000000000        6.33750789587      -0.110970474958      -2.644130692708E-003
   2.79446003230       0.959339340832       -97.2000000000        6.21695281136       2.385731207619E-002 -0.108998440716     
   3.35335203876        1.15120720900       -97.2000000000        6.00208545732       0.324435821510      -8.117031018266E-002
   3.91224404522        1.34307507716       -97.2000000000        5.78634424428       0.483727518437      -4.940631544060E-002
   4.47113605168        1.53494294533       -97.2000000000        5.68770089538       0.665300363432      -1.955880261897E-002
   5.03002805814        1.72681081350       -97.2000000000        5.15339266999       0.800382168426      -1.529899093800E-002
   5.58892006459        1.91867868166       -97.2000000000        4.65223595994       0.823675783897      -3.847712080196E-002
   6.14781207105        2.11054654983       -97.2000000000        4.23637750041       0.884441600625      -3.576739205818E-002
   0.00000000000        0.00000000000       -97.2000000000        6.35935091502      -0.223018321844      -2.041425544039E-002
  0.466310301007       0.362943875680       -97.2000000000        6.38199908111      -0.293037199026      -3.018676757859E-002
  0.932620602014       0.725887751361       -97.2000000000        6.38936938684      -0.306661272841      -3.182204513247E-002
   1.39893090302        1.08883162704       -97.2000000000        6.37716720914      -0.284463141756      -2.898941630713E-002
   1.86524120403        1.45177550272       -97.2000000000        6.36268356684      -0.160746191050      -1.117786987340E-002
   2.33155150503        1.81471937840       -97.2000000000        6.87236591040      -0.105604346383      -0.117422339738     
   2.79786180604        2.17766325408       -97.2000000000        7.25083193396       0.167517828163      -4.474435437225E-002
   3.26417210705        2.54060712976       -97.2000000000        6.77252136636        1.21593156935      -2.243267667180E-002
   3.73048240806        2.90355100544       -97.2000000000        7.13102972292        1.65375829090       6.184215534796E-003
   4.19679270906        3.26649488112       -97.2000000000        6.68716577497        2.07294689669       7.062454130701E-003
   4.66310301007        3.62943875680       -97.2000000000        5.94192741643        3.21823939675       0.120308150762     
   5.12941331108        3.99238263248       -97.2000000000        5.04426697161        3.59466063801       7.559295491189E-002
   0.00000000000        0.00000000000       -97.2000000000        6.35935091502      -0.223018321844      -2.041425544039E-002
  0.323196638891       0.494689282610       -97.2000000000        6.38961093322      -0.344042702901      -3.832660353455E-002
  0.646393277781       0.989378565219       -97.2000000000        6.38788684957      -0.276072323460      -2.496170819006E-002
  0.969589916672        1.48406784783       -97.2000000000        6.37667481865      -0.243034718515      -1.888389782715E-002
   1.29278655556        1.97875713044       -97.2000000000        6.41696922602      -0.226144401467      -1.969903612555E-002
   1.61598319445        2.47344641305       -97.2000000000        7.13780463384      -0.259848929365      -9.783358863050E-002
   1.93917983334        2.96813569566       -97.2000000000        7.88816898507      -0.572641403184      -8.363217203055E-002
   2.26237647223        3.46282497827       -97.2000000000        8.19335461074      -0.737819452234      -1.628403623025E-002
   2.58557311112        3.95751426088       -97.2000000000        10.2115759642      -0.314838297552      -1.071458107512E-002
   2.90876975001        4.45220354349       -97.2000000000        12.4287027227        2.02546371391       8.604194870842E-003
   3.23196638891        4.94689282610       -97.2000000000        11.8694624967        10.4501111458       4.131879894746E-002
   3.55516302780        5.44158210871       -97.2000000000        3.38711294344        8.83197416607       8.566847144934E-002
   0.00000000000        0.00000000000       -97.2000000000        6.35935091502      -0.223018321844      -2.041425544039E-002
  0.145059606038       0.572827429873       -97.2000000000        6.38550374194      -0.359407299841      -4.092654861978E-002
  0.290119212075        1.14565485975       -97.2000000000        6.37780601519      -0.278251857989      -2.469939621156E-002
  0.435178818113        1.71848228962       -97.2000000000        6.37010828844      -0.197096416137      -8.472243803336E-003
  0.580238424151        2.29130971949       -97.2000000000        6.40935687840      -0.185457166198      -1.023385843427E-002
  0.725298030189        2.86413714937       -97.2000000000        6.98393139495      -0.658386760210       1.256210371763E-002
  0.870357636226        3.43696457924       -97.2000000000        7.36605118109      -0.325497924923      -3.040112256167E-002
   1.01541724226        4.00979200911       -97.2000000000        6.50474036986       -1.19556213326       5.339115159241E-003
   1.16047684830        4.58261943899       -97.2000000000        6.11061111803       -2.33241754076       2.151970694785E-003
   1.30553645434        5.15544686886       -97.2000000000        4.55969366350       -3.48467111353      -5.209511572335E-005
   1.45059606038        5.72827429873       -97.2000000000        2.12363537071       -3.82063795969       2.689256952578E-002
   1.59565566642        6.30110172861       -97.2000000000       0.199965959642       -2.58199951790       4.117935327106E-002
   0.00000000000        0.00000000000       -97.2000000000        6.35935091502      -0.223018321844      -2.041425544039E-002
 -4.879688596092E-002  0.588890836777       -97.2000000000        6.37225978535      -0.323967808160      -3.361970827936E-002
 -9.759377192185E-002   1.17778167355       -97.2000000000        6.35131810202      -0.207372874627      -1.008571553072E-002
 -0.146390657883        1.76667251033       -97.2000000000        6.33729671091      -9.301036552253E-002  1.239963921432E-002
 -0.195187543844        2.35556334711       -97.2000000000        6.36559294736      -8.276769398292E-002  1.088398864329E-002
 -0.243984429805        2.94445418388       -97.2000000000        7.16792146159       0.105957435358       1.881978392538E-002
 -0.292781315766        3.53334502066       -97.2000000000        6.63175743053       0.438500205442      -2.317727917708E-003
 -0.341578201726        4.12223585744       -97.2000000000        5.97860761271       0.151590313598       1.362891290198E-002
 -0.390375087687        4.71112669421       -97.2000000000        5.63123821923       0.774763180712       2.020815531846E-002
 -0.439171973648        5.30001753099       -97.2000000000        4.00321044255        1.01088755162       1.212372415476E-002
 -0.487968859609        5.88890836777       -97.2000000000        2.54119235903        1.17645355526      -1.835885540867E-002
 -0.536765745570        6.47779920454       -97.2000000000        1.77046610326        1.23121737752      -1.139821208388E-002
   0.00000000000        0.00000000000       -97.2000000000        6.35935091502      -0.223018321844      -2.041425544039E-002
 -0.237365478204       0.541138783933       -97.2000000000        6.36128518510      -0.301163186684      -2.886314122078E-002
 -0.474730956408        1.08227756787       -97.2000000000        6.33504651540      -0.163133641285      -1.344246569413E-003
 -0.712096434612        1.62341635180       -97.2000000000        6.33023014695      -0.110626748224       7.916578588868E-003
 -0.949461912816        2.16455513573       -97.2000000000        6.32964831601      -0.165573176877      -1.747006159188E-003
  -1.18682739102        2.70569391966       -97.2000000000        7.20421178186       0.280488842172       6.310760760662E-002
  -1.42419286922        3.24683270360       -97.2000000000        7.78602911257       0.410210882022       1.458135655485E-002
  -1.66155834743        3.78797148753       -97.2000000000        7.85333633396       0.461448183373       2.588850176457E-002
  -1.89892382563        4.32911027146       -97.2000000000        8.54370997928        2.50218033854       1.976092343271E-002
  -2.13628930384        4.87024905539       -97.2000000000        10.1556683756        6.82954941319       9.427746389994E-003
  -2.37365478204        5.41138783933       -97.2000000000        2.39597620217        16.9474352335       1.400853247346E-002
  -2.61102026024        5.95252662326       -97.2000000000       -6.64929515478        2.04239342256       1.788888764251E-002
   0.00000000000        0.00000000000       -97.2000000000        6.35935091502      -0.223018321844      -2.041425544039E-002
 -0.400211837779       0.434745947216       -97.2000000000        6.36676499102      -0.331630651318      -3.495977272237E-002
 -0.800423675558       0.869491894432       -97.2000000000        6.33771728194      -0.152008278047      -3.685954928334E-004
  -1.20063551334        1.30423784165       -97.2000000000        6.32843911636      -0.118960364996       5.001496360317E-003
  -1.60084735112        1.73898378886       -97.2000000000        6.32568236832      -0.212026978046      -1.180421828970E-002
  -2.00105918889        2.17372973608       -97.2000000000        6.83438003421       0.660902705632      -8.283040985578E-003
  -2.40127102667        2.60847568330       -97.2000000000        7.53747318401       0.127766675674       4.843781177120E-002
  -2.80148286445        3.04322163051       -97.2000000000        7.62543309931      -0.143117527273       2.489458221195E-002
  -3.20169470223        3.47796757773       -97.2000000000        8.08346089695      -0.990545594270       1.255931496030E-002
  -3.60190654001        3.91271352494       -97.2000000000        8.20640781157       -3.10991434995       2.376824131461E-002
  -4.00211837779        4.34745947216       -97.2000000000        7.57862106238       -4.55636652758      -2.740764542644E-002
  -4.40233021557        4.78220541938       -97.2000000000        6.02132982333       -4.91850230419      -6.731307741991E-003
   0.00000000000        0.00000000000       -97.2000000000        6.35935091502      -0.223018321844      -2.041425544039E-002
 -0.519689034804       0.281241641340       -97.2000000000        6.37374124089      -0.344347272256      -3.784820571689E-002
  -1.03937806961       0.562483282680       -97.2000000000        6.34185562427      -0.203747114418      -1.054797631104E-002
  -1.55906710441       0.843724924020       -97.2000000000        6.34463551657      -0.169705826030      -5.702192233535E-003
  -2.07875613922        1.12496656536       -97.2000000000        6.34492489954      -0.266579755126      -2.403893934473E-002
  -2.59844517402        1.40620820670       -97.2000000000        6.49782052450      -4.153791572437E-002  8.548454734205E-002
  -3.11813420882        1.68744984804       -97.2000000000        6.30606681641      -0.284058599651       5.126277138729E-002
  -3.63782324363        1.96869148938       -97.2000000000        6.13064748005      -0.693608689034       3.173701780931E-002
  -4.15751227843        2.24993313072       -97.2000000000        5.97477201353       -1.15293721247       2.116884287925E-002
  -4.67720131323        2.53117477206       -97.2000000000        5.63930103656       -1.38177394294       3.334590054663E-002
  -5.19689034804        2.81241641340       -97.2000000000        5.05726213498       -1.85613889788       4.463899316335E-002
  -5.71657938284        3.09365805474       -97.2000000000        4.43909772524       -2.04123868540       3.460076152826E-002
   0.00000000000        0.00000000000       -97.2000000000        6.35935091502      -0.223018321844      -2.041425544039E-002
 -0.582849861102       9.726043971134E-002  -97.2000000000        6.36473555310      -0.293657571015      -2.952284864802E-002
  -1.16569972220       0.194520879423       -97.2000000000        6.35842585824      -0.349840815636      -3.823359790732E-002
  -1.74854958330       0.291781319134       -97.2000000000        6.36462435129      -0.273365948623      -2.581980515516E-002
  -2.33139944441       0.389041758845       -97.2000000000        6.34972649637      -0.166048620825      -1.234237932785E-002
  -2.91424930551       0.486302198557       -97.2000000000        6.07149155450      -8.658548441006E-002  8.899590110424E-002
  -3.49709916661       0.583562638268       -97.2000000000        5.89003934851      -0.335524612202       3.984137325462E-002
  -4.07994902771       0.680823077979       -97.2000000000        5.63577484201      -0.436532688255       1.881310432546E-002
  -4.66279888881       0.778083517691       -97.2000000000        5.36307615248      -0.452515730984       6.654433909373E-003
  -5.24564874991       0.875343957402       -97.2000000000        5.12973192754      -0.445192216225       7.703124487011E-003
  -5.82849861102       0.972604397113       -97.2000000000        4.82399040142      -0.468263827518       9.785848878148E-003
  -6.41134847212        1.06986483682       -97.2000000000        4.46015610069      -0.485109347776       6.189907331963E-003
   0.00000000000        0.00000000000       -97.2000000000        6.35935091502      -0.223018321844      -2.041425544039E-002
 -0.582849861102      -9.726043971134E-002  -97.2000000000        6.36242314568      -0.241154904414      -2.325309434960E-002
  -1.16569972220      -0.194520879423       -97.2000000000        6.36220868166      -0.259620839459      -2.659124165855E-002
  -1.74854958330      -0.291781319134       -97.2000000000        6.35583668496      -0.237491010733      -2.489216421479E-002
  -2.33139944441      -0.389041758845       -97.2000000000        6.38321198689      -5.603963701149E-002 -1.525599383334E-003
  -2.91424930551      -0.486302198557       -97.2000000000        6.06330037880      -2.292991685068E-003  6.819507623986E-002
  -3.49709916661      -0.583562638268       -97.2000000000        6.05011418097       1.736243332025E-002  2.158562309257E-002
  -4.07994902771      -0.680823077979       -97.2000000000        5.67498755385       0.108618409845      -1.124084300910E-002
  -4.66279888881      -0.778083517691       -97.2000000000        5.40726630508       0.184224690543      -2.858654680208E-002
  -5.24564874991      -0.875343957402       -97.2000000000        5.15728160287       0.269055789913      -4.035400798112E-002
  -5.82849861102      -0.972604397113       -97.2000000000        4.89484099314       0.301018149961      -4.688197817526E-002
  -6.41134847212       -1.06986483682       -97.2000000000        4.49082008983       0.403073050878      -3.237045773170E-002
   0.00000000000        0.00000000000       -97.2000000000        6.35935091502      -0.223018321844      -2.041425544039E-002
 -0.519689034804      -0.281241641340       -97.2000000000        6.35977781440      -0.186686857674      -1.667570780624E-002
  -1.03937806961      -0.562483282680       -97.2000000000        6.36075288374      -0.155081055339      -1.332779571959E-002
  -1.55906710441      -0.843724924020       -97.2000000000        6.39867819833      -0.129950806610      -1.684846621121E-002
  -2.07875613922       -1.12496656536       -97.2000000000        6.47701154270       5.284832268254E-003 -7.318057380054E-003
  -2.59844517402       -1.40620820670       -97.2000000000        6.48095727763      -3.535362499032E-002  5.626844920667E-002
  -3.11813420882       -1.68744984804       -97.2000000000        6.50472795228       0.402718440411       4.367396216724E-002
  -3.63782324363       -1.96869148938       -97.2000000000        6.07354099807       0.715827324382      -2.568576666160E-002
  -4.15751227843       -2.24993313072       -97.2000000000        5.78056445750       0.950187008337      -8.893455466379E-002
  -4.67720131323       -2.53117477206       -97.2000000000        5.52757698232        1.19040147507      -0.142256590066     
  -5.19689034804       -2.81241641340       -97.2000000000        5.19158783957        1.55201067030      -0.210100124682     
  -5.71657938284       -3.09365805474       -97.2000000000        4.66687870581        2.20042632516      -0.220548822841     
   0.00000000000        0.00000000000       -97.2000000000        6.35935091502      -0.223018321844      -2.041425544039E-002
 -0.400211837779      -0.434745947216       -97.2000000000        6.35893112383      -0.152060412664      -1.181816038172E-002
 -0.800423675558      -0.869491894432       -97.2000000000        6.36597500370      -0.148504138382      -1.127654462221E-002
  -1.20063551334       -1.30423784165       -97.2000000000        6.46633377419      -3.391723947596E-002 -1.062902144764E-002
  -1.60084735112       -1.73898378886       -97.2000000000        6.51856134963      -1.119140244896E-002 -1.840192670649E-002
  -2.00105918889       -2.17372973608       -97.2000000000        6.52954359177      -0.485714863943      -2.353661406337E-003
  -2.40127102667       -2.60847568330       -97.2000000000        7.20289024918      -6.412714901500E-003  2.402081396740E-002
  -2.80148286445       -3.04322163051       -97.2000000000        6.59246356486      -6.987654755700E-002 -3.255032450349E-002
  -3.20169470223       -3.47796757773       -97.2000000000        7.85197407670        1.64093309131      -0.156307539009     
  -3.60190654001       -3.91271352494       -97.2000000000        7.84778082423        2.41567814004      -0.303756549793     
  -4.00211837779       -4.34745947216       -97.2000000000        6.82021641382        3.86054113333      -0.606706884118     
  -4.40233021557       -4.78220541938       -97.2000000000        5.24320660141        4.62867310298      -0.949313940286     
   0.00000000000        0.00000000000       -97.2000000000        6.35935091502      -0.223018321844      -2.041425544039E-002
 -0.237365478204      -0.541138783933       -97.2000000000        6.36095450427      -0.149473488649      -9.904978613309E-003
 -0.474730956408       -1.08227756787       -97.2000000000        6.36966036234      -0.142679734407      -9.397276301818E-003
 -0.712096434612       -1.62341635180       -97.2000000000        6.38702223619      -0.125341236477      -9.321832971051E-003
 -0.949461912816       -2.16455513573       -97.2000000000        6.54406780849       3.187105248148E-002 -1.431246395946E-002
  -1.18682739102       -2.70569391966       -97.2000000000        7.17221108337      -0.369027779300       2.225038129987E-002
  -1.42419286922       -3.24683270360       -97.2000000000        7.41159913875      -0.959064069085       2.345689342436E-002
  -1.66155834743       -3.78797148753       -97.2000000000        7.59432433740       -1.58648524981      -2.533699494316E-002
  -1.89892382563       -4.32911027146       -97.2000000000        8.60916364736       -2.88546616257      -6.479085831921E-002
  -2.13628930384       -4.87024905539       -97.2000000000        9.56396162196       -6.76409045089      -0.149860385402     
  -2.37365478204       -5.41138783933       -97.2000000000       0.976140784847       -17.9466572857      -0.224207517495     
  -2.61102026024       -5.95252662326       -97.2000000000       -7.04876930882       -1.96669015131      -0.275252208118     
   0.00000000000        0.00000000000       -97.2000000000        6.35935091502      -0.223018321844      -2.041425544039E-002
 -4.879688596092E-002 -0.588890836777       -97.2000000000        6.36194670828      -0.147464794653      -8.519639876259E-003
 -9.759377192185E-002  -1.17778167355       -97.2000000000        6.37148256303      -0.138370358883      -7.500509107175E-003
 -0.146390657883       -1.76667251033       -97.2000000000        6.38099030008      -0.129225308787      -6.632865558897E-003
 -0.195187543844       -2.35556334711       -97.2000000000        6.39049803714      -0.120080258691      -5.765222010619E-003
 -0.243984429805       -2.94445418388       -97.2000000000        7.19953077397      -0.140512356508      -1.847630422483E-003
 -0.292781315766       -3.53334502066       -97.2000000000        6.61765427425      -0.328960205865       2.788736590719E-002
 -0.341578201726       -4.12223585744       -97.2000000000        6.37918107015      -0.513312038766       1.090821440845E-002
 -0.390375087687       -4.71112669421       -97.2000000000        5.24792090277      -0.864764858110      -1.476850303751E-002
 -0.439171973648       -5.30001753099       -97.2000000000        3.77533784817       -1.07001137589      -3.022474847597E-002
 -0.487968859609       -5.88890836777       -97.2000000000        2.10853743118      -0.854017026158      -5.286343426569E-002
 -0.536765745570       -6.47779920454       -97.2000000000        1.11390283770      -0.412718859304      -4.189440585616E-002
   0.00000000000        0.00000000000       -97.2000000000        6.35935091502      -0.223018321844      -2.041425544039E-002
  0.145059606038      -0.572827429873       -97.2000000000        6.36180021516      -0.146252003840      -7.812267118472E-003
  0.290119212075       -1.14565485975       -97.2000000000        6.37124414203      -0.136042999515      -5.791787195197E-003
  0.435178818113       -1.71848228962       -97.2000000000        6.38063266859      -0.125734269735      -4.069782690930E-003
  0.580238424151       -2.29130971949       -97.2000000000        6.39380624899      -0.121261908330      -5.168271102663E-003
  0.725298030189       -2.86413714937       -97.2000000000        7.23951512508       0.364624719316      -4.810194670930E-003
  0.870357636226       -3.43696457924       -97.2000000000        7.10405698933       0.446004947955       1.260992207664E-002
   1.01541724226       -4.00979200911       -97.2000000000        6.44059087928        1.37422353851       1.877490982255E-002
   1.16047684830       -4.58261943899       -97.2000000000        5.77359311819        2.48997528342       2.576559693070E-003
   1.30553645434       -5.15544686886       -97.2000000000        4.49179625975        3.47408751418       9.881939138836E-003
   1.45059606038       -5.72827429873       -97.2000000000        2.02015030247        3.84117898335       3.977465291300E-002
   1.59565566642       -6.30110172861       -97.2000000000       0.126767566198        2.69811137561       4.122338578535E-002
   0.00000000000        0.00000000000       -97.2000000000        6.35935091502      -0.223018321844      -2.041425544039E-002
  0.323196638891      -0.494689282610       -97.2000000000        6.36053089972      -0.145966540910      -7.859515154275E-003
  0.646393277781      -0.989378565219       -97.2000000000        6.36897093598      -0.135949861804      -4.456277098599E-003
  0.969589916672       -1.48406784783       -97.2000000000        6.38113969542      -0.130909433827      -2.513968575269E-003
   1.29278655556       -1.97875713044       -97.2000000000        6.40297042835      -0.140149237985      -5.663834956901E-003
   1.61598319445       -2.47344641305       -97.2000000000        7.11604123543       0.220606317576      -6.345999638502E-002
   1.93917983334       -2.96813569566       -97.2000000000        7.51129204669       0.125725291457      -1.055439254258E-002
   2.26237647223       -3.46282497827       -97.2000000000        8.04595611113      -2.300640183907E-002 -1.710247218741E-002
   2.58557311112       -3.95751426088       -97.2000000000        9.44169179754      -0.183754558980      -2.067787830863E-002
   2.90876975001       -4.45220354349       -97.2000000000        12.3435404524       -2.04437036148       1.835312698545E-002
   3.23196638891       -4.94689282610       -97.2000000000        11.7036019908       -9.84690056078       3.501473557620E-002
   3.55516302780       -5.44158210871       -97.2000000000        3.22125692296       -9.38120559801       0.123378442191     
   0.00000000000        0.00000000000       -97.2000000000        6.35935091502      -0.223018321844      -2.041425544039E-002
  0.466310301007      -0.362943875680       -97.2000000000        6.35827631197      -0.146639340204      -8.656263925859E-003
  0.932620602014      -0.725887751361       -97.2000000000        6.36490928201      -0.138101038665      -3.638702058923E-003
   1.39893090302       -1.08883162704       -97.2000000000        6.37897031874      -0.139459575500      -1.735773129015E-003
   1.86524120403       -1.45177550272       -97.2000000000        6.45839969088      -0.226963591681      -7.892508453301E-003
   2.33155150503       -1.81471937840       -97.2000000000        6.71751790185       6.836160604325E-002 -9.557201325913E-002
   2.79786180604       -2.17766325408       -97.2000000000        6.59456787582      -0.226018459418      -6.635651841650E-002
   3.26417210705       -2.54060712976       -97.2000000000        6.65268610959      -0.515201292349      -2.214299420309E-002
   3.73048240806       -2.90355100544       -97.2000000000        6.56824028339       -1.43168727274       3.027997711972E-002
   4.19679270906       -3.26649488112       -97.2000000000        6.38666390295       -2.16190577437       7.957803343356E-002
   4.66310301007       -3.62943875680       -97.2000000000        6.04970424357       -3.09628989153       4.176411265843E-002
   5.12941331108       -3.99238263248       -97.2000000000        5.04223411050       -3.14176174961      -3.016282942401E-002
   0.00000000000        0.00000000000       -97.2000000000        6.35935091502      -0.223018321844      -2.041425544039E-002
  0.558892006459      -0.191867868166       -97.2000000000        6.35528077149      -0.148197493477      -1.011617334099E-002
   1.11778401292      -0.383735736333       -97.2000000000        6.35912276346      -0.141585575611      -5.456417899962E-003
   1.67667601938      -0.575603604499       -97.2000000000        6.36296475542      -0.134973657746      -7.966624589315E-004
   2.23556802584      -0.767471472666       -97.2000000000        6.40734872409      -0.170773685815      -1.319552599382E-003
   2.79446003230      -0.959339340832       -97.2000000000        6.15091871946      -2.953520168732E-002 -9.305385757020E-002
   3.35335203876       -1.15120720900       -97.2000000000        5.90504892650      -0.351307964466      -6.827958441891E-002
   3.91224404522       -1.34307507716       -97.2000000000        5.73789389763      -0.601185873944      -3.913653097816E-002
   4.47113605168       -1.53494294533       -97.2000000000        5.56922453924      -0.745600657864      -1.466043582742E-002
   5.03002805814       -1.72681081350       -97.2000000000        5.13792018790      -0.810621472595      -1.759820250026E-002
   5.58892006459       -1.91867868166       -97.2000000000        4.65669270235      -0.774299403576      -2.451758536767E-002
   6.14781207105       -2.11054654983       -97.2000000000        4.17369469800      -0.784850210024      -2.706501369854E-002
   0.00000000000        0.00000000000       -97.2000000000        6.35935091502      -0.223018321844      -2.041425544039E-002
  0.590909090909        0.00000000000       -97.2000000000        6.35506401290      -0.178016641712      -1.435793912120E-002
   1.18181818182      -1.172487511250E-015  -97.2000000000        6.35229900360      -0.146134889947      -9.386150341411E-003
   1.77272727273        0.00000000000       -97.2000000000        6.34975711375      -0.131023914061      -4.576233021860E-003
   2.36363636364        0.00000000000       -97.2000000000        6.34771984156      -0.110237695414       2.651017750976E-003
   2.95454545455        0.00000000000       -97.2000000000        6.02899411612      -1.247141417143E-002 -8.633155033227E-002
   3.54545454545        0.00000000000       -97.2000000000        5.78889020722       5.497266975301E-002 -5.430589805283E-002
   4.13636363636        0.00000000000       -97.2000000000        5.57324108400       2.329553324342E-002 -3.114105220436E-002
   4.72727272727        0.00000000000       -97.2000000000        5.35864198777      -2.481146578980E-002 -7.810598212280E-003
   5.31818181818        0.00000000000       -97.2000000000        4.96868847411      -3.988931492435E-002  1.468634237301E-002
   5.90909090909        0.00000000000       -97.2000000000        4.72056448461      -2.045392746958E-002  1.778977599385E-002
   6.50000000000        0.00000000000       -97.2000000000        4.47244049510      -1.018540014811E-003  2.089320961469E-002
