 12 20 1 1
 1 X [LENGU]
 2 Y [LENGU]
 3 Z [LENGU]
 4 Hx [FIELU]
 5 Hy [FIELU]
 6 Hz [FIELU]
 0
   0.00000000000        0.00000000000       -97.2000000000        3.18480201123      -0.152605639398      -1.794386033633E-002
  0.590909090909        0.00000000000       -97.2000000000        3.18728491759      -0.143824092491      -1.835907370206E-002
   1.18181818182        0.00000000000       -97.2000000000        3.19064222193      -0.139576606047      -1.870139830520E-002
   1.77272727273        0.00000000000       -97.2000000000        3.18975878267      -0.133272600620      -1.705574516315E-002
   2.36363636364        0.00000000000       -97.2000000000        3.19050776655      -0.113373517852      -1.200693150986E-002
   2.95454545455        0.00000000000       -97.2000000000        2.66919916879      -4.736259743871E-002 -0.125930159594     
   3.54545454545        0.00000000000       -97.2000000000        2.54411530243       3.973354913511E-004 -8.753317195602E-002
   4.13636363636        0.00000000000       -97.2000000000        2.44018413912      -1.518406407403E-003 -5.141244847966E-002
   4.72727272727        0.00000000000       -97.2000000000        2.35306316994      -1.550833879894E-002 -1.836640331356E-002
   5.31818181818        0.00000000000       -97.2000000000        2.17890081813      -3.549719455469E-002 -8.645602119659E-003
   5.90909090909        0.00000000000       -97.2000000000        2.07305876511      -2.359590994357E-002 -3.431697717622E-003
   6.50000000000        0.00000000000       -97.2000000000        1.96721671210      -1.169462533245E-002  1.782206684416E-003
   0.00000000000        0.00000000000       -97.2000000000        3.18480201123      -0.152605639398      -1.794386033633E-002
  0.558892006459       0.191867868166       -97.2000000000        3.19048861108      -0.171919799711      -2.149486397560E-002
   1.11778401292       0.383735736333       -97.2000000000        3.19584762063      -0.186624779245      -2.519937870033E-002
   1.67667601938       0.575603604499       -97.2000000000        3.18100956411      -0.160341214039      -2.249321567547E-002
   2.23556802584       0.767471472666       -97.2000000000        3.17700042330      -0.119120673006      -1.587443460322E-002
   2.79446003230       0.959339340832       -97.2000000000        2.81435076650      -8.184846521870E-002 -0.127026127537     
   3.35335203876        1.15120720900       -97.2000000000        2.68552953415       6.794889581084E-002 -9.809293203602E-002
   3.91224404522        1.34307507716       -97.2000000000        2.57420695470       0.150498070495      -6.033917883079E-002
   4.47113605168        1.53494294533       -97.2000000000        2.51895495029       0.247680068446      -2.778574691010E-002
   5.03002805814        1.72681081350       -97.2000000000        2.27454403968       0.311600866064      -2.050948568210E-002
   5.58892006459        1.91867868166       -97.2000000000        2.06543382024       0.339088963447      -2.565239704614E-002
   6.14781207105        2.11054654983       -97.2000000000        1.88701310277       0.373701500349      -2.106187722749E-002
   0.00000000000        0.00000000000       -97.2000000000        3.18480201123      -0.152605639398      -1.794386033633E-002
  0.466310301007       0.362943875680       -97.2000000000        3.19789246605      -0.202937456827      -2.580262795118E-002
  0.932620602014       0.725887751361       -97.2000000000        3.19586009333      -0.217914290736      -2.886592887320E-002
   1.39893090302        1.08883162704       -97.2000000000        3.18852850186      -0.205085935484      -2.775380130707E-002
   1.86524120403        1.45177550272       -97.2000000000        3.18036605964      -0.138678345080      -1.893130771831E-002
   2.33155150503        1.81471937840       -97.2000000000        3.19619558305      -0.168130350724      -0.116603854023     
   2.79786180604        2.17766325408       -97.2000000000        3.30034833265      -1.353050537213E-002 -4.786057883331E-002
   3.26417210705        2.54060712976       -97.2000000000        3.06541576179       0.465746061617      -2.823139805842E-002
   3.73048240806        2.90355100544       -97.2000000000        3.22550677628       0.676590911808      -9.877842594844E-003
   4.19679270906        3.26649488112       -97.2000000000        3.03948135355       0.880556748701      -3.097171255067E-003
   4.66310301007        3.62943875680       -97.2000000000        2.69693286590        1.41964757413       5.075265140778E-002
   5.12941331108        3.99238263248       -97.2000000000        2.28445679126        1.59536438378       3.238007061416E-002
   0.00000000000        0.00000000000       -97.2000000000        3.18480201123      -0.152605639398      -1.794386033633E-002
  0.323196638891       0.494689282610       -97.2000000000        3.21060479940      -0.199052152076      -2.411904220641E-002
  0.646393277781       0.989378565219       -97.2000000000        3.18324759306      -0.195246994766      -2.293434605588E-002
  0.969589916672        1.48406784783       -97.2000000000        3.16551722058      -0.174001374308      -1.927800466889E-002
   1.29278655556        1.97875713044       -97.2000000000        3.19228703092      -0.168745857879      -2.166340580916E-002
   1.61598319445        2.47344641305       -97.2000000000        3.37299403871      -0.219185025604      -9.605252716824E-002
   1.93917983334        2.96813569566       -97.2000000000        3.68459998569      -0.359392634016      -6.772530459525E-002
   2.26237647223        3.46282497827       -97.2000000000        3.79241599311      -0.404519262553      -1.882970342284E-002
   2.58557311112        3.95751426088       -97.2000000000        4.69602480870      -0.212895175117      -1.424735984124E-002
   2.90876975001        4.45220354349       -97.2000000000        5.71080280750       0.866683061455      -1.145607094191E-003
   3.23196638891        4.94689282610       -97.2000000000        5.44514217039        4.73784974299       1.494496499956E-002
   3.55516302780        5.44158210871       -97.2000000000        1.55294649952        4.00579936669       3.585385206741E-002
   0.00000000000        0.00000000000       -97.2000000000        3.18480201123      -0.152605639398      -1.794386033633E-002
  0.145059606038       0.572827429873       -97.2000000000        3.21637561246      -0.171829687528      -1.849097503396E-002
  0.290119212075        1.14565485975       -97.2000000000        3.18200600300      -0.152327863354      -1.356480718260E-002
  0.435178818113        1.71848228962       -97.2000000000        3.14763639353      -0.132826039180      -8.638639331233E-003
  0.580238424151        2.29130971949       -97.2000000000        3.17428485522      -0.140375874374      -1.347272806574E-002
  0.725298030189        2.86413714937       -97.2000000000        3.39738039972      -0.388146053284       6.776171382098E-003
  0.870357636226        3.43696457924       -97.2000000000        3.47485987494      -0.184752357169      -2.150251814638E-002
   1.01541724226        4.00979200911       -97.2000000000        3.05998154012      -0.570648264750      -1.161500266127E-003
   1.16047684830        4.58261943899       -97.2000000000        2.85932064487       -1.08458456701       6.798721227322E-004
   1.30553645434        5.15544686886       -97.2000000000        2.13617219385       -1.61122330872      -8.382937049743E-004
   1.45059606038        5.72827429873       -97.2000000000        1.00828165817       -1.75844783863       1.263946992326E-002
   1.59565566642        6.30110172861       -97.2000000000       0.113640356285       -1.19004375315       2.002443882994E-002
   0.00000000000        0.00000000000       -97.2000000000        3.18480201123      -0.152605639398      -1.794386033633E-002
 -4.879688596092E-002  0.588890836777       -97.2000000000        3.20909974871      -0.156736057490      -1.321491520655E-002
 -9.759377192185E-002   1.17778167355       -97.2000000000        3.16745427549      -0.122140603277      -3.012687527780E-003
 -0.146390657883        1.76667251033       -97.2000000000        3.12845442249      -9.212033932620E-002  5.112360036550E-003
 -0.195187543844        2.35556334711       -97.2000000000        3.15714386607      -9.630568591038E-002  2.759636384096E-003
 -0.243984429805        2.94445418388       -97.2000000000        3.40965345491       7.984123601942E-002  2.978605271687E-002
 -0.292781315766        3.53334502066       -97.2000000000        3.13491343257       0.233306696409       4.991771280372E-003
 -0.341578201726        4.12223585744       -97.2000000000        2.80994637451       0.112495425139       1.310906852908E-002
 -0.390375087687        4.71112669421       -97.2000000000        2.63415127928       0.386709167121       1.460909392950E-002
 -0.439171973648        5.30001753099       -97.2000000000        1.87611293441       0.487816627408       1.044561817870E-002
 -0.487968859609        5.88890836777       -97.2000000000        1.19623881666       0.560893517833      -6.145539716765E-003
 -0.536765745570        6.47779920454       -97.2000000000       0.837924676210       0.586596561901      -3.138114947230E-003
   0.00000000000        0.00000000000       -97.2000000000        3.18480201123      -0.152605639398      -1.794386033633E-002
 -0.237365478204       0.541138783933       -97.2000000000        3.20633681817      -0.145391381719      -9.044425052012E-003
 -0.474730956408        1.08227756787       -97.2000000000        3.16403564770      -0.103037639955       3.667269270999E-003
 -0.712096434612        1.62341635180       -97.2000000000        3.14103460927      -0.102936008766       2.836277943143E-003
 -0.949461912816        2.16455513573       -97.2000000000        3.14978446557      -0.131110274077      -2.159905904578E-003
  -1.18682739102        2.70569391966       -97.2000000000        3.38509384665       0.217861635971       7.790901911639E-002
  -1.42419286922        3.24683270360       -97.2000000000        3.62819966117       0.283779659045       1.841248685309E-002
  -1.66155834743        3.78797148753       -97.2000000000        3.62807797573       0.301567720178       2.477247420554E-002
  -1.89892382563        4.32911027146       -97.2000000000        3.94211953822        1.22095142270       1.740682139831E-002
  -2.13628930384        4.87024905539       -97.2000000000        4.66464409660        3.18819635014       1.042262210949E-002
  -2.37365478204        5.41138783933       -97.2000000000        1.10514822275        7.81020040668       1.107122069853E-002
  -2.61102026024        5.95252662326       -97.2000000000       -3.03952742066       0.978354283441       1.101064331134E-002
   0.00000000000        0.00000000000       -97.2000000000        3.18480201123      -0.152605639398      -1.794386033633E-002
 -0.400211837779       0.434745947216       -97.2000000000        3.20746356181      -0.148335606507      -1.123091684157E-002
 -0.800423675558       0.869491894432       -97.2000000000        3.17470478869      -0.101487246793       3.714188337314E-003
  -1.20063551334        1.30423784165       -97.2000000000        3.15818434371      -0.106916855399       1.894017628610E-003
  -1.60084735112        1.73898378886       -97.2000000000        3.15527089997      -0.139241703286      -5.893881124845E-003
  -2.00105918889        2.17372973608       -97.2000000000        3.15224804324       0.486095972625       3.426766500061E-002
  -2.40127102667        2.60847568330       -97.2000000000        3.44701512266       0.167416845080       5.933813104966E-002
  -2.80148286445        3.04322163051       -97.2000000000        3.47724311838       4.241884177113E-002  3.015679847535E-002
  -3.20169470223        3.47796757773       -97.2000000000        3.67940702151      -0.358736889961       2.011940486961E-002
  -3.60190654001        3.91271352494       -97.2000000000        3.73751779246       -1.34749308387       2.175273215875E-002
  -4.00211837779        4.34745947216       -97.2000000000        3.44530059924       -2.01703669678      -3.758805128850E-003
  -4.40233021557        4.78220541938       -97.2000000000        2.72900020034       -2.18751554372       3.121420872159E-003
   0.00000000000        0.00000000000       -97.2000000000        3.18480201123      -0.152605639398      -1.794386033633E-002
 -0.519689034804       0.281241641340       -97.2000000000        3.19865413742      -0.169412710650      -1.718132640576E-002
  -1.03937806961       0.562483282680       -97.2000000000        3.18656479884      -0.107829900098       1.219791861223E-003
  -1.55906710441       0.843724924020       -97.2000000000        3.17121154649      -0.107240045719      -1.070896725170E-003
  -2.07875613922        1.12496656536       -97.2000000000        3.15987916075      -0.132547938487      -9.730230780720E-003
  -2.59844517402        1.40620820670       -97.2000000000        2.94261957526       6.525196074215E-002  0.107441288617     
  -3.11813420882        1.68744984804       -97.2000000000        2.83192945020      -4.490161549176E-002  6.251319267170E-002
  -3.63782324363        1.96869148938       -97.2000000000        2.73810793266      -0.234966062739       4.015983868639E-002
  -4.15751227843        2.24993313072       -97.2000000000        2.66341139942      -0.450382777815       3.281748778585E-002
  -4.67720131323        2.53117477206       -97.2000000000        2.52064544123      -0.562007943662       3.363092876870E-002
  -5.19689034804        2.81241641340       -97.2000000000        2.26028804828      -0.790167259833       3.326875156549E-002
  -5.71657938284        3.09365805474       -97.2000000000        1.98403781153      -0.883762977749       2.353171465449E-002
   0.00000000000        0.00000000000       -97.2000000000        3.18480201123      -0.152605639398      -1.794386033633E-002
 -0.582849861102       9.726043971134E-002  -97.2000000000        3.18200122724      -0.173140131324      -1.847463830167E-002
  -1.16569972220       0.194520879423       -97.2000000000        3.19693289370      -0.129667314798      -7.862416272550E-003
  -1.74854958330       0.291781319134       -97.2000000000        3.18321619214      -0.110749932539      -5.915004956523E-003
  -2.33139944441       0.389041758845       -97.2000000000        3.16588952457      -7.616808310405E-002 -4.404887719095E-003
  -2.91424930551       0.486302198557       -97.2000000000        2.70791748605      -4.068134866756E-003  0.113415003829     
  -3.49709916661       0.583562638268       -97.2000000000        2.59984919259      -0.133894669337       5.464703621109E-002
  -4.07994902771       0.680823077979       -97.2000000000        2.47610809754      -0.190750060772       3.304420200223E-002
  -4.66279888881       0.778083517691       -97.2000000000        2.35089899900      -0.200948361149       2.281365073445E-002
  -5.24564874991       0.875343957402       -97.2000000000        2.24595662754      -0.189071500193       1.958587754235E-002
  -5.82849861102       0.972604397113       -97.2000000000        2.11900014948      -0.199568534178       1.706659311982E-002
  -6.41134847212        1.06986483682       -97.2000000000        1.96928020359      -0.207703449094       1.124679181464E-002
   0.00000000000        0.00000000000       -97.2000000000        3.18480201123      -0.152605639398      -1.794386033633E-002
 -0.582849861102      -9.726043971134E-002  -97.2000000000        3.18270470969      -0.149394703579      -1.659398157778E-002
  -1.16569972220      -0.194520879423       -97.2000000000        3.18447362841      -0.131017876505      -1.264311243101E-002
  -1.74854958330      -0.291781319134       -97.2000000000        3.19197005121      -7.073559080267E-002 -2.549810109447E-003
  -2.33139944441      -0.389041758845       -97.2000000000        3.18862692839      -1.606267837718E-002  1.345734891055E-003
  -2.91424930551      -0.486302198557       -97.2000000000        2.69591698907      -3.162099636690E-002  9.999968272075E-002
  -3.49709916661      -0.583562638268       -97.2000000000        2.67478554191      -2.179009292879E-002  3.239175107655E-002
  -4.07994902771      -0.680823077979       -97.2000000000        2.49832082705       2.411869341226E-002  8.986180564071E-003
  -4.66279888881      -0.778083517691       -97.2000000000        2.37861470948       6.383347420299E-002 -1.115999240404E-003
  -5.24564874991      -0.875343957402       -97.2000000000        2.26673058317       0.107882841364      -9.521861135655E-003
  -5.82849861102      -0.972604397113       -97.2000000000        2.15398838565       0.120829043833      -1.594671620846E-002
  -6.41134847212       -1.06986483682       -97.2000000000        1.98391945641       0.168617399175      -1.078205443287E-002
   0.00000000000        0.00000000000       -97.2000000000        3.18480201123      -0.152605639398      -1.794386033633E-002
 -0.519689034804      -0.281241641340       -97.2000000000        3.18363546731      -0.125997230553      -1.485960516290E-002
  -1.03937806961      -0.562483282680       -97.2000000000        3.18278387245      -0.101021943161      -1.174909621476E-002
  -1.55906710441      -0.843724924020       -97.2000000000        3.20919159401      -4.668085202885E-002 -5.018368043404E-003
  -2.07875613922       -1.12496656536       -97.2000000000        3.24398935653       2.923961271175E-002  1.840438053486E-003
  -2.59844517402       -1.40620820670       -97.2000000000        2.92302125596      -0.110774026424       8.667796712915E-002
  -3.11813420882       -1.68744984804       -97.2000000000        2.89839312658       0.105883640250       4.220049756796E-002
  -3.63782324363       -1.96869148938       -97.2000000000        2.69467872014       0.259169264984       5.235740452525E-003
  -4.15751227843       -2.24993313072       -97.2000000000        2.56233224535       0.367983849022      -2.524968509364E-002
  -4.67720131323       -2.53117477206       -97.2000000000        2.44861391546       0.480912430900      -5.393805079021E-002
  -5.19689034804       -2.81241641340       -97.2000000000        2.31720277497       0.655304050392      -8.807252046614E-002
  -5.71657938284       -3.09365805474       -97.2000000000        2.08557315756       0.952754864717      -9.784938490113E-002
   0.00000000000        0.00000000000       -97.2000000000        3.18480201123      -0.152605639398      -1.794386033633E-002
 -0.400211837779      -0.434745947216       -97.2000000000        3.18575261971      -0.110979568515      -1.337109685809E-002
 -0.800423675558      -0.869491894432       -97.2000000000        3.19147841560      -0.100318492748      -1.117763995552E-002
  -1.20063551334       -1.30423784165       -97.2000000000        3.23444251891      -4.285522768464E-002 -1.027555716364E-002
  -1.60084735112       -1.73898378886       -97.2000000000        3.27214207445       2.960777270470E-002 -5.416911700015E-004
  -2.00105918889       -2.17372973608       -97.2000000000        3.00008648004      -0.434414903969       3.019802257956E-002
  -2.40127102667       -2.60847568330       -97.2000000000        3.29824638423      -0.141665999099       3.153921513265E-002
  -2.80148286445       -3.04322163051       -97.2000000000        3.00539274957      -0.143144673315      -3.958630420567E-004
  -3.20169470223       -3.47796757773       -97.2000000000        3.57059994719       0.645529466764      -6.128598387311E-002
  -3.60190654001       -3.91271352494       -97.2000000000        3.56180762687        1.01763801731      -0.131863176752     
  -4.00211837779       -4.34745947216       -97.2000000000        3.09300116114        1.69499898774      -0.271988503829     
  -4.40233021557       -4.78220541938       -97.2000000000        2.37219100730        2.05605209610      -0.431544636461     
   0.00000000000        0.00000000000       -97.2000000000        3.18480201123      -0.152605639398      -1.794386033633E-002
 -0.237365478204      -0.541138783933       -97.2000000000        3.18938961113      -0.108887795598      -1.224283942289E-002
 -0.474730956408       -1.08227756787       -97.2000000000        3.19893718256      -0.102092687269      -1.114390200772E-002
 -0.712096434612       -1.62341635180       -97.2000000000        3.21201374551      -9.226795577264E-002 -1.067067227580E-002
 -0.949461912816       -2.16455513573       -97.2000000000        3.27087990499      -1.195016589304E-002 -9.255280429015E-003
  -1.18682739102       -2.70569391966       -97.2000000000        3.41562534600      -0.266055494902       3.277809325104E-002
  -1.42419286922       -3.24683270360       -97.2000000000        3.49095719950      -0.543081634494       2.608401851711E-002
  -1.66155834743       -3.78797148753       -97.2000000000        3.53739203883      -0.816901306582      -9.284625696373E-003
  -1.89892382563       -4.32911027146       -97.2000000000        3.98241767169       -1.40851123173      -2.760532193050E-002
  -2.13628930384       -4.87024905539       -97.2000000000        4.40124456598       -3.16622308026      -6.633505519802E-002
  -2.37365478204       -5.41138783933       -97.2000000000       0.463414638214       -8.27065113776      -0.100353949265     
  -2.61102026024       -5.95252662326       -97.2000000000       -3.21760277118      -0.943982702020      -0.124079888411     
   0.00000000000        0.00000000000       -97.2000000000        3.18480201123      -0.152605639398      -1.794386033633E-002
 -4.879688596092E-002 -0.588890836777       -97.2000000000        3.19203684735      -0.108979134373      -1.177344007172E-002
 -9.759377192185E-002  -1.17778167355       -97.2000000000        3.20431459124      -0.104949363755      -1.120274717263E-002
 -0.146390657883       -1.76667251033       -97.2000000000        3.21660671165      -0.101383115167      -1.080498998600E-002
 -0.195187543844       -2.35556334711       -97.2000000000        3.22889883205      -9.781686657927E-002 -1.040723279938E-002
 -0.243984429805       -2.94445418388       -97.2000000000        3.48187307349      -9.043715813654E-002 -2.319417510452E-003
 -0.292781315766       -3.53334502066       -97.2000000000        3.17791448419      -0.170949848190       2.064914784284E-002
 -0.341578201726       -4.12223585744       -97.2000000000        3.01533686407      -0.255433420194       6.884126547916E-003
 -0.390375087687       -4.71112669421       -97.2000000000        2.48619739471      -0.416531402519      -1.138767796125E-002
 -0.439171973648       -5.30001753099       -97.2000000000        1.79631611459      -0.502733679507      -1.730638342151E-002
 -0.487968859609       -5.88890836777       -97.2000000000        1.00749638230      -0.397105615049      -2.609832035692E-002
 -0.536765745570       -6.47779920454       -97.2000000000       0.539562806588      -0.191138014187      -2.082384847986E-002
   0.00000000000        0.00000000000       -97.2000000000        3.18480201123      -0.152605639398      -1.794386033633E-002
  0.145059606038      -0.572827429873       -97.2000000000        3.19340745925      -0.111243686865      -1.201376550777E-002
  0.290119212075       -1.14565485975       -97.2000000000        3.20702791597      -0.108578956981      -1.134779866356E-002
  0.435178818113       -1.71848228962       -97.2000000000        3.22067669873      -0.106827505006      -1.102256722240E-002
  0.580238424151       -2.29130971949       -97.2000000000        3.25268306407      -0.121292365632      -1.155133459949E-002
  0.725298030189       -2.86413714937       -97.2000000000        3.55069030134       0.433119873678      -1.899631385222E-002
  0.870357636226       -3.43696457924       -97.2000000000        3.38168380720       0.277761870171       1.214404918336E-003
   1.01541724226       -4.00979200911       -97.2000000000        3.05126180117       0.696623813186       2.208954359157E-003
   1.16047684830       -4.58261943899       -97.2000000000        2.71724836505        1.20075197556      -9.729265576475E-003
   1.30553645434       -5.15544686886       -97.2000000000        2.10313351068        1.64914264786      -6.310626301566E-003
   1.45059606038       -5.72827429873       -97.2000000000       0.963018292626        1.80312165825       1.328268216034E-002
   1.59565566642       -6.30110172861       -97.2000000000       8.228018784466E-002   1.27067649043       1.779093523890E-002
   0.00000000000        0.00000000000       -97.2000000000        3.18480201123      -0.152605639398      -1.794386033633E-002
  0.323196638891      -0.494689282610       -97.2000000000        3.19335291977      -0.115436053673      -1.293777274101E-002
  0.646393277781      -0.989378565219       -97.2000000000        3.20678312590      -0.112588144203      -1.156333790076E-002
  0.969589916672       -1.48406784783       -97.2000000000        3.22320273767      -0.115765002793      -1.147759695047E-002
   1.29278655556       -1.97875713044       -97.2000000000        3.27274923172      -0.148518568170      -1.293047606560E-002
   1.61598319445       -2.47344641305       -97.2000000000        3.34827711082       0.224703630488      -8.234932743892E-002
   1.93917983334       -2.96813569566       -97.2000000000        3.49903917158       0.203864417771      -2.504532610141E-002
   2.26237647223       -3.46282497827       -97.2000000000        3.71343647030       0.122538130871      -2.765576920280E-002
   2.58557311112       -3.95751426088       -97.2000000000        4.33244685336       2.248477899160E-002 -2.760964757980E-002
   2.90876975001       -4.45220354349       -97.2000000000        5.65281886360      -0.857832512508      -4.503425754926E-003
   3.23196638891       -4.94689282610       -97.2000000000        5.35309876294       -4.43971890453       9.587031296035E-003
   3.55516302780       -5.44158210871       -97.2000000000        1.46093481640       -4.23485847185       5.141004763596E-002
   0.00000000000        0.00000000000       -97.2000000000        3.18480201123      -0.152605639398      -1.794386033633E-002
  0.466310301007      -0.362943875680       -97.2000000000        3.19187913910      -0.121101926804      -1.444533125028E-002
  0.932620602014      -0.725887751361       -97.2000000000        3.20360674784      -0.116542467777      -1.182600786345E-002
   1.39893090302       -1.08883162704       -97.2000000000        3.22133602483      -0.124624884115      -1.200353356796E-002
   1.86524120403       -1.45177550272       -97.2000000000        3.29114456630      -0.183805849411      -1.448934974235E-002
   2.33155150503       -1.81471937840       -97.2000000000        3.06710621319       0.163848515662      -0.124499313578     
   2.79786180604       -2.17766325408       -97.2000000000        3.00660169753       3.581952328404E-002 -8.155327822694E-002
   3.26417210705       -2.54060712976       -97.2000000000        3.00438837057      -9.898417850388E-002 -3.328045145692E-002
   3.73048240806       -2.90355100544       -97.2000000000        2.95248153308      -0.541663941139      -2.688904194172E-003
   4.19679270906       -3.26649488112       -97.2000000000        2.86505984798      -0.892022933021       2.671363386690E-002
   4.66310301007       -3.62943875680       -97.2000000000        2.72241793719       -1.33869453902       1.093048748853E-002
   5.12941331108       -3.99238263248       -97.2000000000        2.25724820906       -1.36492266726      -2.042354630019E-002
   0.00000000000        0.00000000000       -97.2000000000        3.18480201123      -0.152605639398      -1.794386033633E-002
  0.558892006459      -0.191867868166       -97.2000000000        3.18914582424      -0.127627320987      -1.637307367890E-002
   1.11778401292      -0.383735736333       -97.2000000000        3.19803552585      -0.126221030997      -1.442334721752E-002
   1.67667601938      -0.575603604499       -97.2000000000        3.20692522746      -0.124814741006      -1.247362075614E-002
   2.23556802584      -0.767471472666       -97.2000000000        3.23954354300      -0.148473008969      -1.298230840372E-002
   2.79446003230      -0.959339340832       -97.2000000000        2.72061606984       2.464783398759E-002 -0.137426235030     
   3.35335203876       -1.15120720900       -97.2000000000        2.58746415465      -0.131898635403      -0.102595400801     
   3.91224404522       -1.34307507716       -97.2000000000        2.51049051293      -0.243224187441      -5.832165699060E-002
   4.47113605168       -1.53494294533       -97.2000000000        2.44439973441      -0.291217561491      -2.398694203568E-002
   5.03002805814       -1.72681081350       -97.2000000000        2.25448670885      -0.348799453288      -1.726297273412E-002
   5.58892006459       -1.91867868166       -97.2000000000        2.04673996125      -0.336748113054      -1.795341102475E-002
   6.14781207105       -2.11054654983       -97.2000000000        1.83764736696      -0.340880176294      -1.675961409806E-002
   0.00000000000        0.00000000000       -97.2000000000        3.18480201123      -0.152605639398      -1.794386033633E-002
  0.590909090909        0.00000000000       -97.2000000000        3.18728491759      -0.143824092491      -1.835907370206E-002
   1.18181818182      -1.172487511250E-015  -97.2000000000        3.19064222193      -0.139576606047      -1.870139830520E-002
   1.77272727273        0.00000000000       -97.2000000000        3.18975878267      -0.133272600620      -1.705574516315E-002
   2.36363636364        0.00000000000       -97.2000000000        3.19050776655      -0.113373517852      -1.200693150986E-002
   2.95454545455        0.00000000000       -97.2000000000        2.66919916879      -4.736259743871E-002 -0.125930159594     
   3.54545454545        0.00000000000       -97.2000000000        2.54411530243       3.973354913511E-004 -8.753317195602E-002
   4.13636363636        0.00000000000       -97.2000000000        2.44018413912      -1.518406407403E-003 -5.141244847966E-002
   4.72727272727        0.00000000000       -97.2000000000        2.35306316994      -1.550833879894E-002 -1.836640331356E-002
   5.31818181818        0.00000000000       -97.2000000000        2.17890081813      -3.549719455469E-002 -8.645602119659E-003
   5.90909090909        0.00000000000       -97.2000000000        2.07305876511      -2.359590994357E-002 -3.431697717622E-003
   6.50000000000        0.00000000000       -97.2000000000        1.96721671210      -1.169462533245E-002  1.782206684416E-003
