 12 20 1 1
 1 X [LENGU]
 2 Y [LENGU]
 3 Z [LENGU]
 4 Hx [FIELU]
 5 Hy [FIELU]
 6 Hz [FIELU]
 0
   0.00000000000        0.00000000000        2.16000000000        2.96460549550      -1.362484884784E-002 -4.119660038196E-003
  0.590909090909        0.00000000000        2.16000000000        2.97859575924      -9.634575601595E-003 -1.091002847744E-003
   1.18181818182        0.00000000000        2.16000000000        2.98667691609      -5.247018035505E-003  8.834740683741E-004
   1.77272727273        0.00000000000        2.16000000000        2.96107396251       6.787657296187E-004 -2.404640641782E-003
   2.36363636364        0.00000000000        2.16000000000        2.96749902613      -4.388660340733E-003 -3.029404627693E-003
   2.95454545455        0.00000000000        2.16000000000        2.90624425492       1.274846335969E-002  1.501564604829E-002
   3.54545454545        0.00000000000        2.16000000000        2.77294695340       1.441017474273E-002  3.642594667042E-002
   4.13636363636        0.00000000000        2.16000000000        2.63665389618       4.662710469163E-003  5.147464285986E-002
   4.72727272727        0.00000000000        2.16000000000        2.49220559719       2.247686005406E-002  8.644883657651E-002
   5.31818181818        0.00000000000        2.16000000000        2.33774387897       5.744953878883E-002  0.147166887355     
   5.90909090909        0.00000000000        2.16000000000        2.16192505664      -1.697602491553E-002  0.203610450504     
   6.50000000000        0.00000000000        2.16000000000        1.82929261312       6.330677176296E-004  0.154049856307     
   0.00000000000        0.00000000000        2.16000000000        2.96460549550      -1.362484884784E-002 -4.119660038196E-003
  0.558892006459       0.191867868166        2.16000000000        2.98912457313      -7.453896673656E-003  1.491101219248E-004
   1.11778401292       0.383735736333        2.16000000000        2.99878165263      -3.462588848834E-004  1.802748937547E-003
   1.67667601938       0.575603604499        2.16000000000        2.96666578313       7.625366256641E-003 -2.637792931054E-003
   2.23556802584       0.767471472666        2.16000000000        2.94809396019       1.696931079074E-002 -6.195461462003E-003
   2.79446003230       0.959339340832        2.16000000000        2.92949385086       6.469232015365E-002 -3.364863987491E-003
   3.35335203876        1.15120720900        2.16000000000        2.84896653649       0.188678879868       7.638084167025E-003
   3.91224404522        1.34307507716        2.16000000000        2.76354344606       0.221708846261       2.888702277542E-002
   4.47113605168        1.53494294533        2.16000000000        2.56286136340       0.302040069855       4.547133303296E-002
   5.03002805814        1.72681081350        2.16000000000        2.38602544054       0.362266848393       7.480555646926E-002
   5.58892006459        1.91867868166        2.16000000000        2.16693258121       0.379725817269       0.115443050615     
   6.14781207105        2.11054654983        2.16000000000        1.85229003925       0.361973203069       0.132784728108     
   0.00000000000        0.00000000000        2.16000000000        2.96460549550      -1.362484884784E-002 -4.119660038196E-003
  0.466310301007       0.362943875680        2.16000000000        2.99699636451      -5.941936165978E-003  9.266356079514E-004
  0.932620602014       0.725887751361        2.16000000000        3.01091770895       2.978732316868E-003  2.680298640600E-003
   1.39893090302        1.08883162704        2.16000000000        2.98191197928       1.175139106509E-002 -1.465680565823E-003
   1.86524120403        1.45177550272        2.16000000000        2.95124461137       3.067675423042E-002 -6.437976988690E-003
   2.33155150503        1.81471937840        2.16000000000        3.22741431514       5.301078227302E-002 -1.637048071259E-003
   2.79786180604        2.17766325408        2.16000000000        3.20565561890       9.570826604576E-002  9.613801125847E-003
   3.26417210705        2.54060712976        2.16000000000        3.20441306485       0.330635555866       1.563985520683E-002
   3.73048240806        2.90355100544        2.16000000000        3.04820884145       0.676957245113       1.784737749754E-002
   4.19679270906        3.26649488112        2.16000000000        2.90076113559       0.977015250031       9.189823837699E-002
   4.66310301007        3.62943875680        2.16000000000        2.65718023463        1.26874836724       0.117037886500     
   5.12941331108        3.99238263248        2.16000000000        2.07525890997        1.31295536574       0.337866035205     
   0.00000000000        0.00000000000        2.16000000000        2.96460549550      -1.362484884784E-002 -4.119660038196E-003
  0.323196638891       0.494689282610        2.16000000000        3.00135810264      -5.262538460052E-003  1.157316659373E-003
  0.646393277781       0.989378565219        2.16000000000        3.01941372985       4.356817551545E-003  3.098766042230E-003
  0.969589916672        1.48406784783        2.16000000000        3.00384541901       1.898573130058E-002  4.469699783270E-004
   1.29278655556        1.97875713044        2.16000000000        2.98002211409       2.629539974374E-002 -3.128177492477E-003
   1.61598319445        2.47344641305        2.16000000000        3.35128570530      -3.176521406849E-002 -2.488419045061E-003
   1.93917983334        2.96813569566        2.16000000000        3.50553616167      -0.105442154613       8.027742087712E-003
   2.26237647223        3.46282497827        2.16000000000        3.72655261292      -9.807214349910E-002  1.786596853109E-002
   2.58557311112        3.95751426088        2.16000000000        4.30062748929      -1.388434842180E-002  3.833096692818E-002
   2.90876975001        4.45220354349        2.16000000000        5.54707876998       0.882222549217       6.642156542932E-002
   3.23196638891        4.94689282610        2.16000000000        5.26898146558        5.20881117808       0.104037858209     
   3.55516302780        5.44158210871        2.16000000000        1.27074844316        4.14517911492       0.135530845010     
   0.00000000000        0.00000000000        2.16000000000        2.96460549550      -1.362484884784E-002 -4.119660038196E-003
  0.145059606038       0.572827429873        2.16000000000        3.00173712550      -5.489326839258E-003  8.161554048838E-004
  0.290119212075        1.14565485975        2.16000000000        3.01281182367       7.133332762970E-003  1.591064193967E-003
  0.435178818113        1.71848228962        2.16000000000        3.01486661804       1.958106884707E-002  1.126445168773E-003
  0.580238424151        2.29130971949        2.16000000000        3.02346993992       1.748026911560E-002  2.015969096597E-003
  0.725298030189        2.86413714937        2.16000000000        3.36067268866      -8.211479897004E-002  1.794110858458E-003
  0.870357636226        3.43696457924        2.16000000000        3.26612326692      -0.308908310991       1.302235724364E-002
   1.01541724226        4.00979200911        2.16000000000        3.15743542681      -0.286511286912       1.845167914387E-002
   1.16047684830        4.58261943899        2.16000000000        3.02786361965       -1.07869970591       2.279128745112E-002
   1.30553645434        5.15544686886        2.16000000000        2.08462499146       -1.60179873524       3.041610774652E-002
   1.45059606038        5.72827429873        2.16000000000       0.940078295858       -1.71100004227       4.256450753064E-002
   1.59565566642        6.30110172861        2.16000000000       0.202095437400       -1.22468942695       5.626395190989E-002
   0.00000000000        0.00000000000        2.16000000000        2.96460549550      -1.362484884784E-002 -4.119660038196E-003
 -4.879688596092E-002  0.588890836777        2.16000000000        2.99809236010      -6.597725263724E-003 -5.987803993110E-005
 -9.759377192185E-002   1.17778167355        2.16000000000        3.00473055190       6.765818005262E-003  1.714652433738E-004
 -0.146390657883        1.76667251033        2.16000000000        3.01773745259       7.369399811088E-003  1.128286818342E-003
 -0.195187543844        2.35556334711        2.16000000000        3.03227044333       1.607073223574E-002  3.705908410549E-003
 -0.243984429805        2.94445418388        2.16000000000        3.31445714494       2.016159667025E-002  1.943963157864E-003
 -0.292781315766        3.53334502066        2.16000000000        2.91816212524       3.623770566355E-003  5.748185467137E-003
 -0.341578201726        4.12223585744        2.16000000000        2.66736456970       5.417053129175E-002  6.216700168228E-003
 -0.390375087687        4.71112669421        2.16000000000        2.33654064088       0.343951584337       4.432361310557E-003
 -0.439171973648        5.30001753099        2.16000000000        1.80813973720       0.488600768804       4.554899279932E-004
 -0.487968859609        5.88890836777        2.16000000000        1.11675097216       0.541161887950      -1.403759020486E-003
 -0.536765745570        6.47779920454        2.16000000000       0.768820743335       0.256359190187       4.591390075007E-003
   0.00000000000        0.00000000000        2.16000000000        2.96460549550      -1.362484884784E-002 -4.119660038196E-003
 -0.237365478204       0.541138783933        2.16000000000        2.99004515656      -8.170252159011E-003 -1.344092535502E-003
 -0.474730956408        1.08227756787        2.16000000000        3.00752004114      -5.414627606752E-004  6.601964025164E-004
 -0.712096434612        1.62341635180        2.16000000000        3.01289245610       2.655678445456E-003  5.435950402449E-004
 -0.949461912816        2.16455513573        2.16000000000        3.00993956371       4.898311587431E-002  2.552591258993E-003
  -1.18682739102        2.70569391966        2.16000000000        3.29614836050       8.103426010676E-002  1.207824616473E-002
  -1.42419286922        3.24683270360        2.16000000000        3.39493200488       0.230835827323       8.878586362834E-003
  -1.66155834743        3.78797148753        2.16000000000        3.61873515512       0.502949197557      -6.388286456701E-003
  -1.89892382563        4.32911027146        2.16000000000        4.02298313977       0.268920998354      -8.388853970776E-003
  -2.13628930384        4.87024905539        2.16000000000        4.58821447644        3.05667192758      -2.371382079307E-002
  -2.37365478204        5.41138783933        2.16000000000        1.49399748711        5.32049121375      -3.585184017864E-002
  -2.61102026024        5.95252662326        2.16000000000       -3.26631474387       0.810538094154      -4.347614637852E-002
   0.00000000000        0.00000000000        2.16000000000        2.96460549550      -1.362484884784E-002 -4.119660038196E-003
 -0.400211837779       0.434745947216        2.16000000000        2.97934078352      -1.037215915045E-002 -2.933172234330E-003
 -0.800423675558       0.869491894432        2.16000000000        2.99161842992      -6.174780215421E-003 -1.645790761691E-003
  -1.20063551334        1.30423784165        2.16000000000        3.00389607632      -1.977401280391E-003 -3.584092890532E-004
  -1.60084735112        1.73898378886        2.16000000000        3.00796840528       1.957655472373E-002  1.088734116180E-003
  -2.00105918889        2.17372973608        2.16000000000        3.21002161109       9.047252747819E-002  2.558543200869E-003
  -2.40127102667        2.60847568330        2.16000000000        3.34567448009      -0.195598854771      -1.426584449498E-003
  -2.80148286445        3.04322163051        2.16000000000        3.61906677722      -0.451113755612      -4.224647131184E-002
  -3.20169470223        3.47796757773        2.16000000000        3.76522449762       -1.00274235547      -4.610486021588E-002
  -3.60190654001        3.91271352494        2.16000000000        3.56786356959       -1.30946017897      -4.826168858073E-002
  -4.00211837779        4.34745947216        2.16000000000        3.14096344909       -1.97764065289      -0.146582632599     
  -4.40233021557        4.78220541938        2.16000000000        2.41536876624       -2.10524948003      -0.181617076136     
   0.00000000000        0.00000000000        2.16000000000        2.96460549550      -1.362484884784E-002 -4.119660038196E-003
 -0.519689034804       0.281241641340        2.16000000000        2.96730593698      -1.302891727854E-002 -4.661759691499E-003
  -1.03937806961       0.562483282680        2.16000000000        2.96836095944      -1.105210117476E-002 -5.001434842995E-003
  -1.55906710441       0.843724924020        2.16000000000        2.97645538778      -1.141187791759E-002 -4.097983608659E-003
  -2.07875613922        1.12496656536        2.16000000000        2.97136658382      -1.202691933820E-002 -4.991933928891E-003
  -2.59844517402        1.40620820670        2.16000000000        3.12046467613      -6.574328296557E-002 -3.068595154446E-003
  -3.11813420882        1.68744984804        2.16000000000        3.05603808909      -0.312545556201      -8.770000999706E-003
  -3.63782324363        1.96869148938        2.16000000000        2.90988870003      -0.414493121892      -1.057088670797E-002
  -4.15751227843        2.24993313072        2.16000000000        2.72747148115      -0.515657838656      -2.538274784189E-002
  -4.67720131323        2.53117477206        2.16000000000        2.59152519564      -0.611502822731      -4.426845602975E-002
  -5.19689034804        2.81241641340        2.16000000000        2.32451045451      -0.730453588128      -8.600699196728E-002
  -5.71657938284        3.09365805474        2.16000000000        1.93351076692      -0.863036516623      -0.139030917668     
   0.00000000000        0.00000000000        2.16000000000        2.96460549550      -1.362484884784E-002 -4.119660038196E-003
 -0.582849861102       9.726043971134E-002   2.16000000000        2.95907619328      -1.379500644416E-002 -5.863594696399E-003
  -1.16569972220       0.194520879423        2.16000000000        2.96442905621      -1.755245277645E-002 -5.103466484556E-003
  -1.74854958330       0.291781319134        2.16000000000        2.97472834976      -1.177829953165E-002 -4.240442619280E-003
  -2.33139944441       0.389041758845        2.16000000000        2.95534500937      -5.143109992938E-003 -6.285252535271E-003
  -2.91424930551       0.486302198557        2.16000000000        2.95058456522      -4.884402823812E-002 -9.035892811197E-003
  -3.49709916661       0.583562638268        2.16000000000        2.81777797052      -6.860882502372E-002  3.991295421680E-003
  -4.07994902771       0.680823077979        2.16000000000        2.70995863229      -7.929498369537E-002  3.092806822728E-002
  -4.66279888881       0.778083517691        2.16000000000        2.60094668424      -9.725535007973E-002  5.425956697058E-002
  -5.24564874991       0.875343957402        2.16000000000        2.45886321922      -0.134478891759       5.920641561698E-002
  -5.82849861102       0.972604397113        2.16000000000        2.22402047018      -8.553231676310E-002  6.044110577161E-002
  -6.41134847212        1.06986483682        2.16000000000        2.01801974162       4.814925499718E-003  0.170027003247     
   0.00000000000        0.00000000000        2.16000000000        2.96460549550      -1.362484884784E-002 -4.119660038196E-003
 -0.582849861102      -9.726043971134E-002   2.16000000000        2.95288921543      -1.401279531925E-002 -6.740219284709E-003
  -1.16569972220      -0.194520879423        2.16000000000        2.97353258057      -3.347374674529E-002 -2.472471530316E-003
  -1.74854958330      -0.291781319134        2.16000000000        2.97842198494      -1.877949301649E-002 -3.437284892122E-003
  -2.33139944441      -0.389041758845        2.16000000000        2.96183273680      -1.583932823727E-003 -5.406464824536E-003
  -2.91424930551      -0.486302198557        2.16000000000        2.95829958675       4.227418635601E-002 -7.601284008560E-003
  -3.49709916661      -0.583562638268        2.16000000000        2.83911123172       6.088182986808E-002 -4.163189564845E-003
  -4.07994902771      -0.680823077979        2.16000000000        2.72828310888       7.927317120648E-002  1.096929018447E-002
  -4.66279888881      -0.778083517691        2.16000000000        2.59420282979       0.110661503255       3.436178121952E-002
  -5.24564874991      -0.875343957402        2.16000000000        2.42999612172       0.154984955555       4.375810039297E-002
  -5.82849861102      -0.972604397113        2.16000000000        2.33089949079       9.778526864310E-002  4.999214594078E-002
  -6.41134847212       -1.06986483682        2.16000000000        2.36229563199       7.724674247011E-002  0.274453887283     
   0.00000000000        0.00000000000        2.16000000000        2.96460549550      -1.362484884784E-002 -4.119660038196E-003
 -0.519689034804      -0.281241641340        2.16000000000        2.94789356614      -1.414483559596E-002 -7.327198583937E-003
  -1.03937806961      -0.562483282680        2.16000000000        2.97304070636      -4.148465390637E-002 -1.811860235713E-003
  -1.55906710441      -0.843724924020        2.16000000000        2.98736363237      -2.960002073896E-002 -9.417121815324E-004
  -2.07875613922       -1.12496656536        2.16000000000        2.99074257553       6.563240983473E-003 -1.723441611255E-003
  -2.59844517402       -1.40620820670        2.16000000000        3.10051383107       7.501810147225E-002 -1.016149450824E-002
  -3.11813420882       -1.68744984804        2.16000000000        3.02514976085       0.235710034878      -8.196825409548E-003
  -3.63782324363       -1.96869148938        2.16000000000        2.91618700431       0.371701187065      -1.086077783537E-002
  -4.15751227843       -2.24993313072        2.16000000000        2.76563115909       0.477114304912      -1.925467647906E-002
  -4.67720131323       -2.53117477206        2.16000000000        2.60107781377       0.601344706101      -3.459779580249E-002
  -5.19689034804       -2.81241641340        2.16000000000        2.30527327582       0.718091482781      -5.423753486835E-002
  -5.71657938284       -3.09365805474        2.16000000000        1.94974889837       0.796772011219      -8.613935629477E-002
   0.00000000000        0.00000000000        2.16000000000        2.96460549550      -1.362484884784E-002 -4.119660038196E-003
 -0.400211837779      -0.434745947216        2.16000000000        2.94674884967      -1.275806701946E-002 -7.202726287107E-003
 -0.800423675558      -0.869491894432        2.16000000000        2.96759949233      -1.383463683016E-002 -3.989632574154E-003
  -1.20063551334       -1.30423784165        2.16000000000        3.00671634005      -3.425576729866E-002  3.567629854849E-003
  -1.60084735112       -1.73898378886        2.16000000000        3.01540698834       1.808883763398E-003  1.967820010427E-003
  -2.00105918889       -2.17372973608        2.16000000000        3.15385204075      -0.117633934611       4.533458688502E-003
  -2.40127102667       -2.60847568330        2.16000000000        3.31826875952       0.113105634082      -1.041748982814E-002
  -2.80148286445       -3.04322163051        2.16000000000        3.44799347915       0.362894667728      -2.208056837615E-002
  -3.20169470223       -3.47796757773        2.16000000000        3.80037731526       0.849083427266      -4.554754484956E-002
  -3.60190654001       -3.91271352494        2.16000000000        3.72787657528        1.28030581298      -8.638767803328E-002
  -4.00211837779       -4.34745947216        2.16000000000        3.18306159394        1.96014662575      -0.180637476328     
  -4.40233021557       -4.78220541938        2.16000000000        2.47414574769        2.31374578092      -0.282147960347     
   0.00000000000        0.00000000000        2.16000000000        2.96460549550      -1.362484884784E-002 -4.119660038196E-003
 -0.237365478204      -0.541138783933        2.16000000000        2.95308421049      -9.098625717091E-003 -6.039174805702E-003
 -0.474730956408       -1.08227756787        2.16000000000        2.96864063780       7.139057912707E-003 -4.519446326287E-003
 -0.712096434612       -1.62341635180        2.16000000000        2.99718310829      -5.982520208478E-003  8.320123845309E-004
 -0.949461912816       -2.16455513573        2.16000000000        3.02997663845      -1.694139390604E-002  6.652361226130E-003
  -1.18682739102       -2.70569391966        2.16000000000        3.26623966489      -0.109414252128      -7.918678983693E-004
  -1.42419286922       -3.24683270360        2.16000000000        3.34806306412      -0.344204068148      -3.653883532748E-003
  -1.66155834743       -3.78797148753        2.16000000000        3.48147783635      -0.544403651582      -8.507340437983E-003
  -1.89892382563       -4.32911027146        2.16000000000        3.81879538199       -1.24155587303      -2.364777648397E-002
  -2.13628930384       -4.87024905539        2.16000000000        4.48261718384       -3.00228082867      -4.442814828211E-002
  -2.37365478204       -5.41138783933        2.16000000000       9.436512201362E-002  -3.69288741133      -6.040489833323E-002
  -2.61102026024       -5.95252662326        2.16000000000       -3.39887186428      -0.987390996101      -6.633154139487E-002
   0.00000000000        0.00000000000        2.16000000000        2.96460549550      -1.362484884784E-002 -4.119660038196E-003
 -4.879688596092E-002 -0.588890836777        2.16000000000        2.95773379102      -7.198789389634E-003 -5.040309486059E-003
 -9.759377192185E-002  -1.17778167355        2.16000000000        2.97444135155       1.966055776927E-003 -3.572069510303E-003
 -0.146390657883       -1.76667251033        2.16000000000        2.98629343025       1.033227670699E-002 -1.822465151479E-003
 -0.195187543844       -2.35556334711        2.16000000000        3.00714786421      -2.321273605920E-002  3.489486807035E-003
 -0.243984429805       -2.94445418388        2.16000000000        3.25543026297      -4.704072356674E-002  3.310437735125E-003
 -0.292781315766       -3.53334502066        2.16000000000        2.95167457654       2.220596229839E-002  5.588189487565E-003
 -0.341578201726       -4.12223585744        2.16000000000        2.77111779884      -0.140637102215       3.480901672312E-003
 -0.390375087687       -4.71112669421        2.16000000000        2.54828771464      -0.307925558887       4.279421283278E-003
 -0.439171973648       -5.30001753099        2.16000000000        1.79451865101      -0.535999485322      -2.320111067884E-003
 -0.487968859609       -5.88890836777        2.16000000000        1.16142783458      -0.529471020979      -1.525618024665E-002
 -0.536765745570       -6.47779920454        2.16000000000       0.533683083346      -0.331680196138      -2.403296218467E-002
   0.00000000000        0.00000000000        2.16000000000        2.96460549550      -1.362484884784E-002 -4.119660038196E-003
  0.145059606038      -0.572827429873        2.16000000000        2.96019373708      -7.264434782164E-003 -4.314372884554E-003
  0.290119212075       -1.14565485975        2.16000000000        2.97731248640      -3.419803958024E-003 -2.735303476009E-003
  0.435178818113       -1.71848228962        2.16000000000        2.98996427871      -2.028449442356E-003 -1.153835553800E-003
  0.580238424151       -2.29130971949        2.16000000000        2.97707611557      -6.578099507297E-003 -3.529787615174E-003
  0.725298030189       -2.86413714937        2.16000000000        3.35316038089       0.129632468952       6.628080849726E-003
  0.870357636226       -3.43696457924        2.16000000000        3.18473797609       0.292801846434       1.333241676827E-002
   1.01541724226       -4.00979200911        2.16000000000        3.08876020915       0.534555488522       1.535614530307E-002
   1.16047684830       -4.58261943899        2.16000000000        2.75734628570       0.939375482530       1.997517779570E-002
   1.30553645434       -5.15544686886        2.16000000000        2.07915441269        1.64867391678       3.480465299751E-002
   1.45059606038       -5.72827429873        2.16000000000       0.921639309404        1.71267932548       4.129326910034E-002
   1.59565566642       -6.30110172861        2.16000000000       0.165888669862        1.24337281765       3.365346328478E-002
   0.00000000000        0.00000000000        2.16000000000        2.96460549550      -1.362484884784E-002 -4.119660038196E-003
  0.323196638891      -0.494689282610        2.16000000000        2.96019747534      -9.288448197808E-003 -3.940031496026E-003
  0.646393277781      -0.989378565219        2.16000000000        2.97790959446      -5.955567860270E-003 -1.809593091644E-003
  0.969589916672       -1.48406784783        2.16000000000        2.98923572172      -1.676983419199E-002 -1.263469815698E-003
   1.29278655556       -1.97875713044        2.16000000000        2.98852242494      -2.190069207696E-002 -2.650779654286E-003
   1.61598319445       -2.47344641305        2.16000000000        3.31025676122       2.773675294157E-002  1.466643953503E-002
   1.93917983334       -2.96813569566        2.16000000000        3.57207755860      -1.931123956478E-002  1.494149086111E-002
   2.26237647223       -3.46282497827        2.16000000000        3.74227677292       4.018708198268E-002  2.582413291069E-002
   2.58557311112       -3.95751426088        2.16000000000        4.45057664031      -9.868726012426E-002  5.145109235518E-002
   2.90876975001       -4.45220354349        2.16000000000        5.60416164141      -0.954009130876       7.862796316839E-002
   3.23196638891       -4.94689282610        2.16000000000        5.39882486866       -4.74726028517       0.102441181417     
   3.55516302780       -5.44158210871        2.16000000000        1.20359213615       -4.30893686152       0.106545343000     
   0.00000000000        0.00000000000        2.16000000000        2.96460549550      -1.362484884784E-002 -4.119660038196E-003
  0.466310301007      -0.362943875680        2.16000000000        2.95877523927      -1.260958447019E-002 -3.826862379880E-003
  0.932620602014      -0.725887751361        2.16000000000        2.97616796982      -5.366446564571E-003 -8.952534412306E-004
   1.39893090302       -1.08883162704        2.16000000000        2.98608810272      -1.949014965977E-002 -3.856188915036E-004
   1.86524120403       -1.45177550272        2.16000000000        2.97078302459      -3.461280079421E-002 -1.885994375720E-003
   2.33155150503       -1.81471937840        2.16000000000        3.18854187716      -4.388134517703E-002  2.202183948416E-002
   2.79786180604       -2.17766325408        2.16000000000        3.14412324312      -0.175365553385       2.684306812384E-002
   3.26417210705       -2.54060712976        2.16000000000        3.24838724118      -0.538677407715       4.441150773973E-002
   3.73048240806       -2.90355100544        2.16000000000        3.20222921202      -0.788829611858       6.810784617549E-002
   4.19679270906       -3.26649488112        2.16000000000        3.02114317413      -0.948212977390       0.103703639966     
   4.66310301007       -3.62943875680        2.16000000000        2.62669940148       -1.22882515956       0.145194993106     
   5.12941331108       -3.99238263248        2.16000000000        2.20649009289       -1.36308144622       0.205527308558     
   0.00000000000        0.00000000000        2.16000000000        2.96460549550      -1.362484884784E-002 -4.119660038196E-003
  0.558892006459      -0.191867868166        2.16000000000        2.96655088319      -1.224766255123E-002 -2.659317818457E-003
   1.11778401292      -0.383735736333        2.16000000000        2.97527550952      -1.234757694483E-002 -7.088787448368E-004
   1.67667601938      -0.575603604499        2.16000000000        2.97927418040      -1.385243863099E-002 -2.176803860712E-004
   2.23556802584      -0.767471472666        2.16000000000        2.91141513829      -2.061983678629E-002 -3.774534206752E-003
   2.79446003230      -0.959339340832        2.16000000000        2.96407588774      -5.132442650736E-002  1.683759322948E-002
   3.35335203876       -1.15120720900        2.16000000000        2.83661811302      -0.132474129220       2.645441111022E-002
   3.91224404522       -1.34307507716        2.16000000000        2.69647225967      -0.198630840509       3.808505704967E-002
   4.47113605168       -1.53494294533        2.16000000000        2.53253161883      -0.305882357482       6.049286072164E-002
   5.03002805814       -1.72681081350        2.16000000000        2.36039216303      -0.347480953436       9.366343991301E-002
   5.58892006459       -1.91867868166        2.16000000000        2.15473300579      -0.384631440567       0.122460155671     
   6.14781207105       -2.11054654983        2.16000000000        1.89391843877      -0.411110957250       0.140783449594     
   0.00000000000        0.00000000000        2.16000000000        2.96460549550      -1.362484884784E-002 -4.119660038196E-003
  0.590909090909        0.00000000000        2.16000000000        2.97859575924      -9.634575601595E-003 -1.091002847744E-003
   1.18181818182      -1.172487511250E-015   2.16000000000        2.98667691609      -5.247018035505E-003  8.834740683741E-004
   1.77272727273        0.00000000000        2.16000000000        2.96107396251       6.787657296187E-004 -2.404640641782E-003
   2.36363636364        0.00000000000        2.16000000000        2.96749902613      -4.388660340733E-003 -3.029404627693E-003
   2.95454545455        0.00000000000        2.16000000000        2.90624425492       1.274846335969E-002  1.501564604829E-002
   3.54545454545        0.00000000000        2.16000000000        2.77294695340       1.441017474273E-002  3.642594667042E-002
   4.13636363636        0.00000000000        2.16000000000        2.63665389618       4.662710469163E-003  5.147464285986E-002
   4.72727272727        0.00000000000        2.16000000000        2.49220559719       2.247686005406E-002  8.644883657651E-002
   5.31818181818        0.00000000000        2.16000000000        2.33774387897       5.744953878883E-002  0.147166887355     
   5.90909090909        0.00000000000        2.16000000000        2.16192505664      -1.697602491553E-002  0.203610450504     
   6.50000000000        0.00000000000        2.16000000000        1.82929261312       6.330677176296E-004  0.154049856307     
