 12 20 1 1
 1 X [LENGU]
 2 Y [LENGU]
 3 Z [LENGU]
 4 Hx [FIELU]
 5 Hy [FIELU]
 6 Hz [FIELU]
 0
   0.00000000000        0.00000000000       -43.2000000000       0.922356445097       1.000484165219E-002  1.066460860556E-003
  0.590909090909        0.00000000000       -43.2000000000       0.921846742160       1.102170027468E-002  9.671316640483E-004
   1.18181818182        0.00000000000       -43.2000000000       0.921337039222       1.203855889717E-002  8.678024675410E-004
   1.77272727273        0.00000000000       -43.2000000000       0.924236816615       1.178264499323E-002  1.483368683866E-003
   2.36363636364        0.00000000000       -43.2000000000       0.922739959654       8.322204392188E-003  1.056483484100E-003
   2.95454545455        0.00000000000       -43.2000000000       0.945203685826      -4.730265451381E-003  1.285542522469E-006
   3.54545454545        0.00000000000       -43.2000000000       0.905479848644       3.521927392646E-003  7.743333465607E-005
   4.13636363636        0.00000000000       -43.2000000000       0.862789709558       1.076396406357E-002 -9.421980696910E-004
   4.72727272727        0.00000000000       -43.2000000000       0.823323230500       8.114865966515E-003 -9.273686685026E-004
   5.31818181818        0.00000000000       -43.2000000000       0.783856751442       5.465767869459E-003 -9.125392673141E-004
   5.90909090909        0.00000000000       -43.2000000000       0.744390272385       2.816669772403E-003 -8.977098661256E-004
   6.50000000000        0.00000000000       -43.2000000000       0.704923793327       1.675716753464E-004 -8.828804649372E-004
   0.00000000000        0.00000000000       -43.2000000000       0.922356445097       1.000484165219E-002  1.066460860556E-003
  0.558892006459       0.191867868166       -43.2000000000       0.922272052595       1.176662785352E-002  1.153759259207E-003
   1.11778401292       0.383735736333       -43.2000000000       0.922187660092       1.352841405485E-002  1.241057657859E-003
   1.67667601938       0.575603604499       -43.2000000000       0.922722552617       1.464858260885E-002  1.397041236794E-003
   2.23556802584       0.767471472666       -43.2000000000       0.925296058091       1.423472807185E-002  1.637386124707E-003
   2.79446003230       0.959339340832       -43.2000000000       0.964571462157       2.476371590668E-002  9.276913750054E-004
   3.35335203876        1.15120720900       -43.2000000000       0.923086080069       6.569638652894E-002  1.964926160167E-003
   3.91224404522        1.34307507716       -43.2000000000       0.881819174195       8.195760787052E-002  1.223394307278E-003
   4.47113605168        1.53494294533       -43.2000000000       0.840380977525       0.104193615745       4.392253206128E-003
   5.03002805814        1.72681081350       -43.2000000000       0.802790360436       0.124446166187       5.741733061847E-003
   5.58892006459        1.91867868166       -43.2000000000       0.750676188444       0.121780928096       1.138931947031E-002
   6.14781207105        2.11054654983       -43.2000000000       0.655795724481       0.106825292836       1.994487351567E-002
   0.00000000000        0.00000000000       -43.2000000000       0.922356445097       1.000484165219E-002  1.066460860556E-003
  0.466310301007       0.362943875680       -43.2000000000       0.923189731331       1.095282649302E-002  1.154870556690E-003
  0.932620602014       0.725887751361       -43.2000000000       0.923119640242       1.669210183483E-002  1.409396382698E-003
   1.39893090302        1.08883162704       -43.2000000000       0.925258635839       1.655842055798E-002  1.694494775603E-003
   1.86524120403        1.45177550272       -43.2000000000       0.923745498268       2.711003667618E-002  1.864973589945E-003
   2.33155150503        1.81471937840       -43.2000000000        1.02977206960       2.713646651606E-002  1.664263026013E-003
   2.79786180604        2.17766325408       -43.2000000000        1.00658712134       9.160682716407E-002  1.670174440601E-003
   3.26417210705        2.54060712976       -43.2000000000       0.986114061633       0.154312889110       2.281985491494E-003
   3.73048240806        2.90355100544       -43.2000000000       0.993063613463       0.235177487296       5.312936979969E-003
   4.19679270906        3.26649488112       -43.2000000000       0.979060824334       0.331496523002       6.604944934779E-003
   4.66310301007        3.62943875680       -43.2000000000       0.916636505200       0.451977118058       1.465023880993E-002
   5.12941331108        3.99238263248       -43.2000000000       0.792463004920       0.475131303232       4.426689496253E-003
   0.00000000000        0.00000000000       -43.2000000000       0.922356445097       1.000484165219E-002  1.066460860556E-003
  0.323196638891       0.494689282610       -43.2000000000       0.923805052607       1.116099942037E-002  1.185395240340E-003
  0.646393277781       0.989378565219       -43.2000000000       0.923986211244       1.903939338467E-002  1.537392478820E-003
  0.969589916672        1.48406784783       -43.2000000000       0.925002570343       2.420959560375E-002  1.852677156837E-003
   1.29278655556        1.97875713044       -43.2000000000       0.923268255207       3.807235635055E-002  2.113899050339E-003
   1.61598319445        2.47344641305       -43.2000000000        1.04931503158      -3.866556905364E-003  9.802708108481E-004
   1.93917983334        2.96813569566       -43.2000000000        1.11628697171      -2.504489526957E-002  1.489937183455E-003
   2.26237647223        3.46282497827       -43.2000000000        1.22732055619      -4.906646994553E-002  2.069565046524E-003
   2.58557311112        3.95751426088       -43.2000000000        1.45510931197       4.497753948607E-002  3.533898809582E-003
   2.90876975001        4.45220354349       -43.2000000000        1.79578217202       0.322586367499       4.131622640095E-003
   3.23196638891        4.94689282610       -43.2000000000        1.73662599979        1.37680268299       6.745615605601E-003
   3.55516302780        5.44158210871       -43.2000000000       0.568377980267        1.30200757738       9.346642208025E-003
   0.00000000000        0.00000000000       -43.2000000000       0.922356445097       1.000484165219E-002  1.066460860556E-003
  0.145059606038       0.572827429873       -43.2000000000       0.924218706759       1.148089896338E-002  1.211248925813E-003
  0.290119212075        1.14565485975       -43.2000000000       0.924813519548       1.967919247069E-002  1.589099849764E-003
  0.435178818113        1.71848228962       -43.2000000000       0.927980633252       1.675037552693E-002  1.574774128564E-003
  0.580238424151        2.29130971949       -43.2000000000       0.929716110240       2.069814345255E-002  1.809045613411E-003
  0.725298030189        2.86413714937       -43.2000000000        1.03658767618      -3.213696405354E-002  4.943235747536E-004
  0.870357636226        3.43696457924       -43.2000000000       0.984362111833      -6.933540705766E-002 -5.638049828732E-004
   1.01541724226        4.00979200911       -43.2000000000       0.940596573760      -0.225525159365      -2.533691156828E-004
   1.16047684830        4.58261943899       -43.2000000000       0.938872644536      -0.302757068849      -1.920434769506E-003
   1.30553645434        5.15544686886       -43.2000000000       0.682781093947      -0.469817871963       4.203816015016E-004
   1.45059606038        5.72827429873       -43.2000000000       0.326480444056      -0.560163497132       2.661374937022E-003
   1.59565566642        6.30110172861       -43.2000000000       8.254925708848E-002 -0.421319330799       1.065986437924E-003
   0.00000000000        0.00000000000       -43.2000000000       0.922356445097       1.000484165219E-002  1.066460860556E-003
 -4.879688596092E-002  0.588890836777       -43.2000000000       0.924567903716       1.091238619524E-002  1.196156600713E-003
 -9.759377192185E-002   1.17778167355       -43.2000000000       0.926002664615       1.641930399271E-002  1.484094582815E-003
 -0.146390657883        1.76667251033       -43.2000000000       0.930096853097       1.042222383698E-002  1.366572464296E-003
 -0.195187543844        2.35556334711       -43.2000000000       0.940562741646      -7.603085174377E-003  1.023522836903E-003
 -0.243984429805        2.94445418388       -43.2000000000        1.04105684051       8.125419762299E-003  1.820481096283E-004
 -0.292781315766        3.53334502066       -43.2000000000       0.961197590082       3.696544219252E-002 -5.297321381843E-004
 -0.341578201726        4.12223585744       -43.2000000000       0.877960457240       0.184798387883       8.868940902957E-004
 -0.390375087687        4.71112669421       -43.2000000000       0.789217290504       0.148914826008      -6.259117515131E-004
 -0.439171973648        5.30001753099       -43.2000000000       0.590942718793       0.144953688828      -1.857890577686E-003
 -0.487968859609        5.88890836777       -43.2000000000       0.378759037986       0.148180379660      -4.131692705381E-003
 -0.536765745570        6.47779920454       -43.2000000000       0.208466740449       0.145086083170      -4.548579868114E-003
   0.00000000000        0.00000000000       -43.2000000000       0.922356445097       1.000484165219E-002  1.066460860556E-003
 -0.237365478204       0.541138783933       -43.2000000000       0.924814802569       9.517068295773E-003  1.141753752649E-003
 -0.474730956408        1.08227756787       -43.2000000000       0.926526140145       1.350028957772E-002  1.370764163473E-003
 -0.712096434612        1.62341635180       -43.2000000000       0.933381790493       3.927863935703E-003  1.152103953079E-003
 -0.949461912816        2.16455513573       -43.2000000000       0.953325437764      -3.973791994236E-002 -1.914994712955E-004
  -1.18682739102        2.70569391966       -43.2000000000        1.03773457716       9.808458675830E-003  1.106942168241E-003
  -1.42419286922        3.24683270360       -43.2000000000        1.06981236272       4.766358713196E-002 -1.881990644851E-004
  -1.66155834743        3.78797148753       -43.2000000000        1.17539518584       0.119406503787      -2.026713900455E-003
  -1.89892382563        4.32911027146       -43.2000000000        1.36094623587       0.328805893578      -3.053874719935E-003
  -2.13628930384        4.87024905539       -43.2000000000        1.42311206229       0.926682450261      -3.073331954001E-003
  -2.37365478204        5.41138783933       -43.2000000000       7.845471194720E-002   1.45809780636      -3.740712594867E-003
  -2.61102026024        5.95252662326       -43.2000000000      -0.971156120290       0.259777506739      -2.264564241462E-003
   0.00000000000        0.00000000000       -43.2000000000       0.922356445097       1.000484165219E-002  1.066460860556E-003
 -0.400211837779       0.434745947216       -43.2000000000       0.924932647996       7.446149609960E-003  1.053935774354E-003
 -0.800423675558       0.869491894432       -43.2000000000       0.926241402022       1.160969376385E-002  1.274473546847E-003
  -1.20063551334        1.30423784165       -43.2000000000       0.932054056101       2.563287919089E-003  1.051133782321E-003
  -1.60084735112        1.73898378886       -43.2000000000       0.949792853324      -2.756881781968E-002  2.053349062116E-004
  -2.00105918889        2.17372973608       -43.2000000000       0.998589835043       3.419485474017E-002  1.652320397262E-003
  -2.40127102667        2.60847568330       -43.2000000000        1.07935865093      -8.798486875179E-002  2.332721850263E-003
  -2.80148286445        3.04322163051       -43.2000000000        1.03088293377      -0.195016399537       1.333889724482E-003
  -3.20169470223        3.47796757773       -43.2000000000        1.19245942703      -0.252852871018       1.130269421502E-004
  -3.60190654001        3.91271352494       -43.2000000000        1.19976817032      -0.476197885121      -3.258169009677E-003
  -4.00211837779        4.34745947216       -43.2000000000        1.04738662109      -0.698008882437      -1.312851449167E-002
  -4.40233021557        4.78220541938       -43.2000000000       0.888862481772      -0.752693270138      -1.271699680619E-002
   0.00000000000        0.00000000000       -43.2000000000       0.922356445097       1.000484165219E-002  1.066460860556E-003
 -0.519689034804       0.281241641340       -43.2000000000       0.924482574257       7.183951004184E-003  1.020570987067E-003
  -1.03937806961       0.562483282680       -43.2000000000       0.926193445265       6.565487165990E-003  1.051040210966E-003
  -1.55906710441       0.843724924020       -43.2000000000       0.928272569196       4.770782180369E-003  1.038753849753E-003
  -2.07875613922        1.12496656536       -43.2000000000       0.939771758323      -9.892625868136E-003  6.693969496197E-004
  -2.59844517402        1.40620820670       -43.2000000000       0.996888856114      -3.375401176222E-002  2.760747154594E-003
  -3.11813420882        1.68744984804       -43.2000000000       0.981984435185      -7.031589966302E-002  4.077664807057E-003
  -3.63782324363        1.96869148938       -43.2000000000       0.964274195368      -0.129979895956       3.123723671946E-003
  -4.15751227843        2.24993313072       -43.2000000000       0.926226414436      -0.172251621248       2.686577725536E-004
  -4.67720131323        2.53117477206       -43.2000000000       0.864477944354      -0.225707575728      -1.833537120804E-003
  -5.19689034804        2.81241641340       -43.2000000000       0.788466478753      -0.283829887980       3.592755025355E-003
  -5.71657938284        3.09365805474       -43.2000000000       0.673161479198      -0.350906115582       1.674176776957E-002
   0.00000000000        0.00000000000       -43.2000000000       0.922356445097       1.000484165219E-002  1.066460860556E-003
 -0.582849861102       9.726043971134E-002  -43.2000000000       0.923769105222       7.402443433769E-003  9.982465363637E-004
  -1.16569972220       0.194520879423       -43.2000000000       0.925181765347       4.800045215349E-003  9.300322121717E-004
  -1.74854958330       0.291781319134       -43.2000000000       0.926594425472       2.197646996928E-003  8.618178879797E-004
  -2.33139944441       0.389041758845       -43.2000000000       0.928007085597      -4.047512214920E-004  7.936035637878E-004
  -2.91424930551       0.486302198557       -43.2000000000       0.954477320964      -2.284179344882E-002  2.499033795085E-003
  -3.49709916661       0.583562638268       -43.2000000000       0.927150933321      -4.820212314549E-002  1.702629356760E-003
  -4.07994902771       0.680823077979       -43.2000000000       0.892116924865      -4.406301144485E-002  2.291668259924E-003
  -4.66279888881       0.778083517691       -43.2000000000       0.837655101203      -5.821638609895E-002 -3.286763163713E-004
  -5.24564874991       0.875343957402       -43.2000000000       0.807067353814      -6.755404000316E-002 -2.188173555403E-003
  -5.82849861102       0.972604397113       -43.2000000000       0.761594326558      -6.366436681646E-002 -9.859381711013E-004
  -6.41134847212        1.06986483682       -43.2000000000       0.713331273568      -6.236275359164E-002 -3.311452748325E-004
   0.00000000000        0.00000000000       -43.2000000000       0.922356445097       1.000484165219E-002  1.066460860556E-003
 -0.582849861102      -9.726043971134E-002  -43.2000000000       0.922902552543       7.902946090689E-003  9.833141661409E-004
  -1.16569972220      -0.194520879423       -43.2000000000       0.923448659989       5.801050529189E-003  9.001674717263E-004
  -1.74854958330      -0.291781319134       -43.2000000000       0.923994767435       3.699154967688E-003  8.170207773116E-004
  -2.33139944441      -0.389041758845       -43.2000000000       0.924540874881       1.597259406188E-003  7.338740828969E-004
  -2.91424930551      -0.486302198557       -43.2000000000       0.950446985407       1.470969448582E-002  1.940489330635E-003
  -3.49709916661      -0.583562638268       -43.2000000000       0.919190651314       2.749550831038E-002  2.188362011693E-003
  -4.07994902771      -0.680823077979       -43.2000000000       0.896577625783       4.650072228096E-002  1.314545427226E-003
  -4.66279888881      -0.778083517691       -43.2000000000       0.842264264169       4.869697837781E-002 -7.270478719688E-004
  -5.24564874991      -0.875343957402       -43.2000000000       0.799101366361       6.088795888167E-002  3.366621633085E-003
  -5.82849861102      -0.972604397113       -43.2000000000       0.747143638656       6.956029504389E-002  8.326069664723E-003
  -6.41134847212       -1.06986483682       -43.2000000000       0.687461238181       6.655392608056E-002  6.839029369597E-003
   0.00000000000        0.00000000000       -43.2000000000       0.922356445097       1.000484165219E-002  1.066460860556E-003
 -0.519689034804      -0.281241641340       -43.2000000000       0.922410168377       7.404586894596E-003  8.195073116266E-004
  -1.03937806961      -0.562483282680       -43.2000000000       0.922463891656       4.804332137002E-003  5.725537626975E-004
  -1.55906710441      -0.843724924020       -43.2000000000       0.922517614935       2.204077379408E-003  3.256002137685E-004
  -2.07875613922       -1.12496656536       -43.2000000000       0.924349861642       2.075551967648E-003  5.039831600381E-004
  -2.59844517402       -1.40620820670       -43.2000000000        1.00456251917       3.439171847833E-002  1.274559292829E-004
  -3.11813420882       -1.68744984804       -43.2000000000       0.970320665601       5.642962004033E-002  9.309816615759E-004
  -3.63782324363       -1.96869148938       -43.2000000000       0.952800428995       0.120614307752       2.467436737405E-003
  -4.15751227843       -2.24993313072       -43.2000000000       0.910206742756       0.196901362340      -6.058847433212E-005
  -4.67720131323       -2.53117477206       -43.2000000000       0.861319254559       0.213253108729       3.206804632712E-003
  -5.19689034804       -2.81241641340       -43.2000000000       0.783761030870       0.275027305968       9.470450109361E-004
  -5.71657938284       -3.09365805474       -43.2000000000       0.631442530134       0.376944791229       1.693246733736E-002
   0.00000000000        0.00000000000       -43.2000000000       0.922356445097       1.000484165219E-002  1.066460860556E-003
 -0.400211837779      -0.434745947216       -43.2000000000       0.922091762962       6.679062023639E-003  6.169536854244E-004
 -0.800423675558      -0.869491894432       -43.2000000000       0.921809723988       2.666622024690E-003  2.124954512879E-004
  -1.20063551334       -1.30423784165       -43.2000000000       0.922899626084       1.326802270152E-003  8.709910457330E-005
  -1.60084735112       -1.73898378886       -43.2000000000       0.926588569888       2.624024600244E-003  4.735204146180E-004
  -2.00105918889       -2.17372973608       -43.2000000000        1.00245254626      -1.298759651109E-002  2.367594341250E-003
  -2.40127102667       -2.60847568330       -43.2000000000        1.07828429996       7.437381876340E-002  8.402004192251E-004
  -2.80148286445       -3.04322163051       -43.2000000000        1.08458277583       0.126270521694      -1.650985260365E-004
  -3.20169470223       -3.47796757773       -43.2000000000        1.14695056882       0.252268658657      -5.862032601731E-004
  -3.60190654001       -3.91271352494       -43.2000000000        1.19482325292       0.456309554812      -1.890116537430E-003
  -4.00211837779       -4.34745947216       -43.2000000000        1.10357517302       0.658017017746      -1.345049475128E-002
  -4.40233021557       -4.78220541938       -43.2000000000       0.914411334350       0.685500334642      -6.802661248454E-003
   0.00000000000        0.00000000000       -43.2000000000       0.922356445097       1.000484165219E-002  1.066460860556E-003
 -0.237365478204      -0.541138783933       -43.2000000000       0.921802039964       6.313936980223E-003  4.631111364702E-004
 -0.474730956408       -1.08227756787       -43.2000000000       0.921310819326       6.253618717246E-004  4.094811636386E-005
 -0.712096434612       -1.62341635180       -43.2000000000       0.923245988106       1.155692865299E-003 -1.619551242021E-005
 -0.949461912816       -2.16455513573       -43.2000000000       0.924722704651      -1.514223192353E-002 -5.664249789234E-004
  -1.18682739102       -2.70569391966       -43.2000000000        1.03368948529      -1.863573363755E-002 -1.293656339546E-004
  -1.42419286922       -3.24683270360       -43.2000000000        1.04768574605      -7.236913983732E-002  2.686112031747E-004
  -1.66155834743       -3.78797148753       -43.2000000000        1.16282996262      -0.159051827418       7.406282120344E-004
  -1.89892382563       -4.32911027146       -43.2000000000        1.28049991850      -0.382572811475       4.366950346051E-004
  -2.13628930384       -4.87024905539       -43.2000000000        1.41208846891      -0.993162153355      -7.137191547684E-004
  -2.37365478204       -5.41138783933       -43.2000000000       0.213087893413       -1.31678597496      -1.088764844521E-003
  -2.61102026024       -5.95252662326       -43.2000000000       -1.10833918830      -0.298733245008      -5.840068886663E-004
   0.00000000000        0.00000000000       -43.2000000000       0.922356445097       1.000484165219E-002  1.066460860556E-003
 -4.879688596092E-002 -0.588890836777       -43.2000000000       0.921568030649       6.176104601725E-003  3.859793258422E-004
 -9.759377192185E-002  -1.17778167355       -43.2000000000       0.920942587473       2.743555319216E-005 -4.457975261237E-005
 -0.146390657883       -1.76667251033       -43.2000000000       0.921826767301      -5.187696478717E-003 -4.500854718537E-004
 -0.195187543844       -2.35556334711       -43.2000000000       0.914307440311       1.636889524291E-002  2.050939358479E-004
 -0.243984429805       -2.94445418388       -43.2000000000        1.03810512597      -1.929033431441E-002 -9.468605692172E-004
 -0.292781315766       -3.53334502066       -43.2000000000       0.953099912359      -9.510722042808E-002 -2.327394737418E-004
 -0.341578201726       -4.12223585744       -43.2000000000       0.900106091534      -0.169114113817      -1.107521332591E-003
 -0.390375087687       -4.71112669421       -43.2000000000       0.816084400502      -0.119669788325      -1.967118654270E-003
 -0.439171973648       -5.30001753099       -43.2000000000       0.600533895186      -0.142156714234      -3.517234281712E-003
 -0.487968859609       -5.88890836777       -43.2000000000       0.394097397756      -0.160828682386      -5.583385918191E-003
 -0.536765745570       -6.47779920454       -43.2000000000       0.233805187139      -0.200545945281      -5.030723875478E-003
   0.00000000000        0.00000000000       -43.2000000000       0.922356445097       1.000484165219E-002  1.066460860556E-003
  0.145059606038      -0.572827429873       -43.2000000000       0.921417395568       6.371571847167E-003  3.879419120392E-004
  0.290119212075       -1.14565485975       -43.2000000000       0.920599891410       2.107632262980E-004 -4.298733250774E-005
  0.435178818113       -1.71848228962       -43.2000000000       0.920698559047      -4.683549598470E-003 -4.797348811587E-004
  0.580238424151       -2.29130971949       -43.2000000000       0.913210413712       2.530945817755E-002  7.702285317124E-004
  0.725298030189       -2.86413714937       -43.2000000000        1.05395960194       5.247159016581E-002  1.831284514493E-003
  0.870357636226       -3.43696457924       -43.2000000000       0.993797110474       8.902750545087E-002 -8.917159939032E-004
   1.01541724226       -4.00979200911       -43.2000000000       0.984944087087       0.169343224337      -1.090014606216E-003
   1.16047684830       -4.58261943899       -43.2000000000       0.887435121820       0.322806707660      -1.690689337015E-003
   1.30553645434       -5.15544686886       -43.2000000000       0.681984462933       0.490145687622      -2.285152171223E-003
   1.45059606038       -5.72827429873       -43.2000000000       0.361418841018       0.533266187302      -3.334788741291E-003
   1.59565566642       -6.30110172861       -43.2000000000       4.821539392957E-002  0.401072666683      -9.317733685135E-003
   0.00000000000        0.00000000000       -43.2000000000       0.922356445097       1.000484165219E-002  1.066460860556E-003
  0.323196638891      -0.494689282610       -43.2000000000       0.921378359220       7.349970779185E-003  4.378980650315E-004
  0.646393277781      -0.989378565219       -43.2000000000       0.920319867572       1.155478493039E-003  4.555281325046E-005
  0.969589916672       -1.48406784783       -43.2000000000       0.919890685133      -1.885216814844E-003 -3.113551287160E-004
   1.29278655556       -1.97875713044       -43.2000000000       0.923712581569      -6.010990084686E-003  3.086259881209E-004
   1.61598319445       -2.47344641305       -43.2000000000        1.04118112819      -4.637685400857E-003 -1.521760798140E-003
   1.93917983334       -2.96813569566       -43.2000000000        1.08536386225      -3.508164116300E-003 -1.275960356932E-003
   2.26237647223       -3.46282497827       -43.2000000000        1.23159753839       1.886029025733E-002 -6.220711449247E-004
   2.58557311112       -3.95751426088       -43.2000000000        1.45724086200      -4.538561897022E-002  2.119627543083E-003
   2.90876975001       -4.45220354349       -43.2000000000        1.82995958154      -0.297578277382       9.664120242998E-004
   3.23196638891       -4.94689282610       -43.2000000000        1.72249628479       -1.39787254938       6.556952777607E-004
   3.55516302780       -5.44158210871       -43.2000000000       0.547707144345       -1.29401748843       2.651757631445E-003
   0.00000000000        0.00000000000       -43.2000000000       0.922356445097       1.000484165219E-002  1.066460860556E-003
  0.466310301007      -0.362943875680       -43.2000000000       0.921445052704       8.605742645383E-003  5.566460334017E-004
  0.932620602014      -0.725887751361       -43.2000000000       0.920463071820       4.414066165841E-003  2.300406402207E-004
   1.39893090302       -1.08883162704       -43.2000000000       0.920955809237      -2.439853187358E-005  2.452632803935E-004
   1.86524120403       -1.45177550272       -43.2000000000       0.924957177788      -6.984889224644E-003  1.070924493867E-003
   2.33155150503       -1.81471937840       -43.2000000000        1.02343121382      -2.932726286660E-002 -1.565147513465E-003
   2.79786180604       -2.17766325408       -43.2000000000        1.04796546671      -0.131726561010       4.714971008081E-004
   3.26417210705       -2.54060712976       -43.2000000000        1.00642415316      -0.172249069108       1.407161334819E-003
   3.73048240806       -2.90355100544       -43.2000000000       0.976304743309      -0.244816707238       5.180180460674E-003
   4.19679270906       -3.26649488112       -43.2000000000       0.968036594103      -0.336702698914       1.944837285073E-003
   4.66310301007       -3.62943875680       -43.2000000000       0.924592432358      -0.481102102564       1.020031467391E-002
   5.12941331108       -3.99238263248       -43.2000000000       0.765253552807      -0.487315391544       1.094927572605E-002
   0.00000000000        0.00000000000       -43.2000000000       0.922356445097       1.000484165219E-002  1.066460860556E-003
  0.558892006459      -0.191867868166       -43.2000000000       0.921605192493       9.802772812955E-003  7.444409201251E-004
   1.11778401292      -0.383735736333       -43.2000000000       0.920831671496       8.719735792585E-003  4.802176508307E-004
   1.67667601938      -0.575603604499       -43.2000000000       0.922501696907       4.840293655457E-003  8.855861338624E-004
   2.23556802584      -0.767471472666       -43.2000000000       0.922694332985      -4.138517267923E-004  7.391925962131E-004
   2.79446003230      -0.959339340832       -43.2000000000       0.959589970202      -3.103166176107E-002 -1.119447578484E-003
   3.35335203876       -1.15120720900       -43.2000000000       0.929646580366      -7.440649294333E-002 -3.987124525873E-004
   3.91224404522       -1.34307507716       -43.2000000000       0.876862628437      -8.710946715667E-002 -5.764105031500E-004
   4.47113605168       -1.53494294533       -43.2000000000       0.851173893175      -9.863705336551E-002  2.819475309203E-004
   5.03002805814       -1.72681081350       -43.2000000000       0.788046727687      -9.721423737897E-002  6.295271789577E-003
   5.58892006459       -1.91867868166       -43.2000000000       0.728129554925      -0.100609473707       1.025096550550E-002
   6.14781207105       -2.11054654983       -43.2000000000       0.657061704138      -9.981456566994E-002  9.064651612360E-003
   0.00000000000        0.00000000000       -43.2000000000       0.922356445097       1.000484165219E-002  1.066460860556E-003
  0.590909090909        0.00000000000       -43.2000000000       0.921846742160       1.102170027468E-002  9.671316640483E-004
   1.18181818182      -1.172487511250E-015  -43.2000000000       0.921337039222       1.203855889717E-002  8.678024675410E-004
   1.77272727273        0.00000000000       -43.2000000000       0.924236816615       1.178264499323E-002  1.483368683866E-003
   2.36363636364        0.00000000000       -43.2000000000       0.922739959654       8.322204392188E-003  1.056483484100E-003
   2.95454545455        0.00000000000       -43.2000000000       0.945203685826      -4.730265451381E-003  1.285542522469E-006
   3.54545454545        0.00000000000       -43.2000000000       0.905479848644       3.521927392646E-003  7.743333465607E-005
   4.13636363636        0.00000000000       -43.2000000000       0.862789709558       1.076396406357E-002 -9.421980696910E-004
   4.72727272727        0.00000000000       -43.2000000000       0.823323230500       8.114865966515E-003 -9.273686685026E-004
   5.31818181818        0.00000000000       -43.2000000000       0.783856751442       5.465767869459E-003 -9.125392673141E-004
   5.90909090909        0.00000000000       -43.2000000000       0.744390272385       2.816669772403E-003 -8.977098661256E-004
   6.50000000000        0.00000000000       -43.2000000000       0.704923793327       1.675716753464E-004 -8.828804649372E-004
