 12 20 1 1
 1 X [LENGU]
 2 Y [LENGU]
 3 Z [LENGU]
 4 Hx [FIELU]
 5 Hy [FIELU]
 6 Hz [FIELU]
 0
   0.00000000000        0.00000000000       -2.16000000000        4.62523158612      -1.578609719951E-002 -8.591048262446E-003
  0.590909090909        0.00000000000       -2.16000000000        4.64473520725      -1.353436210105E-002 -4.719470017748E-003
   1.18181818182        0.00000000000       -2.16000000000        4.66436746029      -7.186718093589E-003 -6.093043697711E-004
   1.77272727273        0.00000000000       -2.16000000000        4.63987024227       2.938110900396E-004 -3.121890082595E-003
   2.36363636364        0.00000000000       -2.16000000000        4.62707104864       1.637202766082E-003 -6.135085912210E-003
   2.95454545455        0.00000000000       -2.16000000000        4.45403578155       1.648102515747E-003 -2.553624193685E-002
   3.54545454545        0.00000000000       -2.16000000000        4.26290344614      -6.482522201150E-002 -5.783989094316E-002
   4.13636363636        0.00000000000       -2.16000000000        4.06209248927      -5.068008883827E-002 -8.523676263937E-002
   4.72727272727        0.00000000000       -2.16000000000        3.85598200736      -5.319779929578E-003 -0.107017781706     
   5.31818181818        0.00000000000       -2.16000000000        3.60386540917       1.279603862597E-002 -0.131902116010     
   5.90909090909        0.00000000000       -2.16000000000        3.33656524029      -1.970178973632E-002 -0.220031397355     
   6.50000000000        0.00000000000       -2.16000000000        3.07191018271       2.559942915691E-002 -0.265216654704     
   0.00000000000        0.00000000000       -2.16000000000        4.62523158612      -1.578609719951E-002 -8.591048262446E-003
  0.558892006459       0.191867868166       -2.16000000000        4.66116596725      -1.012604202659E-002 -2.720372214105E-003
   1.11778401292       0.383735736333       -2.16000000000        4.68481871078       5.235622951906E-004  1.224412672869E-003
   1.67667601938       0.575603604499       -2.16000000000        4.65070323274       1.176944361227E-002 -3.034699148259E-003
   2.23556802584       0.767471472666       -2.16000000000        4.60219716221       3.518611309105E-002 -1.053484155627E-002
   2.79446003230       0.959339340832       -2.16000000000        4.55167820356       9.873751697274E-002 -1.300484135285E-002
   3.35335203876        1.15120720900       -2.16000000000        4.34454341048       0.304628353449      -4.037762032921E-002
   3.91224404522        1.34307507716       -2.16000000000        4.16329707657       0.427638005718      -6.719872661059E-002
   4.47113605168        1.53494294533       -2.16000000000        3.97101093981       0.523507403187      -8.784483673058E-002
   5.03002805814        1.72681081350       -2.16000000000        3.69247350528       0.601226734533      -0.113382605900     
   5.58892006459        1.91867868166       -2.16000000000        3.36866126786       0.651378925860      -0.151578119312     
   6.14781207105        2.11054654983       -2.16000000000        2.90965928183       0.581676647131      -0.184906475029     
   0.00000000000        0.00000000000       -2.16000000000        4.62523158612      -1.578609719951E-002 -8.591048262446E-003
  0.466310301007       0.362943875680       -2.16000000000        4.67247663093      -7.414720895428E-003 -1.450433618220E-003
  0.932620602014       0.725887751361       -2.16000000000        4.69370517011       8.457772551900E-003  1.377997841560E-003
   1.39893090302        1.08883162704       -2.16000000000        4.66934615391       2.832295253685E-002 -2.189989873982E-003
   1.86524120403        1.45177550272       -2.16000000000        4.61723258987       5.219759247150E-002 -9.871099228731E-003
   2.33155150503        1.81471937840       -2.16000000000        5.02825932199       8.646936655611E-002 -8.777823261354E-003
   2.79786180604        2.17766325408       -2.16000000000        5.04719309676       0.438685125968      -1.063624879911E-002
   3.26417210705        2.54060712976       -2.16000000000        5.11929022232        1.06482650857      -2.197780925819E-002
   3.73048240806        2.90355100544       -2.16000000000        4.88449883260        1.25455837864      -4.772575801515E-002
   4.19679270906        3.26649488112       -2.16000000000        4.56306708953        1.49107996918      -0.104990921559     
   4.66310301007        3.62943875680       -2.16000000000        4.09674511270        1.91401011449      -0.192705085880     
   5.12941331108        3.99238263248       -2.16000000000        3.49615270873        2.18816941392      -0.350162365461     
   0.00000000000        0.00000000000       -2.16000000000        4.62523158612      -1.578609719951E-002 -8.591048262446E-003
  0.323196638891       0.494689282610       -2.16000000000        4.67735169120      -5.662245958139E-003 -1.049458196946E-003
  0.646393277781       0.989378565219       -2.16000000000        4.67318256704       2.090947350911E-002 -2.542581532596E-003
  0.969589916672        1.48406784783       -2.16000000000        4.68327131809       3.917700164726E-002 -1.901324119466E-003
   1.29278655556        1.97875713044       -2.16000000000        4.67291717658       3.544781855666E-002 -3.552117462236E-003
   1.61598319445        2.47344641305       -2.16000000000        5.22714121782      -4.990483108012E-002 -7.228492353948E-003
   1.93917983334        2.96813569566       -2.16000000000        5.44692439440      -0.319608891484       8.400311358526E-003
   2.26237647223        3.46282497827       -2.16000000000        5.90750725035      -0.283870806916       1.083268331704E-002
   2.58557311112        3.95751426088       -2.16000000000        7.04617536643       6.407656893958E-002 -1.395664494383E-002
   2.90876975001        4.45220354349       -2.16000000000        8.72221937533        1.52540285695      -7.082624879656E-002
   3.23196638891        4.94689282610       -2.16000000000        8.17699206811        6.95295569799      -0.126450877574     
   3.55516302780        5.44158210871       -2.16000000000        1.97369143961        6.58020831136      -0.155802249218     
   0.00000000000        0.00000000000       -2.16000000000        4.62523158612      -1.578609719951E-002 -8.591048262446E-003
  0.145059606038       0.572827429873       -2.16000000000        4.67597001588      -5.310194938421E-003 -1.543684358588E-003
  0.290119212075        1.14565485975       -2.16000000000        4.66959051548       2.202056795680E-002 -3.656938476784E-003
  0.435178818113        1.71848228962       -2.16000000000        4.69919201115       1.930466122371E-002 -5.995985615610E-004
  0.580238424151        2.29130971949       -2.16000000000        4.72471894659       2.835670983588E-002  3.143337848716E-003
  0.725298030189        2.86413714937       -2.16000000000        5.23151508639      -0.144610206627       2.013326833608E-003
  0.870357636226        3.43696457924       -2.16000000000        5.06546807054      -0.540542105181       2.013701280868E-002
   1.01541724226        4.00979200911       -2.16000000000        4.86045715316      -0.779866306615       3.416511496134E-003
   1.16047684830        4.58261943899       -2.16000000000        4.40977827041       -2.01062567664       6.944101122877E-003
   1.30553645434        5.15544686886       -2.16000000000        3.21196318031       -2.51574204015      -1.605152272319E-002
   1.45059606038        5.72827429873       -2.16000000000        1.47260460149       -2.66361509515      -1.670814926594E-002
   1.59565566642        6.30110172861       -2.16000000000       0.194286352943       -1.75229911798       2.068307314611E-004
   0.00000000000        0.00000000000       -2.16000000000        4.62523158612      -1.578609719951E-002 -8.591048262446E-003
 -4.879688596092E-002  0.588890836777       -2.16000000000        4.66848133092      -6.396718026894E-003 -2.879555029825E-003
 -9.759377192185E-002   1.17778167355       -2.16000000000        4.67086615599       1.620609968374E-002 -3.769041530302E-003
 -0.146390657883        1.76667251033       -2.16000000000        4.70162249648       9.330563675960E-003 -4.494001225236E-004
 -0.195187543844        2.35556334711       -2.16000000000        4.71715077867       2.758352890097E-002  3.440617620025E-003
 -0.243984429805        2.94445418388       -2.16000000000        5.18016383926       2.564034818288E-002  3.788946106147E-003
 -0.292781315766        3.53334502066       -2.16000000000        4.31222233235       4.636784753651E-002  1.087466630426E-002
 -0.341578201726        4.12223585744       -2.16000000000        4.19421241533       0.513642954875       1.206341356025E-003
 -0.390375087687        4.71112669421       -2.16000000000        3.51013743104       0.589905111119       1.981467658780E-002
 -0.439171973648        5.30001753099       -2.16000000000        2.86354884416       0.740432444005       1.716182085047E-002
 -0.487968859609        5.88890836777       -2.16000000000        1.85389890443       0.690202099370      -1.021982651147E-003
 -0.536765745570        6.47779920454       -2.16000000000       0.960802947102       0.728816010943      -1.889344554114E-002
   0.00000000000        0.00000000000       -2.16000000000        4.62523158612      -1.578609719951E-002 -8.591048262446E-003
 -0.237365478204       0.541138783933       -2.16000000000        4.65569715155      -8.804073587781E-003 -4.912307895258E-003
 -0.474730956408        1.08227756787       -2.16000000000        4.67529244648       4.671207153655E-003 -3.110779132287E-003
 -0.712096434612        1.62341635180       -2.16000000000        4.69028102785       7.422491242693E-003 -1.554486195613E-003
 -0.949461912816        2.16455513573       -2.16000000000        4.65567907427       0.178121756480       1.593454451087E-003
  -1.18682739102        2.70569391966       -2.16000000000        5.14895603129       0.118740840520       1.996067853908E-002
  -1.42419286922        3.24683270360       -2.16000000000        5.21044880718       0.288033737815       1.156396497163E-002
  -1.66155834743        3.78797148753       -2.16000000000        5.56346113094       0.727005040014       2.217388127511E-003
  -1.89892382563        4.32911027146       -2.16000000000        6.30088631360        1.51734268936       3.429960491774E-002
  -2.13628930384        4.87024905539       -2.16000000000        7.10149375459        5.08711450002       7.791796303463E-002
  -2.37365478204        5.41138783933       -2.16000000000       0.582061536325        5.41740149066       9.254987754483E-002
  -2.61102026024        5.95252662326       -2.16000000000       -5.10040552603        1.36932069299       8.858077875381E-002
   0.00000000000        0.00000000000       -2.16000000000        4.62523158612      -1.578609719951E-002 -8.591048262446E-003
 -0.400211837779       0.434745947216       -2.16000000000        4.63938082366      -1.208302309834E-002 -7.373257414399E-003
 -0.800423675558       0.869491894432       -2.16000000000        4.65839132271      -5.957377779477E-003 -5.532921988113E-003
  -1.20063551334        1.30423784165       -2.16000000000        4.67358594904       8.764476352833E-003 -3.741615142234E-003
  -1.60084735112        1.73898378886       -2.16000000000        4.68560876470       3.134155376803E-002 -4.123759233201E-004
  -2.00105918889        2.17372973608       -2.16000000000        5.01612582966       0.138693650623       2.619344717276E-003
  -2.40127102667        2.60847568330       -2.16000000000        5.28087229697      -0.236788895654      -5.661699788226E-003
  -2.80148286445        3.04322163051       -2.16000000000        5.36742098561      -0.595559701309       2.292580506860E-002
  -3.20169470223        3.47796757773       -2.16000000000        5.70668988115       -1.24912743820       8.403381607555E-002
  -3.60190654001        3.91271352494       -2.16000000000        5.68151255612       -2.01818760813       0.154365709894     
  -4.00211837779        4.34745947216       -2.16000000000        4.72566632757       -2.89919781631       0.319689413949     
  -4.40233021557        4.78220541938       -2.16000000000        3.52836318675       -3.33382555096       0.440635025960     
   0.00000000000        0.00000000000       -2.16000000000        4.62523158612      -1.578609719951E-002 -8.591048262446E-003
 -0.519689034804       0.281241641340       -2.16000000000        4.62969972126      -1.169254335689E-002 -8.920094242836E-003
  -1.03937806961       0.562483282680       -2.16000000000        4.64829279821      -1.771042668032E-002 -6.355287988138E-003
  -1.55906710441       0.843724924020       -2.16000000000        4.64245920828      -1.363434722671E-003 -7.721434277632E-003
  -2.07875613922        1.12496656536       -2.16000000000        4.64507182840      -1.926010107866E-002 -7.589736729555E-003
  -2.59844517402        1.40620820670       -2.16000000000        4.83961671449      -0.144177932493       2.199460344487E-002
  -3.11813420882        1.68744984804       -2.16000000000        4.70010111351      -0.458734821177       2.589671060531E-002
  -3.63782324363        1.96869148938       -2.16000000000        4.53005210655      -0.661623287462       2.949984113864E-002
  -4.15751227843        2.24993313072       -2.16000000000        4.25241083916      -0.807945821669       6.266324579963E-002
  -4.67720131323        2.53117477206       -2.16000000000        4.00355183972      -0.985213343829       0.110243173134     
  -5.19689034804        2.81241641340       -2.16000000000        3.56005404533       -1.11834341895       0.181146637674     
  -5.71657938284        3.09365805474       -2.16000000000        3.07207003688       -1.26794203308       0.202601965255     
   0.00000000000        0.00000000000       -2.16000000000        4.62523158612      -1.578609719951E-002 -8.591048262446E-003
 -0.582849861102       9.726043971134E-002  -2.16000000000        4.61953442708      -1.174566369232E-002 -1.043127383362E-002
  -1.16569972220       0.194520879423       -2.16000000000        4.66267190970      -3.437644242324E-002 -3.010061268683E-003
  -1.74854958330       0.291781319134       -2.16000000000        4.63859388316      -9.621567491199E-004 -7.784429341309E-003
  -2.33139944441       0.389041758845       -2.16000000000        4.61961205613      -8.039199755219E-003 -9.616857226663E-003
  -2.91424930551       0.486302198557       -2.16000000000        4.60413998153      -6.686295998192E-002  2.196719939475E-002
  -3.49709916661       0.583562638268       -2.16000000000        4.37063927589      -8.864049979641E-002  2.794840747749E-002
  -4.07994902771       0.680823077979       -2.16000000000        4.16683386433      -0.147400271803       2.683554187541E-002
  -4.66279888881       0.778083517691       -2.16000000000        3.93808282081      -0.195745791633       3.009895179231E-002
  -5.24564874991       0.875343957402       -2.16000000000        3.69113541514      -0.211169984567       2.472049952857E-002
  -5.82849861102       0.972604397113       -2.16000000000        3.44748006901      -0.228076628737       9.060015348419E-002
  -6.41134847212        1.06986483682       -2.16000000000        3.39066965923      -0.130859366698      -9.728743235712E-002
   0.00000000000        0.00000000000       -2.16000000000        4.62523158612      -1.578609719951E-002 -8.591048262446E-003
 -0.582849861102      -9.726043971134E-002  -2.16000000000        4.62104278191      -2.015133739725E-002 -9.477878668835E-003
  -1.16569972220      -0.194520879423       -2.16000000000        4.66490364637      -4.312461937788E-002 -1.937130943101E-003
  -1.74854958330      -0.291781319134       -2.16000000000        4.64519059275      -9.840634403304E-003 -6.495710697580E-003
  -2.33139944441      -0.389041758845       -2.16000000000        4.61197427206       5.717257679033E-003 -9.721961821590E-003
  -2.91424930551      -0.486302198557       -2.16000000000        4.63636920632       6.931018661317E-002  1.348826624347E-002
  -3.49709916661      -0.583562638268       -2.16000000000        4.50534241306       0.257614049375       2.305235413886E-002
  -4.07994902771      -0.680823077979       -2.16000000000        4.20154227101       0.268748030773       3.609527522017E-002
  -4.66279888881      -0.778083517691       -2.16000000000        3.96663285704       0.253867560176       3.809577952423E-002
  -5.24564874991      -0.875343957402       -2.16000000000        3.73906038765       0.250629886665       6.782826229565E-002
  -5.82849861102      -0.972604397113       -2.16000000000        3.44357117883       0.208706077773       8.702317761274E-002
  -6.41134847212       -1.06986483682       -2.16000000000        3.10958222830       9.141075560956E-002 -7.085229720906E-002
   0.00000000000        0.00000000000       -2.16000000000        4.62523158612      -1.578609719951E-002 -8.591048262446E-003
 -0.519689034804      -0.281241641340       -2.16000000000        4.62063180359      -2.638505854410E-002 -8.914603108622E-003
  -1.03937806961      -0.562483282680       -2.16000000000        4.66869224622      -6.180749551860E-002  3.955479535114E-004
  -1.55906710441      -0.843724924020       -2.16000000000        4.66034550256      -2.837389582033E-002 -3.944612387252E-003
  -2.07875613922       -1.12496656536       -2.16000000000        4.65090894598       1.087147137799E-002 -5.175625681097E-003
  -2.59844517402       -1.40620820670       -2.16000000000        4.86082390704       0.126753662909       9.356769271025E-003
  -3.11813420882       -1.68744984804       -2.16000000000        4.73453599680       0.384212895704       1.232076982354E-002
  -3.63782324363       -1.96869148938       -2.16000000000        4.57675787647       0.645132463156       3.432463334999E-002
  -4.15751227843       -2.24993313072       -2.16000000000        4.36047083870       0.892807137781       8.434835856948E-002
  -4.67720131323       -2.53117477206       -2.16000000000        4.08772782660       0.971464945239       0.104085617104     
  -5.19689034804       -2.81241641340       -2.16000000000        3.51363274297        1.16236221551       0.145743119634     
  -5.71657938284       -3.09365805474       -2.16000000000        2.94198098397        1.21765111074       0.151268603303     
   0.00000000000        0.00000000000       -2.16000000000        4.62523158612      -1.578609719951E-002 -8.591048262446E-003
 -0.400211837779      -0.434745947216       -2.16000000000        4.61280615254      -2.580554861303E-002 -9.937470657887E-003
 -0.800423675558      -0.869491894432       -2.16000000000        4.67340330759      -8.809872449349E-002  3.676634505789E-003
  -1.20063551334       -1.30423784165       -2.16000000000        4.67922895684      -5.312706968881E-002  1.494251058096E-003
  -1.60084735112       -1.73898378886       -2.16000000000        4.69468260572       1.950607760830E-003  8.703950111259E-004
  -2.00105918889       -2.17372973608       -2.16000000000        4.97076169162      -0.113742897651       5.097435729306E-003
  -2.40127102667       -2.60847568330       -2.16000000000        4.91344972976       0.323914289047       9.474275480290E-003
  -2.80148286445       -3.04322163051       -2.16000000000        4.91879059125       0.717463815584       8.089164474983E-002
  -3.20169470223       -3.47796757773       -2.16000000000        5.29829859868        1.34754497808       0.121544665092     
  -3.60190654001       -3.91271352494       -2.16000000000        5.68478545101        2.09938246149       0.152852929587     
  -4.00211837779       -4.34745947216       -2.16000000000        4.94630365214        3.00040334989       0.288575495534     
  -4.40233021557       -4.78220541938       -2.16000000000        3.73307798280        3.12250831606       0.351269946725     
   0.00000000000        0.00000000000       -2.16000000000        4.62523158612      -1.578609719951E-002 -8.591048262446E-003
 -0.237365478204      -0.541138783933       -2.16000000000        4.59841385947      -1.847560649710E-002 -1.243563774624E-002
 -0.474730956408       -1.08227756787       -2.16000000000        4.64646664052      -6.266852768662E-002 -1.667351513941E-003
 -0.712096434612       -1.62341635180       -2.16000000000        4.70046944425      -7.218265489336E-002  7.981547833558E-003
 -0.949461912816       -2.16455513573       -2.16000000000        4.72145713708      -2.802176660967E-002  7.853332834175E-003
  -1.18682739102       -2.70569391966       -2.16000000000        5.05659853887      -0.125939101927       1.542975313422E-002
  -1.42419286922       -3.24683270360       -2.16000000000        5.50364392716      -9.978424223153E-002  4.724233578139E-002
  -1.66155834743       -3.78797148753       -2.16000000000        6.04941434524      -0.965642485294       5.561096926311E-002
  -1.89892382563       -4.32911027146       -2.16000000000        6.10536144739       -1.82497007498       6.822161536128E-002
  -2.13628930384       -4.87024905539       -2.16000000000        6.17741419236       -5.40547295008       0.100932376069     
  -2.37365478204       -5.41138783933       -2.16000000000        4.08405996436       -5.70322856729       0.105409481201     
  -2.61102026024       -5.95252662326       -2.16000000000       -5.02106946389       -1.34423829064       0.112974328898     
   0.00000000000        0.00000000000       -2.16000000000        4.62523158612      -1.578609719951E-002 -8.591048262446E-003
 -4.879688596092E-002 -0.588890836777       -2.16000000000        4.59544964499      -1.695471951898E-002 -1.277124410599E-002
 -9.759377192185E-002  -1.17778167355       -2.16000000000        4.61366417337      -1.148785736953E-003 -1.020091865433E-002
 -0.146390657883       -1.76667251033       -2.16000000000        4.66385870051      -1.463541755709E-002 -7.765605868776E-004
 -0.195187543844       -2.35556334711       -2.16000000000        4.71724430237      -6.579912420656E-002  1.094736135696E-002
 -0.243984429805       -2.94445418388       -2.16000000000        5.04696617001      -8.403637222446E-002  1.310529231978E-002
 -0.292781315766       -3.53334502066       -2.16000000000        4.61888670309       6.110224016782E-002  1.190989016818E-002
 -0.341578201726       -4.12223585744       -2.16000000000        4.09166908583      -0.239999997916       1.285602514348E-002
 -0.390375087687       -4.71112669421       -2.16000000000        3.56064402904      -0.561541970357       1.375639389853E-002
 -0.439171973648       -5.30001753099       -2.16000000000        2.83045869756      -0.747671591189       1.426073217547E-002
 -0.487968859609       -5.88890836777       -2.16000000000        1.83837414181      -0.772221169511       4.335808820304E-002
 -0.536765745570       -6.47779920454       -2.16000000000        1.19280603699      -0.577089173264       5.963100375998E-002
   0.00000000000        0.00000000000       -2.16000000000        4.62523158612      -1.578609719951E-002 -8.591048262446E-003
  0.145059606038      -0.572827429873       -2.16000000000        4.60005787141      -1.719759208155E-002 -1.169109792805E-002
  0.290119212075       -1.14565485975       -2.16000000000        4.61746099441       3.258537526208E-003 -9.034191150662E-003
  0.435178818113       -1.71848228962       -2.16000000000        4.63947556721       6.816014801608E-003 -6.374825827147E-003
  0.580238424151       -2.29130971949       -2.16000000000        4.64647305932      -2.238034434767E-002 -3.443987368914E-003
  0.725298030189       -2.86413714937       -2.16000000000        5.20919074848       0.283916594856       9.647590676413E-003
  0.870357636226       -3.43696457924       -2.16000000000        4.99513321715       0.542182677009       5.609140028653E-004
   1.01541724226       -4.00979200911       -2.16000000000        4.69874958571        1.08395808240      -5.477620753170E-003
   1.16047684830       -4.58261943899       -2.16000000000        4.32832909189        1.67818286509      -1.181766109045E-002
   1.30553645434       -5.15544686886       -2.16000000000        3.27222100766        2.42184856345      -9.740569041107E-003
   1.45059606038       -5.72827429873       -2.16000000000        1.47865855594        2.66903999415      -2.716881020815E-002
   1.59565566642       -6.30110172861       -2.16000000000       0.100110679857        1.76869065839      -2.804894189988E-002
   0.00000000000        0.00000000000       -2.16000000000        4.62523158612      -1.578609719951E-002 -8.591048262446E-003
  0.323196638891      -0.494689282610       -2.16000000000        4.60750528225      -1.696453040170E-002 -1.022828409319E-002
  0.646393277781      -0.989378565219       -2.16000000000        4.61743010461      -2.970208397920E-003 -8.010968682051E-003
  0.969589916672       -1.48406784783       -2.16000000000        4.63801819732      -1.622088639855E-002 -6.861773391284E-003
   1.29278655556       -1.97875713044       -2.16000000000        4.63784907606      -2.000469462731E-002 -7.580376300226E-003
   1.61598319445       -2.47344641305       -2.16000000000        5.15019675614       8.916219169441E-002 -1.248957602688E-002
   1.93917983334       -2.96813569566       -2.16000000000        5.63771199970       0.176273445773      -2.676260452544E-002
   2.26237647223       -3.46282497827       -2.16000000000        6.19669731207       0.182223468960      -4.262979450638E-002
   2.58557311112       -3.95751426088       -2.16000000000        6.88209794401      -0.102566254440      -6.613536043320E-002
   2.90876975001       -4.45220354349       -2.16000000000        8.74643814066       -1.51740605646      -0.105333728350     
   3.23196638891       -4.94689282610       -2.16000000000        8.38348841857       -7.18221087799      -0.132240565545     
   3.55516302780       -5.44158210871       -2.16000000000        2.28794732086       -6.71724123004      -0.173503224194     
   0.00000000000        0.00000000000       -2.16000000000        4.62523158612      -1.578609719951E-002 -8.591048262446E-003
  0.466310301007      -0.362943875680       -2.16000000000        4.61675136302      -1.695876920295E-002 -8.639413008725E-003
  0.932620602014      -0.725887751361       -2.16000000000        4.60976613060      -1.469091790685E-002 -8.167042014693E-003
   1.39893090302       -1.08883162704       -2.16000000000        4.63364290079      -1.517472393649E-002 -5.031854063229E-003
   1.86524120403       -1.45177550272       -2.16000000000        4.60602751499      -3.326292263548E-002 -7.145700010184E-003
   2.33155150503       -1.81471937840       -2.16000000000        4.92548996982      -3.273441312600E-002 -2.680596141164E-002
   2.79786180604       -2.17766325408       -2.16000000000        4.88301536319      -0.307160700617      -5.462732452774E-002
   3.26417210705       -2.54060712976       -2.16000000000        4.87922595042      -0.626012942737      -7.979999459909E-002
   3.73048240806       -2.90355100544       -2.16000000000        4.88747649441      -0.992996812399      -9.934499942654E-002
   4.19679270906       -3.26649488112       -2.16000000000        4.62032563099       -1.54909736095      -0.181725096633     
   4.66310301007       -3.62943875680       -2.16000000000        4.16071868992       -2.02779873061      -0.310213438095     
   5.12941331108       -3.99238263248       -2.16000000000        3.52650544576       -2.05823316173      -0.452631962239     
   0.00000000000        0.00000000000       -2.16000000000        4.62523158612      -1.578609719951E-002 -8.591048262446E-003
  0.558892006459      -0.191867868166       -2.16000000000        4.62679415741      -1.718093280056E-002 -7.096663510528E-003
   1.11778401292      -0.383735736333       -2.16000000000        4.62948485642      -1.529980004040E-002 -5.128302731934E-003
   1.67667601938      -0.575603604499       -2.16000000000        4.63219974125      -1.340664032464E-002 -3.156847800076E-003
   2.23556802584      -0.767471472666       -2.16000000000        4.57265319928      -2.330757464368E-002 -6.006277244099E-003
   2.79446003230      -0.959339340832       -2.16000000000        4.55337335316      -6.557615438515E-002 -2.745654826090E-002
   3.35335203876       -1.15120720900       -2.16000000000        4.38055155191      -0.266433687243      -5.798878276189E-002
   3.91224404522       -1.34307507716       -2.16000000000        4.22109343888      -0.390934186757      -8.907384380890E-002
   4.47113605168       -1.53494294533       -2.16000000000        4.05165484243      -0.514350609128      -0.107569853835     
   5.03002805814       -1.72681081350       -2.16000000000        3.74274028401      -0.619207767157      -0.142864365666     
   5.58892006459       -1.91867868166       -2.16000000000        3.39088060861      -0.694855532066      -0.174529052491     
   6.14781207105       -2.11054654983       -2.16000000000        3.00887766767      -0.728827650977      -0.154261741387     
   0.00000000000        0.00000000000       -2.16000000000        4.62523158612      -1.578609719951E-002 -8.591048262446E-003
  0.590909090909        0.00000000000       -2.16000000000        4.64473520725      -1.353436210105E-002 -4.719470017748E-003
   1.18181818182      -1.172487511250E-015  -2.16000000000        4.66436746029      -7.186718093589E-003 -6.093043697711E-004
   1.77272727273        0.00000000000       -2.16000000000        4.63987024227       2.938110900396E-004 -3.121890082595E-003
   2.36363636364        0.00000000000       -2.16000000000        4.62707104864       1.637202766082E-003 -6.135085912210E-003
   2.95454545455        0.00000000000       -2.16000000000        4.45403578155       1.648102515747E-003 -2.553624193685E-002
   3.54545454545        0.00000000000       -2.16000000000        4.26290344614      -6.482522201150E-002 -5.783989094316E-002
   4.13636363636        0.00000000000       -2.16000000000        4.06209248927      -5.068008883827E-002 -8.523676263937E-002
   4.72727272727        0.00000000000       -2.16000000000        3.85598200736      -5.319779929578E-003 -0.107017781706     
   5.31818181818        0.00000000000       -2.16000000000        3.60386540917       1.279603862597E-002 -0.131902116010     
   5.90909090909        0.00000000000       -2.16000000000        3.33656524029      -1.970178973632E-002 -0.220031397355     
   6.50000000000        0.00000000000       -2.16000000000        3.07191018271       2.559942915691E-002 -0.265216654704     
