 12 20 1 1
 1 X [LENGU]
 2 Y [LENGU]
 3 Z [LENGU]
 4 Hx [FIELU]
 5 Hy [FIELU]
 6 Hz [FIELU]
 0
   0.00000000000        0.00000000000       -2.16000000000        2.94361828940      -1.004766346958E-002 -4.526968844161E-003
  0.590909090909        0.00000000000       -2.16000000000        2.95613528445      -8.782714283999E-003 -2.044592710672E-003
   1.18181818182        0.00000000000       -2.16000000000        2.96852207184      -4.721690787287E-003  6.969909174946E-004
   1.77272727273        0.00000000000       -2.16000000000        2.95273550552       1.733095900416E-005 -8.851950655389E-004
   2.36363636364        0.00000000000       -2.16000000000        2.94459053997       8.306480307391E-004 -3.009352775585E-003
   2.95454545455        0.00000000000       -2.16000000000        2.82841254421       1.308702889490E-003 -1.317412598586E-002
   3.54545454545        0.00000000000       -2.16000000000        2.70703780331      -4.107788105582E-002 -3.285109328493E-002
   4.13636363636        0.00000000000       -2.16000000000        2.57969161314      -3.212070154502E-002 -4.946476581396E-002
   4.72727272727        0.00000000000       -2.16000000000        2.44905576734      -3.246771818280E-003 -6.261494255576E-002
   5.31818181818        0.00000000000       -2.16000000000        2.29043372256       7.976923125695E-003 -7.782502608387E-002
   5.90909090909        0.00000000000       -2.16000000000        2.12329357363      -1.221119519786E-002 -0.131862155884     
   6.50000000000        0.00000000000       -2.16000000000        1.95706618194       1.667517465361E-002 -0.159625035598     
   0.00000000000        0.00000000000       -2.16000000000        2.94361828940      -1.004766346958E-002 -4.526968844161E-003
  0.558892006459       0.191867868166       -2.16000000000        2.96658417553      -6.618665281451E-003 -8.147573133389E-004
   1.11778401292       0.383735736333       -2.16000000000        2.98139606876       1.450625834193E-004  1.724554365475E-003
   1.67667601938       0.575603604499       -2.16000000000        2.95948266559       7.259726054909E-003 -1.062892238934E-003
   2.23556802584       0.767471472666       -2.16000000000        2.92864667388       2.220132685539E-002 -5.891867640025E-003
   2.79446003230       0.959339340832       -2.16000000000        2.89084921191       6.148207802946E-002 -5.504231173485E-003
   3.35335203876        1.15120720900       -2.16000000000        2.75873615113       0.192404394131      -2.215548568641E-002
   3.91224404522        1.34307507716       -2.16000000000        2.64425897540       0.270602668189      -3.842586205536E-002
   4.47113605168        1.53494294533       -2.16000000000        2.52251763696       0.331502332402      -5.083451962715E-002
   5.03002805814        1.72681081350       -2.16000000000        2.34657616064       0.381585271142      -6.602781568510E-002
   5.58892006459        1.91867868166       -2.16000000000        2.14193594929       0.413786141473      -8.900980128152E-002
   6.14781207105        2.11054654983       -2.16000000000        1.85352001199       0.370000751226      -0.108641503942     
   0.00000000000        0.00000000000       -2.16000000000        2.94361828940      -1.004766346958E-002 -4.526968844161E-003
  0.466310301007       0.362943875680       -2.16000000000        2.97375291453      -4.870603933480E-003 -1.694829922436E-005
  0.932620602014       0.725887751361       -2.16000000000        2.98701853290       5.183173842276E-003  1.724931301454E-003
   1.39893090302        1.08883162704       -2.16000000000        2.97128461271       1.781185305814E-002 -5.834416559665E-004
   1.86524120403        1.45177550272       -2.16000000000        2.93802887555       3.304167352793E-002 -5.488528235122E-003
   2.33155150503        1.81471937840       -2.16000000000        3.19328782219       5.180705300462E-002 -3.679381981973E-003
   2.79786180604        2.17766325408       -2.16000000000        3.20589548729       0.277506487278      -4.082953003341E-003
   3.26417210705        2.54060712976       -2.16000000000        3.25108436002       0.676161582344      -1.082766685757E-002
   3.73048240806        2.90355100544       -2.16000000000        3.10254528837       0.796255998876      -2.657523575828E-002
   4.19679270906        3.26649488112       -2.16000000000        2.89934342322       0.945726345467      -6.186579349636E-002
   4.66310301007        3.62943875680       -2.16000000000        2.60536577573        1.21618609211      -0.115623861558     
   5.12941331108        3.99238263248       -2.16000000000        2.22551471767        1.39187434481      -0.212663392856     
   0.00000000000        0.00000000000       -2.16000000000        2.94361828940      -1.004766346958E-002 -4.526968844161E-003
  0.323196638891       0.494689282610       -2.16000000000        2.97680454076      -3.704816915615E-003  2.649268210028E-004
  0.646393277781       0.989378565219       -2.16000000000        2.97409688792       1.316435926956E-002 -7.432887617178E-004
  0.969589916672        1.48406784783       -2.16000000000        2.98019417018       2.479067026775E-002 -3.833462803119E-004
   1.29278655556        1.97875713044       -2.16000000000        2.97328122925       2.253371712899E-002 -1.491671016338E-003
   1.61598319445        2.47344641305       -2.16000000000        3.32014189390      -3.587175621172E-002 -3.286013845595E-003
   1.93917983334        2.96813569566       -2.16000000000        3.46089448978      -0.204399338227       6.966829461265E-003
   2.26237647223        3.46282497827       -2.16000000000        3.75221608628      -0.181627563522       8.841906306784E-003
   2.58557311112        3.95751426088       -2.16000000000        4.47455504384       3.942783306142E-002 -5.198295589500E-003
   2.90876975001        4.45220354349       -2.16000000000        5.53949799511       0.968339401553      -3.987080107782E-002
   3.23196638891        4.94689282610       -2.16000000000        5.19435573256        4.41441150183      -7.330314438429E-002
   3.55516302780        5.44158210871       -2.16000000000        1.25881030158        4.17948212848      -9.123098350126E-002
   0.00000000000        0.00000000000       -2.16000000000        2.94361828940      -1.004766346958E-002 -4.526968844161E-003
  0.145059606038       0.572827429873       -2.16000000000        2.97588165695      -3.429837834058E-003 -1.973360107762E-005
  0.290119212075        1.14565485975       -2.16000000000        2.97174704394       1.397027127491E-002 -1.394353814042E-003
  0.435178818113        1.71848228962       -2.16000000000        2.99039081340       1.231499023925E-002  4.551515059151E-004
  0.580238424151        2.29130971949       -2.16000000000        3.00626566148       1.813779601700E-002  2.774340035951E-003
  0.725298030189        2.86413714937       -2.16000000000        3.32628870650      -9.614826369159E-002  2.128470935988E-003
  0.870357636226        3.43696457924       -2.16000000000        3.22152218783      -0.344158791387       1.459743829673E-002
   1.01541724226        4.00979200911       -2.16000000000        3.09024506242      -0.496969435367       5.037029862335E-003
   1.16047684830        4.58261943899       -2.16000000000        2.80333580764       -1.27750953982       8.811736250388E-003
   1.30553645434        5.15544686886       -2.16000000000        2.04370209272       -1.59569172976      -3.917311463739E-003
   1.45059606038        5.72827429873       -2.16000000000       0.938728321775       -1.68897834631      -2.424551011077E-003
   1.59565566642        6.30110172861       -2.16000000000       0.129344136443       -1.10833217284       1.125069555787E-002
   0.00000000000        0.00000000000       -2.16000000000        2.94361828940      -1.004766346958E-002 -4.526968844161E-003
 -4.879688596092E-002  0.588890836777       -2.16000000000        2.97108427187      -4.075464939038E-003 -8.400821917716E-004
 -9.759377192185E-002   1.17778167355       -2.16000000000        2.97248635409       1.037203841444E-002 -1.398234135337E-003
 -0.146390657883        1.76667251033       -2.16000000000        2.99191758487       6.110064455307E-003  6.292539859516E-004
 -0.195187543844        2.35556334711       -2.16000000000        3.00176035946       1.774928918401E-002  3.004609750265E-003
 -0.243984429805        2.94445418388       -2.16000000000        3.29449926448       1.346257958339E-002  3.910074098365E-003
 -0.292781315766        3.53334502066       -2.16000000000        2.74388953377       3.054236990313E-002  8.715988593950E-003
 -0.341578201726        4.12223585744       -2.16000000000        2.66809723902       0.324999090561       3.775187880182E-003
 -0.390375087687        4.71112669421       -2.16000000000        2.23314132755       0.373917599498       1.747051756896E-002
 -0.439171973648        5.30001753099       -2.16000000000        1.82214532361       0.471560573606       1.732377954960E-002
 -0.487968859609        5.88890836777       -2.16000000000        1.18034625639       0.440309968832       8.745611278040E-003
 -0.536765745570        6.47779920454       -2.16000000000       0.610920377191       0.467946384751      -6.125079437704E-004
   0.00000000000        0.00000000000       -2.16000000000        2.94361828940      -1.004766346958E-002 -4.526968844161E-003
 -0.237365478204       0.541138783933       -2.16000000000        2.96293225664      -5.571734515793E-003 -2.107221452258E-003
 -0.474730956408        1.08227756787       -2.16000000000        2.97525368985       3.122010118711E-003 -9.117954909640E-004
 -0.712096434612        1.62341635180       -2.16000000000        2.98469576216       4.989726498939E-003  4.336804910778E-005
 -0.949461912816        2.16455513573       -2.16000000000        2.96280376414       0.113672270158       1.890924336081E-003
  -1.18682739102        2.70569391966       -2.16000000000        3.27636531917       7.389901913457E-002  1.396252644315E-002
  -1.42419286922        3.24683270360       -2.16000000000        3.31379385518       0.180691050638       9.029590006654E-003
  -1.66155834743        3.78797148753       -2.16000000000        3.53970184993       0.462253443491       3.693957381543E-003
  -1.89892382563        4.32911027146       -2.16000000000        4.00563837336       0.964637966230       2.575893784958E-002
  -2.13628930384        4.87024905539       -2.16000000000        4.51203323852        3.23421814729       5.504620818896E-002
  -2.37365478204        5.41138783933       -2.16000000000       0.372547987847        3.44548627216       6.588329446755E-002
  -2.61102026024        5.95252662326       -2.16000000000       -3.23499493656       0.878469426458       6.483612957882E-002
   0.00000000000        0.00000000000       -2.16000000000        2.94361828940      -1.004766346958E-002 -4.526968844161E-003
 -0.400211837779       0.434745947216       -2.16000000000        2.95254389277      -7.630162394039E-003 -3.654491440760E-003
 -0.800423675558       0.869491894432       -2.16000000000        2.96449036564      -3.587787758812E-003 -2.404595449453E-003
  -1.20063551334        1.30423784165       -2.16000000000        2.97402548385       5.928267119038E-003 -1.209605697500E-003
  -1.60084735112        1.73898378886       -2.16000000000        2.98178685891       2.044773633539E-002  6.826425541974E-004
  -2.00105918889        2.17372973608       -2.16000000000        3.19516687463       8.550927534924E-002  2.744189428625E-003
  -2.40127102667        2.60847568330       -2.16000000000        3.36154021225      -0.146587780583      -3.853717538837E-004
  -2.80148286445        3.04322163051       -2.16000000000        3.42286301532      -0.370446582037       1.640854339447E-002
  -3.20169470223        3.47796757773       -2.16000000000        3.63863096332      -0.781468665731       5.538836120370E-002
  -3.60190654001        3.91271352494       -2.16000000000        3.61675460572       -1.26398206177       9.874335395748E-002
  -4.00211837779        4.34745947216       -2.16000000000        3.00218592658       -1.82068951321       0.207180821910     
  -4.40233021557        4.78220541938       -2.16000000000        2.23261604013       -2.09607253317       0.286403697658     
   0.00000000000        0.00000000000       -2.16000000000        2.94361828940      -1.004766346958E-002 -4.526968844161E-003
 -0.519689034804       0.281241641340       -2.16000000000        2.94626435357      -7.220243123626E-003 -4.662120788555E-003
  -1.03937806961       0.562483282680       -2.16000000000        2.95798262244      -1.093506184629E-002 -2.945486575968E-003
  -1.55906710441       0.843724924020       -2.16000000000        2.95440620643      -6.093849282482E-004 -3.779037758456E-003
  -2.07875613922        1.12496656536       -2.16000000000        2.95607764868      -1.173811727448E-002 -3.887673605815E-003
  -2.59844517402        1.40620820670       -2.16000000000        3.08510803711      -8.963872199400E-002  1.576365411872E-002
  -3.11813420882        1.68744984804       -2.16000000000        3.00292393778      -0.282960115740       1.590190964291E-002
  -3.63782324363        1.96869148938       -2.16000000000        2.90471296532      -0.402463657548       1.602914732726E-002
  -4.15751227843        2.24993313072       -2.16000000000        2.72327184327      -0.483006404868       2.878870182568E-002
  -4.67720131323        2.53117477206       -2.16000000000        2.56254641580      -0.588872512370       5.460534739922E-002
  -5.19689034804        2.81241641340       -2.16000000000        2.26522575509      -0.664558268339       0.101614876811     
  -5.71657938284        3.09365805474       -2.16000000000        1.94194155817      -0.754706752019       0.120815918281     
   0.00000000000        0.00000000000       -2.16000000000        2.94361828940      -1.004766346958E-002 -4.526968844161E-003
 -0.582849861102       9.726043971134E-002  -2.16000000000        2.93969807226      -7.116718719645E-003 -5.655104326077E-003
  -1.16569972220       0.194520879423       -2.16000000000        2.96721706702      -2.162305415591E-002 -8.553832054149E-004
  -1.74854958330       0.291781319134       -2.16000000000        2.95212975403      -4.864576005932E-004 -3.895815627852E-003
  -2.33139944441       0.389041758845       -2.16000000000        2.94018392375      -4.913084847608E-003 -5.171053379222E-003
  -2.91424930551       0.486302198557       -2.16000000000        2.93975414167      -4.175745016163E-002  1.246116484930E-002
  -3.49709916661       0.583562638268       -2.16000000000        2.81636341766      -5.489022784166E-002  1.599388669110E-002
  -4.07994902771       0.680823077979       -2.16000000000        2.69584765696      -8.523232786533E-002  1.313922168369E-002
  -4.66279888881       0.778083517691       -2.16000000000        2.55929108549      -0.108678958327      -3.471171247984E-003
  -5.24564874991       0.875343957402       -2.16000000000        2.41292923817      -0.109682990305      -3.366057668529E-002
  -5.82849861102       0.972604397113       -2.16000000000        2.25328993129      -0.112001611994      -1.934423069197E-002
  -6.41134847212        1.06986483682       -2.16000000000        2.35011950231      -1.398385719685E-002 -0.240706729008     
   0.00000000000        0.00000000000       -2.16000000000        2.94361828940      -1.004766346958E-002 -4.526968844161E-003
 -0.582849861102      -9.726043971134E-002  -2.16000000000        2.94065785963      -1.245173381280E-002 -5.076354513156E-003
  -1.16569972220      -0.194520879423       -2.16000000000        2.96869905830      -2.723960489926E-002 -2.301791828426E-004
  -1.74854958330      -0.291781319134       -2.16000000000        2.95640210231      -6.217340244268E-003 -3.149912964265E-003
  -2.33139944441      -0.389041758845       -2.16000000000        2.93558653207       3.553366295316E-003 -5.272873309435E-003
  -2.91424930551      -0.486302198557       -2.16000000000        2.95592824503       4.351775066979E-002  1.035367622747E-002
  -3.49709916661      -0.583562638268       -2.16000000000        2.89301418525       0.151012044481       1.398102311301E-002
  -4.07994902771      -0.680823077979       -2.16000000000        2.72370064163       0.146042713305       2.068977417461E-002
  -4.66279888881      -0.778083517691       -2.16000000000        2.59123974355       0.131334900905       1.162965468375E-004
  -5.24564874991      -0.875343957402       -2.16000000000        2.44847182986       0.128611440722      -3.186720678477E-003
  -5.82849861102      -0.972604397113       -2.16000000000        2.24556060384       8.932620408380E-002 -2.624870831040E-002
  -6.41134847212       -1.06986483682       -2.16000000000        2.05550218110      -2.649698023367E-002 -0.210074470843     
   0.00000000000        0.00000000000       -2.16000000000        2.94361828940      -1.004766346958E-002 -4.526968844161E-003
 -0.519689034804      -0.281241641340       -2.16000000000        2.94041415498      -1.642701174065E-002 -4.749205036628E-003
  -1.03937806961      -0.562483282680       -2.16000000000        2.97114705247      -3.914809585740E-002  1.195422181409E-003
  -1.55906710441      -0.843724924020       -2.16000000000        2.96600072544      -1.802566391573E-002 -1.596108062512E-003
  -2.07875613922       -1.12496656536       -2.16000000000        2.96032378140       6.731761094993E-003 -2.371416479552E-003
  -2.59844517402       -1.40620820670       -2.16000000000        3.09503553617       7.900100802098E-002  6.856837524363E-003
  -3.11813420882       -1.68744984804       -2.16000000000        3.02153856109       0.236566578345       9.373902662702E-003
  -3.63782324363       -1.96869148938       -2.16000000000        2.92599914943       0.396508117824       2.178138280029E-002
  -4.15751227843       -2.24993313072       -2.16000000000        2.79161390324       0.547721078220       4.842910016918E-002
  -4.67720131323       -2.53117477206       -2.16000000000        2.62477784637       0.589003824367       5.395049325908E-002
  -5.19689034804       -2.81241641340       -2.16000000000        2.24188743116       0.696203129596       7.770265504951E-002
  -5.71657938284       -3.09365805474       -2.16000000000        1.86376836493       0.724159854107       8.426389351892E-002
   0.00000000000        0.00000000000       -2.16000000000        2.94361828940      -1.004766346958E-002 -4.526968844161E-003
 -0.400211837779      -0.434745947216       -2.16000000000        2.93543520177      -1.604586935776E-002 -5.435387755033E-003
 -0.800423675558      -0.869491894432       -2.16000000000        2.97415325401      -5.586589472160E-002  3.229487194515E-003
  -1.20063551334       -1.30423784165       -2.16000000000        2.97798710523      -3.377311365051E-002  1.827935487479E-003
  -1.60084735112       -1.73898378886       -2.16000000000        2.98791094147       1.052156547684E-003  1.462586931284E-003
  -2.00105918889       -2.17372973608       -2.16000000000        3.16306367645      -7.352660631339E-002  4.474688103693E-003
  -2.40127102667       -2.60847568330       -2.16000000000        3.13549266887       0.197041031798       9.156198440093E-003
  -2.80148286445       -3.04322163051       -2.16000000000        3.13703827890       0.444093355425       5.017902083465E-002
  -3.20169470223       -3.47796757773       -2.16000000000        3.37511707998       0.842093920975       7.862485284338E-002
  -3.60190654001       -3.91271352494       -2.16000000000        3.61871348306        1.31694072550       9.969239850697E-002
  -4.00211837779       -4.34745947216       -2.16000000000        3.14519176670        1.88519160624       0.186868401691     
  -4.40233021557       -4.78220541938       -2.16000000000        2.36195896360        1.95095503510       0.228889077221     
   0.00000000000        0.00000000000       -2.16000000000        2.94361828940      -1.004766346958E-002 -4.526968844161E-003
 -0.237365478204      -0.541138783933       -2.16000000000        2.92626054683      -1.134960935533E-002 -7.060544123608E-003
 -0.474730956408       -1.08227756787       -2.16000000000        2.95697320157      -3.962885987173E-002 -2.232111010496E-004
 -0.712096434612       -1.62341635180       -2.16000000000        2.99145069027      -4.586979733362E-002  5.962470724162E-003
 -0.949461912816       -2.16455513573       -2.16000000000        3.00450946189      -1.802050468421E-002  5.820939286748E-003
  -1.18682739102       -2.70569391966       -2.16000000000        3.21942301121      -8.135263766447E-002  1.237838531025E-002
  -1.42419286922       -3.24683270360       -2.16000000000        3.50314031721      -6.627119960931E-002  3.247266455401E-002
  -1.66155834743       -3.78797148753       -2.16000000000        3.84905475053      -0.616542111529       3.896672342312E-002
  -1.89892382563       -4.32911027146       -2.16000000000        3.88404312824       -1.16252378936       4.779615472843E-002
  -2.13628930384       -4.87024905539       -2.16000000000        3.92669352568       -3.43819575099       7.030535504975E-002
  -2.37365478204       -5.41138783933       -2.16000000000        2.59560043118       -3.62829053224       7.389555132419E-002
  -2.61102026024       -5.95252662326       -2.16000000000       -3.18523555379      -0.862421557511       8.023622249825E-002
   0.00000000000        0.00000000000       -2.16000000000        2.94361828940      -1.004766346958E-002 -4.526968844161E-003
 -4.879688596092E-002 -0.588890836777       -2.16000000000        2.92444038060      -1.045937417680E-002 -7.293915317492E-003
 -9.759377192185E-002  -1.17778167355       -2.16000000000        2.93601493910      -4.147788510377E-004 -5.655952028455E-003
 -0.146390657883       -1.76667251033       -2.16000000000        2.96778654284      -9.198847226349E-003  3.144614166821E-004
 -0.195187543844       -2.35556334711       -2.16000000000        3.00165217755      -4.190683090924E-002  7.742005581159E-003
 -0.243984429805       -2.94445418388       -2.16000000000        3.21155180998      -5.320409187732E-002  1.121141566470E-002
 -0.292781315766       -3.53334502066       -2.16000000000        2.93964026110       3.858130563800E-002  1.133833159209E-002
 -0.341578201726       -4.12223585744       -2.16000000000        2.60390596758      -0.153267187500       1.291877033250E-002
 -0.390375087687       -4.71112669421       -2.16000000000        2.26570629467      -0.358091523499       1.440828269549E-002
 -0.439171973648       -5.30001753099       -2.16000000000        1.80136998520      -0.477802396343       1.573831204911E-002
 -0.487968859609       -5.88890836777       -2.16000000000        1.17111596081      -0.494945448776       3.690172799134E-002
 -0.536765745570       -6.47779920454       -2.16000000000       0.761059274946      -0.373847933841       4.859943338051E-002
   0.00000000000        0.00000000000       -2.16000000000        2.94361828940      -1.004766346958E-002 -4.526968844161E-003
  0.145059606038      -0.572827429873       -2.16000000000        2.92743674935      -1.070644267411E-002 -6.575207321433E-003
  0.290119212075       -1.14565485975       -2.16000000000        2.93846350828       2.311997526673E-003 -4.811055996245E-003
  0.435178818113       -1.71848228962       -2.16000000000        2.95211212883       4.501516119285E-003 -3.213393897457E-003
  0.580238424151       -2.29130971949       -2.16000000000        2.95648608550      -1.401468780623E-002 -1.461295453646E-003
  0.725298030189       -2.86413714937       -2.16000000000        3.31188056159       0.185088071230       7.751764453517E-003
  0.870357636226       -3.43696457924       -2.16000000000        3.17540039354       0.344559124209       4.353918647799E-003
   1.01541724226       -4.00979200911       -2.16000000000        2.98701967900       0.687921912489       1.204922660834E-003
   1.16047684830       -4.58261943899       -2.16000000000        2.75164442595        1.06450720791      -2.167054781661E-003
   1.30553645434       -5.15544686886       -2.16000000000        2.08079693120        1.53511654144       2.770417831210E-004
   1.45059606038       -5.72827429873       -2.16000000000       0.942033332057        1.69062697504      -9.541054867222E-003
   1.59565566642       -6.30110172861       -2.16000000000       6.621211536558E-002   1.11618768920      -7.795289773626E-003
   0.00000000000        0.00000000000       -2.16000000000        2.94361828940      -1.004766346958E-002 -4.526968844161E-003
  0.323196638891      -0.494689282610       -2.16000000000        2.93224075947      -1.065955852623E-002 -5.592706181273E-003
  0.646393277781      -0.989378565219       -2.16000000000        2.93847147552      -1.706493332886E-003 -4.066096078909E-003
  0.969589916672       -1.48406784783       -2.16000000000        2.95139345318      -1.012751537641E-002 -3.317920252902E-003
   1.29278655556       -1.97875713044       -2.16000000000        2.95104343522      -1.249756713126E-002 -3.955406158133E-003
   1.61598319445       -2.47344641305       -2.16000000000        3.27276582063       5.815951107060E-002 -4.658855718790E-003
   1.93917983334       -2.96813569566       -2.16000000000        3.58190507035       0.113702889418      -1.315302179016E-002
   2.26237647223       -3.46282497827       -2.16000000000        3.93646586946       0.117296063133      -2.246644197674E-002
   2.58557311112       -3.95751426088       -2.16000000000        4.37121855212      -6.385262592024E-002 -3.648147079389E-002
   2.90876975001       -4.45220354349       -2.16000000000        5.55406271863      -0.962886148105      -5.969374520703E-002
   3.23196638891       -4.94689282610       -2.16000000000        5.32374359375       -4.55875696707      -7.527794525189E-002
   3.55516302780       -5.44158210871       -2.16000000000        1.45568830493       -4.26502901439      -9.959194032895E-002
   0.00000000000        0.00000000000       -2.16000000000        2.94361828940      -1.004766346958E-002 -4.526968844161E-003
  0.466310301007      -0.362943875680       -2.16000000000        2.93821821470      -1.079099830350E-002 -4.540698756287E-003
  0.932620602014      -0.725887751361       -2.16000000000        2.93360304806      -9.175783651284E-003 -4.100109520662E-003
   1.39893090302       -1.08883162704       -2.16000000000        2.94875511967      -9.580798380066E-003 -1.998481498291E-003
   1.86524120403       -1.45177550272       -2.16000000000        2.93097525596      -2.104970800722E-002 -3.480106810203E-003
   2.33155150503       -1.81471937840       -2.16000000000        3.12900334468      -1.906962613712E-002 -1.374895058833E-002
   2.79786180604       -2.17766325408       -2.16000000000        3.10186141229      -0.193042095320      -3.069264960417E-002
   3.26417210705       -2.54060712976       -2.16000000000        3.09917817054      -0.395344982816      -4.597114074735E-002
   3.73048240806       -2.90355100544       -2.16000000000        3.10407113126      -0.628454319674      -5.774264666440E-002
   4.19679270906       -3.26649488112       -2.16000000000        2.93454272888      -0.982058906145      -0.108214261790     
   4.66310301007       -3.62943875680       -2.16000000000        2.64268628804       -1.28708040806      -0.187473403718     
   5.12941331108       -3.99238263248       -2.16000000000        2.24396099084       -1.31156587397      -0.274537930307     
   0.00000000000        0.00000000000       -2.16000000000        2.94361828940      -1.004766346958E-002 -4.526968844161E-003
  0.558892006459      -0.191867868166       -2.16000000000        2.94472136502      -1.108651846655E-002 -3.533186374549E-003
   1.11778401292      -0.383735736333       -2.16000000000        2.94637338648      -9.867900267754E-003 -2.115072496646E-003
   1.67667601938      -0.575603604499       -2.16000000000        2.94804043887      -8.641215890173E-003 -6.950840887350E-004
   2.23556802584      -0.767471472666       -2.16000000000        2.91007940958      -1.509614507180E-002 -2.810035130389E-003
   2.79446003230      -0.959339340832       -2.16000000000        2.89167972779      -4.048907493385E-002 -1.430292744161E-002
   3.35335203876       -1.15120720900       -2.16000000000        2.78177689238      -0.167828389850      -3.296069448434E-002
   3.91224404522       -1.34307507716       -2.16000000000        2.68054198390      -0.246829968789      -5.189635015486E-002
   4.47113605168       -1.53494294533       -2.16000000000        2.57297571800      -0.325164394922      -6.310342856614E-002
   5.03002805814       -1.72681081350       -2.16000000000        2.37809888357      -0.391667222756      -8.421738333312E-002
   5.58892006459       -1.91867868166       -2.16000000000        2.15642686804      -0.439355180810      -0.103073111307     
   6.14781207105       -2.11054654983       -2.16000000000        1.91655987133      -0.461112681934      -8.970179008649E-002
   0.00000000000        0.00000000000       -2.16000000000        2.94361828940      -1.004766346958E-002 -4.526968844161E-003
  0.590909090909        0.00000000000       -2.16000000000        2.95613528445      -8.782714283999E-003 -2.044592710672E-003
   1.18181818182      -1.172487511250E-015  -2.16000000000        2.96852207184      -4.721690787288E-003  6.969909174945E-004
   1.77272727273        0.00000000000       -2.16000000000        2.95273550552       1.733095900416E-005 -8.851950655389E-004
   2.36363636364        0.00000000000       -2.16000000000        2.94459053997       8.306480307391E-004 -3.009352775585E-003
   2.95454545455        0.00000000000       -2.16000000000        2.82841254421       1.308702889490E-003 -1.317412598586E-002
   3.54545454545        0.00000000000       -2.16000000000        2.70703780331      -4.107788105582E-002 -3.285109328493E-002
   4.13636363636        0.00000000000       -2.16000000000        2.57969161314      -3.212070154502E-002 -4.946476581396E-002
   4.72727272727        0.00000000000       -2.16000000000        2.44905576734      -3.246771818280E-003 -6.261494255576E-002
   5.31818181818        0.00000000000       -2.16000000000        2.29043372256       7.976923125695E-003 -7.782502608387E-002
   5.90909090909        0.00000000000       -2.16000000000        2.12329357363      -1.221119519786E-002 -0.131862155884     
   6.50000000000        0.00000000000       -2.16000000000        1.95706618194       1.667517465361E-002 -0.159625035598     
