 12 20 1 1
 1 X [LENGU]
 2 Y [LENGU]
 3 Z [LENGU]
 4 Hx [FIELU]
 5 Hy [FIELU]
 6 Hz [FIELU]
 0
   0.00000000000        0.00000000000       -97.2000000000        2.70202133682      -0.141918294810      -1.755413169191E-002
  0.590909090909        0.00000000000       -97.2000000000        2.70553345967      -0.138643430014      -1.895330428243E-002
   1.18181818182        0.00000000000       -97.2000000000        2.70982138560      -0.138596766413      -2.010359735990E-002
   1.77272727273        0.00000000000       -97.2000000000        2.70918894888      -0.133630832294      -1.893913938496E-002
   2.36363636364        0.00000000000       -97.2000000000        2.71035880533      -0.113866974213      -1.422188352725E-002
   2.95454545455        0.00000000000       -97.2000000000        2.15837702288      -5.266884173853E-002 -0.131911132627     
   3.54545454545        0.00000000000       -97.2000000000        2.05081143749      -7.907324361993E-003 -9.257850036762E-002
   4.13636363636        0.00000000000       -97.2000000000        1.96389577650      -5.293422214100E-003 -5.451732484326E-002
   4.72727272727        0.00000000000       -97.2000000000        1.89618342424      -1.408665910965E-002 -2.001857563985E-002
   5.31818181818        0.00000000000       -97.2000000000        1.75486641225      -3.480267941192E-002 -1.224987309347E-002
   5.90909090909        0.00000000000       -97.2000000000        1.67068350286      -2.405403024842E-002 -6.725458790816E-003
   6.50000000000        0.00000000000       -97.2000000000        1.58650059347      -1.330538108492E-002 -1.201044488166E-003
   0.00000000000        0.00000000000       -97.2000000000        2.70202133682      -0.141918294810      -1.755413169191E-002
  0.558892006459       0.191867868166       -97.2000000000        2.70777297942      -0.162390710007      -2.143477853869E-002
   1.11778401292       0.383735736333       -97.2000000000        2.71275408421      -0.179137940274      -2.562695339544E-002
   1.67667601938       0.575603604499       -97.2000000000        2.69851279373      -0.157238940796      -2.373978289924E-002
   2.23556802584       0.767471472666       -97.2000000000        2.69635483691      -0.120373427100      -1.787166811545E-002
   2.79446003230       0.959339340832       -97.2000000000        2.29701076586      -9.792251144664E-002 -0.129724471129     
   3.35335203876        1.15120720900       -97.2000000000        2.18131464790       2.893644003666E-002 -0.100642146305     
   3.91224404522        1.34307507716       -97.2000000000        2.08589925445       9.980564472623E-002 -6.200965869549E-002
   4.47113605168        1.53494294533       -97.2000000000        2.03726930533       0.184147518002      -2.907396136441E-002
   5.03002805814        1.72681081350       -97.2000000000        1.83693908501       0.237231891046      -2.134605003906E-002
   5.58892006459        1.91867868166       -97.2000000000        1.67219987149       0.265293496556      -2.376346614615E-002
   6.14781207105        2.11054654983       -97.2000000000        1.52986444683       0.295902492843      -1.889272715875E-002
   0.00000000000        0.00000000000       -97.2000000000        2.70202133682      -0.141918294810      -1.755413169191E-002
  0.466310301007       0.362943875680       -97.2000000000        2.71365949513      -0.189251708570      -2.512122995552E-002
  0.932620602014       0.725887751361       -97.2000000000        2.71019801740      -0.204431124453      -2.840110253509E-002
   1.39893090302        1.08883162704       -97.2000000000        2.70360761519      -0.193025948715      -2.755061289444E-002
   1.86524120403        1.45177550272       -97.2000000000        2.69640588383      -0.135334418558      -2.009538798522E-002
   2.33155150503        1.81471937840       -97.2000000000        2.63720415639      -0.177629703632      -0.116440808566     
   2.79786180604        2.17766325408       -97.2000000000        2.69968350901      -4.105449437972E-002 -4.832472626500E-002
   3.26417210705        2.54060712976       -97.2000000000        2.50179085652       0.348904338100      -2.911442296794E-002
   3.73048240806        2.90355100544       -97.2000000000        2.63170686286       0.527976681759      -1.233149190553E-002
   4.19679270906        3.26649488112       -97.2000000000        2.48485100413       0.699178112637      -4.659781431018E-003
   4.66310301007        3.62943875680       -97.2000000000        2.20353003375        1.14607310788       4.016404832021E-002
   5.12941331108        3.99238263248       -97.2000000000        1.86481397739        1.29126058568       2.580691848923E-002
   0.00000000000        0.00000000000       -97.2000000000        2.70202133682      -0.141918294810      -1.755413169191E-002
  0.323196638891       0.494689282610       -97.2000000000        2.72714787268      -0.177017438284      -2.194343856529E-002
  0.646393277781       0.989378565219       -97.2000000000        2.69589283187      -0.182968921916      -2.260976152032E-002
  0.969589916672        1.48406784783       -97.2000000000        2.67717186559      -0.163514637797      -1.932098437874E-002
   1.29278655556        1.97875713044       -97.2000000000        2.70188515615      -0.160028346967      -2.194680899540E-002
   1.61598319445        2.47344641305       -97.2000000000        2.80049642970      -0.212978954538      -9.573586896193E-002
   1.93917983334        2.96813569566       -97.2000000000        3.04539754771      -0.326935607186      -6.527449361597E-002
   2.26237647223        3.46282497827       -97.2000000000        3.12321038150      -0.358026094269      -1.920467451533E-002
   2.58557311112        3.95751426088       -97.2000000000        3.85730712227      -0.197319791343      -1.473528224468E-002
   2.90876975001        4.45220354349       -97.2000000000        4.68922876422       0.690483309767      -2.606348688056E-003
   3.23196638891        4.94689282610       -97.2000000000        4.46821059416        3.86915476574       1.095301254412E-002
   3.55516302780        5.44158210871       -97.2000000000        1.27406974417        3.27185334001       2.829820238241E-002
   0.00000000000        0.00000000000       -97.2000000000        2.70202133682      -0.141918294810      -1.755413169191E-002
  0.145059606038       0.572827429873       -97.2000000000        2.73442100913      -0.143317897449      -1.506380594875E-002
  0.290119212075        1.14565485975       -97.2000000000        2.69599565337      -0.133191138635      -1.185472341979E-002
  0.435178818113        1.71848228962       -97.2000000000        2.65757029762      -0.123064379821      -8.645640890820E-003
  0.580238424151        2.29130971949       -97.2000000000        2.68230310091      -0.133531773159      -1.394865741592E-002
  0.725298030189        2.86413714937       -97.2000000000        2.85196991624      -0.347000533795       5.917010470330E-003
  0.870357636226        3.43696457924       -97.2000000000        2.88314172929      -0.163315444977      -2.011868318579E-002
   1.01541724226        4.00979200911       -97.2000000000        2.53984164026      -0.476476192121      -2.510776178846E-003
   1.16047684830        4.58261943899       -97.2000000000        2.36553199880      -0.894587006622       4.087536846922E-004
   1.30553645434        5.15544686886       -97.2000000000        1.76765287471       -1.32628017248      -9.275093306472E-004
   1.45059606038        5.72827429873       -97.2000000000       0.838703784655       -1.44480198116       1.050376649873E-002
   1.59565566642        6.30110172861       -97.2000000000       0.100526392042      -0.978325357371       1.684071124343E-002
   0.00000000000        0.00000000000       -97.2000000000        2.70202133682      -0.141918294810      -1.755413169191E-002
 -4.879688596092E-002  0.588890836777       -97.2000000000        2.72805284534      -0.131318652698      -1.009653918110E-002
 -9.759377192185E-002   1.17778167355       -97.2000000000        2.68325932580      -0.109192649133      -1.920189884488E-003
 -0.146390657883        1.76667251033       -97.2000000000        2.64046128040      -9.199822234113E-002  4.022410179514E-003
 -0.195187543844        2.35556334711       -97.2000000000        2.66921121594      -9.837709288200E-002  1.540369580936E-003
 -0.243984429805        2.94445418388       -97.2000000000        2.83812789730       7.588133142721E-002  3.149037664741E-002
 -0.292781315766        3.53334502066       -97.2000000000        2.60314807054       0.202125109274       6.137794302795E-003
 -0.341578201726        4.12223585744       -97.2000000000        2.32808960171       0.106581647991       1.306599275749E-002
 -0.390375087687        4.71112669421       -97.2000000000        2.17839138777       0.327733800672       1.379579953681E-002
 -0.439171973648        5.30001753099       -97.2000000000        1.55266174873       0.408305076198       1.022927360050E-002
 -0.487968859609        5.88890836777       -97.2000000000       0.991736081673       0.467313662625      -4.248886125643E-003
 -0.536765745570        6.47779920454       -97.2000000000       0.696140684903       0.488596527205      -1.840586869149E-003
   0.00000000000        0.00000000000       -97.2000000000        2.70202133682      -0.141918294810      -1.755413169191E-002
 -0.237365478204       0.541138783933       -97.2000000000        2.72653875444      -0.121717103753      -6.015306728873E-003
 -0.474730956408        1.08227756787       -97.2000000000        2.68179534736      -9.391309280573E-002  4.445878710953E-003
 -0.712096434612        1.62341635180       -97.2000000000        2.65602950882      -0.101780045033       2.080575683942E-003
 -0.949461912816        2.16455513573       -97.2000000000        2.66619912319      -0.125881809490      -2.206773088487E-003
  -1.18682739102        2.70569391966       -97.2000000000        2.80431364891       0.208339402101       8.019668103137E-002
  -1.42419286922        3.24683270360       -97.2000000000        2.99590365329       0.264566211292       1.902994942311E-002
  -1.66155834743        3.78797148753       -97.2000000000        2.98553152975       0.277276153984       2.463971948601E-002
  -1.89892382563        4.32911027146       -97.2000000000        3.24133119131        1.02661973846       1.709121829677E-002
  -2.13628930384        4.87024905539       -97.2000000000        3.82950130543        2.63445458504       1.062257373018E-002
  -2.37365478204        5.41138783933       -97.2000000000       0.908865720164        6.42065363182       1.071117807686E-002
  -2.61102026024        5.95252662326       -97.2000000000       -2.49053681182       0.816559530257       1.019745893622E-002
   0.00000000000        0.00000000000       -97.2000000000        2.70202133682      -0.141918294810      -1.755413169191E-002
 -0.400211837779       0.434745947216       -97.2000000000        2.72700331467      -0.120477080749      -7.607452539630E-003
 -0.800423675558       0.869491894432       -97.2000000000        2.69368062522      -9.381988593655E-002  4.350607575105E-003
  -1.20063551334        1.30423784165       -97.2000000000        2.67605956792      -0.105099983981       1.436908198897E-003
  -1.60084735112        1.73898378886       -97.2000000000        2.67312290684      -0.128187668236      -4.980226801502E-003
  -2.00105918889        2.17372973608       -97.2000000000        2.59228251645       0.459499398696       4.075961993366E-002
  -2.40127102667        2.60847568330       -97.2000000000        2.82496788348       0.173444449327       6.103676637717E-002
  -2.80148286445        3.04322163051       -97.2000000000        2.84641463525       7.064025619521E-002  3.100333971274E-002
  -3.20169470223        3.47796757773       -97.2000000000        3.00966192605      -0.262638578920       2.132393464211E-002
  -3.60190654001        3.91271352494       -97.2000000000        3.05791332511       -1.07944874576       2.150667568347E-002
  -4.00211837779        4.34745947216       -97.2000000000        2.81672862183       -1.63083973077      -9.800277803594E-005
  -4.40233021557        4.78220541938       -97.2000000000        2.22832558748       -1.77217111473       4.686028387710E-003
   0.00000000000        0.00000000000       -97.2000000000        2.70202133682      -0.141918294810      -1.755413169191E-002
 -0.519689034804       0.281241641340       -97.2000000000        2.71579297087      -0.142828065252      -1.402400055077E-002
  -1.03937806961       0.562483282680       -97.2000000000        2.70671462437      -9.326053168349E-002  3.024119557748E-003
  -1.55906710441       0.843724924020       -97.2000000000        2.68860402413      -9.775878507474E-002 -3.521839059401E-004
  -2.07875613922        1.12496656536       -97.2000000000        2.67550472576      -0.112184633534      -7.540223240726E-003
  -2.59844517402        1.40620820670       -97.2000000000        2.40196955713       8.146689277961E-002  0.110823673060     
  -3.11813420882        1.68744984804       -97.2000000000        2.30362245674      -8.559409318339E-003  6.427352453293E-002
  -3.63782324363        1.96869148938       -97.2000000000        2.22220877102      -0.165239256662       4.149754653880E-002
  -4.15751227843        2.24993313072       -97.2000000000        2.15984858861      -0.343552294067       3.465335878957E-002
  -4.67720131323        2.53117477206       -97.2000000000        2.04639063540      -0.437345052393       3.375062194552E-002
  -5.19689034804        2.81241641340       -97.2000000000        1.83496013422      -0.627969947638       3.163992991067E-002
  -5.71657938284        3.09365805474       -97.2000000000        1.61071092571      -0.707723664056       2.229221631218E-002
   0.00000000000        0.00000000000       -97.2000000000        2.70202133682      -0.141918294810      -1.755413169191E-002
 -0.582849861102       9.726043971134E-002  -97.2000000000        2.69797664486      -0.154833532303      -1.678054903829E-002
  -1.16569972220       0.194520879423       -97.2000000000        2.71613904323      -9.620458055125E-002 -3.229482734931E-003
  -1.74854958330       0.291781319134       -97.2000000000        2.69939342773      -8.604273132703E-002 -2.874252820789E-003
  -2.33139944441       0.389041758845       -97.2000000000        2.68169608985      -6.252541566328E-002 -3.184414579721E-003
  -2.91424930551       0.486302198557       -97.2000000000        2.19639345224       8.427099769402E-003  0.117167341556     
  -3.49709916661       0.583562638268       -97.2000000000        2.09949472599      -0.103300053642       5.693744502194E-002
  -4.07994902771       0.680823077979       -97.2000000000        1.99561758443      -0.153446511784       3.525213203537E-002
  -4.66279888881       0.778083517691       -97.2000000000        1.89285393433      -0.162770132500       2.532303339233E-002
  -5.24564874991       0.875343957402       -97.2000000000        1.80745264516      -0.150210335429       2.146987597243E-002
  -5.82849861102       0.972604397113       -97.2000000000        1.70770630138      -0.158800889565       1.827474128672E-002
  -6.41134847212        1.06986483682       -97.2000000000        1.59056485513      -0.165612451590       1.213786703572E-002
   0.00000000000        0.00000000000       -97.2000000000        2.70202133682      -0.141918294810      -1.755413169191E-002
 -0.582849861102      -9.726043971134E-002  -97.2000000000        2.69913758463      -0.135463457134      -1.556753494538E-002
  -1.16569972220      -0.194520879423       -97.2000000000        2.70120778837      -0.111485922090      -1.050838687022E-002
  -1.74854958330      -0.291781319134       -97.2000000000        2.71081245248      -4.540355066523E-002  8.613594548633E-004
  -2.33139944441      -0.389041758845       -97.2000000000        2.70279469828      -1.001637854569E-002  1.795279086661E-003
  -2.91424930551      -0.486302198557       -97.2000000000        2.18378437811      -3.617453202563E-002  0.104857103387     
  -3.49709916661      -0.583562638268       -97.2000000000        2.16143833141      -2.785781258304E-002  3.406549962254E-002
  -4.07994902771      -0.680823077979       -97.2000000000        2.01519310431       1.113495310397E-002  1.209945754666E-002
  -4.66279888881      -0.778083517691       -97.2000000000        1.91801528376       4.535045468041E-002  3.101032394270E-003
  -5.24564874991      -0.875343957402       -97.2000000000        1.82714654346       8.316352305509E-002 -4.782990528220E-003
  -5.82849861102      -0.972604397113       -97.2000000000        1.73719701462       9.319908587766E-002 -1.117287495209E-002
  -6.41134847212       -1.06986483682       -97.2000000000        1.60269237494       0.132714782741      -7.439635337402E-003
   0.00000000000        0.00000000000       -97.2000000000        2.70202133682      -0.141918294810      -1.755413169191E-002
 -0.519689034804      -0.281241641340       -97.2000000000        2.70061102370      -0.116792863783      -1.456979943517E-002
  -1.03937806961      -0.562483282680       -97.2000000000        2.69948014678      -9.283019727452E-002 -1.149582336460E-002
  -1.55906710441      -0.843724924020       -97.2000000000        2.72413333135      -3.405137713482E-002 -3.206173585389E-003
  -2.07875613922       -1.12496656536       -97.2000000000        2.75230501167       3.284174648968E-002  3.246151968162E-003
  -2.59844517402       -1.40620820670       -97.2000000000        2.38188632117      -0.122355658138       9.131463524677E-002
  -3.11813420882       -1.68744984804       -97.2000000000        2.34986587697       6.060164939088E-002  4.199920929192E-002
  -3.63782324363       -1.96869148938       -97.2000000000        2.18072069310       0.189555591697       9.956024919849E-003
  -4.15751227843       -2.24993313072       -97.2000000000        2.07278417027       0.279246768611      -1.555575149662E-002
  -4.67720131323       -2.53117477206       -97.2000000000        1.98024271862       0.372798366599      -4.050866743884E-002
  -5.19689034804       -2.81241641340       -97.2000000000        1.87983272995       0.518669973367      -6.954984907176E-002
  -5.71657938284       -3.09365805474       -97.2000000000        1.69282261716       0.762698892139      -7.928276808318E-002
   0.00000000000        0.00000000000       -97.2000000000        2.70202133682      -0.141918294810      -1.755413169191E-002
 -0.400211837779      -0.434745947216       -97.2000000000        2.70317775288      -0.104758360746      -1.359376051568E-002
 -0.800423675558      -0.869491894432       -97.2000000000        2.70870109629      -9.302003321192E-002 -1.114946440721E-002
  -1.20063551334       -1.30423784165       -97.2000000000        2.74293073907      -4.425334299274E-002 -1.020881372740E-002
  -1.60084735112       -1.73898378886       -97.2000000000        2.77841301710       3.576445127232E-002  2.187800634803E-003
  -2.00105918889       -2.17372973608       -97.2000000000        2.46324754814      -0.426734892113       3.516412445857E-002
  -2.40127102667       -2.60847568330       -97.2000000000        2.70433791353      -0.162382220636       3.268535418270E-002
  -2.80148286445       -3.04322163051       -97.2000000000        2.45975065219      -0.154452692026       4.493892467950E-003
  -3.20169470223       -3.47796757773       -97.2000000000        2.91935678001       0.493975480568      -4.684302682051E-002
  -3.60190654001       -3.91271352494       -97.2000000000        2.90985442386       0.804849154154      -0.105743604172     
  -4.00211837779       -4.34745947216       -97.2000000000        2.52598738817        1.36548319362      -0.221132042830     
  -4.40233021557       -4.78220541938       -97.2000000000        1.93536769008        1.66461979350      -0.352879109696     
   0.00000000000        0.00000000000       -97.2000000000        2.70202133682      -0.141918294810      -1.755413169191E-002
 -0.237365478204      -0.541138783933       -97.2000000000        2.70705902995      -0.102742142243      -1.258497754876E-002
 -0.474730956408       -1.08227756787       -97.2000000000        2.71673250473      -9.594913514629E-002 -1.139635718642E-002
 -0.712096434612       -1.62341635180       -97.2000000000        2.72915511822      -8.726969259074E-002 -1.086278752071E-002
 -0.949461912816       -2.16455513573       -97.2000000000        2.77307324870      -1.866849525683E-002 -8.472567932894E-003
  -1.18682739102       -2.70569391966       -97.2000000000        2.84426354316      -0.250498834488       3.438489991230E-002
  -1.42419286922       -3.24683270360       -97.2000000000        2.89463210221      -0.479947347150       2.648400689225E-002
  -1.66155834743       -3.78797148753       -97.2000000000        2.92032275134      -0.700185017160      -6.842608149273E-003
  -1.89892382563       -4.32911027146       -97.2000000000        3.27913732195       -1.18402420167      -2.193966930748E-002
  -2.13628930384       -4.87024905539       -97.2000000000        3.61553177556       -2.61920949857      -5.365970339954E-002
  -2.37365478204       -5.41138783933       -97.2000000000       0.386045625722       -6.79926870981      -8.155891694498E-002
  -2.61102026024       -5.95252662326       -97.2000000000       -2.63513666642      -0.788628060277      -0.101147939861     
   0.00000000000        0.00000000000       -97.2000000000        2.70202133682      -0.141918294810      -1.755413169191E-002
 -4.879688596092E-002 -0.588890836777       -97.2000000000        2.70995732355      -0.103152566573      -1.225489306104E-002
 -9.759377192185E-002  -1.17778167355       -97.2000000000        2.72264976118      -9.989451535899E-002 -1.175254002061E-002
 -0.146390657883       -1.76667251033       -97.2000000000        2.73536311612      -9.717808336159E-002 -1.142636560472E-002
 -0.195187543844       -2.35556334711       -97.2000000000        2.74807647106      -9.446165136419E-002 -1.110019118882E-002
 -0.243984429805       -2.94445418388       -97.2000000000        2.91644761678      -8.290098155522E-002 -2.380425866610E-003
 -0.292781315766       -3.53334502066       -97.2000000000        2.65474305167      -0.147019527759       1.955485114362E-002
 -0.341578201726       -4.12223585744       -97.2000000000        2.50368423758      -0.216309874776       6.270240736251E-003
 -0.390375087687       -4.71112669421       -97.2000000000        2.06610546114      -0.348456736817      -1.088340170506E-002
 -0.439171973648       -5.30001753099       -97.2000000000        1.49524281830      -0.416550663790      -1.535707316912E-002
 -0.487968859609       -5.88890836777       -97.2000000000       0.839926714704      -0.327700535503      -2.204826234849E-002
 -0.536765745570       -6.47779920454       -97.2000000000       0.452080012482      -0.157521293680      -1.764322580276E-002
   0.00000000000        0.00000000000       -97.2000000000        2.70202133682      -0.141918294810      -1.755413169191E-002
  0.145059606038      -0.572827429873       -97.2000000000        2.71155855858      -0.105945157891      -1.263927682856E-002
  0.290119212075       -1.14565485975       -97.2000000000        2.72581163907      -0.104428630685      -1.217941497296E-002
  0.435178818113       -1.71848228962       -97.2000000000        2.74010593296      -0.103979256351      -1.206667803324E-002
  0.580238424151       -2.29130971949       -97.2000000000        2.77496781979      -0.121317752095      -1.250877373109E-002
  0.725298030189       -2.86413714937       -97.2000000000        2.98968397942       0.443463364635      -2.113698417713E-002
  0.870357636226       -3.43696457924       -97.2000000000        2.81555781054       0.252100759082      -5.084072069497E-004
   1.01541724226       -4.00979200911       -97.2000000000        2.53575997745       0.593514001658      -3.077599802925E-004
   1.16047684830       -4.58261943899       -97.2000000000        2.25236731806        1.00463681238      -1.160361306160E-002
   1.30553645434       -5.15544686886       -97.2000000000        1.73977457790        1.37156729128      -8.779727400595E-003
   1.45059606038       -5.72827429873       -97.2000000000       0.802141839856        1.49314590434       9.244433567410E-003
   1.59565566642       -6.30110172861       -97.2000000000       7.538472729126E-002   1.05356768149       1.421663183583E-002
   0.00000000000        0.00000000000       -97.2000000000        2.70202133682      -0.141918294810      -1.755413169191E-002
  0.323196638891      -0.494689282610       -97.2000000000        2.71168921639      -0.110817295596      -1.369647490577E-002
  0.646393277781      -0.989378565219       -97.2000000000        2.72587549988      -0.109060139375      -1.263072351874E-002
  0.969589916672       -1.48406784783       -97.2000000000        2.74293875882      -0.113486182091      -1.282734749279E-002
   1.29278655556       -1.97875713044       -97.2000000000        2.79668668020      -0.149803140177      -1.402199867851E-002
   1.61598319445       -2.47344641305       -97.2000000000        2.77527475277       0.225302892479      -8.519367364709E-002
   1.93917983334       -2.96813569566       -97.2000000000        2.88888363143       0.215720718145      -2.723958500134E-002
   2.26237647223       -3.46282497827       -97.2000000000        3.05456131520       0.144661478934      -2.925819371126E-002
   2.58557311112       -3.95751426088       -97.2000000000        3.55631024510       5.366830878744E-002 -2.866363425468E-002
   2.90876975001       -4.45220354349       -97.2000000000        4.63524655704      -0.677064914671      -7.942289299970E-003
   3.23196638891       -4.94689282610       -97.2000000000        4.38722055389       -3.61735733348       5.699835492042E-003
   3.55516302780       -5.44158210871       -97.2000000000        1.19306316254       -3.45216140903       4.042258646823E-002
   0.00000000000        0.00000000000       -97.2000000000        2.70202133682      -0.141918294810      -1.755413169191E-002
  0.466310301007      -0.362943875680       -97.2000000000        2.71033513817      -0.117241007969      -1.531192347690E-002
  0.932620602014      -0.725887751361       -97.2000000000        2.72283442330      -0.113287145597      -1.305755937423E-002
   1.39893090302       -1.08883162704       -97.2000000000        2.74111855885      -0.122390450518      -1.355144187792E-002
   1.86524120403       -1.45177550272       -97.2000000000        2.80945026670      -0.177253190680      -1.547892941934E-002
   2.33155150503       -1.81471937840       -97.2000000000        2.51200466617       0.178373663797      -0.128851080971     
   2.79786180604       -2.17766325408       -97.2000000000        2.46100008464       7.565630750488E-002 -8.385252356337E-002
   3.26417210705       -2.54060712976       -97.2000000000        2.44964492958      -3.565974119528E-002 -3.498151297092E-002
   3.73048240806       -2.90355100544       -97.2000000000        2.40267186813      -0.406231187299      -7.729894366473E-003
   4.19679270906       -3.26649488112       -97.2000000000        2.32955863567      -0.698774258939       1.862635840039E-002
   4.66310301007       -3.62943875680       -97.2000000000        2.21641427668       -1.07118651641       6.197075065408E-003
   5.12941331108       -3.99238263248       -97.2000000000        1.83371633710       -1.09449482666      -1.897039877239E-002
   0.00000000000        0.00000000000       -97.2000000000        2.70202133682      -0.141918294810      -1.755413169191E-002
  0.558892006459      -0.191867868166       -97.2000000000        2.70764305932      -0.124520186100      -1.731056362299E-002
   1.11778401292      -0.383735736333       -97.2000000000        2.71729808755      -0.123905102432      -1.577310126164E-002
   1.67667601938      -0.575603604499       -97.2000000000        2.72695311579      -0.123290018763      -1.423563890030E-002
   2.23556802584      -0.767471472666       -97.2000000000        2.75777462165      -0.145095557113      -1.474205771936E-002
   2.79446003230      -0.959339340832       -97.2000000000        2.19904309902       3.290404112066E-002 -0.144129692862     
   3.35335203876       -1.15120720900       -97.2000000000        2.08305619058      -9.849953788632E-002 -0.107794758515     
   3.91224404522       -1.34307507716       -97.2000000000        2.01981738054      -0.188746991171      -6.124885482994E-002
   4.47113605168       -1.53494294533       -97.2000000000        1.96934079638      -0.222064023431      -2.543902592367E-002
   5.03002805814       -1.72681081350       -97.2000000000        1.81618094808      -0.278485865650      -1.725528751864E-002
   5.58892006459       -1.91867868166       -97.2000000000        1.65005059183      -0.270086955416      -1.700133205596E-002
   6.14781207105       -2.11054654983       -97.2000000000        1.48262753841      -0.273210751799      -1.524345946090E-002
   0.00000000000        0.00000000000       -97.2000000000        2.70202133682      -0.141918294810      -1.755413169191E-002
  0.590909090909        0.00000000000       -97.2000000000        2.70553345967      -0.138643430014      -1.895330428243E-002
   1.18181818182      -1.172487511250E-015  -97.2000000000        2.70982138560      -0.138596766413      -2.010359735990E-002
   1.77272727273        0.00000000000       -97.2000000000        2.70918894888      -0.133630832294      -1.893913938496E-002
   2.36363636364        0.00000000000       -97.2000000000        2.71035880533      -0.113866974213      -1.422188352725E-002
   2.95454545455        0.00000000000       -97.2000000000        2.15837702288      -5.266884173853E-002 -0.131911132627     
   3.54545454545        0.00000000000       -97.2000000000        2.05081143749      -7.907324361993E-003 -9.257850036762E-002
   4.13636363636        0.00000000000       -97.2000000000        1.96389577650      -5.293422214100E-003 -5.451732484326E-002
   4.72727272727        0.00000000000       -97.2000000000        1.89618342424      -1.408665910965E-002 -2.001857563985E-002
   5.31818181818        0.00000000000       -97.2000000000        1.75486641225      -3.480267941192E-002 -1.224987309347E-002
   5.90909090909        0.00000000000       -97.2000000000        1.67068350286      -2.405403024842E-002 -6.725458790816E-003
   6.50000000000        0.00000000000       -97.2000000000        1.58650059347      -1.330538108492E-002 -1.201044488166E-003
