 12 20 1 1
 1 X [LENGU]
 2 Y [LENGU]
 3 Z [LENGU]
 4 Hx [FIELU]
 5 Hy [FIELU]
 6 Hz [FIELU]
 0
   0.00000000000        0.00000000000        70.0000000000       0.174641117824      -2.782436953444E-002 -2.004249551520E-003
  0.590909090909        0.00000000000        70.0000000000       0.192123081916      -1.912659746505E-002  1.001223538231E-003
   1.18181818182        0.00000000000        70.0000000000       0.206432081529      -1.010055162313E-002  3.633401136245E-003
   1.77272727273        0.00000000000        70.0000000000       0.214158309635      -2.997361426911E-003  5.672381249701E-003
   2.36363636364        0.00000000000        70.0000000000       0.219632405988       3.007934399730E-003  7.049516792310E-003
   2.95454545455        0.00000000000        70.0000000000       0.150417050120       5.899766671396E-003  2.067001808125E-003
   3.54545454545        0.00000000000        70.0000000000       0.146369561309       4.738604767065E-003  1.870058788349E-003
   4.13636363636        0.00000000000        70.0000000000       0.142089479928       3.113064552268E-003  1.655302810849E-003
   4.72727272727        0.00000000000        70.0000000000       0.138018486404       1.146284704450E-003  1.421296785353E-003
   5.31818181818        0.00000000000        70.0000000000       0.132575476656      -1.351671419024E-004  1.123832661177E-003
   5.90909090909        0.00000000000        70.0000000000       0.127756643570      -7.741660845564E-004  7.136149412598E-004
   6.50000000000        0.00000000000        70.0000000000       0.122937810483      -1.413165027210E-003  3.033972213421E-004
   0.00000000000        0.00000000000        70.0000000000       0.174641117824      -2.782436953444E-002 -2.004249551520E-003
  0.558892006459       0.191867868166        70.0000000000       0.195079851462      -1.773568711238E-002  1.250831114108E-003
   1.11778401292       0.383735736333        70.0000000000       0.208371398946      -8.311415789881E-003  3.876260528868E-003
   1.67667601938       0.575603604499        70.0000000000       0.217268475898       2.768507194583E-004  6.246397441997E-003
   2.23556802584       0.767471472666        70.0000000000       0.227047332483       1.836541518758E-002  9.056912808303E-003
   2.79446003230       0.959339340832        70.0000000000       0.147906874059      -9.606174572651E-004  2.161402861188E-003
   3.35335203876        1.15120720900        70.0000000000       0.143816490226       5.278274401447E-003  2.321896328011E-003
   3.91224404522        1.34307507716        70.0000000000       0.142725868040       7.918179261079E-003  2.240485321195E-003
   4.47113605168        1.53494294533        70.0000000000       0.141339248973       1.074783981421E-002  2.059938309982E-003
   5.03002805814        1.72681081350        70.0000000000       0.131061093012       1.317883976219E-002  1.010778736111E-003
   5.58892006459        1.91867868166        70.0000000000       0.122515437352       1.012509254609E-002  9.759601887560E-004
   6.14781207105        2.11054654983        70.0000000000       0.113707545102       9.883125360186E-003  1.651159648142E-003
   0.00000000000        0.00000000000        70.0000000000       0.174641117824      -2.782436953444E-002 -2.004249551520E-003
  0.466310301007       0.362943875680        70.0000000000       0.196063020394      -1.749923978245E-002  1.181535237425E-003
  0.932620602014       0.725887751361        70.0000000000       0.208391064220      -8.324762862364E-003  3.612099350684E-003
   1.39893090302        1.08883162704        70.0000000000       0.218420760206       7.923207667083E-003  6.717805914860E-003
   1.86524120403        1.45177550272        70.0000000000       0.228511854621       2.734615990223E-002  1.049702049412E-002
   2.33155150503        1.81471937840        70.0000000000       0.169489452808      -1.647353755543E-002  1.687203270809E-003
   2.79786180604        2.17766325408        70.0000000000       0.165821438784      -8.611009020526E-003  1.978441585202E-003
   3.26417210705        2.54060712976        70.0000000000       0.162711330042      -2.363993578374E-004  2.311027268372E-003
   3.73048240806        2.90355100544        70.0000000000       0.156704512897       2.012220222744E-002  1.981522793629E-003
   4.19679270906        3.26649488112        70.0000000000       0.152964741428       3.908318811348E-002  3.349034000339E-004
   4.66310301007        3.62943875680        70.0000000000       0.147556833401       5.778352025024E-002 -1.077232100878E-003
   5.12941331108        3.99238263248        70.0000000000       0.125673270039       5.659497353214E-002 -1.394585772800E-003
   0.00000000000        0.00000000000        70.0000000000       0.174641117824      -2.782436953444E-002 -2.004249551520E-003
  0.323196638891       0.494689282610        70.0000000000       0.194966047104      -1.844287821232E-002  8.008451916585E-004
  0.646393277781       0.989378565219        70.0000000000       0.206488946314      -1.013914647818E-002  2.869543564232E-003
  0.969589916672        1.48406784783        70.0000000000       0.216035828159       8.398804502610E-003  5.965815525329E-003
   1.29278655556        1.97875713044        70.0000000000       0.223174824403       2.042626441001E-002  9.833630306727E-003
   1.61598319445        2.47344641305        70.0000000000       0.191346860097      -1.937425443215E-002  1.387244437950E-003
   1.93917983334        2.96813569566        70.0000000000       0.194581276195      -2.196073523776E-002  2.036858042095E-003
   2.26237647223        3.46282497827        70.0000000000       0.204054768475      -2.252637856594E-002  1.013341512250E-003
   2.58557311112        3.95751426088        70.0000000000       0.231863968304      -8.482071321499E-003  6.701119557233E-005
   2.90876975001        4.45220354349        70.0000000000       0.272430914029       2.862092770209E-002  3.408087579357E-004
   3.23196638891        4.94689282610        70.0000000000       0.254657618046       0.205820055705       8.022233121744E-005
   3.55516302780        5.44158210871        70.0000000000       9.915879189322E-002  0.166276899976      -2.508399299764E-004
   0.00000000000        0.00000000000        70.0000000000       0.174641117824      -2.782436953444E-002 -2.004249551520E-003
  0.145059606038       0.572827429873        70.0000000000       0.191907805668      -2.046434453605E-002  1.500146502810E-004
  0.290119212075        1.14565485975        70.0000000000       0.202871169216      -1.355795001948E-002  1.729060610913E-003
  0.435178818113        1.71848228962        70.0000000000       0.210372124150       1.652102929266E-003  4.071916100442E-003
  0.580238424151        2.29130971949        70.0000000000       0.218427986899      -1.143863673759E-002  4.289277620109E-003
  0.725298030189        2.86413714937        70.0000000000       0.230090613216      -1.556330287776E-002 -6.550082758728E-004
  0.870357636226        3.43696457924        70.0000000000       0.206769099062      -5.032418511431E-003 -1.273733014687E-003
   1.01541724226        4.00979200911        70.0000000000       0.183043376355      -1.981159874034E-002 -2.142247358841E-003
   1.16047684830        4.58261943899        70.0000000000       0.161168154737      -4.009736516484E-002 -1.020641356512E-004
   1.30553645434        5.15544686886        70.0000000000       0.129444966198      -6.665679884088E-002 -1.167342527390E-003
   1.45059606038        5.72827429873        70.0000000000       7.655551750524E-002 -6.744842503727E-002 -2.714337342343E-003
   1.59565566642        6.30110172861        70.0000000000       3.002245622881E-002 -4.768547488544E-002 -1.533562314776E-003
   0.00000000000        0.00000000000        70.0000000000       0.174641117824      -2.782436953444E-002 -2.004249551520E-003
 -4.879688596092E-002  0.588890836777        70.0000000000       0.187219704000      -2.334458151119E-002 -7.004287988726E-004
 -9.759377192185E-002   1.17778167355        70.0000000000       0.197571997871      -1.830005903922E-002  2.911612146602E-004
 -0.146390657883        1.76667251033        70.0000000000       0.202043398390      -1.158578725162E-002  1.241341029763E-003
 -0.195187543844        2.35556334711        70.0000000000       0.209449459489      -3.323949190869E-002 -6.881578625963E-004
 -0.243984429805        2.94445418388        70.0000000000       0.195582067653       2.226467353973E-002 -3.747297965608E-003
 -0.292781315766        3.53334502066        70.0000000000       0.196480893034       2.543625658370E-002 -2.665570718541E-003
 -0.341578201726        4.12223585744        70.0000000000       0.172245965602       2.776664003082E-002 -2.599150683198E-003
 -0.390375087687        4.71112669421        70.0000000000       0.147815393582       3.547289852882E-002 -1.933738435545E-003
 -0.439171973648        5.30001753099        70.0000000000       0.115379709044       3.640739609114E-002 -9.108341992049E-004
 -0.487968859609        5.88890836777        70.0000000000       8.417844692425E-002  3.890095368817E-002 -1.155701177042E-004
 -0.536765745570        6.47779920454        70.0000000000       6.179333355285E-002  3.604867175187E-002 -6.342586860324E-004
   0.00000000000        0.00000000000        70.0000000000       0.174641117824      -2.782436953444E-002 -2.004249551520E-003
 -0.237365478204       0.541138783933        70.0000000000       0.179948148805      -2.640070714228E-002 -1.863314441043E-003
 -0.474730956408        1.08227756787        70.0000000000       0.185255179787      -2.497704475011E-002 -1.722379330565E-003
 -0.712096434612        1.62341635180        70.0000000000       0.190494491717      -2.353620434368E-002 -1.590941611480E-003
 -0.949461912816        2.16455513573        70.0000000000       0.195122924177      -2.720789296765E-002 -2.077287160584E-003
  -1.18682739102        2.70569391966        70.0000000000       0.175352884511       3.319079637947E-002 -3.621489827094E-003
  -1.42419286922        3.24683270360        70.0000000000       0.177222533955       4.433524207713E-002 -3.546274134165E-003
  -1.66155834743        3.78797148753        70.0000000000       0.177009169413       5.623081419283E-002 -2.660466582478E-003
  -1.89892382563        4.32911027146        70.0000000000       0.189202196779       8.102908920056E-002 -1.630104280819E-003
  -2.13628930384        4.87024905539        70.0000000000       0.226470048991       0.157897254784      -1.760513987147E-003
  -2.37365478204        5.41138783933        70.0000000000       7.289543767096E-002  0.233408625465      -1.364919147214E-003
  -2.61102026024        5.95252662326        70.0000000000      -0.103395831797       5.649873827794E-002 -9.257559895530E-004
   0.00000000000        0.00000000000        70.0000000000       0.174641117824      -2.782436953444E-002 -2.004249551520E-003
 -0.400211837779       0.434745947216        70.0000000000       0.171317731979      -2.941229486720E-002 -3.151392897997E-003
 -0.800423675558       0.869491894432        70.0000000000       0.167994346134      -3.100022019996E-002 -4.298536244474E-003
  -1.20063551334        1.30423784165        70.0000000000       0.164670960288      -3.258814553272E-002 -5.445679590951E-003
  -1.60084735112        1.73898378886        70.0000000000       0.173683901489      -2.963082076125E-002 -4.281624847644E-003
  -2.00105918889        2.17372973608        70.0000000000       0.110546631827       6.272433568315E-002 -5.884407411869E-003
  -2.40127102667        2.60847568330        70.0000000000       0.152858859079       1.951684887914E-002 -3.692365267615E-003
  -2.80148286445        3.04322163051        70.0000000000       0.155842248193       9.797413566302E-003 -4.208258065801E-003
  -3.20169470223        3.47796757773        70.0000000000       0.164876955937      -3.371943990242E-003 -5.972034949671E-003
  -3.60190654001        3.91271352494        70.0000000000       0.168451956496      -4.093158879982E-002 -3.642390781894E-003
  -4.00211837779        4.34745947216        70.0000000000       0.162212199241      -7.638675288245E-002 -1.972460896195E-003
  -4.40233021557        4.78220541938        70.0000000000       0.133222458689      -7.690184350823E-002 -1.525297990508E-003
   0.00000000000        0.00000000000        70.0000000000       0.174641117824      -2.782436953444E-002 -2.004249551520E-003
 -0.519689034804       0.281241641340        70.0000000000       0.165366762096      -3.027031944700E-002 -3.912091639910E-003
  -1.03937806961       0.562483282680        70.0000000000       0.158964081496      -3.026286947371E-002 -5.320869450995E-003
  -1.55906710441       0.843724924020        70.0000000000       0.153600568625      -3.096862827347E-002 -6.504370959207E-003
  -2.07875613922        1.12496656536        70.0000000000       0.153139894774      -3.569643806814E-002 -6.909142127475E-003
  -2.59844517402        1.40620820670        70.0000000000       0.134981560664       8.444193755101E-003 -2.343012217267E-003
  -3.11813420882        1.68744984804        70.0000000000       0.130952260098       6.213352898866E-004 -2.806884389276E-003
  -3.63782324363        1.96869148938        70.0000000000       0.126922959533      -7.201523175328E-003 -3.270756561285E-003
  -4.15751227843        2.24993313072        70.0000000000       0.122893658967      -1.502438164054E-002 -3.734628733294E-003
  -4.67720131323        2.53117477206        70.0000000000       0.120460510206      -1.887984158012E-002 -3.781347139157E-003
  -5.19689034804        2.81241641340        70.0000000000       0.113469757893      -2.702853273512E-002 -1.884741931107E-003
  -5.71657938284        3.09365805474        70.0000000000       0.103146237533      -3.382704607651E-002 -1.629342952529E-003
   0.00000000000        0.00000000000        70.0000000000       0.174641117824      -2.782436953444E-002 -2.004249551520E-003
 -0.582849861102       9.726043971134E-002   70.0000000000       0.163699618579      -2.806205747547E-002 -3.896227121435E-003
  -1.16569972220       0.194520879423        70.0000000000       0.156586731359      -2.449082562112E-002 -5.221170939259E-003
  -1.74854958330       0.291781319134        70.0000000000       0.152661223320      -2.402830192974E-002 -5.791290772134E-003
  -2.33139944441       0.389041758845        70.0000000000       0.150140341847      -3.047282044509E-002 -6.510593250569E-003
  -2.91424930551       0.486302198557        70.0000000000       0.125128215047      -9.696853236065E-003 -2.359547077828E-003
  -3.49709916661       0.583562638268        70.0000000000       0.123214710153      -1.048174316225E-002 -2.764194471598E-003
  -4.07994902771       0.680823077979        70.0000000000       0.121301205260      -1.126663308844E-002 -3.168841865367E-003
  -4.66279888881       0.778083517691        70.0000000000       0.118645780961      -1.053061511992E-002 -3.386765272188E-003
  -5.24564874991       0.875343957402        70.0000000000       0.114736234148      -8.277825161857E-003 -2.914414218856E-003
  -5.82849861102       0.972604397113        70.0000000000       0.110450268775      -7.318581125953E-003 -2.287208613539E-003
  -6.41134847212        1.06986483682        70.0000000000       0.105141087223      -6.304811743224E-003 -1.662194691967E-003
   0.00000000000        0.00000000000        70.0000000000       0.174641117824      -2.782436953444E-002 -2.004249551520E-003
 -0.582849861102      -9.726043971134E-002   70.0000000000       0.163066836987      -2.586744148576E-002 -3.718063471300E-003
  -1.16569972220      -0.194520879423        70.0000000000       0.161903166446      -1.200869703897E-002 -4.312035989157E-003
  -1.74854958330      -0.291781319134        70.0000000000       0.159595193465      -1.315428263863E-002 -4.422714242554E-003
  -2.33139944441      -0.389041758845        70.0000000000       0.153028825639      -2.197259309860E-002 -5.549228565501E-003
  -2.91424930551      -0.486302198557        70.0000000000       0.131647514935      -1.289341816389E-002 -2.446380588793E-003
  -3.49709916661      -0.583562638268        70.0000000000       0.128510029330      -8.627644966169E-003 -2.562757543086E-003
  -4.07994902771      -0.680823077979        70.0000000000       0.126549624804      -6.522829971621E-003 -2.861706644198E-003
  -4.66279888881      -0.778083517691        70.0000000000       0.123508820989      -3.822855930069E-003 -2.500721661956E-003
  -5.24564874991      -0.875343957402        70.0000000000       0.120252482989      -1.954815993496E-003 -2.065000005086E-003
  -5.82849861102      -0.972604397113        70.0000000000       0.115759530871      -5.561214305591E-004 -1.726361209752E-003
  -6.41134847212       -1.06986483682        70.0000000000       0.107122759836       1.375354723597E-004 -1.979229277683E-003
   0.00000000000        0.00000000000        70.0000000000       0.174641117824      -2.782436953444E-002 -2.004249551520E-003
 -0.519689034804      -0.281241641340        70.0000000000       0.165858282121      -2.063613490630E-002 -3.232030289019E-003
  -1.03937806961      -0.562483282680        70.0000000000       0.164934413007      -8.070166278854E-003 -3.662621620081E-003
  -1.55906710441      -0.843724924020        70.0000000000       0.163205301567      -9.343041320395E-003 -3.694681158278E-003
  -2.07875613922       -1.12496656536        70.0000000000       0.161093992710      -9.618371921360E-003 -3.968038622519E-003
  -2.59844517402       -1.40620820670        70.0000000000       0.145662220948      -1.583818946912E-002 -2.729908023241E-003
  -3.11813420882       -1.68744984804        70.0000000000       0.143387210793      -1.059955168597E-002 -2.733193889163E-003
  -3.63782324363       -1.96869148938        70.0000000000       0.138928948724      -2.639928947788E-003 -2.321864408538E-003
  -4.15751227843       -2.24993313072        70.0000000000       0.134589937745       5.581758098168E-003 -1.897195940631E-003
  -4.67720131323       -2.53117477206        70.0000000000       0.129293930592       1.593355890899E-002 -1.381303878624E-003
  -5.19689034804       -2.81241641340        70.0000000000       0.118590114338       2.361810516872E-002 -1.905219669947E-003
  -5.71657938284       -3.09365805474        70.0000000000       0.100796031600       3.131472242690E-002 -2.511527565650E-003
   0.00000000000        0.00000000000        70.0000000000       0.174641117824      -2.782436953444E-002 -2.004249551520E-003
 -0.400211837779      -0.434745947216        70.0000000000       0.168471360898      -1.760968275720E-002 -2.725196634052E-003
 -0.800423675558      -0.869491894432        70.0000000000       0.166438435062      -7.683329571915E-003 -3.441259450453E-003
  -1.20063551334       -1.30423784165        70.0000000000       0.164745493519      -9.519783616958E-003 -3.318841775406E-003
  -1.60084735112       -1.73898378886        70.0000000000       0.162996770281      -7.926338873016E-003 -3.382213975445E-003
  -2.00105918889       -2.17372973608        70.0000000000       0.151073318106      -3.550835395989E-002 -4.670592029138E-003
  -2.40127102667       -2.60847568330        70.0000000000       0.168870875754      -1.080316789459E-002 -2.383255758943E-003
  -2.80148286445       -3.04322163051        70.0000000000       0.174039648242       6.539457149473E-004 -1.932600030472E-003
  -3.20169470223       -3.47796757773        70.0000000000       0.179222853395       1.066842583394E-002 -1.404661754925E-003
  -3.60190654001       -3.91271352494        70.0000000000       0.180286949553       4.400109649017E-002 -4.275725564154E-004
  -4.00211837779       -4.34745947216        70.0000000000       0.165890694634       7.491751789728E-002  2.021444603977E-003
  -4.40233021557       -4.78220541938        70.0000000000       0.146509982788       8.188469380637E-002 -6.483047902003E-004
   0.00000000000        0.00000000000        70.0000000000       0.174641117824      -2.782436953444E-002 -2.004249551520E-003
 -0.237365478204      -0.541138783933        70.0000000000       0.170622905686      -1.711604808908E-002 -2.252485797248E-003
 -0.474730956408       -1.08227756787        70.0000000000       0.159262237828      -3.590379773999E-002 -3.795768716176E-003
 -0.712096434612       -1.62341635180        70.0000000000       0.162645633475      -2.266752321893E-002 -3.216557205865E-003
 -0.949461912816       -2.16455513573        70.0000000000       0.149938464866      -5.559303313178E-002 -4.233391330647E-003
  -1.18682739102       -2.70569391966        70.0000000000       0.165715970879      -2.367698326636E-002 -3.390937691494E-003
  -1.42419286922       -3.24683270360        70.0000000000       0.172322942471      -2.576479392157E-002 -2.931428880405E-003
  -1.66155834743       -3.78797148753        70.0000000000       0.177569338511      -4.080188687498E-002 -1.586503581629E-003
  -1.89892382563       -4.32911027146        70.0000000000       0.191636007086      -5.682519304711E-002 -4.356416857129E-004
  -2.13628930384       -4.87024905539        70.0000000000       0.220147539370      -0.144997502926      -1.488037912750E-003
  -2.37365478204       -5.41138783933        70.0000000000       3.995516836113E-002 -0.331940523151      -1.083640703722E-003
  -2.61102026024       -5.95252662326        70.0000000000      -9.561658027213E-002 -5.037362914515E-002 -9.727634536818E-004
   0.00000000000        0.00000000000        70.0000000000       0.174641117824      -2.782436953444E-002 -2.004249551520E-003
 -4.879688596092E-002 -0.588890836777        70.0000000000       0.172079763224      -1.920872387776E-002 -1.865123332641E-003
 -9.759377192185E-002  -1.17778167355        70.0000000000       0.145613762306      -8.499184895082E-002 -4.603193845704E-003
 -0.146390657883       -1.76667251033        70.0000000000       0.143161297647      -8.986505677695E-002 -4.299429680413E-003
 -0.195187543844       -2.35556334711        70.0000000000       0.134853599174      -0.106369969185      -4.706194838287E-003
 -0.243984429805       -2.94445418388        70.0000000000       0.171575531714      -1.900692725568E-002 -3.022222667405E-003
 -0.292781315766       -3.53334502066        70.0000000000       0.170238027540      -1.502104289400E-002 -2.618716958563E-003
 -0.341578201726       -4.12223585744        70.0000000000       0.157052772699      -2.322895462724E-002 -1.938099340177E-003
 -0.390375087687       -4.71112669421        70.0000000000       0.134218496206      -2.446432082095E-002 -1.370438058060E-003
 -0.439171973648       -5.30001753099        70.0000000000       0.106414717133      -3.188285116353E-002 -7.119939930913E-004
 -0.487968859609       -5.88890836777        70.0000000000       7.851768935466E-002 -3.642123353871E-002 -6.489029015175E-004
 -0.536765745570       -6.47779920454        70.0000000000       5.530594932946E-002 -2.845478780805E-002 -8.753990896920E-005
   0.00000000000        0.00000000000        70.0000000000       0.174641117824      -2.782436953444E-002 -2.004249551520E-003
  0.145059606038      -0.572827429873        70.0000000000       0.172684060392      -2.366093623031E-002 -1.605085973817E-003
  0.290119212075       -1.14565485975        70.0000000000       0.138791887159      -0.109891359815      -4.820748712780E-003
  0.435178818113       -1.71848228962        70.0000000000       0.131931891181      -0.113022721950      -4.631775383931E-003
  0.580238424151       -2.29130971949        70.0000000000       0.149736633464      -7.854402242413E-002 -2.970941646754E-003
  0.725298030189       -2.86413714937        70.0000000000       0.191594067273      -2.784265434720E-002 -8.267729904245E-004
  0.870357636226       -3.43696457924        70.0000000000       0.179045382111       3.079527302402E-003 -1.347268899674E-003
   1.01541724226       -4.00979200911        70.0000000000       0.176351032402       1.532943602737E-002 -2.550348117763E-003
   1.16047684830       -4.58261943899        70.0000000000       0.159079865802       2.418125902785E-002 -2.075671292977E-003
   1.30553645434       -5.15544686886        70.0000000000       0.121016584911       5.669220876301E-002 -1.527274950440E-003
   1.45059606038       -5.72827429873        70.0000000000       7.264044526815E-002  6.179711656550E-002 -6.712304791485E-004
   1.59565566642       -6.30110172861        70.0000000000       3.197904181874E-002  4.529987918657E-002 -7.151121910107E-004
   0.00000000000        0.00000000000        70.0000000000       0.174641117824      -2.782436953444E-002 -2.004249551520E-003
  0.323196638891      -0.494689282610        70.0000000000       0.174448207342      -2.704683959172E-002 -1.352963718886E-003
  0.646393277781      -0.989378565219        70.0000000000       0.169629732017      -4.143569878543E-002 -1.688715752683E-003
  0.969589916672       -1.48406784783        70.0000000000       0.158873594320      -5.916639153130E-002 -1.688207128075E-003
   1.29278655556       -1.97875713044        70.0000000000       0.174333648153      -2.358835330638E-002  4.637576147680E-004
   1.61598319445       -2.47344641305        70.0000000000       0.186132985885      -1.251553127016E-003  1.181440286164E-003
   1.93917983334       -2.96813569566        70.0000000000       0.191357998090      -1.190150549099E-002  2.188146119982E-004
   2.26237647223       -3.46282497827        70.0000000000       0.195550417224      -1.441886151908E-002 -6.226492677789E-004
   2.58557311112       -3.95751426088        70.0000000000       0.224918649738      -6.174494453429E-003 -1.539690072872E-003
   2.90876975001       -4.45220354349        70.0000000000       0.276134794133      -4.568741104474E-002 -5.406978270028E-004
   3.23196638891       -4.94689282610        70.0000000000       0.270700029772      -0.189167935160      -2.046467254274E-005
   3.55516302780       -5.44158210871        70.0000000000       0.111123761540      -0.180042052113       3.765991358781E-004
   0.00000000000        0.00000000000        70.0000000000       0.174641117824      -2.782436953444E-002 -2.004249551520E-003
  0.466310301007      -0.362943875680        70.0000000000       0.181749537074      -2.466012995990E-002 -3.148795812178E-004
  0.932620602014      -0.725887751361        70.0000000000       0.186314741785      -2.117439664003E-002  9.425354276431E-004
   1.39893090302       -1.08883162704        70.0000000000       0.187216851287      -1.923013292463E-002  1.340937709086E-003
   1.86524120403       -1.45177550272        70.0000000000       0.194899577809      -1.185627292262E-002  3.568641658868E-003
   2.33155150503       -1.81471937840        70.0000000000       0.181959116514       5.681263482931E-003  2.759391522380E-003
   2.79786180604       -2.17766325408        70.0000000000       0.181099589003      -3.241354442705E-003  1.840896501202E-003
   3.26417210705       -2.54060712976        70.0000000000       0.177053221466      -1.247155897099E-002  1.203827330032E-003
   3.73048240806       -2.90355100544        70.0000000000       0.171002732816      -2.495559499184E-002  9.567389528092E-004
   4.19679270906       -3.26649488112        70.0000000000       0.164003703982      -4.762749519488E-002  8.864597334301E-004
   4.66310301007       -3.62943875680        70.0000000000       0.153240618028      -6.344167308541E-002  1.314909809834E-003
   5.12941331108       -3.99238263248        70.0000000000       0.130795900882      -6.591452032517E-002  1.355111939981E-003
   0.00000000000        0.00000000000        70.0000000000       0.174641117824      -2.782436953444E-002 -2.004249551520E-003
  0.558892006459      -0.191867868166        70.0000000000       0.187513123616      -2.152124412156E-002  4.597613637020E-004
   1.11778401292      -0.383735736333        70.0000000000       0.198158837102      -1.465338425997E-002  2.611541539809E-003
   1.67667601938      -0.575603604499        70.0000000000       0.206644735292      -9.443202326026E-003  3.947404815533E-003
   2.23556802584      -0.767471472666        70.0000000000       0.208796479584      -3.614860348522E-003  5.601700040661E-003
   2.79446003230      -0.959339340832        70.0000000000       0.161003755689       7.337955223343E-003  2.016314253104E-003
   3.35335203876       -1.15120720900        70.0000000000       0.155947411874       3.203445846512E-003  1.835937758433E-003
   3.91224404522       -1.34307507716        70.0000000000       0.159034686240      -4.396231432861E-003  1.247602811980E-003
   4.47113605168       -1.53494294533        70.0000000000       0.151629554435      -1.561246968057E-002  9.772464807116E-004
   5.03002805814       -1.72681081350        70.0000000000       0.137411937174      -1.425619436756E-002  1.157730866584E-003
   5.58892006459       -1.91867868166        70.0000000000       0.128151401741      -1.335006110589E-002  1.040268471249E-003
   6.14781207105       -2.11054654983        70.0000000000       0.116688455867      -1.294299211651E-002  2.204956245203E-004
   0.00000000000        0.00000000000        70.0000000000       0.174641117824      -2.782436953444E-002 -2.004249551520E-003
  0.590909090909        0.00000000000        70.0000000000       0.192123081916      -1.912659746505E-002  1.001223538231E-003
   1.18181818182      -1.172487511250E-015   70.0000000000       0.206432081529      -1.010055162313E-002  3.633401136245E-003
   1.77272727273        0.00000000000        70.0000000000       0.214158309635      -2.997361426911E-003  5.672381249701E-003
   2.36363636364        0.00000000000        70.0000000000       0.219632405988       3.007934399730E-003  7.049516792310E-003
   2.95454545455        0.00000000000        70.0000000000       0.150417050120       5.899766671396E-003  2.067001808125E-003
   3.54545454545        0.00000000000        70.0000000000       0.146369561309       4.738604767065E-003  1.870058788349E-003
   4.13636363636        0.00000000000        70.0000000000       0.142089479928       3.113064552268E-003  1.655302810849E-003
   4.72727272727        0.00000000000        70.0000000000       0.138018486404       1.146284704450E-003  1.421296785353E-003
   5.31818181818        0.00000000000        70.0000000000       0.132575476656      -1.351671419024E-004  1.123832661177E-003
   5.90909090909        0.00000000000        70.0000000000       0.127756643570      -7.741660845564E-004  7.136149412598E-004
   6.50000000000        0.00000000000        70.0000000000       0.122937810483      -1.413165027210E-003  3.033972213421E-004
