 12 20 1 1
 1 X [LENGU]
 2 Y [LENGU]
 3 Z [LENGU]
 4 Hx [FIELU]
 5 Hy [FIELU]
 6 Hz [FIELU]
 0
   0.00000000000        0.00000000000        2.16000000000        2.99828583441      -1.377570759473E-002 -4.196379763404E-003
  0.590909090909        0.00000000000        2.16000000000        3.01243776545      -9.740939077159E-003 -1.137548246722E-003
   1.18181818182        0.00000000000        2.16000000000        3.02061631373      -5.303684170727E-003  8.563712880632E-004
   1.77272727273        0.00000000000        2.16000000000        2.99472452788       6.898285747762E-004 -2.467703947257E-003
   2.36363636364        0.00000000000        2.16000000000        3.00122417150      -4.432612305925E-003 -3.090922636581E-003
   2.95454545455        0.00000000000        2.16000000000        2.93937673535       1.290613641862E-002  1.511720632356E-002
   3.54545454545        0.00000000000        2.16000000000        2.80454346317       1.458098621492E-002  3.677463568948E-002
   4.13636363636        0.00000000000        2.16000000000        2.66668526739       4.717936579798E-003  5.199526450633E-002
   4.72727272727        0.00000000000        2.16000000000        2.52058279150       2.273221223223E-002  8.736337035273E-002
   5.31818181818        0.00000000000        2.16000000000        2.36435642374       5.810452538659E-002  0.148764475739     
   5.90909090909        0.00000000000        2.16000000000        2.18652744560      -1.716371911554E-002  0.205846813280     
   6.50000000000        0.00000000000        2.16000000000        1.85010454105       6.437558837558E-004  0.155718548358     
   0.00000000000        0.00000000000        2.16000000000        2.99828583441      -1.377570759473E-002 -4.196379763404E-003
  0.558892006459       0.191867868166        2.16000000000        3.02308646468      -7.535315752459E-003  1.179816061374E-004
   1.11778401292       0.383735736333        2.16000000000        3.03286287208      -3.459648714395E-004  1.790499779906E-003
   1.67667601938       0.575603604499        2.16000000000        3.00038497724       7.717380897379E-003 -2.696544566484E-003
   2.23556802584       0.767471472666        2.16000000000        2.98160183021       1.716796953248E-002 -6.288782741643E-003
   2.79446003230       0.959339340832        2.16000000000        2.96292468696       6.544872587405E-002 -3.485178460682E-003
   3.35335203876        1.15120720900        2.16000000000        2.88146052018       0.190851228211       7.650698959656E-003
   3.91224404522        1.34307507716        2.16000000000        2.79501851031       0.224255622150       2.915945599157E-002
   4.47113605168        1.53494294533        2.16000000000        2.59206393742       0.305504188853       4.591790180567E-002
   5.03002805814        1.72681081350        2.16000000000        2.41319972786       0.366419183252       7.558562437678E-002
   5.58892006459        1.91867868166        2.16000000000        2.19159860556       0.384079388693       0.116684408586     
   6.14781207105        2.11054654983        2.16000000000        1.87337175921       0.366124272917       0.134224048033     
   0.00000000000        0.00000000000        2.16000000000        2.99828583441      -1.377570759473E-002 -4.196379763404E-003
  0.466310301007       0.362943875680        2.16000000000        3.03104763080      -6.005935713525E-003  9.059834603928E-004
  0.932620602014       0.725887751361        2.16000000000        3.04513896560       3.017799767569E-003  2.682188876776E-003
   1.39893090302        1.08883162704        2.16000000000        3.01580890040       1.189199491424E-002 -1.505647204675E-003
   1.86524120403        1.45177550272        2.16000000000        2.98479338298       3.103084898004E-002 -6.533555059040E-003
   2.33155150503        1.81471937840        2.16000000000        3.26425863156       5.368530973470E-002 -1.712337210440E-003
   2.79786180604        2.17766325408        2.16000000000        3.24218090383       9.679619888983E-002  9.664255577912E-003
   3.26417210705        2.54060712976        2.16000000000        3.24090713423       0.334431674023       1.576806644480E-002
   3.73048240806        2.90355100544        2.16000000000        3.08295971097       0.684694857142       1.798744265473E-002
   4.19679270906        3.26649488112        2.16000000000        2.93381039803       0.988183495134       9.287135397893E-002
   4.66310301007        3.62943875680        2.16000000000        2.68743928066        1.28324213387       0.118300899660     
   5.12941331108        3.99238263248        2.16000000000        2.09891125017        1.32797701095       0.341620200674     
   0.00000000000        0.00000000000        2.16000000000        2.99828583441      -1.377570759473E-002 -4.196379763404E-003
  0.323196638891       0.494689282610        2.16000000000        3.03545854792      -5.318531018353E-003  1.141065088027E-003
  0.646393277781       0.989378565219        2.16000000000        3.05373090646       4.412151026233E-003  3.109026474564E-003
  0.969589916672        1.48406784783        2.16000000000        3.03799194169       1.920759876642E-002  4.292734390042E-004
   1.29278655556        1.97875713044        2.16000000000        3.01390412018       2.659780966096E-002 -3.185397651118E-003
   1.61598319445        2.47344641305        2.16000000000        3.38955695864      -3.203235570095E-002 -2.552455724582E-003
   1.93917983334        2.96813569566        2.16000000000        3.54549096183      -0.106639839721       8.074116717690E-003
   2.26237647223        3.46282497827        2.16000000000        3.76902167001      -9.922649653062E-002  1.801879239912E-002
   2.58557311112        3.95751426088        2.16000000000        4.34968841110      -1.408145662209E-002  3.871077119747E-002
   2.90876975001        4.45220354349        2.16000000000        5.61041872937       0.892261936712       6.711002478470E-002
   3.23196638891        4.94689282610        2.16000000000        5.32915155865        5.26839362430       0.105151324345     
   3.55516302780        5.44158210871        2.16000000000        1.28515059175        4.19259249030       0.137001686902     
   0.00000000000        0.00000000000        2.16000000000        2.99828583441      -1.377570759473E-002 -4.196379763404E-003
  0.145059606038       0.572827429873        2.16000000000        3.03584122474      -5.547592631846E-003  7.977517470188E-004
  0.290119212075        1.14565485975        2.16000000000        3.04704882446       7.219121467762E-003  1.584482610189E-003
  0.435178818113        1.71848228962        2.16000000000        3.04913459016       1.980713466003E-002  1.115647966962E-003
  0.580238424151        2.29130971949        2.16000000000        3.05784659603       1.767854540523E-002  2.017132250621E-003
  0.725298030189        2.86413714937        2.16000000000        3.39893250270      -8.300088543882E-002  1.794488019146E-003
  0.870357636226        3.43696457924        2.16000000000        3.30331579050      -0.312476794000       1.312484941020E-002
   1.01541724226        4.00979200911        2.16000000000        3.19338410263      -0.289853990315       1.859927967706E-002
   1.16047684830        4.58261943899        2.16000000000        3.06236189957       -1.09116043034       2.298821824007E-002
   1.30553645434        5.15544686886        2.16000000000        2.10833968737       -1.62024228884       3.069660110101E-002
   1.45059606038        5.72827429873        2.16000000000       0.950703192877       -1.73068898231       4.297838722210E-002
   1.59565566642        6.30110172861        2.16000000000       0.204279092976       -1.23880323105       5.683121907953E-002
   0.00000000000        0.00000000000        2.16000000000        2.99828583441      -1.377570759473E-002 -4.196379763404E-003
 -4.879688596092E-002  0.588890836777        2.16000000000        3.03215419229      -6.668298173927E-003 -8.675323507850E-005
 -9.759377192185E-002   1.17778167355        2.16000000000        3.03887133073       6.845220398997E-003  1.471906078351E-004
 -0.146390657883        1.76667251033        2.16000000000        3.05203189010       7.452278326227E-003  1.116544136337E-003
 -0.195187543844        2.35556334711        2.16000000000        3.06673910494       1.625027209317E-002  3.725118936096E-003
 -0.243984429805        2.94445418388        2.16000000000        3.35221120761       2.042032906139E-002  1.928594132410E-003
 -0.292781315766        3.53334502066        2.16000000000        2.95136309686       3.613580992718E-003  5.766484095445E-003
 -0.341578201726        4.12223585744        2.16000000000        2.69772972349       5.466427283144E-002  6.248985972415E-003
 -0.390375087687        4.71112669421        2.16000000000        2.36312962788       0.347730409481       4.415787250459E-003
 -0.439171973648        5.30001753099        2.16000000000        1.82869479528       0.494035208449       3.892989891952E-004
 -0.487968859609        5.88890836777        2.16000000000        1.12940788998       0.547199122659      -1.496780992978E-003
 -0.536765745570        6.47779920454        2.16000000000       0.777504959202       0.259143495897       4.572918217836E-003
   0.00000000000        0.00000000000        2.16000000000        2.99828583441      -1.377570759473E-002 -4.196379763404E-003
 -0.237365478204       0.541138783933        2.16000000000        3.02401577805      -8.259576066777E-003 -1.386053355774E-003
 -0.474730956408        1.08227756787        2.16000000000        3.04169405273      -5.479411848867E-004  6.393606151960E-004
 -0.712096434612        1.62341635180        2.16000000000        3.04713250726       2.681463659649E-003  5.215002620364E-004
 -0.949461912816        2.16455513573        2.16000000000        3.04414299624       4.953360042417E-002  2.556920769251E-003
  -1.18682739102        2.70569391966        2.16000000000        3.33364014554       8.194733422138E-002  1.218561922636E-002
  -1.42419286922        3.24683270360        2.16000000000        3.43358708166       0.233400770202       8.940493793191E-003
  -1.66155834743        3.78797148753        2.16000000000        3.66000832939       0.508655311005      -6.520964819094E-003
  -1.89892382563        4.32911027146        2.16000000000        4.06882159647       0.271856105535      -8.549438060649E-003
  -2.13628930384        4.87024905539        2.16000000000        4.64059579440        3.09143676006      -2.406350607732E-002
  -2.37365478204        5.41138783933        2.16000000000        1.51097683440        5.38116904076      -3.633866183498E-002
  -2.61102026024        5.95252662326        2.16000000000       -3.30381460444       0.819599839521      -4.404458487629E-002
   0.00000000000        0.00000000000        2.16000000000        2.99828583441      -1.377570759473E-002 -4.196379763404E-003
 -0.400211837779       0.434745947216        2.16000000000        3.01318971667      -1.048719284099E-002 -2.993829201825E-003
 -0.800423675558       0.869491894432        2.16000000000        3.02561180417      -6.246820874375E-003 -1.694237373369E-003
  -1.20063551334        1.30423784165        2.16000000000        3.03803389168      -2.006448907758E-003 -3.946455449126E-004
  -1.60084735112        1.73898378886        2.16000000000        3.04215136208       1.978788696454E-002  1.073245884293E-003
  -2.00105918889        2.17372973608        2.16000000000        3.24650058125       9.149862400945E-002  2.550831256760E-003
  -2.40127102667        2.60847568330        2.16000000000        3.38373191876      -0.197930952669      -1.549330412738E-003
  -2.80148286445        3.04322163051        2.16000000000        3.66025234210      -0.456544937053      -4.291702574984E-002
  -3.20169470223        3.47796757773        2.16000000000        3.80802990409       -1.01458310497      -4.681280171713E-002
  -3.60190654001        3.91271352494        2.16000000000        3.60845395747       -1.32487609380      -4.898036834597E-002
  -4.00211837779        4.34745947216        2.16000000000        3.17683302717       -2.00080486987      -0.148441631575     
  -4.40233021557        4.78220541938        2.16000000000        2.44308083798       -2.12992174932      -0.183875711047     
   0.00000000000        0.00000000000        2.16000000000        2.99828583441      -1.377570759473E-002 -4.196379763404E-003
 -0.519689034804       0.281241641340        2.16000000000        3.00101752935      -1.317431971394E-002 -4.742435987733E-003
  -1.03937806961       0.562483282680        2.16000000000        3.00208949090      -1.118061500786E-002 -5.088609699976E-003
  -1.55906710441       0.843724924020        2.16000000000        3.01028021766      -1.154905835607E-002 -4.177401089403E-003
  -2.07875613922        1.12496656536        2.16000000000        3.00513061706      -1.217593828241E-002 -5.076665542443E-003
  -2.59844517402        1.40620820670        2.16000000000        3.15586516181      -6.659313101316E-002 -3.342539860440E-003
  -3.11813420882        1.68744984804        2.16000000000        3.09051329463      -0.316402170596      -9.133397185605E-003
  -3.63782324363        1.96869148938        2.16000000000        2.94257967607      -0.419791998535      -1.103102280749E-002
  -4.15751227843        2.24993313072        2.16000000000        2.75806849109      -0.522292158821      -2.615768710975E-002
  -4.67720131323        2.53117477206        2.16000000000        2.62064496849      -0.619383124848      -4.540742530764E-002
  -5.19689034804        2.81241641340        2.16000000000        2.35090122360      -0.739867186428      -8.765627751285E-002
  -5.71657938284        3.09365805474        2.16000000000        1.95589160320      -0.874008215831      -0.141306469788     
   0.00000000000        0.00000000000        2.16000000000        2.99828583441      -1.377570759473E-002 -4.196379763404E-003
 -0.582849861102       9.726043971134E-002   2.16000000000        2.99269608683      -1.395203004532E-002 -5.957262625646E-003
  -1.16569972220       0.194520879423        2.16000000000        2.99811633224      -1.776000944814E-002 -5.190167766401E-003
  -1.74854958330       0.291781319134        2.16000000000        3.00852860773      -1.191599323382E-002 -4.318906532282E-003
  -2.33139944441       0.389041758845        2.16000000000        2.98891726875      -5.203965185492E-003 -6.384892399582E-003
  -2.91424930551       0.486302198557        2.16000000000        2.98391331441      -4.946968617256E-002 -9.386835042267E-003
  -3.49709916661       0.583562638268        2.16000000000        2.84858178314      -6.960548865812E-002  3.667048093165E-003
  -4.07994902771       0.680823077979        2.16000000000        2.73924063029      -8.056719113747E-002  3.028438639403E-002
  -4.66279888881       0.778083517691        2.16000000000        2.62873050595      -9.901377995400E-002  5.331587683468E-002
  -5.24564874991       0.875343957402        2.16000000000        2.48511726542      -0.136720596384       5.788342079196E-002
  -5.82849861102       0.972604397113        2.16000000000        2.24822141661      -8.768218528799E-002  5.866012626589E-002
  -6.41134847212        1.06986483682        2.16000000000        2.04014837932       2.787817204455E-003  0.167647214443     
   0.00000000000        0.00000000000        2.16000000000        2.99828583441      -1.377570759473E-002 -4.196379763404E-003
 -0.582849861102      -9.726043971134E-002   2.16000000000        2.98644083829      -1.417536797997E-002 -6.842725433060E-003
  -1.16569972220      -0.194520879423        2.16000000000        3.00732128098      -3.386049704110E-002 -2.527770449876E-003
  -1.74854958330      -0.291781319134        2.16000000000        3.01226209756      -1.899455134914E-002 -3.504058246788E-003
  -2.33139944441      -0.389041758845        2.16000000000        2.99547372849      -1.598294270966E-003 -5.494703321845E-003
  -2.91424930551      -0.486302198557        2.16000000000        2.99172800509       4.284987870748E-002 -7.961702098212E-003
  -3.49709916661      -0.583562638268        2.16000000000        2.87035024574       6.193391675963E-002 -4.507020194709E-003
  -4.07994902771      -0.680823077979        2.16000000000        2.75767670585       8.066532134158E-002  1.047973022697E-002
  -4.66279888881      -0.778083517691        2.16000000000        2.62202037350       0.112461834041       3.349978547812E-002
  -5.24564874991      -0.875343957402        2.16000000000        2.45626516795       0.157379897225       4.239226483891E-002
  -5.82849861102      -0.972604397113        2.16000000000        2.35525247394       0.100075243843       4.779716512863E-002
  -6.41134847212       -1.06986483682        2.16000000000        2.38413541925       7.953235845247E-002  0.271682733402     
   0.00000000000        0.00000000000        2.16000000000        2.99828583441      -1.377570759473E-002 -4.196379763404E-003
 -0.519689034804      -0.281241641340        2.16000000000        2.98139013080      -1.431133893105E-002 -7.435870671251E-003
  -1.03937806961      -0.562483282680        2.16000000000        3.00682270575      -4.196192892405E-002 -1.857690985778E-003
  -1.55906710441      -0.843724924020        2.16000000000        3.02130432122      -2.993671332866E-002 -9.784050661509E-004
  -2.07875613922       -1.12496656536        2.16000000000        3.02471399071       6.644511476815E-003 -1.770724196626E-003
  -2.59844517402       -1.40620820670        2.16000000000        3.13568516264       7.599930857128E-002 -1.048681929037E-002
  -3.11813420882       -1.68744984804        2.16000000000        3.05924394226       0.238713877649      -8.541518937546E-003
  -3.63782324363       -1.96869148938        2.16000000000        2.94891020690       0.376469018008      -1.132165483048E-002
  -4.15751227843       -2.24993313072        2.16000000000        2.79661964122       0.483325934472      -1.995158755836E-002
  -4.67720131323       -2.53117477206        2.16000000000        2.63025518900       0.609156839829      -3.558997145323E-002
  -5.19689034804       -2.81241641340        2.16000000000        2.33140424403       0.727421959810      -5.555080968150E-002
  -5.71657938284       -3.09365805474        2.16000000000        1.97218088482       0.807075526054      -8.776304568852E-002
   0.00000000000        0.00000000000        2.16000000000        2.99828583441      -1.377570759473E-002 -4.196379763404E-003
 -0.400211837779      -0.434745947216        2.16000000000        2.98023428887      -1.291074367845E-002 -7.311176540943E-003
 -0.800423675558      -0.869491894432        2.16000000000        3.00132037892      -1.399729310553E-002 -4.060310612295E-003
  -1.20063551334       -1.30423784165        2.16000000000        3.04087743992      -3.464433258701E-002  3.581527847425E-003
  -1.60084735112       -1.73898378886        2.16000000000        3.04967060675       1.837504792714E-003  1.964072774530E-003
  -2.00105918889       -2.17372973608        2.16000000000        3.18975181938      -0.118871649274       4.542128928006E-003
  -2.40127102667       -2.60847568330        2.16000000000        3.35582404954       0.114678765850      -1.069060029675E-002
  -2.80148286445       -3.04322163051        2.16000000000        3.48707183824       0.367458878768      -2.250003315998E-002
  -3.20169470223       -3.47796757773        2.16000000000        3.84356510098       0.859275443027      -4.631103556919E-002
  -3.60190654001       -3.91271352494        2.16000000000        3.77032719957        1.29549974180      -8.764994737223E-002
  -4.00211837779       -4.34745947216        2.16000000000        3.21941079656        1.98315597129      -0.182927500101     
  -4.40233021557       -4.78220541938        2.16000000000        2.50255827611        2.34081266387      -0.285539729441     
   0.00000000000        0.00000000000        2.16000000000        2.99828583441      -1.377570759473E-002 -4.196379763404E-003
 -0.237365478204      -0.541138783933        2.16000000000        2.98664072218      -9.207590381370E-003 -6.136145653422E-003
 -0.474730956408       -1.08227756787        2.16000000000        3.00237313400       7.216799371851E-003 -4.598197345126E-003
 -0.712096434612       -1.62341635180        2.16000000000        3.03124668443      -6.049269581991E-003  8.168738714162E-004
 -0.949461912816       -2.16455513573        2.16000000000        3.06442022319      -1.712490082442E-002  6.704961606005E-003
  -1.18682739102       -2.70569391966        2.16000000000        3.30339155789      -0.110549564393      -9.042893188051E-004
  -1.42419286922       -3.24683270360        2.16000000000        3.38614609100      -0.348003736804      -3.799630300083E-003
  -1.66155834743       -3.78797148753        2.16000000000        3.52109811787      -0.550457268473      -8.712243782491E-003
  -1.89892382563       -4.32911027146        2.16000000000        3.86232403089       -1.25554042703      -2.403538301276E-002
  -2.13628930384       -4.87024905539        2.16000000000        4.53377962639       -3.03640783532      -4.504820250458E-002
  -2.37365478204       -5.41138783933        2.16000000000       9.533083206103E-002  -3.73491600225      -6.119654689891E-002
  -2.61102026024       -5.95252662326        2.16000000000       -3.43787594611      -0.998460193135      -6.717269218552E-002
   0.00000000000        0.00000000000        2.16000000000        2.99828583441      -1.377570759473E-002 -4.196379763404E-003
 -4.879688596092E-002 -0.588890836777        2.16000000000        2.99134230455      -7.284274564714E-003 -5.127775328831E-003
 -9.759377192185E-002  -1.17778167355        2.16000000000        3.00824103787       1.986317315134E-003 -3.642473159492E-003
 -0.146390657883       -1.76667251033        2.16000000000        3.02024338705       1.045098255349E-002 -1.866886401178E-003
 -0.195187543844       -2.35556334711        2.16000000000        3.04133434289      -2.347474775881E-002  3.507344294880E-003
 -0.243984429805       -2.94445418388        2.16000000000        3.29251589229      -4.747606920546E-002  3.268542841303E-003
 -0.292781315766       -3.53334502066        2.16000000000        2.98527326161       2.258436140575E-002  5.578951931313E-003
 -0.341578201726       -4.12223585744        2.16000000000        2.80266455922      -0.142099967606       3.444495384803E-003
 -0.390375087687       -4.71112669421        2.16000000000        2.57729107156      -0.311287451156       4.245828668382E-003
 -0.439171973648       -5.30001753099        2.16000000000        1.81491110867      -0.541966292816      -2.425735370544E-003
 -0.487968859609       -5.88890836777        2.16000000000        1.17458708625      -0.535368161451      -1.550841562124E-002
 -0.536765745570       -6.47779920454        2.16000000000       0.539679850851      -0.335327658348      -2.437938648946E-002
   0.00000000000        0.00000000000        2.16000000000        2.99828583441      -1.377570759473E-002 -4.196379763404E-003
  0.145059606038      -0.572827429873        2.16000000000        2.99382954659      -7.349217340539E-003 -4.395338138319E-003
  0.290119212075       -1.14565485975        2.16000000000        3.01114520597      -3.459298591495E-003 -2.798950192033E-003
  0.435178818113       -1.71848228962        2.16000000000        3.02395477617      -2.049671577002E-003 -1.195454843405E-003
  0.580238424151       -2.29130971949        2.16000000000        3.01092338810      -6.656742749198E-003 -3.590568797536E-003
  0.725298030189       -2.86413714937        2.16000000000        3.39132366888       0.131114455137       6.656802908006E-003
  0.870357636226       -3.43696457924        2.16000000000        3.22100368262       0.296249773743       1.341647889730E-002
   1.01541724226       -4.00979200911        2.16000000000        3.12393381284       0.540794358020       1.546566458014E-002
   1.16047684830       -4.58261943899        2.16000000000        2.78873983921       0.950258992413       2.013403445960E-002
   1.30553645434       -5.15544686886        2.16000000000        2.10280298223        1.66766978075       3.512782620619E-002
   1.45059606038       -5.72827429873        2.16000000000       0.932052887241        1.73239171469       4.168755298766E-002
   1.59565566642       -6.30110172861        2.16000000000       0.167657677501        1.25769364197       3.396567731791E-002
   0.00000000000        0.00000000000        2.16000000000        2.99828583441      -1.377570759473E-002 -4.196379763404E-003
  0.323196638891      -0.494689282610        2.16000000000        2.99383291702      -9.395381151393E-003 -4.018205016410E-003
  0.646393277781      -0.989378565219        2.16000000000        3.01174778298      -6.021761055228E-003 -1.865859249633E-003
  0.969589916672       -1.48406784783        2.16000000000        3.02321140958      -1.695957398881E-002 -1.312750738300E-003
   1.29278655556       -1.97875713044        2.16000000000        3.02249556367      -2.215100115946E-002 -2.708453609804E-003
   1.61598319445       -2.47344641305        2.16000000000        3.34797126791       2.809053729192E-002  1.475997148747E-002
   1.93917983334       -2.96813569566        2.16000000000        3.61278871548      -1.948887765553E-002  1.504485623613E-002
   2.26237647223       -3.46282497827        2.16000000000        3.78493863028       4.070292297249E-002  2.605539167011E-002
   2.58557311112       -3.95751426088        2.16000000000        4.50135569199      -9.974780943829E-002  5.197235122553E-002
   2.90876975001       -4.45220354349        2.16000000000        5.66816117005      -0.964859138860       7.945391884079E-002
   3.23196638891       -4.94689282610        2.16000000000        5.46048383624       -4.80154637964       0.103535132118     
   3.55516302780       -5.44158210871        2.16000000000        1.21722481574       -4.35821357614       0.107688263046     
   0.00000000000        0.00000000000        2.16000000000        2.99828583441      -1.377570759473E-002 -4.196379763404E-003
  0.466310301007      -0.362943875680        2.16000000000        2.99239406198      -1.275360456101E-002 -3.904798441182E-003
  0.932620602014      -0.725887751361        2.16000000000        3.00998347033      -5.423387507417E-003 -9.443152142966E-004
   1.39893090302       -1.08883162704        2.16000000000        3.02002217577      -1.970834203027E-002 -4.302656069168E-004
   1.86524120403       -1.45177550272        2.16000000000        3.00454781909      -3.500342185920E-002 -1.940014688540E-003
   2.33155150503       -1.81471937840        2.16000000000        3.22487848540      -4.437680085461E-002  2.220108867534E-002
   2.79786180604       -2.17766325408        2.16000000000        3.17994779986      -0.177359636929       2.709096307482E-002
   3.26417210705       -2.54060712976        2.16000000000        3.28541105935      -0.544818779254       4.485546091938E-002
   3.73048240806       -2.90355100544        2.16000000000        3.23872728758      -0.797824864476       6.881364087315E-002
   4.19679270906       -3.26649488112        2.16000000000        3.05557051776      -0.959027574025       0.104811681181     
   4.66310301007       -3.62943875680        2.16000000000        2.65662124972       -1.24285267864       0.146775971787     
   5.12941331108       -3.99238263248        2.16000000000        2.23162269715       -1.37865643939       0.207796609497     
   0.00000000000        0.00000000000        2.16000000000        2.99828583441      -1.377570759473E-002 -4.196379763404E-003
  0.558892006459      -0.191867868166        2.16000000000        3.00025548491      -1.238379217662E-002 -2.724549957075E-003
   1.11778401292      -0.383735736333        2.16000000000        3.00908185071      -1.248495159086E-002 -7.562195536547E-004
   1.67667601938      -0.575603604499        2.16000000000        3.01313055104      -1.400534491155E-002 -2.609141094992E-004
   2.23556802584      -0.767471472666        2.16000000000        2.94449801997      -2.084390700607E-002 -3.846651088120E-003
   2.79446003230      -0.959339340832        2.16000000000        2.99786212021      -5.191355130963E-002  1.695863293872E-002
   3.35335203876       -1.15120720900        2.16000000000        2.86893977348      -0.133989151883       2.668872771301E-002
   3.91224404522       -1.34307507716        2.16000000000        2.72718336454      -0.200899067786       3.845258144183E-002
   4.47113605168       -1.53494294533        2.16000000000        2.56136613378      -0.309373780550       6.111053411649E-002
   5.03002805814       -1.72681081350        2.16000000000        2.38725994870      -0.351448855449       9.465562184845E-002
   5.58892006459       -1.91867868166        2.16000000000        2.17925423800      -0.389024846326       0.123778915304     
   6.14781207105       -2.11054654983        2.16000000000        1.91546738486      -0.415804025046       0.142314645544     
   0.00000000000        0.00000000000        2.16000000000        2.99828583441      -1.377570759473E-002 -4.196379763404E-003
  0.590909090909        0.00000000000        2.16000000000        3.01243776545      -9.740939077159E-003 -1.137548246722E-003
   1.18181818182      -1.172487511250E-015   2.16000000000        3.02061631373      -5.303684170727E-003  8.563712880632E-004
   1.77272727273        0.00000000000        2.16000000000        2.99472452788       6.898285747762E-004 -2.467703947257E-003
   2.36363636364        0.00000000000        2.16000000000        3.00122417150      -4.432612305925E-003 -3.090922636581E-003
   2.95454545455        0.00000000000        2.16000000000        2.93937673535       1.290613641862E-002  1.511720632356E-002
   3.54545454545        0.00000000000        2.16000000000        2.80454346317       1.458098621492E-002  3.677463568948E-002
   4.13636363636        0.00000000000        2.16000000000        2.66668526739       4.717936579798E-003  5.199526450633E-002
   4.72727272727        0.00000000000        2.16000000000        2.52058279150       2.273221223223E-002  8.736337035273E-002
   5.31818181818        0.00000000000        2.16000000000        2.36435642374       5.810452538659E-002  0.148764475739     
   5.90909090909        0.00000000000        2.16000000000        2.18652744560      -1.716371911554E-002  0.205846813280     
   6.50000000000        0.00000000000        2.16000000000        1.85010454105       6.437558837558E-004  0.155718548358     
