 12 20 1 1
 1 X [LENGU]
 2 Y [LENGU]
 3 Z [LENGU]
 4 Hx [FIELU]
 5 Hy [FIELU]
 6 Hz [FIELU]
 0
   0.00000000000        0.00000000000        70.0000000000        2.56773540636      -6.328376553439E-002 -5.311514095226E-003
  0.590909090909        0.00000000000        70.0000000000        2.57080454568      -5.677491360698E-002 -3.777732223978E-003
   1.18181818182        0.00000000000        70.0000000000        2.57853320897      -3.970625372875E-002 -1.442944359435E-003
   1.77272727273        0.00000000000        70.0000000000        2.59094443600      -2.539702783893E-002  1.458403617883E-003
   2.36363636364        0.00000000000        70.0000000000        2.60427019171      -1.112503683560E-002  4.321303411566E-003
   2.95454545455        0.00000000000        70.0000000000        2.64084240455      -2.081281088923E-003  9.534880550062E-003
   3.54545454545        0.00000000000        70.0000000000        2.54024779096       6.464975792266E-004  8.841094219915E-003
   4.13636363636        0.00000000000        70.0000000000        2.43960535308       1.093776219892E-003  7.857494984028E-003
   4.72727272727        0.00000000000        70.0000000000        2.34576581849      -2.168090938510E-004  6.781172288301E-003
   5.31818181818        0.00000000000        70.0000000000        2.22242232509      -5.463999131952E-003  8.101739218416E-003
   5.90909090909        0.00000000000        70.0000000000        2.10237454326      -5.718065949553E-003  7.069961418178E-003
   6.50000000000        0.00000000000        70.0000000000        1.98232676144      -5.972132767154E-003  6.038183617940E-003
   0.00000000000        0.00000000000        70.0000000000        2.56773540636      -6.328376553439E-002 -5.311514095226E-003
  0.558892006459       0.191867868166        70.0000000000        2.57344044874      -5.246450671642E-002 -3.353108209421E-003
   1.11778401292       0.383735736333        70.0000000000        2.58622666055      -3.251301429262E-002 -1.548398922215E-004
   1.67667601938       0.575603604499        70.0000000000        2.60151912443      -1.419041492703E-002  3.512817383452E-003
   2.23556802584       0.767471472666        70.0000000000        2.61236456397       6.703522745501E-004  5.732653355857E-003
   2.79446003230       0.959339340832        70.0000000000        2.69170026711       5.558458714538E-002  7.824112554723E-003
   3.35335203876        1.15120720900        70.0000000000        2.61907410952       0.179509027186       9.741042368765E-003
   3.91224404522        1.34307507716        70.0000000000        2.55825733603       0.260459332152       1.052664023567E-002
   4.47113605168        1.53494294533        70.0000000000        2.49086195207       0.343877533176       1.060972442433E-002
   5.03002805814        1.72681081350        70.0000000000        2.24401149539       0.383323770897       8.976561593761E-003
   5.58892006459        1.91867868166        70.0000000000        2.03885747764       0.366929010109       1.635498510520E-002
   6.14781207105        2.11054654983        70.0000000000        1.85329530542       0.385432447741       3.730549273457E-002
   0.00000000000        0.00000000000        70.0000000000        2.56773540636      -6.328376553439E-002 -5.311514095226E-003
  0.466310301007       0.362943875680        70.0000000000        2.57501570016      -5.050770342978E-002 -3.216181083557E-003
  0.932620602014       0.725887751361        70.0000000000        2.59056334557      -2.929866912854E-002  3.339771545593E-004
   1.39893090302        1.08883162704        70.0000000000        2.60249977861      -1.038720625689E-002  3.673969496737E-003
   1.86524120403        1.45177550272        70.0000000000        2.61047675338       5.696152009719E-003  6.585038648341E-003
   2.33155150503        1.81471937840        70.0000000000        2.89720152343       4.258277421125E-002  6.534295044622E-003
   2.79786180604        2.17766325408        70.0000000000        2.85184709168       0.210351828432       9.125521569440E-003
   3.26417210705        2.54060712976        70.0000000000        2.83018570453       0.351450233971       1.026055300271E-002
   3.73048240806        2.90355100544        70.0000000000        2.79755577717       0.687423759150       9.706691773122E-003
   4.19679270906        3.26649488112        70.0000000000        2.73413497360        1.03927840683      -1.482275328438E-002
   4.66310301007        3.62943875680        70.0000000000        2.58401918302        1.39966084452      -3.183025406910E-002
   5.12941331108        3.99238263248        70.0000000000        2.13328898418        1.36094531611      -2.762185212926E-002
   0.00000000000        0.00000000000        70.0000000000        2.56773540636      -6.328376553439E-002 -5.311514095226E-003
  0.323196638891       0.494689282610        70.0000000000        2.57535959702      -5.111655374608E-002 -3.381789025117E-003
  0.646393277781       0.989378565219        70.0000000000        2.59107331690      -3.041154241073E-002 -2.946413088957E-005
  0.969589916672        1.48406784783        70.0000000000        2.60096086093      -1.248118995931E-002  2.890231086625E-003
   1.29278655556        1.97875713044        70.0000000000        2.60787151263      -2.663405398924E-003  5.784927519234E-003
   1.61598319445        2.47344641305        70.0000000000        3.01200465080      -5.018230715125E-002  3.767136070359E-003
   1.93917983334        2.96813569566        70.0000000000        3.17414770749      -8.431044803159E-002  2.909808607348E-003
   2.26237647223        3.46282497827        70.0000000000        3.48112138020      -8.901730511065E-002 -1.056713667612E-004
   2.58557311112        3.95751426088        70.0000000000        4.16781476391       9.619828335403E-002 -1.777494581338E-003
   2.90876975001        4.45220354349        70.0000000000        5.07623969001       0.781132448868       7.046106532410E-003
   3.23196638891        4.94689282610        70.0000000000        4.74743049538        4.49174882182       3.184747455054E-003
   3.55516302780        5.44158210871        70.0000000000        1.49022569954        3.63078843435       2.486340943152E-004
   0.00000000000        0.00000000000        70.0000000000        2.56773540636      -6.328376553439E-002 -5.311514095226E-003
  0.145059606038       0.572827429873        70.0000000000        2.57443487276      -5.422507928629E-002 -3.831985843960E-003
  0.290119212075        1.14565485975        70.0000000000        2.58770131125      -3.573103705107E-002 -1.205779245917E-003
  0.435178818113        1.71848228962        70.0000000000        2.59706913698      -2.024545040863E-002  1.246532370806E-003
  0.580238424151        2.29130971949        70.0000000000        2.60466050217      -3.838612788316E-002  8.819144370763E-004
  0.725298030189        2.86413714937        70.0000000000        3.02979570756      -0.134073381478      -4.825943182475E-004
  0.870357636226        3.43696457924        70.0000000000        3.10423639675      -0.215061079495      -2.439352611230E-003
   1.01541724226        4.00979200911        70.0000000000        2.79096117670      -0.516363816354      -6.851115418904E-003
   1.16047684830        4.58261943899        70.0000000000        2.54714897788      -0.956226790368      -1.031739698645E-003
   1.30553645434        5.15544686886        70.0000000000        1.99965439480       -1.47214322793      -1.112879391424E-002
   1.45059606038        5.72827429873        70.0000000000       0.955139327374       -1.51297867702      -2.502040106788E-002
   1.59565566642        6.30110172861        70.0000000000       3.407917647326E-002  -1.08756560849      -1.297815108311E-002
   0.00000000000        0.00000000000        70.0000000000        2.56773540636      -6.328376553439E-002 -5.311514095226E-003
 -4.879688596092E-002  0.588890836777        70.0000000000        2.57234173559      -5.949642307437E-002 -4.517985729241E-003
 -9.759377192185E-002   1.17778167355        70.0000000000        2.58103074517      -4.480921993944E-002 -3.027988361526E-003
 -0.146390657883        1.76667251033        70.0000000000        2.59124633545      -3.283860951024E-002 -1.079006390248E-003
 -0.195187543844        2.35556334711        70.0000000000        2.59772128552      -6.119920048649E-002 -3.272646209440E-003
 -0.243984429805        2.94445418388        70.0000000000        3.02891054752       6.191457226288E-002 -7.497172284851E-003
 -0.292781315766        3.53334502066        70.0000000000        3.13933325719       0.174987999933      -2.783485929670E-003
 -0.341578201726        4.12223585744        70.0000000000        2.76993904165       0.186206598171      -2.950134831730E-003
 -0.390375087687        4.71112669421        70.0000000000        2.34352106984       0.336872691683      -1.191616330295E-003
 -0.439171973648        5.30001753099        70.0000000000        1.71712147581       0.410773355471       5.242567965884E-004
 -0.487968859609        5.88890836777        70.0000000000        1.13748192197       0.519677953430       4.862159721683E-003
 -0.536765745570        6.47779920454        70.0000000000       0.701287083996       0.470526331149       4.628559673836E-003
   0.00000000000        0.00000000000        70.0000000000        2.56773540636      -6.328376553439E-002 -5.311514095226E-003
 -0.237365478204       0.541138783933        70.0000000000        2.57198740084      -5.920329625191E-002 -4.908198980407E-003
 -0.474730956408        1.08227756787        70.0000000000        2.57623939533      -5.512282696942E-002 -4.504883865588E-003
 -0.712096434612        1.62341635180        70.0000000000        2.58061557622      -5.071080723406E-002 -4.080383653104E-003
 -0.949461912816        2.16455513573        70.0000000000        2.58722905835      -5.050272493065E-002 -3.969002429345E-003
  -1.18682739102        2.70569391966        70.0000000000        3.00581109210       0.102493010743      -8.546209942594E-003
  -1.42419286922        3.24683270360        70.0000000000        3.12392165978       0.286177173758      -5.304329921932E-003
  -1.66155834743        3.78797148753        70.0000000000        3.25998381335       0.496118449307      -1.980060952623E-003
  -1.89892382563        4.32911027146        70.0000000000        3.59444691145        1.05228213159      -2.525026857092E-004
  -2.13628930384        4.87024905539        70.0000000000        4.34028109410        2.81852830835       3.361831034435E-004
  -2.37365478204        5.41138783933        70.0000000000        1.10785172512        4.51040796605       1.312547369656E-003
  -2.61102026024        5.95252662326        70.0000000000       -2.62516453256       0.821828860593       2.752673987822E-003
   0.00000000000        0.00000000000        70.0000000000        2.56773540636      -6.328376553439E-002 -5.311514095226E-003
 -0.400211837779       0.434745947216        70.0000000000        2.57260959730      -5.551507389747E-002 -5.096926936842E-003
 -0.800423675558       0.869491894432        70.0000000000        2.57748378824      -4.774638226054E-002 -4.882339778459E-003
  -1.20063551334        1.30423784165        70.0000000000        2.58235797918      -3.997769062362E-002 -4.667752620076E-003
  -1.60084735112        1.73898378886        70.0000000000        2.58755688940      -3.716061969672E-002 -3.749815800446E-003
  -2.00105918889        2.17372973608        70.0000000000        2.79182669136       0.192836964835      -3.358075636246E-003
  -2.40127102667        2.60847568330        70.0000000000        3.05846732850      -0.130020157932      -1.131756667459E-002
  -2.80148286445        3.04322163051        70.0000000000        3.11396614156      -0.323135980636      -1.053688343742E-002
  -3.20169470223        3.47796757773        70.0000000000        3.32569556901      -0.607123391912      -1.631371049437E-002
  -3.60190654001        3.91271352494        70.0000000000        3.39286624227       -1.27242862256      -1.975150335732E-003
  -4.00211837779        4.34745947216        70.0000000000        3.16545118704       -1.97435336583       8.023345575406E-003
  -4.40233021557        4.78220541938        70.0000000000        2.53605455160       -1.98458692215       6.660448432615E-003
   0.00000000000        0.00000000000        70.0000000000        2.56773540636      -6.328376553439E-002 -5.311514095226E-003
 -0.519689034804       0.281241641340        70.0000000000        2.57622660625      -4.864317082740E-002 -4.720082396435E-003
  -1.03937806961       0.562483282680        70.0000000000        2.58907985604      -2.901831029644E-002 -3.399588818092E-003
  -1.55906710441       0.843724924020        70.0000000000        2.59859332436      -1.463127350780E-002 -2.463933781604E-003
  -2.07875613922        1.12496656536        70.0000000000        2.59587250056      -2.237852155176E-002 -3.118596747560E-003
  -2.59844517402        1.40620820670        70.0000000000        2.77648764661      -5.814402580353E-002 -9.361983598468E-003
  -3.11813420882        1.68744984804        70.0000000000        2.68686739482      -0.212124653943      -6.260127045003E-003
  -3.63782324363        1.96869148938        70.0000000000        2.59724714303      -0.366105282082      -3.158270491537E-003
  -4.15751227843        2.24993313072        70.0000000000        2.50762689124      -0.520085910222      -5.641393807224E-005
  -4.67720131323        2.53117477206        70.0000000000        2.41393579349      -0.629606038133       1.372350582644E-003
  -5.19689034804        2.81241641340        70.0000000000        2.15377476139      -0.794188099929       7.053037736884E-003
  -5.71657938284        3.09365805474        70.0000000000        1.89011464308      -0.957644016933      -1.840289429491E-003
   0.00000000000        0.00000000000        70.0000000000        2.56773540636      -6.328376553439E-002 -5.311514095226E-003
 -0.582849861102       9.726043971134E-002   70.0000000000        2.58390394016      -3.766689473630E-002 -3.574904246762E-003
  -1.16569972220       0.194520879423        70.0000000000        2.60513163163      -8.731702913975E-003 -1.045598810731E-003
  -1.74854958330       0.291781319134        70.0000000000        2.61438849750       2.692517240368E-003  1.119656784442E-004
  -2.33139944441       0.389041758845        70.0000000000        2.62030170820       7.061874363506E-003  4.528554806798E-004
  -2.91424930551       0.486302198557        70.0000000000        2.63140006152      -5.372141043032E-002 -9.065646398504E-003
  -3.49709916661       0.583562638268        70.0000000000        2.52797872451      -9.846103134512E-002 -8.254881884030E-003
  -4.07994902771       0.680823077979        70.0000000000        2.42455738749      -0.143200652260      -7.444117369557E-003
  -4.66279888881       0.778083517691        70.0000000000        2.32017688023      -0.166650425739      -7.645456861158E-003
  -5.24564874991       0.875343957402        70.0000000000        2.19496450404      -0.161089258912      -8.244625445417E-003
  -5.82849861102       0.972604397113        70.0000000000        2.06033243564      -0.161085732690      -8.265882402626E-003
  -6.41134847212        1.06986483682        70.0000000000        1.90387361865      -0.158070258222      -9.128520482196E-003
   0.00000000000        0.00000000000        70.0000000000        2.56773540636      -6.328376553439E-002 -5.311514095226E-003
 -0.582849861102      -9.726043971134E-002   70.0000000000        2.58947292952      -3.028504874134E-002 -2.686288882136E-003
  -1.16569972220      -0.194520879423        70.0000000000        2.61875728437      -7.357638776652E-003  9.136737657401E-004
  -1.74854958330      -0.291781319134        70.0000000000        2.62735378188       5.373165521096E-004  2.055907414920E-003
  -2.33139944441      -0.389041758845        70.0000000000        2.63484056489       1.729883753915E-002  3.000596596211E-003
  -2.91424930551      -0.486302198557        70.0000000000        2.64457746752       3.254554742945E-002 -4.678239629326E-003
  -3.49709916661      -0.583562638268        70.0000000000        2.54712001545       7.551379986141E-002 -4.687588746211E-003
  -4.07994902771      -0.680823077979        70.0000000000        2.44879134136       9.425788585516E-002 -5.140934979084E-003
  -4.66279888881      -0.778083517691        70.0000000000        2.34162168437       0.125258669092      -5.651435730428E-003
  -5.24564874991      -0.875343957402        70.0000000000        2.23132587876       0.151277331500      -5.845421511776E-003
  -5.82849861102      -0.972604397113        70.0000000000        2.10016532358       0.175390567968      -7.657257102995E-003
  -6.41134847212       -1.06986483682        70.0000000000        1.90241259629       0.180557225606      -1.317135715725E-002
   0.00000000000        0.00000000000        70.0000000000        2.56773540636      -6.328376553439E-002 -5.311514095226E-003
 -0.519689034804      -0.281241641340        70.0000000000        2.59402109955      -3.133874195147E-002 -1.996171870877E-003
  -1.03937806961      -0.562483282680        70.0000000000        2.62538430119      -1.233437319758E-002  1.458295885585E-003
  -1.55906710441      -0.843724924020        70.0000000000        2.63850755501      -5.237060197817E-003  2.819926385250E-003
  -2.07875613922       -1.12496656536        70.0000000000        2.64412036185       1.190184527814E-002  4.612148603826E-003
  -2.59844517402       -1.40620820670        70.0000000000        2.77478442834       5.679097521572E-002 -2.953538094941E-003
  -3.11813420882       -1.68744984804        70.0000000000        2.69311534534       0.136211433703      -2.504827629469E-003
  -3.63782324363       -1.96869148938        70.0000000000        2.59659604163       0.278951794447      -2.558099820289E-004
  -4.15751227843       -2.24993313072        70.0000000000        2.50667664199       0.427769302659       1.965923308945E-003
  -4.67720131323       -2.53117477206        70.0000000000        2.40088034718       0.620568188832       1.705669958370E-003
  -5.19689034804       -2.81241641340        70.0000000000        2.14580004973       0.778131416170      -1.416332375676E-002
  -5.71657938284       -3.09365805474        70.0000000000        1.76026323822       0.937120809499      -3.404142771817E-002
   0.00000000000        0.00000000000        70.0000000000        2.56773540636      -6.328376553439E-002 -5.311514095226E-003
 -0.400211837779      -0.434745947216        70.0000000000        2.59465153664      -3.496860596835E-002 -1.798785578099E-003
 -0.800423675558      -0.869491894432        70.0000000000        2.63225849076      -1.474648969520E-002  1.613319208301E-003
  -1.20063551334       -1.30423784165        70.0000000000        2.64489492622      -1.538931403490E-002  2.520969495429E-003
  -1.60084735112       -1.73898378886        70.0000000000        2.64811650001      -3.240564102047E-003  3.164553895324E-003
  -2.00105918889       -2.17372973608        70.0000000000        2.85558383331      -5.418819016449E-002 -3.594224317010E-003
  -2.40127102667       -2.60847568330        70.0000000000        3.14047948595       0.195804775969      -8.725712745312E-004
  -2.80148286445       -3.04322163051        70.0000000000        3.27601383165       0.425693570532      -6.454285634435E-004
  -3.20169470223       -3.47796757773        70.0000000000        3.40963639289       0.623187085972       4.864176007436E-006
  -3.60190654001       -3.91271352494        70.0000000000        3.40739769206        1.26809279271       1.377086295028E-002
  -4.00211837779       -4.34745947216        70.0000000000        3.09737103319        1.88778183049       6.300193885189E-002
  -4.40233021557       -4.78220541938        70.0000000000        2.68891247899        2.02389552076       6.562315788079E-003
   0.00000000000        0.00000000000        70.0000000000        2.56773540636      -6.328376553439E-002 -5.311514095226E-003
 -0.237365478204      -0.541138783933        70.0000000000        2.59129592315      -4.078128870262E-002 -2.115519871389E-003
 -0.474730956408       -1.08227756787        70.0000000000        2.61241813599      -9.396106328068E-002  1.155538418511E-004
 -0.712096434612       -1.62341635180        70.0000000000        2.63645531370      -6.186621074134E-002  1.220772134859E-003
 -0.949461912816       -2.16455513573        70.0000000000        2.61810742552      -0.166303727360      -5.334732684437E-003
  -1.18682739102       -2.70569391966        70.0000000000        2.96470274788      -9.044447639536E-002 -1.407664696570E-003
  -1.42419286922       -3.24683270360        70.0000000000        3.08056736368      -0.150193306680      -3.738796775302E-003
  -1.66155834743       -3.78797148753        70.0000000000        3.20624037946      -0.503213772811      -2.135785974186E-003
  -1.89892382563       -4.32911027146        70.0000000000        3.50322791831      -0.853365417801       4.335290151131E-004
  -2.13628930384       -4.87024905539        70.0000000000        4.13502919593       -2.77738947881      -9.449326909464E-004
  -2.37365478204       -5.41138783933        70.0000000000       0.345421384300       -6.74561628514      -2.430493134095E-003
  -2.61102026024       -5.95252662326        70.0000000000       -2.51617967497      -0.803916790412      -3.609383775068E-003
   0.00000000000        0.00000000000        70.0000000000        2.56773540636      -6.328376553439E-002 -5.311514095226E-003
 -4.879688596092E-002 -0.588890836777        70.0000000000        2.58431789187      -4.814689578695E-002 -2.912051675430E-003
 -9.759377192185E-002  -1.17778167355        70.0000000000        2.57157830467      -0.229275950103      -2.684654680709E-003
 -0.146390657883       -1.76667251033        70.0000000000        2.57757969183      -0.246618236576      -2.483259183092E-003
 -0.195187543844       -2.35556334711        70.0000000000        2.58072219192      -0.349122134271      -1.758734346136E-002
 -0.243984429805       -2.94445418388        70.0000000000        2.97777118321      -4.540318706594E-002 -1.290476684098E-003
 -0.292781315766       -3.53334502066        70.0000000000        2.97880129983       3.650195160747E-002 -2.876775682302E-003
 -0.341578201726       -4.12223585744        70.0000000000        2.71717459489      -0.180936362158      -2.366755292271E-003
 -0.390375087687       -4.71112669421        70.0000000000        2.27481038642      -0.255662131087      -2.568153887073E-003
 -0.439171973648       -5.30001753099        70.0000000000        1.69585825368      -0.424198820132       7.948878294875E-003
 -0.487968859609       -5.88890836777        70.0000000000        1.11481202177      -0.531439541282       7.946021951993E-003
 -0.536765745570       -6.47779920454        70.0000000000       0.636439383386      -0.370316758776       1.491652735711E-002
   0.00000000000        0.00000000000        70.0000000000        2.56773540636      -6.328376553439E-002 -5.311514095226E-003
  0.145059606038      -0.572827429873        70.0000000000        2.57447362076      -5.626724940458E-002 -4.102064409790E-003
  0.290119212075       -1.14565485975        70.0000000000        2.54092684373      -0.297297821130      -4.377871927466E-003
  0.435178818113       -1.71848228962        70.0000000000        2.51972935463      -0.303347552459      -2.319761706554E-003
  0.580238424151       -2.29130971949        70.0000000000        2.55088211220      -0.223555282012      -7.038766756861E-003
  0.725298030189       -2.86413714937        70.0000000000        3.06847385688       6.089661019268E-002 -2.370075040206E-003
  0.870357636226       -3.43696457924        70.0000000000        3.02265475393       0.358452548174       3.724731208446E-003
   1.01541724226       -4.00979200911        70.0000000000        3.01894287045       0.650179471362      -1.600880168863E-003
   1.16047684830       -4.58261943899        70.0000000000        2.68287125672       0.801083765930      -2.202881986104E-003
   1.30553645434       -5.15544686886        70.0000000000        1.94445486213        1.42386667474      -2.988141077793E-003
   1.45059606038       -5.72827429873        70.0000000000       0.939185958860        1.50652273778       8.398180523098E-003
   1.59565566642       -6.30110172861        70.0000000000       0.100416809128        1.12391204144       4.682661579633E-003
   0.00000000000        0.00000000000        70.0000000000        2.56773540636      -6.328376553439E-002 -5.311514095226E-003
  0.323196638891      -0.494689282610        70.0000000000        2.56434359085      -6.787981987376E-002 -5.418427339758E-003
  0.646393277781      -0.989378565219        70.0000000000        2.56957518776      -0.116713850375      -4.248299441916E-003
  0.969589916672       -1.48406784783        70.0000000000        2.54445942850      -0.164815563237      -3.951826819885E-003
   1.29278655556       -1.97875713044        70.0000000000        2.53869064937      -7.133141279428E-002 -3.040162964668E-003
   1.61598319445       -2.47344641305        70.0000000000        3.04500692058       7.275561746716E-003  1.082130178436E-002
   1.93917983334       -2.96813569566        70.0000000000        3.20052953601      -0.172306770841       7.086339441591E-003
   2.26237647223       -3.46282497827        70.0000000000        3.32362073765      -0.200405158876       3.256772382350E-003
   2.58557311112       -3.95751426088        70.0000000000        3.95972615948      -3.112465568221E-002  2.856733830966E-003
   2.90876975001       -4.45220354349        70.0000000000        5.11161623255      -0.900078794058       1.305712353880E-002
   3.23196638891       -4.94689282610        70.0000000000        5.02479257261       -3.93571089151       2.116178293891E-002
   3.55516302780       -5.44158210871        70.0000000000        1.66660607384       -3.75236979479       2.742429018631E-002
   0.00000000000        0.00000000000        70.0000000000        2.56773540636      -6.328376553439E-002 -5.311514095226E-003
  0.466310301007      -0.362943875680        70.0000000000        2.56357733310      -7.038370832696E-002 -5.279822490387E-003
  0.932620602014      -0.725887751361        70.0000000000        2.56409047984      -6.693016969979E-002 -4.611099423257E-003
   1.39893090302       -1.08883162704        70.0000000000        2.56613474932      -6.374464211035E-002 -3.871920668739E-003
   1.86524120403       -1.45177550272        70.0000000000        2.55244495230      -4.562390381996E-002 -2.370791677730E-005
   2.33155150503       -1.81471937840        70.0000000000        2.94280421836      -4.394043689657E-002  1.224260976853E-002
   2.79786180604       -2.17766325408        70.0000000000        2.99923106441      -0.207733796098       1.073843376205E-002
   3.26417210705       -2.54060712976        70.0000000000        2.96805003281      -0.376659992311       1.175318529754E-002
   3.73048240806       -2.90355100544        70.0000000000        2.86193071279      -0.597839901631       1.473647166983E-002
   4.19679270906       -3.26649488112        70.0000000000        2.76969307562       -1.04917905640       2.431571510584E-002
   4.66310301007       -3.62943875680        70.0000000000        2.56157552539       -1.35224226950       3.440236901554E-002
   5.12941331108       -3.99238263248        70.0000000000        2.11241589273       -1.39777203414       3.842133376098E-002
   0.00000000000        0.00000000000        70.0000000000        2.56773540636      -6.328376553439E-002 -5.311514095226E-003
  0.558892006459      -0.191867868166        70.0000000000        2.56739363199      -6.297182463201E-002 -4.444038526530E-003
   1.11778401292      -0.383735736333        70.0000000000        2.57113453798      -5.176002305473E-002 -2.880093956103E-003
   1.67667601938      -0.575603604499        70.0000000000        2.57888632366      -4.290878546973E-002 -1.721214392594E-003
   2.23556802584      -0.767471472666        70.0000000000        2.57971131477      -2.841308039644E-002  1.469283461860E-003
   2.79446003230      -0.959339340832        70.0000000000        2.70279476027      -7.009745458282E-002  9.934513041116E-003
   3.35335203876       -1.15120720900        70.0000000000        2.62341081785      -0.128270258376       1.348588193247E-002
   3.91224404522       -1.34307507716        70.0000000000        2.69208970720      -0.179243368871       9.405070555641E-003
   4.47113605168       -1.53494294533        70.0000000000        2.56337435710      -0.361928076426       1.137853474888E-002
   5.03002805814       -1.72681081350        70.0000000000        2.26912765713      -0.374161304400       7.461507679602E-003
   5.58892006459       -1.91867868166        70.0000000000        2.07143570400      -0.363937123311       1.838778125747E-002
   6.14781207105       -2.11054654983        70.0000000000        1.83901267509      -0.362580395287       1.110983314768E-002
   0.00000000000        0.00000000000        70.0000000000        2.56773540636      -6.328376553439E-002 -5.311514095226E-003
  0.590909090909        0.00000000000        70.0000000000        2.57080454568      -5.677491360698E-002 -3.777732223978E-003
   1.18181818182      -1.172487511250E-015   70.0000000000        2.57853320897      -3.970625372875E-002 -1.442944359435E-003
   1.77272727273        0.00000000000        70.0000000000        2.59094443600      -2.539702783893E-002  1.458403617883E-003
   2.36363636364        0.00000000000        70.0000000000        2.60427019171      -1.112503683560E-002  4.321303411566E-003
   2.95454545455        0.00000000000        70.0000000000        2.64084240455      -2.081281088923E-003  9.534880550062E-003
   3.54545454545        0.00000000000        70.0000000000        2.54024779096       6.464975792266E-004  8.841094219915E-003
   4.13636363636        0.00000000000        70.0000000000        2.43960535308       1.093776219892E-003  7.857494984028E-003
   4.72727272727        0.00000000000        70.0000000000        2.34576581849      -2.168090938510E-004  6.781172288301E-003
   5.31818181818        0.00000000000        70.0000000000        2.22242232509      -5.463999131952E-003  8.101739218416E-003
   5.90909090909        0.00000000000        70.0000000000        2.10237454326      -5.718065949553E-003  7.069961418178E-003
   6.50000000000        0.00000000000        70.0000000000        1.98232676144      -5.972132767154E-003  6.038183617940E-003
