 12 20 1 1
 1 X [LENGU]
 2 Y [LENGU]
 3 Z [LENGU]
 4 Hx [FIELU]
 5 Hy [FIELU]
 6 Hz [FIELU]
 0
   0.00000000000        0.00000000000       -97.2000000000        3.21572350478      -0.153290500482      -1.796845561094E-002
  0.590909090909        0.00000000000       -97.2000000000        3.21814048962      -0.144156266844      -1.832065086047E-002
   1.18181818182        0.00000000000       -97.2000000000        3.22143819126      -0.139639727560      -1.861122882931E-002
   1.77272727273        0.00000000000       -97.2000000000        3.22053867364      -0.133250026344      -1.693475996000E-002
   2.36363636364        0.00000000000       -97.2000000000        3.22126069212      -0.113342295269      -1.186471577633E-002
   2.95454545455        0.00000000000       -97.2000000000        2.70191926290      -4.702336408997E-002 -0.125546338882     
   3.54545454545        0.00000000000       -97.2000000000        2.57571381321       9.284688079183E-004 -8.720995927849E-002
   4.13636363636        0.00000000000       -97.2000000000        2.47069317486      -1.277383824480E-003 -5.121416030737E-002
   4.72727272727        0.00000000000       -97.2000000000        2.38232916931      -1.560019647299E-002 -1.826175977593E-002
   5.31818181818        0.00000000000       -97.2000000000        2.20606342328      -3.554252681545E-002 -8.416225453901E-003
   5.90909090909        0.00000000000       -97.2000000000        2.09883428269      -2.356763804588E-002 -3.222653567102E-003
   6.50000000000        0.00000000000       -97.2000000000        1.99160514211      -1.159274927632E-002  1.970918319698E-003
   0.00000000000        0.00000000000       -97.2000000000        3.21572350478      -0.153290500482      -1.796845561094E-002
  0.558892006459       0.191867868166       -97.2000000000        3.22140594898      -0.172530473085      -2.149834799575E-002
   1.11778401292       0.383735736333       -97.2000000000        3.22678916084      -0.187104656417      -2.517163210730E-002
   1.67667601938       0.575603604499       -97.2000000000        3.21191287149      -0.160540289270      -2.241302142614E-002
   2.23556802584       0.767471472666       -97.2000000000        3.20778516063      -0.119040831241      -1.574616671328E-002
   2.79446003230       0.959339340832       -97.2000000000        2.84748763020      -8.081946452883E-002 -0.126852628913     
   3.35335203876        1.15120720900       -97.2000000000        2.71782642661       7.044685961810E-002 -9.792938481583E-002
   3.91224404522        1.34307507716       -97.2000000000        2.60548542078       0.153743911399      -6.023257914736E-002
   4.47113605168        1.53494294533       -97.2000000000        2.54980955758       0.251748109462      -2.770426761219E-002
   5.03002805814        1.72681081350       -97.2000000000        2.30257507146       0.316362714381      -2.045719684635E-002
   5.58892006459        1.91867868166       -97.2000000000        2.09062199563       0.343812944578      -2.577512509318E-002
   6.14781207105        2.11054654983       -97.2000000000        1.90988959008       0.378681459271      -2.120275914663E-002
   0.00000000000        0.00000000000       -97.2000000000        3.21572350478      -0.153290500482      -1.796845561094E-002
  0.466310301007       0.362943875680       -97.2000000000        3.22890698983      -0.203814352138      -2.584590493641E-002
  0.932620602014       0.725887751361       -97.2000000000        3.22696614119      -0.218778222920      -2.889533606781E-002
   1.39893090302        1.08883162704       -97.2000000000        3.21958707556      -0.205858734491      -2.776646105745E-002
   1.86524120403        1.45177550272       -97.2000000000        3.21136308728      -0.138892901147      -1.885640056606E-002
   2.33155150503        1.81471937840       -97.2000000000        3.23199922184      -0.167522099592      -0.116613721328     
   2.79786180604        2.17766325408       -97.2000000000        3.33882187377      -1.176782005750E-002 -4.783076918146E-002
   3.26417210705        2.54060712976       -97.2000000000        3.10151738058       0.473177753725      -2.817504918287E-002
   3.73048240806        2.90355100544       -97.2000000000        3.26354089159       0.686108764081      -9.721193428934E-003
   4.19679270906        3.26649488112       -97.2000000000        3.07500584823       0.892172498550      -2.997833590299E-003
   4.66310301007        3.62943875680       -97.2000000000        2.72853568321        1.43716835961       5.143016481736E-002
   5.12941331108        3.99238263248       -97.2000000000        2.31133486788        1.61484046863       3.280050745195E-002
   0.00000000000        0.00000000000       -97.2000000000        3.21572350478      -0.153290500482      -1.796845561094E-002
  0.323196638891       0.494689282610       -97.2000000000        3.24156963441      -0.200463727684      -2.425800882887E-002
  0.646393277781       0.989378565219       -97.2000000000        3.21446203850      -0.196033745499      -2.295474487936E-002
  0.969589916672        1.48406784783       -97.2000000000        3.19679509589      -0.174673415155      -1.927485672961E-002
   1.29278655556        1.97875713044       -97.2000000000        3.22369661951      -0.169304578370      -2.164489963583E-002
   1.61598319445        2.47344641305       -97.2000000000        3.40966234655      -0.219582346623      -9.607207495747E-002
   1.93917983334        2.96813569566       -97.2000000000        3.72554092298      -0.361471152880      -6.788178290275E-002
   2.26237647223        3.46282497827       -97.2000000000        3.83527875381      -0.407427325941      -1.880559059600E-002
   2.58557311112        3.95751426088       -97.2000000000        4.74976034981      -0.213894419748      -1.421609622265E-002
   2.90876975001        4.45220354349       -97.2000000000        5.77623371377       0.877968515989      -1.052020674260E-003
   3.23196638891        4.94689282610       -97.2000000000        5.50771377586        4.79348784198       1.520064778503E-002
   3.55516302780        5.44158210871       -97.2000000000        1.57080907116        4.05280699039       3.633773832111E-002
   0.00000000000        0.00000000000       -97.2000000000        3.21572350478      -0.153290500482      -1.796845561094E-002
  0.145059606038       0.572827429873       -97.2000000000        3.24724423861      -0.173656052447      -1.871008740043E-002
  0.290119212075        1.14565485975       -97.2000000000        3.21313434960      -0.153553838946      -1.367392177175E-002
  0.435178818113        1.71848228962       -97.2000000000        3.17902446060      -0.133451625446      -8.637756143073E-003
  0.580238424151        2.29130971949       -97.2000000000        3.20579562183      -0.140814594758      -1.344185529949E-002
  0.725298030189        2.86413714937       -97.2000000000        3.43231354641      -0.390780636170       6.831655797886E-003
  0.870357636226        3.43696457924       -97.2000000000        3.51275925625      -0.186124920810      -2.159062164501E-002
   1.01541724226        4.00979200911       -97.2000000000        3.09333385164      -0.576679246008      -1.074647189735E-003
   1.16047684830        4.58261943899       -97.2000000000        2.89094775782       -1.09675301311       6.927466683695E-004
   1.30553645434        5.15544686886       -97.2000000000        2.15977606429       -1.62947288780      -8.321987217377E-004
   1.45059606038        5.72827429873       -97.2000000000        1.01914371633       -1.77853576175       1.277660992153E-002
   1.59565566642        6.30110172861       -97.2000000000       0.114481393862       -1.20360340197       2.022867503157E-002
   0.00000000000        0.00000000000       -97.2000000000        3.21572350478      -0.153290500482      -1.796845561094E-002
 -4.879688596092E-002  0.588890836777       -97.2000000000        3.23991023921      -0.158364235218      -1.341424687308E-002
 -9.759377192185E-002   1.17778167355       -97.2000000000        3.19846635081      -0.122970204489      -3.082240717044E-003
 -0.146390657883        1.76667251033       -97.2000000000        3.15970972064      -9.212854809994E-002  5.182607569720E-003
 -0.195187543844        2.35556334711       -97.2000000000        3.18839530709      -9.617338046095E-002  2.838118750421E-003
 -0.243984429805        2.94445418388       -97.2000000000        3.44625912921       8.009488007608E-002  2.967760838016E-002
 -0.292781315766        3.53334502066       -97.2000000000        3.16897261050       0.235304101178       4.919022734432E-003
 -0.341578201726        4.12223585744       -97.2000000000        2.84080899489       0.112874630013       1.311247767268E-002
 -0.390375087687        4.71112669421       -97.2000000000        2.66334249636       0.390486948063       1.466184130213E-002
 -0.439171973648        5.30001753099       -97.2000000000        1.89683008784       0.492909648987       1.046011594714E-002
 -0.487968859609        5.88890836777       -97.2000000000        1.20933759185       0.566887526039      -6.266414267142E-003
 -0.536765745570        6.47779920454       -97.2000000000       0.847006453936       0.592873664171      -3.220581817785E-003
   0.00000000000        0.00000000000       -97.2000000000        3.21572350478      -0.153290500482      -1.796845561094E-002
 -0.237365478204       0.541138783933       -97.2000000000        3.23706732819      -0.146907910413      -9.238039530321E-003
 -0.474730956408        1.08227756787       -97.2000000000        3.19492253985      -0.103622357440       3.617816201739E-003
 -0.712096434612        1.62341635180       -97.2000000000        3.17209855045      -0.103010419742       2.885088054020E-003
 -0.949461912816        2.16455513573       -97.2000000000        3.18075748339      -0.131445491603      -2.156518581715E-003
  -1.18682739102        2.70569391966       -97.2000000000        3.42229224640       0.218471458698       7.776326166913E-002
  -1.42419286922        3.24683270360       -97.2000000000        3.66869741506       0.285010426101       1.837363694576E-002
  -1.66155834743        3.78797148753       -97.2000000000        3.66923230372       0.303123889751       2.478169839979E-002
  -1.89892382563        4.32911027146       -97.2000000000        3.98692829133        1.23339837396       1.742782995856E-002
  -2.13628930384        4.87024905539       -97.2000000000        4.71812721102        3.22366269424       1.041071149048E-002
  -2.37365478204        5.41138783933       -97.2000000000        1.11772026224        7.89919819125       1.109521200351E-002
  -2.61102026024        5.95252662326       -97.2000000000       -3.07468850237       0.988717155685       1.106366844425E-002
   0.00000000000        0.00000000000       -97.2000000000        3.21572350478      -0.153290500482      -1.796845561094E-002
 -0.400211837779       0.434745947216       -97.2000000000        3.23823648261      -0.150120124405      -1.146259968885E-002
 -0.800423675558       0.869491894432       -97.2000000000        3.20551380115      -0.101978636564       3.673823191917E-003
  -1.20063551334        1.30423784165       -97.2000000000        3.18906382986      -0.107033581192       1.923676006687E-003
  -1.60084735112        1.73898378886       -97.2000000000        3.18615186985      -0.139950027469      -5.952029649816E-003
  -2.00105918889        2.17372973608       -97.2000000000        3.18811306131       0.487799207571       3.385238861991E-002
  -2.40127102667        2.60847568330       -97.2000000000        3.48685650645       0.167030805809       5.923019249733E-002
  -2.80148286445        3.04322163051       -97.2000000000        3.51764688941       4.061148655766E-002  3.010350495402E-002
  -3.20169470223        3.47796757773       -97.2000000000        3.72230322400      -0.364891476615       2.004332231037E-002
  -3.60190654001        3.91271352494       -97.2000000000        3.78104542548       -1.36466036897       2.176964336407E-002
  -4.00211837779        4.34745947216       -97.2000000000        3.48555965508       -2.04177136386      -3.992071523268E-003
  -4.40233021557        4.78220541938       -97.2000000000        2.76106769301       -2.21411704971       3.022424707430E-003
   0.00000000000        0.00000000000       -97.2000000000        3.21572350478      -0.153290500482      -1.796845561094E-002
 -0.519689034804       0.281241641340       -97.2000000000        3.22958081694      -0.171115687308      -1.738316553913E-002
  -1.03937806961       0.562483282680       -97.2000000000        3.21729863509      -0.108763320686       1.104616648156E-003
  -1.55906710441       0.843724924020       -97.2000000000        3.20212196056      -0.107847645940      -1.116557073011E-003
  -2.07875613922        1.12496656536       -97.2000000000        3.19090272873      -0.133852508563      -9.870130700076E-003
  -2.59844517402        1.40620820670       -97.2000000000        2.97724760043       6.421309670335E-002  0.107225637107     
  -3.11813420882        1.68744984804       -97.2000000000        2.86576715949      -4.722957625724E-002  6.240146592414E-002
  -3.63782324363        1.96869148938       -97.2000000000        2.77115092102      -0.239432106749       4.007529247905E-002
  -4.15751227843        2.24993313072       -97.2000000000        2.69566416554      -0.457225031320       3.270118147643E-002
  -4.67720131323        2.53117477206       -97.2000000000        2.55102110742      -0.569992117015       3.362475874257E-002
  -5.19689034804        2.81241641340       -97.2000000000        2.28753006527      -0.800555222913       3.337472144215E-002
  -5.71657938284        3.09365805474       -97.2000000000        2.00794923842      -0.895037383017       2.361281176882E-002
   0.00000000000        0.00000000000       -97.2000000000        3.21572350478      -0.153290500482      -1.796845561094E-002
 -0.582849861102       9.726043971134E-002  -97.2000000000        3.21300240252      -0.174312978720      -1.858277243225E-002
  -1.16569972220       0.194520879423       -97.2000000000        3.22772717912      -0.131810767049      -8.158752125560E-003
  -1.74854958330       0.291781319134       -97.2000000000        3.21420444668      -0.112332684583      -6.109380974219E-003
  -2.33139944441       0.389041758845       -97.2000000000        3.19690146526      -7.704223869163E-002 -4.482691073419E-003
  -2.91424930551       0.486302198557       -97.2000000000        2.74067981449      -4.869190692236E-003  0.113175699274     
  -3.49709916661       0.583562638268       -97.2000000000        2.63189629749      -0.135855121157       5.450132258711E-002
  -4.07994902771       0.680823077979       -97.2000000000        2.50688335779      -0.193140182126       3.290382274211E-002
  -4.66279888881       0.778083517691       -97.2000000000        2.38023714598      -0.203394464559       2.265406990678E-002
  -5.24564874991       0.875343957402       -97.2000000000        2.27404347318      -0.191561481767       1.946691439608E-002
  -5.82849861102       0.972604397113       -97.2000000000        2.14534460515      -0.202180615304       1.699129893716E-002
  -6.41134847212        1.06986483682       -97.2000000000        1.99353832653      -0.210400180957       1.119215918622E-002
   0.00000000000        0.00000000000       -97.2000000000        3.21572350478      -0.153290500482      -1.796845561094E-002
 -0.582849861102      -9.726043971134E-002  -97.2000000000        3.21367656640      -0.150287331438      -1.665935525887E-002
  -1.16569972220      -0.194520879423       -97.2000000000        3.21542618752      -0.132269193162      -1.277946164295E-002
  -1.74854958330      -0.291781319134       -97.2000000000        3.22278758284      -7.235833389112E-002 -2.767899000914E-003
  -2.33139944441      -0.389041758845       -97.2000000000        3.21974376240      -1.645034086102E-002  1.317313991727E-003
  -2.91424930551      -0.486302198557       -97.2000000000        2.72871791428      -3.133071236530E-002  9.968941922368E-002
  -3.49709916661      -0.583562638268       -97.2000000000        2.70766424452      -2.140306026610E-002  3.228544520540E-002
  -4.07994902771      -0.680823077979       -97.2000000000        2.52926436691       2.494846223173E-002  8.787757213865E-003
  -4.66279888881      -0.778083517691       -97.2000000000        2.40811579869       6.501481188721E-002 -1.385010470128E-003
  -5.24564874991      -0.875343957402       -97.2000000000        2.29488601217       0.109463056836      -9.824020356661E-003
  -5.82849861102      -0.972604397113       -97.2000000000        2.18068445175       0.122595429297      -1.625072060311E-002
  -6.41134847212       -1.06986483682       -97.2000000000        2.00833750898       0.170913357000      -1.099436862991E-002
   0.00000000000        0.00000000000       -97.2000000000        3.21572350478      -0.153290500482      -1.796845561094E-002
 -0.519689034804      -0.281241641340       -97.2000000000        3.21457254782      -0.126587124121      -1.487779942142E-002
  -1.03937806961      -0.562483282680       -97.2000000000        3.21373881590      -0.101546993273      -1.176494932783E-002
  -1.55906710441      -0.843724924020       -97.2000000000        3.24025884558      -4.749012212518E-002 -5.134049997939E-003
  -2.07875613922       -1.12496656536       -97.2000000000        3.27548084985       2.900842868823E-002  1.750795114579E-003
  -2.59844517402       -1.40620820670       -97.2000000000        2.95767940005      -0.110033951926       8.638171077006E-002
  -3.11813420882       -1.68744984804       -97.2000000000        2.93352435420       0.108781859982       4.221422269534E-002
  -3.63782324363       -1.96869148938       -97.2000000000        2.72759563052       0.263625448169       4.934205472285E-003
  -4.15751227843       -2.24993313072       -97.2000000000        2.59368556482       0.373664342917      -2.586984353391E-002
  -4.67720131323       -2.53117477206       -97.2000000000        2.47861091184       0.487833650282      -5.479756370584E-002
  -5.19689034804       -2.81241641340       -97.2000000000        2.34521360461       0.664051332896      -8.925860608047E-002
  -5.71657938284       -3.09365805474       -97.2000000000        2.11072613433       0.964923165332      -9.903889603281E-002
   0.00000000000        0.00000000000       -97.2000000000        3.21572350478      -0.153290500482      -1.796845561094E-002
 -0.400211837779      -0.434745947216       -97.2000000000        3.21666089489      -0.111378403484      -1.335646910347E-002
 -0.800423675558      -0.869491894432       -97.2000000000        3.22239963585      -0.100786320567      -1.117907579493E-002
  -1.20063551334       -1.30423784165       -97.2000000000        3.26592297590      -4.276618792586E-002 -1.027945445916E-002
  -1.60084735112       -1.73898378886       -97.2000000000        3.30376439906       2.921289817489E-002 -7.161011695072E-004
  -2.00105918889       -2.17372973608       -97.2000000000        3.03446873607      -0.434908710242       2.988046213090E-002
  -2.40127102667       -2.60847568330       -97.2000000000        3.33628392998      -0.140341479270       3.146635002291E-002
  -2.80148286445       -3.04322163051       -97.2000000000        3.04033863529      -0.142423081021      -7.084832995728E-004
  -3.20169470223       -3.47796757773       -97.2000000000        3.61230921163       0.655233328977      -6.221052542433E-002
  -3.60190654001       -3.91271352494       -97.2000000000        3.60356229591        1.03126373712      -0.133535725629     
  -4.00211837779       -4.34745947216       -97.2000000000        3.12931529543        1.71610076133      -0.275245689593     
  -4.40233021557       -4.78220541938       -97.2000000000        2.40016654914        2.08111941000      -0.436583312355     
   0.00000000000        0.00000000000       -97.2000000000        3.21572350478      -0.153290500482      -1.796845561094E-002
 -0.237365478204      -0.541138783933       -97.2000000000        3.22028224094      -0.109281788928      -1.222055955712E-002
 -0.474730956408       -1.08227756787       -97.2000000000        3.22982172289      -0.102486537036      -1.112736424291E-002
 -0.712096434612       -1.62341635180       -97.2000000000        3.24294012773      -9.258845481185E-002 -1.065799669158E-002
 -0.949461912816       -2.16455513573       -97.2000000000        3.30276326261      -1.152060848931E-002 -9.305014590108E-003
  -1.18682739102       -2.70569391966       -97.2000000000        3.45221922310      -0.267053707060       3.267594699626E-002
  -1.42419286922       -3.24683270360       -97.2000000000        3.52914979139      -0.547127648312       2.605889021590E-002
  -1.66155834743       -3.78797148753       -97.2000000000        3.57691302821      -0.824379279906      -9.440473078721E-003
  -1.89892382563       -4.32911027146       -97.2000000000        4.02746012985       -1.42289174106      -2.796771402989E-002
  -2.13628930384       -4.87024905539       -97.2000000000        4.45152887184       -3.20126068166      -6.714649290578E-002
  -2.37365478204       -5.41138783933       -97.2000000000       0.468383028526       -8.36489228556      -0.101557399520     
  -2.61102026024       -5.95252662326       -97.2000000000       -3.25490986551      -0.953935294347      -0.125548452979     
   0.00000000000        0.00000000000       -97.2000000000        3.21572350478      -0.153290500482      -1.796845561094E-002
 -4.879688596092E-002 -0.588890836777       -97.2000000000        3.22291339972      -0.109352688508      -1.174223762596E-002
 -9.759377192185E-002  -1.17778167355       -97.2000000000        3.23516455788      -0.105273477858      -1.116716615525E-002
 -0.146390657883       -1.76667251033       -97.2000000000        3.24742967326      -0.101652786998      -1.076482271469E-002
 -0.195187543844       -2.35556334711       -97.2000000000        3.25969478864      -9.803209613898E-002 -1.036247927412E-002
 -0.243984429805       -2.94445418388       -97.2000000000        3.51808717746      -9.092157916507E-002 -2.314702803008E-003
 -0.292781315766       -3.53334502066       -97.2000000000        3.21142225351      -0.172484700260       2.071979503441E-002
 -0.341578201726       -4.12223585744       -97.2000000000        3.04810655479      -0.257941382811       6.923944924983E-003
 -0.390375087687       -4.71112669421       -97.2000000000        2.51310278500      -0.420893686891      -1.141950283212E-002
 -0.439171973648       -5.30001753099       -97.2000000000        1.81559842051      -0.508255740233      -1.743073951173E-002
 -0.487968859609       -5.88890836777       -97.2000000000        1.01822784530      -0.401552967630      -2.635715564333E-002
 -0.536765745570       -6.47779920454       -97.2000000000       0.545164757876      -0.193293199683      -2.102693257316E-002
   0.00000000000        0.00000000000       -97.2000000000        3.21572350478      -0.153290500482      -1.796845561094E-002
  0.145059606038      -0.572827429873       -97.2000000000        3.22426924436      -0.111583419155      -1.197333691314E-002
  0.290119212075       -1.14565485975       -97.2000000000        3.23784916174      -0.108845134750      -1.129416837717E-002
  0.435178818113       -1.71848228962       -97.2000000000        3.25145657905      -0.107010272337      -1.095532604756E-002
  0.580238424151       -2.29130971949       -97.2000000000        3.28328000460      -0.121290969195      -1.148964141312E-002
  0.725298030189       -2.86413714937       -97.2000000000        3.58662233240       0.432455462757      -1.885868690668E-002
  0.870357636226       -3.43696457924       -97.2000000000        3.41794357282       0.279403542105       1.325265172181E-003
   1.01541724226       -4.00979200911       -97.2000000000        3.08427877596       0.703226071506       2.370610243316E-003
   1.16047684830       -4.58261943899       -97.2000000000        2.74702282435        1.21331117752      -9.608761796289E-003
   1.30553645434       -5.15544686886       -97.2000000000        2.12640533236        1.66691944415      -6.151980962149E-003
   1.45059606038       -5.72827429873       -97.2000000000       0.973321208874        1.82297391005       1.354191474633E-002
   1.59565566642       -6.30110172861       -97.2000000000       8.272042192845E-002   1.28458094145       1.802057253544E-002
   0.00000000000        0.00000000000       -97.2000000000        3.21572350478      -0.153290500482      -1.796845561094E-002
  0.323196638891      -0.494689282610       -97.2000000000        3.22420284805      -0.115732246591      -1.288881422505E-002
  0.646393277781      -0.989378565219       -97.2000000000        3.23758461599      -0.112814463269      -1.149460824727E-002
  0.969589916672       -1.48406784783       -97.2000000000        3.25396298795      -0.115911296644      -1.139078187941E-002
   1.29278655556       -1.97875713044       -97.2000000000        3.30324032732      -0.148436450319      -1.286019587763E-002
   1.61598319445       -2.47344641305       -97.2000000000        3.38497795329       0.224664165523      -8.216635716686E-002
   1.93917983334       -2.96813569566       -97.2000000000        3.53812004373       0.203103908202      -2.490436202481E-002
   2.26237647223       -3.46282497827       -97.2000000000        3.75563762277       0.121120348330      -2.755281429521E-002
   2.58557311112       -3.95751426088       -97.2000000000        4.38217678895       2.043466257452E-002 -2.754178218651E-002
   2.90876975001       -4.45220354349       -97.2000000000        5.71799274781      -0.869410017899      -4.280796943228E-003
   3.23196638891       -4.94689282610       -97.2000000000        5.41496110153       -4.49238887182       9.836230254340E-003
   3.55516302780       -5.44158210871       -97.2000000000        1.47809070043       -4.28498779645       5.211386435880E-002
   0.00000000000        0.00000000000       -97.2000000000        3.21572350478      -0.153290500482      -1.796845561094E-002
  0.466310301007      -0.362943875680       -97.2000000000        3.22272140585      -0.121349580986      -1.438946338982E-002
  0.932620602014      -0.725887751361       -97.2000000000        3.23439958826      -0.116751325080      -1.174676499549E-002
   1.39893090302       -1.08883162704       -97.2000000000        3.25209332011      -0.124768337207      -1.190402875099E-002
   1.86524120403       -1.45177550272       -97.2000000000        3.32199642462      -0.184225788838      -1.442560418398E-002
   2.33155150503       -1.81471937840       -97.2000000000        3.10266158191       0.162917509076      -0.124219600339     
   2.79786180604       -2.17766325408       -97.2000000000        3.04154866337       3.326764564003E-002 -8.140568803626E-002
   3.26417210705       -2.54060712976       -97.2000000000        3.03992136489      -0.103040256410      -3.317156710103E-002
   3.73048240806       -2.90355100544       -97.2000000000        2.98769830118      -0.550337538827      -2.366354627095E-003
   4.19679270906       -3.26649488112       -97.2000000000        2.89935998039      -0.904398811063       2.723101638239E-002
   4.66310301007       -3.62943875680       -97.2000000000        2.75482823836       -1.35582529540       1.123324512663E-002
   5.12941331108       -3.99238263248       -97.2000000000        2.28437644695       -1.38224035716      -2.051679390908E-002
   0.00000000000        0.00000000000       -97.2000000000        3.21572350478      -0.153290500482      -1.796845561094E-002
  0.558892006459      -0.191867868166       -97.2000000000        3.21998545502      -0.127826696997      -1.631266578550E-002
   1.11778401292      -0.383735736333       -97.2000000000        3.22882614473      -0.126369724351      -1.433653521842E-002
   1.67667601938      -0.575603604499       -97.2000000000        3.23766683444      -0.124912751704      -1.236040465133E-002
   2.23556802584      -0.767471472666       -97.2000000000        3.27040020485      -0.148689661887      -1.286924254079E-002
   2.79446003230      -0.959339340832       -97.2000000000        2.75402470367       2.411859942283E-002 -0.136995989545     
   3.35335203876       -1.15120720900       -97.2000000000        2.61977376546      -0.134037951157      -0.102262011207     
   3.91224404522       -1.34307507716       -97.2000000000        2.54192071557      -0.246713398815      -5.813440560807E-002
   4.47113605168       -1.53494294533       -97.2000000000        2.47482985411      -0.295646711356      -2.389473460229E-002
   5.03002805814       -1.72681081350       -97.2000000000        2.28256334653      -0.353302788401      -1.726466657401E-002
   5.58892006459       -1.91867868166       -97.2000000000        2.07215168639      -0.341017354431      -1.801579872343E-002
   6.14781207105       -2.11054654983       -97.2000000000        1.86039065234      -0.345213701751      -1.685831372290E-002
   0.00000000000        0.00000000000       -97.2000000000        3.21572350478      -0.153290500482      -1.796845561094E-002
  0.590909090909        0.00000000000       -97.2000000000        3.21814048962      -0.144156266844      -1.832065086047E-002
   1.18181818182      -1.172487511250E-015  -97.2000000000        3.22143819126      -0.139639727560      -1.861122882931E-002
   1.77272727273        0.00000000000       -97.2000000000        3.22053867364      -0.133250026344      -1.693475996000E-002
   2.36363636364        0.00000000000       -97.2000000000        3.22126069212      -0.113342295269      -1.186471577633E-002
   2.95454545455        0.00000000000       -97.2000000000        2.70191926290      -4.702336408997E-002 -0.125546338882     
   3.54545454545        0.00000000000       -97.2000000000        2.57571381321       9.284688079183E-004 -8.720995927849E-002
   4.13636363636        0.00000000000       -97.2000000000        2.47069317486      -1.277383824480E-003 -5.121416030737E-002
   4.72727272727        0.00000000000       -97.2000000000        2.38232916931      -1.560019647299E-002 -1.826175977593E-002
   5.31818181818        0.00000000000       -97.2000000000        2.20606342328      -3.554252681545E-002 -8.416225453901E-003
   5.90909090909        0.00000000000       -97.2000000000        2.09883428269      -2.356763804588E-002 -3.222653567102E-003
   6.50000000000        0.00000000000       -97.2000000000        1.99160514211      -1.159274927632E-002  1.970918319698E-003
