 12 20 1 1
 1 X [LENGU]
 2 Y [LENGU]
 3 Z [LENGU]
 4 Hx [FIELU]
 5 Hy [FIELU]
 6 Hz [FIELU]
 0
   0.00000000000        0.00000000000        36.7200000000        2.97109736026       1.871236379153E-002  1.869469499789E-003
  0.590909090909        0.00000000000        36.7200000000        2.96177279507       1.012126320579E-003 -2.366934109659E-004
   1.18181818182        0.00000000000        36.7200000000        2.95244822989      -1.668811115037E-002 -2.342856321720E-003
   1.77272727273        0.00000000000        36.7200000000        2.92774240104      -1.795910595471E-002 -1.270131971824E-003
   2.36363636364        0.00000000000        36.7200000000        2.88982790724      -3.794581542522E-003  2.834170683220E-003
   2.95454545455        0.00000000000        36.7200000000        3.02399703885      -1.104773723290E-002  2.240333658520E-003
   3.54545454545        0.00000000000        36.7200000000        2.95049522632       9.086545800802E-003  1.465617429741E-003
   4.13636363636        0.00000000000        36.7200000000        2.81513844777       1.356989817442E-002 -1.972781711316E-004
   4.72727272727        0.00000000000        36.7200000000        2.63394751520       8.416666208509E-003 -1.777503414746E-003
   5.31818181818        0.00000000000        36.7200000000        2.54216058707       2.322747225285E-002 -3.561379241152E-003
   5.90909090909        0.00000000000        36.7200000000        2.39579847562       1.237907197515E-002  3.508207763020E-003
   6.50000000000        0.00000000000        36.7200000000        2.25107836603       1.517203991260E-002 -3.688369823683E-003
   0.00000000000        0.00000000000        36.7200000000        2.97109736026       1.871236379153E-002  1.869469499789E-003
  0.558892006459       0.191867868166        36.7200000000        2.96159699305       5.078203120365E-003 -4.462780907676E-004
   1.11778401292       0.383735736333        36.7200000000        2.95209662584      -8.555957550798E-003 -2.762025681324E-003
   1.67667601938       0.575603604499        36.7200000000        2.92918224483      -1.435028307220E-003 -8.440763751811E-004
   2.23556802584       0.767471472666        36.7200000000        2.92580932487      -7.015489185963E-003 -1.255324976132E-003
   2.79446003230       0.959339340832        36.7200000000        3.07732154549       7.600317918358E-002  3.658137120999E-003
   3.35335203876        1.15120720900        36.7200000000        3.00703596593       0.149357173515       2.763825474053E-003
   3.91224404522        1.34307507716        36.7200000000        2.88827382151       0.257784460831      -3.301844760760E-004
   4.47113605168        1.53494294533        36.7200000000        2.76943322584       0.350814159799      -3.473613629531E-003
   5.03002805814        1.72681081350        36.7200000000        2.55928035359       0.367675926316       4.062095289587E-003
   5.58892006459        1.91867868166        36.7200000000        2.33812524054       0.406056161773      -1.324110784322E-002
   6.14781207105        2.11054654983        36.7200000000        2.00895224514       0.567902084824      -4.929565180922E-003
   0.00000000000        0.00000000000        36.7200000000        2.97109736026       1.871236379153E-002  1.869469499789E-003
  0.466310301007       0.362943875680        36.7200000000        2.96245070323       1.062175278467E-002 -4.049155866064E-004
  0.932620602014       0.725887751361        36.7200000000        2.95380404620       2.531141777815E-003 -2.679300673002E-003
   1.39893090302        1.08883162704        36.7200000000        2.93026892694       7.899192577261E-003 -3.286750185324E-003
   1.86524120403        1.45177550272        36.7200000000        2.92114298663       3.517609849532E-003 -3.650074480934E-003
   2.33155150503        1.81471937840        36.7200000000        3.28892889691       8.846276970058E-002  8.851432534828E-003
   2.79786180604        2.17766325408        36.7200000000        3.31419325089       0.249180614086       9.041760613724E-003
   3.26417210705        2.54060712976        36.7200000000        3.25233434208       0.582553721856      -7.772528336444E-004
   3.73048240806        2.90355100544        36.7200000000        3.57651842902       0.760555640012       6.145290079936E-003
   4.19679270906        3.26649488112        36.7200000000        3.24710859645       0.966310987894      -3.653361796422E-003
   4.66310301007        3.62943875680        36.7200000000        2.96164864668        1.53934698196      -2.103125645824E-003
   5.12941331108        3.99238263248        36.7200000000        2.56427322902        1.59412244739      -5.027364932562E-003
   0.00000000000        0.00000000000        36.7200000000        2.97109736026       1.871236379153E-002  1.869469499789E-003
  0.323196638891       0.494689282610        36.7200000000        2.96262395191       1.698987029447E-002 -2.986854291135E-004
  0.646393277781       0.989378565219        36.7200000000        2.94740202936       1.504968597821E-002 -3.224516576220E-003
  0.969589916672        1.48406784783        36.7200000000        2.93451957352       8.795184938091E-003 -4.465491586449E-003
   1.29278655556        1.97875713044        36.7200000000        2.92290891371      -2.941680000835E-005 -4.801644438010E-003
   1.61598319445        2.47344641305        36.7200000000        3.38588001853      -1.029242338493E-003  7.585486046105E-003
   1.93917983334        2.96813569566        36.7200000000        3.60532148980       1.322452804894E-002  7.431587652976E-003
   2.26237647223        3.46282497827        36.7200000000        3.69764137192      -1.465023512207E-002  8.281156350955E-003
   2.58557311112        3.95751426088        36.7200000000        4.50287327231       0.317457604348       9.728413748432E-003
   2.90876975001        4.45220354349        36.7200000000        5.99611831283       0.959941915471       1.060209899284E-002
   3.23196638891        4.94689282610        36.7200000000        5.90807208646        4.74567828570       1.320813975515E-002
   3.55516302780        5.44158210871        36.7200000000        1.55866458902        4.01801656536       3.943666565065E-002
   0.00000000000        0.00000000000        36.7200000000        2.97109736026       1.871236379153E-002  1.869469499789E-003
  0.145059606038       0.572827429873        36.7200000000        2.95953398041       2.340976333939E-002 -4.269656442668E-004
  0.290119212075        1.14565485975        36.7200000000        2.94802231611       2.270652517277E-002 -2.479583287706E-003
  0.435178818113        1.71848228962        36.7200000000        2.93432308736       1.115735458211E-002 -3.719549005323E-003
  0.580238424151        2.29130971949        36.7200000000        2.91962018512       1.253445017460E-003 -4.275965754164E-003
  0.725298030189        2.86413714937        36.7200000000        3.41673020371      -9.995101518867E-003 -4.721121037366E-003
  0.870357636226        3.43696457924        36.7200000000        3.24104585161      -0.222630011587       6.208187179112E-003
   1.01541724226        4.00979200911        36.7200000000        3.05825672409      -0.546253990813       4.945371517878E-003
   1.16047684830        4.58261943899        36.7200000000        2.83640887430       -1.02202794896      -9.940770924626E-004
   1.30553645434        5.15544686886        36.7200000000        2.24029667181       -1.67866470868      -3.475095423672E-003
   1.45059606038        5.72827429873        36.7200000000        1.03125581858       -1.82606431938      -8.632221143464E-003
   1.59565566642        6.30110172861        36.7200000000       0.179678126141       -1.37419801992      -2.764763619644E-002
   0.00000000000        0.00000000000        36.7200000000        2.97109736026       1.871236379153E-002  1.869469499789E-003
 -4.879688596092E-002  0.588890836777        36.7200000000        2.95842838676       2.934421043372E-002 -2.242855038988E-004
 -9.759377192185E-002   1.17778167355        36.7200000000        2.95264384491       2.899175975294E-002 -1.056572192755E-003
 -0.146390657883        1.76667251033        36.7200000000        2.94538361206       2.116499776603E-002 -1.704325899172E-003
 -0.195187543844        2.35556334711        36.7200000000        2.94230937543       7.887430985056E-003 -1.327561883841E-003
 -0.243984429805        2.94445418388        36.7200000000        3.29458558863       5.127363205498E-002  3.992279642087E-003
 -0.292781315766        3.53334502066        36.7200000000        2.91256241159      -6.249499877264E-003  3.731925803898E-003
 -0.341578201726        4.12223585744        36.7200000000        2.78631113692       0.242459167619       3.552508783079E-003
 -0.390375087687        4.71112669421        36.7200000000        2.65693772578       0.405248612813       4.039337537624E-003
 -0.439171973648        5.30001753099        36.7200000000        1.86526483945       0.527185308480      -3.355836734869E-003
 -0.487968859609        5.88890836777        36.7200000000        1.19105596195       0.542843840817       6.094985133954E-004
 -0.536765745570        6.47779920454        36.7200000000       0.605130765762       0.506981234934       3.355548575037E-003
   0.00000000000        0.00000000000        36.7200000000        2.97109736026       1.871236379153E-002  1.869469499789E-003
 -0.237365478204       0.541138783933        36.7200000000        2.95942697920       3.415012215235E-002  2.873914538753E-004
 -0.474730956408        1.08227756787        36.7200000000        2.95802089650       3.640349486764E-002  4.531738438703E-004
 -0.712096434612        1.62341635180        36.7200000000        2.95873275873       3.179414845772E-002  8.747264208179E-004
 -0.949461912816        2.16455513573        36.7200000000        2.97363308796       2.009634811966E-002  2.442265784479E-003
  -1.18682739102        2.70569391966        36.7200000000        3.36107910386       7.633349957776E-002  1.048264766931E-003
  -1.42419286922        3.24683270360        36.7200000000        3.39178506683       0.198304741582       3.423120053144E-003
  -1.66155834743        3.78797148753        36.7200000000        3.74705619538       0.530635429770       1.124593158938E-003
  -1.89892382563        4.32911027146        36.7200000000        4.05183855798        1.16926719150      -7.271452317936E-003
  -2.13628930384        4.87024905539        36.7200000000        4.72544880848        3.25398329422      -2.300720967047E-003
  -2.37365478204        5.41138783933        36.7200000000        2.76666283142        3.41095477475       1.868621578528E-003
  -2.61102026024        5.95252662326        36.7200000000       -3.03346433746       0.911457039269       3.230374410288E-003
   0.00000000000        0.00000000000        36.7200000000        2.97109736026       1.871236379153E-002  1.869469499789E-003
 -0.400211837779       0.434745947216        36.7200000000        2.96242154474       3.730670338917E-002  1.052617091195E-003
 -0.800423675558       0.869491894432        36.7200000000        2.96291047816       4.355470347330E-002  1.821690614015E-003
  -1.20063551334        1.30423784165        36.7200000000        2.97748303971       4.125026555845E-002  3.835384260827E-003
  -1.60084735112        1.73898378886        36.7200000000        3.00637310480       2.830661968508E-002  6.933413793999E-003
  -2.00105918889        2.17372973608        36.7200000000        3.20494482703       9.460278457514E-002 -3.528190974633E-003
  -2.40127102667        2.60847568330        36.7200000000        3.36815808661      -0.211769745293      -4.960018473816E-003
  -2.80148286445        3.04322163051        36.7200000000        3.65431628322      -0.461438360666      -4.749473099635E-003
  -3.20169470223        3.47796757773        36.7200000000        3.82485136776      -0.617156745571      -1.129367248578E-002
  -3.60190654001        3.91271352494        36.7200000000        3.84067989860       -1.49730750780      -7.327975514188E-003
  -4.00211837779        4.34745947216        36.7200000000        3.40224191886       -2.20067964254       1.143691314539E-002
  -4.40233021557        4.78220541938        36.7200000000        2.86130133450       -2.48605415639       1.071218035342E-002
   0.00000000000        0.00000000000        36.7200000000        2.97109736026       1.871236379153E-002  1.869469499789E-003
 -0.519689034804       0.281241641340        36.7200000000        2.96708757574       3.847188958776E-002  1.988467336557E-003
  -1.03937806961       0.562483282680        36.7200000000        2.97243805008       4.681911272805E-002  3.310390517710E-003
  -1.55906710441       0.843724924020        36.7200000000        2.99939863329       4.258011017957E-002  6.678640991007E-003
  -2.07875613922        1.12496656536        36.7200000000        3.01146902901       3.357073725078E-002  7.975287527429E-003
  -2.59844517402        1.40620820670        36.7200000000        3.17241284151      -0.105452148149      -1.492145756804E-003
  -3.11813420882        1.68744984804        36.7200000000        3.16504291510      -0.279266916642      -3.383276012381E-003
  -3.63782324363        1.96869148938        36.7200000000        3.12757198668      -0.465472626406      -4.789110282872E-003
  -4.15751227843        2.24993313072        36.7200000000        2.90196972265      -0.603429278542      -1.039875379163E-002
  -4.67720131323        2.53117477206        36.7200000000        2.74790641626      -0.773204021314      -1.144884579554E-002
  -5.19689034804        2.81241641340        36.7200000000        2.48094822730      -0.942932421086      -4.426739689097E-003
  -5.71657938284        3.09365805474        36.7200000000        2.13361257139       -1.10682476406      -3.338838235923E-002
   0.00000000000        0.00000000000        36.7200000000        2.97109736026       1.871236379153E-002  1.869469499789E-003
 -0.582849861102       9.726043971134E-002   36.7200000000        2.97291943533       3.751941474377E-002  2.993528294663E-003
  -1.16569972220       0.194520879423        36.7200000000        2.97684498305       4.698401714444E-002  3.876238142673E-003
  -1.74854958330       0.291781319134        36.7200000000        3.00903142292       4.289566818610E-002  7.873175466393E-003
  -2.33139944441       0.389041758845        36.7200000000        3.00466827474       3.311362314290E-002  7.141450064010E-003
  -2.91424930551       0.486302198557        36.7200000000        3.02378237065      -6.944272399009E-002 -2.783230658409E-004
  -3.49709916661       0.583562638268        36.7200000000        2.91068806496      -9.542422431142E-002 -1.213633100736E-003
  -4.07994902771       0.680823077979        36.7200000000        2.78498690820      -0.131590684890      -9.144740712973E-004
  -4.66279888881       0.778083517691        36.7200000000        2.66555321828      -0.186921548538      -1.496466331887E-003
  -5.24564874991       0.875343957402        36.7200000000        2.51748824081      -0.212426607836      -4.097576414088E-003
  -5.82849861102       0.972604397113        36.7200000000        2.35541059557      -0.197753186892       7.501014943636E-004
  -6.41134847212        1.06986483682        36.7200000000        2.16571781683      -0.197558108687       2.889063384033E-003
   0.00000000000        0.00000000000        36.7200000000        2.97109736026       1.871236379153E-002  1.869469499789E-003
 -0.582849861102      -9.726043971134E-002   36.7200000000        2.97928515105       3.455249428573E-002  3.958886015576E-003
  -1.16569972220      -0.194520879423        36.7200000000        2.97414084858       4.626470760553E-002  3.444785954278E-003
  -1.74854958330      -0.291781319134        36.7200000000        3.00138348062       4.201297505822E-002  6.833234973016E-003
  -2.33139944441      -0.389041758845        36.7200000000        2.98709832580       3.219848864134E-002  4.700310066284E-003
  -2.91424930551      -0.486302198557        36.7200000000        3.03392704892       5.584149383775E-002  1.624756107807E-003
  -3.49709916661      -0.583562638268        36.7200000000        2.94950280685       0.200610108739      -6.873438650562E-003
  -4.07994902771      -0.680823077979        36.7200000000        2.81015570634       0.231585764802      -3.074392505329E-003
  -4.66279888881      -0.778083517691        36.7200000000        2.65537652487       0.179243281369      -2.881202837237E-003
  -5.24564874991      -0.875343957402        36.7200000000        2.53570829385       0.170324664377      -4.124671379204E-003
  -5.82849861102      -0.972604397113        36.7200000000        2.36091620047       0.189528711982       1.321767439235E-003
  -6.41134847212       -1.06986483682        36.7200000000        2.16276539835       0.209104273211       7.760934121966E-003
   0.00000000000        0.00000000000        36.7200000000        2.97109736026       1.871236379153E-002  1.869469499789E-003
 -0.519689034804      -0.281241641340        36.7200000000        2.97132450548       2.882532769683E-002  3.948465892954E-003
  -1.03937806961      -0.562483282680        36.7200000000        2.98487754470       3.669263057068E-002  4.717165867505E-003
  -1.55906710441      -0.843724924020        36.7200000000        2.98546151204       4.248067693451E-002  4.755414201948E-003
  -2.07875613922       -1.12496656536        36.7200000000        2.99376177175       3.928384856720E-002  5.717923867315E-003
  -2.59844517402       -1.40620820670        36.7200000000        3.19748065392       8.427996881076E-002  2.607977236983E-003
  -3.11813420882       -1.68744984804        36.7200000000        3.21416145006       0.349557028903       2.329030032103E-003
  -3.63782324363       -1.96869148938        36.7200000000        3.02358319558       0.566856338536      -5.993369540824E-003
  -4.15751227843       -2.24993313072        36.7200000000        2.84937957015       0.644217608817      -3.892128205911E-003
  -4.67720131323       -2.53117477206        36.7200000000        2.73106233083       0.760476705394      -1.234172322758E-002
  -5.19689034804       -2.81241641340        36.7200000000        2.43448982890       0.939843098605      -1.439748141213E-002
  -5.71657938284       -3.09365805474        36.7200000000        2.00251387044        1.16734145989       6.878607078842E-002
   0.00000000000        0.00000000000        36.7200000000        2.97109736026       1.871236379153E-002  1.869469499789E-003
 -0.400211837779      -0.434745947216        36.7200000000        2.95792462961       2.155147959941E-002  3.448511417255E-003
 -0.800423675558      -0.869491894432        36.7200000000        3.03133453358       1.881062980664E-003  8.412929165141E-003
  -1.20063551334       -1.30423784165        36.7200000000        3.01801382146       1.512364436404E-002  7.064791348781E-003
  -1.60084735112       -1.73898378886        36.7200000000        2.99828836118       2.659606203492E-002  4.071450921961E-003
  -2.00105918889       -2.17372973608        36.7200000000        3.22052886136      -0.100753708274      -2.648384804775E-003
  -2.40127102667       -2.60847568330        36.7200000000        3.44165529910       0.215355862849       1.028432765231E-003
  -2.80148286445       -3.04322163051        36.7200000000        3.66490027108       0.331549178669       7.037027959068E-004
  -3.20169470223       -3.47796757773        36.7200000000        3.87773211819       0.660071390983      -6.408999291180E-004
  -3.60190654001       -3.91271352494        36.7200000000        3.89598239916        1.54282155347       1.381759094004E-002
  -4.00211837779       -4.34745947216        36.7200000000        3.44275486033        2.22812647828       3.814676410661E-002
  -4.40233021557       -4.78220541938        36.7200000000        2.91541211298        2.25633273175       1.385041221534E-002
   0.00000000000        0.00000000000        36.7200000000        2.97109736026       1.871236379153E-002  1.869469499789E-003
 -0.237365478204      -0.541138783933        36.7200000000        2.94943570306       1.431926315530E-002  2.873657948851E-003
 -0.474730956408       -1.08227756787        36.7200000000        2.95579094765       4.938663688747E-003  3.353132227641E-003
 -0.712096434612       -1.62341635180        36.7200000000        3.04863662502      -1.859627087625E-002  7.246635558590E-003
 -0.949461912816       -2.16455513573        36.7200000000        3.01371867236      -4.823053162264E-003  1.371118251756E-003
  -1.18682739102       -2.70569391966        36.7200000000        3.34385424632      -7.838886665239E-002  1.578170662821E-003
  -1.42419286922       -3.24683270360        36.7200000000        3.25441835771      -0.171359456894       4.133435556143E-004
  -1.66155834743       -3.78797148753        36.7200000000        3.37123656491      -0.457804239548       2.134598496941E-003
  -1.89892382563       -4.32911027146        36.7200000000        4.00826543104       -1.16420476990      -6.767327412572E-003
  -2.13628930384       -4.87024905539        36.7200000000        4.64126458833       -3.02245327196       2.182978657146E-003
  -2.37365478204       -5.41138783933        36.7200000000      -0.290510239412       -7.98038295863       1.039874397383E-003
  -2.61102026024       -5.95252662326        36.7200000000       -2.97262951087       -1.01711419867      -5.269738678522E-003
   0.00000000000        0.00000000000        36.7200000000        2.97109736026       1.871236379153E-002  1.869469499789E-003
 -4.879688596092E-002 -0.588890836777        36.7200000000        2.94677763276       7.912401235629E-003  2.286199780815E-003
 -9.759377192185E-002  -1.17778167355        36.7200000000        2.94032218357      -1.671542140851E-003  7.879304279841E-004
 -0.146390657883       -1.76667251033        36.7200000000        3.00800766524      -4.327523612542E-002 -4.464436789561E-004
 -0.195187543844       -2.35556334711        36.7200000000        3.04430728811      -8.248406445828E-002 -8.197150308567E-003
 -0.243984429805       -2.94445418388        36.7200000000        3.34404073830      -3.923414879734E-002 -3.157172357940E-003
 -0.292781315766       -3.53334502066        36.7200000000        3.34842538458      -5.607287697201E-002  3.425350170258E-004
 -0.341578201726       -4.12223585744        36.7200000000        2.82206049176      -9.618698293733E-002  4.107302351780E-004
 -0.390375087687       -4.71112669421        36.7200000000        2.41163094773      -0.252079539567       4.563112323997E-004
 -0.439171973648       -5.30001753099        36.7200000000        1.85486210261      -0.501743336170      -2.926968921134E-003
 -0.487968859609       -5.88890836777        36.7200000000        1.19334154090      -0.512382523475      -1.091592565101E-003
 -0.536765745570       -6.47779920454        36.7200000000       0.588618180643      -0.482768017345       3.474056021471E-003
   0.00000000000        0.00000000000        36.7200000000        2.97109736026       1.871236379153E-002  1.869469499789E-003
  0.145059606038      -0.572827429873        36.7200000000        2.95023846186       3.025176742093E-003  1.749797121007E-003
  0.290119212075       -1.14565485975        36.7200000000        2.94571938084      -1.158131545271E-002 -2.535647853981E-004
  0.435178818113       -1.71848228962        36.7200000000        2.95352442356      -7.547333259022E-002 -1.234588507138E-002
  0.580238424151       -2.29130971949        36.7200000000        3.08473520410      -0.177079779147      -2.188936834644E-002
  0.725298030189       -2.86413714937        36.7200000000        3.40714003642      -4.762441531916E-002 -9.424145941440E-003
  0.870357636226       -3.43696457924        36.7200000000        3.40118485815       0.267745072948       2.284979805316E-003
   1.01541724226       -4.00979200911        36.7200000000        3.17797084335       0.289294891731       3.389277106812E-003
   1.16047684830       -4.58261943899        36.7200000000        2.89784241327       0.909656156790       6.840553748652E-005
   1.30553645434       -5.15544686886        36.7200000000        2.17994427951        1.62600433761      -1.293338479443E-002
   1.45059606038       -5.72827429873        36.7200000000        1.04678667539        1.81827861180      -1.694529905128E-002
   1.59565566642       -6.30110172861        36.7200000000       0.230079760625        1.38353720418      -3.017410300709E-002
   0.00000000000        0.00000000000        36.7200000000        2.97109736026       1.871236379153E-002  1.869469499789E-003
  0.323196638891      -0.494689282610        36.7200000000        2.95944315583       1.871962816705E-004  1.322577520761E-003
  0.646393277781      -0.989378565219        36.7200000000        2.95039192256      -1.847667754297E-002 -8.258700811653E-004
  0.969589916672       -1.48406784783        36.7200000000        2.96026744669      -8.283864051194E-002 -1.261292000244E-002
   1.29278655556       -1.97875713044        36.7200000000        3.01701985703      -0.245644795638      -4.801638674331E-002
   1.61598319445       -2.47344641305        36.7200000000        3.39198658705       8.939046234220E-003  6.438094699914E-005
   1.93917983334       -2.96813569566        36.7200000000        3.33317271214       0.172115913042       5.323076548303E-003
   2.26237647223       -3.46282497827        36.7200000000        3.82310311600       2.390323315448E-002  7.265364549599E-003
   2.58557311112       -3.95751426088        36.7200000000        4.55599213928      -0.163485586112       2.357113086271E-003
   2.90876975001       -4.45220354349        36.7200000000        5.78344006856       -1.06276247103      -2.405411824743E-003
   3.23196638891       -4.94689282610        36.7200000000        5.75349010742       -4.91227421741      -5.997022291020E-003
   3.55516302780       -5.44158210871        36.7200000000        1.66894054091       -4.29428080263      -5.554531175583E-003
   0.00000000000        0.00000000000        36.7200000000        2.97109736026       1.871236379153E-002  1.869469499789E-003
  0.466310301007      -0.362943875680        36.7200000000        2.96502723305      -1.132974030139E-003  8.197376416545E-004
  0.932620602014      -0.725887751361        36.7200000000        2.95383346634      -2.161040893658E-002 -8.669673002896E-004
   1.39893090302       -1.08883162704        36.7200000000        2.96348420866      -6.574249663405E-002 -8.345405149172E-003
   1.86524120403       -1.45177550272        36.7200000000        2.93826051985      -0.118816922305      -2.293341622288E-002
   2.33155150503       -1.81471937840        36.7200000000        3.30204529062      -6.699221310901E-002  2.941304041710E-003
   2.79786180604       -2.17766325408        36.7200000000        3.18589741400      -7.628036090740E-002  3.273584099146E-003
   3.26417210705       -2.54060712976        36.7200000000        3.36222917226      -0.392479528927      -2.340009114729E-003
   3.73048240806       -2.90355100544        36.7200000000        3.29166322893      -0.767992301927       9.691249785088E-003
   4.19679270906       -3.26649488112        36.7200000000        3.13711481802       -1.14540502152       1.641006813771E-002
   4.66310301007       -3.62943875680        36.7200000000        2.95008284369       -1.53027593189      -2.345958536269E-002
   5.12941331108       -3.99238263248        36.7200000000        2.54281029924       -1.62265750409      -2.399810495957E-002
   0.00000000000        0.00000000000        36.7200000000        2.97109736026       1.871236379153E-002  1.869469499789E-003
  0.558892006459      -0.191867868166        36.7200000000        2.96295905842      -1.135855101747E-003  2.011267007009E-004
   1.11778401292      -0.383735736333        36.7200000000        2.95482075658      -2.098407399502E-002 -1.467216098387E-003
   1.67667601938      -0.575603604499        36.7200000000        2.95979287909      -7.099929203684E-002 -1.132932253162E-002
   2.23556802584      -0.767471472666        36.7200000000        2.90976236560      -3.960758257118E-002 -2.294217437784E-003
   2.79446003230      -0.959339340832        36.7200000000        3.06963610774      -7.657685260471E-002  1.202586560758E-004
   3.35335203876       -1.15120720900        36.7200000000        2.99040578816      -0.174353837000       1.699899173365E-003
   3.91224404522       -1.34307507716        36.7200000000        2.91493031207      -0.246103000248       2.517846229242E-003
   4.47113605168       -1.53494294533        36.7200000000        2.76604383212      -0.375946603558       2.603356874301E-005
   5.03002805814       -1.72681081350        36.7200000000        2.53163144732      -0.415943015712       3.313973624276E-003
   5.58892006459       -1.91867868166        36.7200000000        2.29533709676      -0.416604612928       3.353780680614E-003
   6.14781207105       -2.11054654983        36.7200000000        2.06288488972      -0.400380154698      -1.083843902102E-002
   0.00000000000        0.00000000000        36.7200000000        2.97109736026       1.871236379153E-002  1.869469499789E-003
  0.590909090909        0.00000000000        36.7200000000        2.96177279507       1.012126320579E-003 -2.366934109659E-004
   1.18181818182      -1.172487511250E-015   36.7200000000        2.95244822989      -1.668811115037E-002 -2.342856321720E-003
   1.77272727273        0.00000000000        36.7200000000        2.92774240104      -1.795910595471E-002 -1.270131971824E-003
   2.36363636364        0.00000000000        36.7200000000        2.88982790724      -3.794581542522E-003  2.834170683220E-003
   2.95454545455        0.00000000000        36.7200000000        3.02399703885      -1.104773723290E-002  2.240333658520E-003
   3.54545454545        0.00000000000        36.7200000000        2.95049522632       9.086545800802E-003  1.465617429741E-003
   4.13636363636        0.00000000000        36.7200000000        2.81513844777       1.356989817442E-002 -1.972781711316E-004
   4.72727272727        0.00000000000        36.7200000000        2.63394751520       8.416666208509E-003 -1.777503414746E-003
   5.31818181818        0.00000000000        36.7200000000        2.54216058707       2.322747225285E-002 -3.561379241152E-003
   5.90909090909        0.00000000000        36.7200000000        2.39579847562       1.237907197515E-002  3.508207763020E-003
   6.50000000000        0.00000000000        36.7200000000        2.25107836603       1.517203991260E-002 -3.688369823683E-003
