 12 20 1 1
 1 X [LENGU]
 2 Y [LENGU]
 3 Z [LENGU]
 4 Hx [FIELU]
 5 Hy [FIELU]
 6 Hz [FIELU]
 0
   0.00000000000        0.00000000000       -97.2000000000        3.22763860066      -0.153554355427      -1.797792718163E-002
  0.590909090909        0.00000000000       -97.2000000000        3.23003018299      -0.144284219653      -1.830583947937E-002
   1.18181818182        0.00000000000       -97.2000000000        3.23330491738      -0.139664005023      -1.857647777979E-002
   1.77272727273        0.00000000000       -97.2000000000        3.23239920419      -0.133241281813      -1.688813467182E-002
   2.36363636364        0.00000000000       -97.2000000000        3.23311083162      -0.113330215706      -1.180990949280E-002
   2.95454545455        0.00000000000       -97.2000000000        2.71452763116      -4.689259815658E-002 -0.125398441238     
   3.54545454545        0.00000000000       -97.2000000000        2.58789003305       1.133170542732E-003 -8.708544192158E-002
   4.13636363636        0.00000000000       -97.2000000000        2.48244960999      -1.184473212799E-003 -5.113779450434E-002
   4.72727272727        0.00000000000       -97.2000000000        2.39360667199      -1.563558103661E-002 -1.822149510319E-002
   5.31818181818        0.00000000000       -97.2000000000        2.21653048585      -3.556005287874E-002 -8.327959974473E-003
   5.90909090909        0.00000000000       -97.2000000000        2.10876686734      -2.355683801249E-002 -3.142255957045E-003
   6.50000000000        0.00000000000       -97.2000000000        2.00100324883      -1.155362314625E-002  2.043448060383E-003
   0.00000000000        0.00000000000       -97.2000000000        3.22763860066      -0.153554355427      -1.797792718163E-002
  0.558892006459       0.191867868166       -97.2000000000        3.23331944384      -0.172765744517      -2.149968532129E-002
   1.11778401292       0.383735736333       -97.2000000000        3.23871198115      -0.187289531421      -2.516093589680E-002
   1.67667601938       0.575603604499       -97.2000000000        3.22382095871      -0.160616965063      -2.238211592982E-002
   2.23556802584       0.767471472666       -97.2000000000        3.21964755816      -0.119010030078      -1.569673677019E-002
   2.79446003230       0.959339340832       -97.2000000000        2.86025653463      -8.042291586859E-002 -0.126785783775     
   3.35335203876        1.15120720900       -97.2000000000        2.73027170083       7.140943573594E-002 -9.786639520034E-002
   3.91224404522        1.34307507716       -97.2000000000        2.61753829127       0.154994654330      -6.019156550692E-002
   4.47113605168        1.53494294533       -97.2000000000        2.56169912094       0.253315658121      -2.767296537439E-002
   5.03002805814        1.72681081350       -97.2000000000        2.31337659341       0.318197588061      -2.043716073801E-002
   5.58892006459        1.91867868166       -97.2000000000        2.10032800975       0.345633131375      -2.582256830963E-002
   6.14781207105        2.11054654983       -97.2000000000        1.91870480965       0.380600243053      -2.125722474931E-002
   0.00000000000        0.00000000000       -97.2000000000        3.22763860066      -0.153554355427      -1.797792718163E-002
  0.466310301007       0.362943875680       -97.2000000000        3.24085793399      -0.204152211265      -2.586257638441E-002
  0.932620602014       0.725887751361       -97.2000000000        3.23895235221      -0.219111093621      -2.890666414044E-002
   1.39893090302        1.08883162704       -97.2000000000        3.23155499281      -0.206156493431      -2.777133658414E-002
   1.86524120403        1.45177550272       -97.2000000000        3.22330728771      -0.138975549914      -1.882753355067E-002
   2.33155150503        1.81471937840       -97.2000000000        3.24579566574      -0.167287660776      -0.116617532853     
   2.79786180604        2.17766325408       -97.2000000000        3.35364717425      -1.108854289703E-002 -4.781932046778E-002
   3.26417210705        2.54060712976       -97.2000000000        3.11542871898       0.475992762974      -2.815339254494E-002
   3.73048240806        2.90355100544       -97.2000000000        3.27819686969       0.689776326774      -9.660909902419E-003
   4.19679270906        3.26649488112       -97.2000000000        3.08869472185       0.896648409147      -2.959658073837E-003
   4.66310301007        3.62943875680       -97.2000000000        2.74071339046        1.44391968054       5.169112650638E-002
   5.12941331108        3.99238263248       -97.2000000000        2.32169193659        1.62234522909       3.296240705018E-002
   0.00000000000        0.00000000000       -97.2000000000        3.22763860066      -0.153554355427      -1.797792718163E-002
  0.323196638891       0.494689282610       -97.2000000000        3.25350143191      -0.201007619319      -2.431155304619E-002
  0.646393277781       0.989378565219       -97.2000000000        3.22649001844      -0.196336877689      -2.296260192231E-002
  0.969589916672        1.48406784783       -97.2000000000        3.20884751690      -0.174932352722      -1.927364149103E-002
   1.29278655556        1.97875713044       -97.2000000000        3.23579979382      -0.169519851695      -2.163776679597E-002
   1.61598319445        2.47344641305       -97.2000000000        3.42379194335      -0.219735366860      -9.607960714062E-002
   1.93917983334        2.96813569566       -97.2000000000        3.74131692209      -0.362271984978      -6.794209256735E-002
   2.26237647223        3.46282497827       -97.2000000000        3.85179530146      -0.408547819620      -1.879633585660E-002
   2.58557311112        3.95751426088       -97.2000000000        4.77046653770      -0.214276387387      -1.420410084485E-002
   2.90876975001        4.45220354349       -97.2000000000        5.80144650864       0.882317234528      -1.016026098511E-003
   3.23196638891        4.94689282610       -97.2000000000        5.53182477626        4.81492709823       1.529909653526E-002
   3.55516302780        5.44158210871       -97.2000000000        1.57769218784        4.07092064368       3.652411330064E-002
   0.00000000000        0.00000000000       -97.2000000000        3.22763860066      -0.153554355427      -1.797792718163E-002
  0.145059606038       0.572827429873       -97.2000000000        3.25913896353      -0.174359777064      -1.879451453233E-002
  0.290119212075        1.14565485975       -97.2000000000        3.22512915267      -0.154026220579      -1.371596408477E-002
  0.435178818113        1.71848228962       -97.2000000000        3.19111934181      -0.133692664093      -8.637413637205E-003
  0.580238424151        2.29130971949       -97.2000000000        3.21793778293      -0.140983629170      -1.342995720597E-002
  0.725298030189        2.86413714937       -97.2000000000        3.44577449709      -0.391795696616       6.853035114825E-003
  0.870357636226        3.43696457924       -97.2000000000        3.52736321225      -0.186653715485      -2.162458301193E-002
   1.01541724226        4.00979200911       -97.2000000000        3.10618565500      -0.579003085533      -1.041202043685E-003
   1.16047684830        4.58261943899       -97.2000000000        2.90313477754       -1.10144184100       6.976786015068E-004
   1.30553645434        5.15544686886       -97.2000000000        2.16887145934       -1.63650499051      -8.298841349539E-004
   1.45059606038        5.72827429873       -97.2000000000        1.02332926490       -1.78627623470       1.282941946226E-002
   1.59565566642        6.30110172861       -97.2000000000       0.114805509904       -1.20882831331       2.030732649801E-002
   0.00000000000        0.00000000000       -97.2000000000        3.22763860066      -0.153554355427      -1.797792718163E-002
 -4.879688596092E-002  0.588890836777       -97.2000000000        3.25178256264      -0.158991591552      -1.349105171596E-002
 -9.759377192185E-002   1.17778167355       -97.2000000000        3.21041635088      -0.123289849553      -3.109038452024E-003
 -0.146390657883        1.76667251033       -97.2000000000        3.17175344187      -9.213169050106E-002  5.209678739081E-003
 -0.195187543844        2.35556334711       -97.2000000000        3.20043754182      -9.612237811943E-002  2.868362950806E-003
 -0.243984429805        2.94445418388       -97.2000000000        3.46036453069       8.019270010207E-002  2.963581717225E-002
 -0.292781315766        3.53334502066       -97.2000000000        3.18209676616       0.236073862060       4.890983755926E-003
 -0.341578201726        4.12223585744       -97.2000000000        2.85270140336       0.113020844143       1.311377918082E-002
 -0.390375087687        4.71112669421       -97.2000000000        2.67459085976       0.391942741306       1.468214901231E-002
 -0.439171973648        5.30001753099       -97.2000000000        1.90481310963       0.494872239690       1.046568004395E-002
 -0.487968859609        5.88890836777       -97.2000000000        1.21438499820       0.569197286117      -6.313021566844E-003
 -0.536765745570        6.47779920454       -97.2000000000       0.850505978014       0.595292507878      -3.252389550691E-003
   0.00000000000        0.00000000000       -97.2000000000        3.22763860066      -0.153554355427      -1.797792718163E-002
 -0.237365478204       0.541138783933       -97.2000000000        3.24890883265      -0.147492243754      -9.312641130266E-003
 -0.474730956408        1.08227756787       -97.2000000000        3.20682430303      -0.103847639127       3.598764063460E-003
 -0.712096434612        1.62341635180       -97.2000000000        3.18406853600      -0.103039069926       2.903898934163E-003
 -0.949461912816        2.16455513573       -97.2000000000        3.19269243287      -0.131574639526      -2.155210713255E-003
  -1.18682739102        2.70569391966       -97.2000000000        3.43662602020       0.218706519038       7.770709592214E-002
  -1.42419286922        3.24683270360       -97.2000000000        3.68430252424       0.285484773385       1.835866236330E-002
  -1.66155834743        3.78797148753       -97.2000000000        3.68509040469       0.303723629116       2.478524590469E-002
  -1.89892382563        4.32911027146       -97.2000000000        4.00419457935        1.23819468681       1.743591413214E-002
  -2.13628930384        4.87024905539       -97.2000000000        4.73873600927        3.23732913090       1.040610713836E-002
  -2.37365478204        5.41138783933       -97.2000000000        1.12256466427        7.93349205774       1.110444066702E-002
  -2.61102026024        5.95252662326       -97.2000000000       -3.08823726866       0.992710361351       1.108408357529E-002
   0.00000000000        0.00000000000       -97.2000000000        3.22763860066      -0.153554355427      -1.797792718163E-002
 -0.400211837779       0.434745947216       -97.2000000000        3.25009432957      -0.150807721304      -1.155187009237E-002
 -0.800423675558       0.869491894432       -97.2000000000        3.21738555515      -0.102167953757       3.658273235450E-003
  -1.20063551334        1.30423784165       -97.2000000000        3.20096273944      -0.107078533100       1.935107584304E-003
  -1.60084735112        1.73898378886       -97.2000000000        3.19805135101      -0.140222942154      -5.974433110494E-003
  -2.00105918889        2.17372973608       -97.2000000000        3.20193299170       0.488455621646       3.369237216900E-002
  -2.40127102667        2.60847568330       -97.2000000000        3.50220866649       0.166882133909       5.918860142475E-002
  -2.80148286445        3.04322163051       -97.2000000000        3.53321573602       3.991512953110E-002  3.008296890449E-002
  -3.20169470223        3.47796757773       -97.2000000000        3.73883247391      -0.367262984214       2.001399930259E-002
  -3.60190654001        3.91271352494       -97.2000000000        3.79781800082       -1.37127545045       2.177614924243E-002
  -4.00211837779        4.34745947216       -97.2000000000        3.50107274546       -2.05130241471      -4.081965652190E-003
  -4.40233021557        4.78220541938       -97.2000000000        2.77342430167       -2.22436745634       2.984266894110E-003
   0.00000000000        0.00000000000       -97.2000000000        3.22763860066      -0.153554355427      -1.797792718163E-002
 -0.519689034804       0.281241641340       -97.2000000000        3.24149791259      -0.171771861335      -1.746093586412E-002
  -1.03937806961       0.562483282680       -97.2000000000        3.22914142171      -0.109122962894       1.060240482763E-003
  -1.55906710441       0.843724924020       -97.2000000000        3.21403278845      -0.108081742323      -1.134147496109E-003
  -2.07875613922        1.12496656536       -97.2000000000        3.20285715861      -0.134355171070      -9.924034949899E-003
  -2.59844517402        1.40620820670       -97.2000000000        2.99059087465       6.381284978101E-002  0.107142536447     
  -3.11813420882        1.68744984804       -97.2000000000        2.87880588181      -4.812655657515E-002  6.235842796802E-002
  -3.63782324363        1.96869148938       -97.2000000000        2.78388338829      -0.241152972635       4.004272727574E-002
  -4.15751227843        2.24993313072       -97.2000000000        2.70809209043      -0.459861551042       3.265636918269E-002
  -4.67720131323        2.53117477206       -97.2000000000        2.56272570705      -0.573068697497       3.362236749359E-002
  -5.19689034804        2.81241641340       -97.2000000000        2.29802718040      -0.804558075151       3.341553307667E-002
  -5.71657938284        3.09365805474       -97.2000000000        2.01716300806      -0.899381842539       2.364401215444E-002
   0.00000000000        0.00000000000       -97.2000000000        3.22763860066      -0.153554355427      -1.797792718163E-002
 -0.582849861102       9.726043971134E-002  -97.2000000000        3.22494820394      -0.174764872998      -1.862443456678E-002
  -1.16569972220       0.194520879423       -97.2000000000        3.23959325932      -0.132636668942      -8.272934743167E-003
  -1.74854958330       0.291781319134       -97.2000000000        3.22614526971      -0.112942531731      -6.184275379988E-003
  -2.33139944441       0.389041758845       -97.2000000000        3.20885141222      -7.737903870479E-002 -4.512665917032E-003
  -2.91424930551       0.486302198557       -97.2000000000        2.75330415328      -5.177814874409E-003  0.113083475657     
  -3.49709916661       0.583562638268       -97.2000000000        2.64424501928      -0.136610500358       5.444518567153E-002
  -4.07994902771       0.680823077979       -97.2000000000        2.51874189123      -0.194061158042       3.284975790959E-002
  -4.66279888881       0.778083517691       -97.2000000000        2.39154178364      -0.204337042241       2.259261791701E-002
  -5.24564874991       0.875343957402       -97.2000000000        2.28486590590      -0.192520947691       1.942103630326E-002
  -5.82849861102       0.972604397113       -97.2000000000        2.15549562092      -0.203187155184       1.696224951163E-002
  -6.41134847212        1.06986483682       -97.2000000000        2.00288541216      -0.211439375165       1.117106538323E-002
   0.00000000000        0.00000000000       -97.2000000000        3.22763860066      -0.153554355427      -1.797792718163E-002
 -0.582849861102      -9.726043971134E-002  -97.2000000000        3.22561106884      -0.150631244265      -1.668453979368E-002
  -1.16569972220      -0.194520879423       -97.2000000000        3.22735325376      -0.132751318970      -1.283199506355E-002
  -1.74854958330      -0.291781319134       -97.2000000000        3.23466261749      -7.298358048354E-002 -2.851929024381E-003
  -2.33139944441      -0.389041758845       -97.2000000000        3.23173412280      -1.659966999005E-002  1.306369708194E-003
  -2.91424930551      -0.486302198557       -97.2000000000        2.74135712679      -3.121880813400E-002  9.956985726813E-002
  -3.49709916661      -0.583562638268       -97.2000000000        2.72033339893      -2.125387487932E-002  3.224449603133E-002
  -4.07994902771      -0.680823077979       -97.2000000000        2.54118773594       2.526823993481E-002  8.711325173054E-003
  -4.66279888881      -0.778083517691       -97.2000000000        2.41948326280       6.547012584272E-002 -1.488654983601E-003
  -5.24564874991      -0.875343957402       -97.2000000000        2.30573488421       0.110072125168      -9.940474321566E-003
  -5.82849861102      -0.972604397113       -97.2000000000        2.19097095576       0.123276252511      -1.636790423593E-002
  -6.41134847212       -1.06986483682       -97.2000000000        2.01774626702       0.171798256691      -1.107625443082E-002
   0.00000000000        0.00000000000       -97.2000000000        3.22763860066      -0.153554355427      -1.797792718163E-002
 -0.519689034804      -0.281241641340       -97.2000000000        3.22649364827      -0.126814379983      -1.488480361303E-002
  -1.03937806961      -0.562483282680       -97.2000000000        3.22566679806      -0.101749257806      -1.177105054588E-002
  -1.55906710441      -0.843724924020       -97.2000000000        3.25223009770      -4.780190549715E-002 -5.178617721588E-003
  -2.07875613922       -1.12496656536       -97.2000000000        3.28761556558       2.891939802992E-002  1.716261879689E-003
  -2.59844517402       -1.40620820670       -97.2000000000        2.97103428338      -0.109748736743       8.626756044043E-002
  -3.11813420882       -1.68744984804       -97.2000000000        2.94706149640       0.109898684216       4.221951427762E-002
  -3.63782324363       -1.96869148938       -97.2000000000        2.74027949728       0.265342611403       4.818024633168E-003
  -4.15751227843       -2.24993313072       -97.2000000000        2.60576692395       0.375853299096      -2.610880377024E-002
  -4.67720131323       -2.53117477206       -97.2000000000        2.49016963086       0.490500729459      -5.512876910811E-002
  -5.19689034804       -2.81241641340       -97.2000000000        2.35600702459       0.667422057239      -8.971568422686E-002
  -5.71657938284       -3.09365805474       -97.2000000000        2.12041832963       0.969612095236      -9.949734942436E-002
   0.00000000000        0.00000000000       -97.2000000000        3.22763860066      -0.153554355427      -1.797792718163E-002
 -0.400211837779      -0.434745947216       -97.2000000000        3.22857089477      -0.111532035117      -1.335082543977E-002
 -0.800423675558      -0.869491894432       -97.2000000000        3.23431462283      -0.100966532346      -1.117962124352E-002
  -1.20063551334       -1.30423784165       -97.2000000000        3.27805344094      -4.273182246059E-002 -1.028094691036E-002
  -1.60084735112       -1.73898378886       -97.2000000000        3.31594952369       2.906079441938E-002 -7.832970375417E-004
  -2.00105918889       -2.17372973608       -97.2000000000        3.04771732171      -0.435098963441       2.975810666652E-002
  -2.40127102667       -2.60847568330       -97.2000000000        3.35094101213      -0.139831069013       3.143829210204E-002
  -2.80148286445       -3.04322163051       -97.2000000000        3.05380437660      -0.142144998373      -8.289264633640E-004
  -3.20169470223       -3.47796757773       -97.2000000000        3.62838110774       0.658972583960      -6.256677285786E-002
  -3.60190654001       -3.91271352494       -97.2000000000        3.61965168447        1.03651421884      -0.134180212100     
  -4.00211837779       -4.34745947216       -97.2000000000        3.14330825591        1.72423202284      -0.276500799120     
  -4.40233021557       -4.78220541938       -97.2000000000        2.41094638822        2.09077871898      -0.438524907523     
   0.00000000000        0.00000000000       -97.2000000000        3.22763860066      -0.153554355427      -1.797792718163E-002
 -0.237365478204      -0.541138783933       -97.2000000000        3.23218621220      -0.109433552539      -1.221196699110E-002
 -0.474730956408       -1.08227756787       -97.2000000000        3.24172257559      -0.102638240693      -1.112098371883E-002
 -0.712096434612       -1.62341635180       -97.2000000000        3.25485710073      -9.271189070087E-002 -1.065310384151E-002
 -0.949461912816       -2.16455513573       -97.2000000000        3.31504897142      -1.135503097196E-002 -9.324168761484E-003
  -1.18682739102       -2.70569391966       -97.2000000000        3.46632003837      -0.267438309700       3.263661762657E-002
  -1.42419286922       -3.24683270360       -97.2000000000        3.54386663642      -0.548686691523       2.604923127548E-002
  -1.66155834743       -3.78797148753       -97.2000000000        3.59214173221      -0.827260772807      -9.500503318201E-003
  -1.89892382563       -4.32911027146       -97.2000000000        4.04481643627       -1.42843301731      -2.810733307238E-002
  -2.13628930384       -4.87024905539       -97.2000000000        4.47090504002       -3.21476181559      -6.745914584235E-002
  -2.37365478204       -5.41138783933       -97.2000000000       0.470297473826       -8.40120650816      -0.102021099999     
  -2.61102026024       -5.95252662326       -97.2000000000       -3.26928556208      -0.957770312890      -0.126114314104     
   0.00000000000        0.00000000000       -97.2000000000        3.22763860066      -0.153554355427      -1.797792718163E-002
 -4.879688596092E-002 -0.588890836777       -97.2000000000        3.23481117593      -0.109496575033      -1.173020677191E-002
 -9.759377192185E-002  -1.17778167355       -97.2000000000        3.24705208823      -0.105398308945      -1.115344758483E-002
 -0.146390657883       -1.76667251033       -97.2000000000        3.25930679615      -0.101756635340      -1.074933643473E-002
 -0.195187543844       -2.35556334711       -97.2000000000        3.27156150407      -9.811496173565E-002 -1.034522528462E-002
 -0.243984429805       -2.94445418388       -97.2000000000        3.53204166770      -9.110819830475E-002 -2.312848294885E-003
 -0.292781315766       -3.53334502066       -97.2000000000        3.22433390373      -0.173076099638       2.074705056713E-002
 -0.341578201726       -4.12223585744       -97.2000000000        3.06073378805      -0.258907762301       6.939325776095E-003
 -0.390375087687       -4.71112669421       -97.2000000000        2.52347031470      -0.422574602304      -1.143172702760E-002
 -0.439171973648       -5.30001753099       -97.2000000000        1.82302851999      -0.510383553585      -1.747861294660E-002
 -0.487968859609       -5.88890836777       -97.2000000000        1.02236301803      -0.403266651108      -2.645683881715E-002
 -0.536765745570       -6.47779920454       -97.2000000000       0.547323357644      -0.194123634993      -2.110512600931E-002
   0.00000000000        0.00000000000       -97.2000000000        3.22763860066      -0.153554355427      -1.797792718163E-002
  0.145059606038      -0.572827429873       -97.2000000000        3.23616133041      -0.111714273132      -1.195775097724E-002
  0.290119212075       -1.14565485975       -97.2000000000        3.24972562536      -0.108947640880      -1.127349487793E-002
  0.435178818113       -1.71848228962       -97.2000000000        3.26331710185      -0.107080633243      -1.092940737437E-002
  0.580238424151       -2.29130971949       -97.2000000000        3.29507003223      -0.121290354373      -1.146585989481E-002
  0.725298030189       -2.86413714937       -97.2000000000        3.60046817050       0.432199453607      -1.880563838219E-002
  0.870357636226       -3.43696457924       -97.2000000000        3.43191569364       0.280036171080       1.368016911282E-003
   1.01541724226       -4.00979200911       -97.2000000000        3.09700133365       0.705770173492       2.432942074586E-003
   1.16047684830       -4.58261943899       -97.2000000000        2.75849592385        1.21815068984      -9.562280150548E-003
   1.30553645434       -5.15544686886       -97.2000000000        2.13537273399        1.67376947779      -6.090791227584E-003
   1.45059606038       -5.72827429873       -97.2000000000       0.977291254550        1.83062369241       1.364187634192E-002
   1.59565566642       -6.30110172861       -97.2000000000       8.289003885552E-002   1.28993883182       1.810913937132E-002
   0.00000000000        0.00000000000       -97.2000000000        3.22763860066      -0.153554355427      -1.797792718163E-002
  0.323196638891      -0.494689282610       -97.2000000000        3.23609036544      -0.115846324836      -1.286994166172E-002
  0.646393277781      -0.989378565219       -97.2000000000        3.24945346775      -0.112901611309      -1.146811661118E-002
  0.969589916672       -1.48406784783       -97.2000000000        3.26581594773      -0.115967604041      -1.135732093828E-002
   1.29278655556       -1.97875713044       -97.2000000000        3.31498957028      -0.148404727094      -1.283310559250E-002
   1.61598319445       -2.47344641305       -97.2000000000        3.39912007623       0.224649008998      -8.209581892009E-002
   1.93917983334       -2.96813569566       -97.2000000000        3.55317930428       0.202810920710      -2.485000337052E-002
   2.26237647223       -3.46282497827       -97.2000000000        3.77189925072       0.120574101373      -2.751309010604E-002
   2.58557311112       -3.95751426088       -97.2000000000        4.40133950915       1.964310929914E-002 -2.751555664129E-002
   2.90876975001       -4.45220354349       -97.2000000000        5.74310649353      -0.873871086281      -4.194512316423E-003
   3.23196638891       -4.94689282610       -97.2000000000        5.43879876050       -4.51268421732       9.932383183788E-003
   3.55516302780       -5.44158210871       -97.2000000000        1.48470142747       -4.30430415284       5.238526327035E-002
   0.00000000000        0.00000000000       -97.2000000000        3.22763860066      -0.153554355427      -1.797792718163E-002
  0.466310301007      -0.362943875680       -97.2000000000        3.23460597118      -0.121444958229      -1.436792881059E-002
  0.932620602014      -0.725887751361       -97.2000000000        3.24626510790      -0.116831746185      -1.171622249992E-002
   1.39893090302       -1.08883162704       -97.2000000000        3.26394514264      -0.124823552206      -1.186567835431E-002
   1.86524120403       -1.45177550272       -97.2000000000        3.33388468595      -0.184387533700      -1.440103240677E-002
   2.33155150503       -1.81471937840       -97.2000000000        3.11636239084       0.162558816169      -0.124111784022     
   2.79786180604       -2.17766325408       -97.2000000000        3.05501506601       3.228439756563E-002 -8.134877884535E-002
   3.26417210705       -2.54060712976       -97.2000000000        3.05361363440      -0.104603104838      -3.312955811622E-002
   3.73048240806       -2.90355100544       -97.2000000000        3.00126874641      -0.553679634462      -2.241999354220E-003
   4.19679270906       -3.26649488112       -97.2000000000        2.91257729226      -0.909167508939       2.743045538100E-002
   4.66310301007       -3.62943875680       -97.2000000000        2.76731737786       -1.36242608237       1.135006381495E-002
   5.12941331108       -3.99238263248       -97.2000000000        2.29483026939       -1.38891317367      -2.055253913518E-002
   0.00000000000        0.00000000000       -97.2000000000        3.22763860066      -0.153554355427      -1.797792718163E-002
  0.558892006459      -0.191867868166       -97.2000000000        3.23186900478      -0.127903474510      -1.628938227262E-002
   1.11778401292      -0.383735736333       -97.2000000000        3.24069080889      -0.126426967591      -1.430307682351E-002
   1.67667601938      -0.575603604499       -97.2000000000        3.24951261301      -0.124950460673      -1.231677137440E-002
   2.23556802584      -0.767471472666       -97.2000000000        3.28229031762      -0.148773085562      -1.282566729589E-002
   2.79446003230      -0.959339340832       -97.2000000000        2.76689836239       2.391473713772E-002 -0.136830189134     
   3.35335203876       -1.15120720900       -97.2000000000        2.63222398706      -0.134862212663      -0.102133521753     
   3.91224404522       -1.34307507716       -97.2000000000        2.55403211937      -0.248057813072      -5.806222046201E-002
   4.47113605168       -1.53494294533       -97.2000000000        2.48655593404      -0.297353326897      -2.385918077893E-002
   5.03002805814       -1.72681081350       -97.2000000000        2.29338273404      -0.355038070772      -1.726528771713E-002
   5.58892006459       -1.91867868166       -97.2000000000        2.08194441064      -0.342662574137      -1.803981237305E-002
   6.14781207105       -2.11054654983       -97.2000000000        1.86915529271      -0.346883730717      -1.689630804412E-002
   0.00000000000        0.00000000000       -97.2000000000        3.22763860066      -0.153554355427      -1.797792718163E-002
  0.590909090909        0.00000000000       -97.2000000000        3.23003018299      -0.144284219653      -1.830583947937E-002
   1.18181818182      -1.172487511250E-015  -97.2000000000        3.23330491738      -0.139664005023      -1.857647777979E-002
   1.77272727273        0.00000000000       -97.2000000000        3.23239920419      -0.133241281813      -1.688813467182E-002
   2.36363636364        0.00000000000       -97.2000000000        3.23311083162      -0.113330215706      -1.180990949280E-002
   2.95454545455        0.00000000000       -97.2000000000        2.71452763116      -4.689259815658E-002 -0.125398441238     
   3.54545454545        0.00000000000       -97.2000000000        2.58789003305       1.133170542732E-003 -8.708544192158E-002
   4.13636363636        0.00000000000       -97.2000000000        2.48244960999      -1.184473212799E-003 -5.113779450434E-002
   4.72727272727        0.00000000000       -97.2000000000        2.39360667199      -1.563558103661E-002 -1.822149510319E-002
   5.31818181818        0.00000000000       -97.2000000000        2.21653048585      -3.556005287874E-002 -8.327959974473E-003
   5.90909090909        0.00000000000       -97.2000000000        2.10876686734      -2.355683801249E-002 -3.142255957045E-003
   6.50000000000        0.00000000000       -97.2000000000        2.00100324883      -1.155362314625E-002  2.043448060383E-003
