 12 20 1 1
 1 X [LENGU]
 2 Y [LENGU]
 3 Z [LENGU]
 4 Hx [FIELU]
 5 Hy [FIELU]
 6 Hz [FIELU]
 0
   0.00000000000        0.00000000000       -70.0000000000        2.97665006332       1.077039779877E-002  7.907894143329E-003
  0.590909090909        0.00000000000       -70.0000000000        2.98234350341       2.081644789019E-002  9.390487436832E-003
   1.18181818182        0.00000000000       -70.0000000000        2.96337625422       9.993191753300E-002  1.208437228645E-002
   1.77272727273        0.00000000000       -70.0000000000        2.95538406305       7.874141425776E-002  9.125095339101E-003
   2.36363636364        0.00000000000       -70.0000000000        2.96355772472       2.561406771540E-003  4.681477902246E-003
   2.95454545455        0.00000000000       -70.0000000000        3.01171284067      -4.124015199594E-002 -5.516226895103E-003
   3.54545454545        0.00000000000       -70.0000000000        2.86800773894      -4.762125226887E-002 -7.471270031728E-003
   4.13636363636        0.00000000000       -70.0000000000        2.73716999076      -4.368366894906E-002 -8.853456631461E-003
   4.72727272727        0.00000000000       -70.0000000000        2.60633224257      -3.974608562925E-002 -1.023564323119E-002
   5.31818181818        0.00000000000       -70.0000000000        2.47825339345      -2.199776281818E-002 -1.152477761674E-002
   5.90909090909        0.00000000000       -70.0000000000        2.35279095078      -3.704017297373E-002 -2.017192953050E-002
   6.50000000000        0.00000000000       -70.0000000000        2.21151096592       3.394011777253E-002 -1.079365925774E-002
   0.00000000000        0.00000000000       -70.0000000000        2.97665006332       1.077039779877E-002  7.907894143329E-003
  0.558892006459       0.191867868166       -70.0000000000        2.98396925141       2.050312763573E-002  9.807034703739E-003
   1.11778401292       0.383735736333       -70.0000000000        2.98850746578       3.084322193010E-002  1.137401061184E-002
   1.67667601938       0.575603604499       -70.0000000000        2.98560750591       5.068481453127E-002  1.246896696205E-002
   2.23556802584       0.767471472666       -70.0000000000        2.97864884521       4.622084479981E-002  1.097872307564E-002
   2.79446003230       0.959339340832       -70.0000000000        3.06811186149       8.427640568437E-002 -2.580321227573E-003
   3.35335203876        1.15120720900       -70.0000000000        2.93208461137       0.202637750264      -1.884090702602E-003
   3.91224404522        1.34307507716       -70.0000000000        2.79511965703       0.260493926702      -4.765069548534E-003
   4.47113605168        1.53494294533       -70.0000000000        2.66640177427       0.323290202886      -7.475755543886E-003
   5.03002805814        1.72681081350       -70.0000000000        2.53768389150       0.386086479071      -1.018644153924E-002
   5.58892006459        1.91867868166       -70.0000000000        2.32991621984       0.399159864992      -1.981229173637E-002
   6.14781207105        2.11054654983       -70.0000000000        2.07247498521       0.339114117922      -2.175394473347E-002
   0.00000000000        0.00000000000       -70.0000000000        2.97665006332       1.077039779877E-002  7.907894143329E-003
  0.466310301007       0.362943875680       -70.0000000000        2.98488817890       1.934398214859E-002  1.004012992464E-002
  0.932620602014       0.725887751361       -70.0000000000        2.98607887672       3.397487196517E-002  1.156945651813E-002
   1.39893090302        1.08883162704       -70.0000000000        2.98374312240       5.171569593928E-002  1.271755869202E-002
   1.86524120403        1.45177550272       -70.0000000000        2.98710854649       7.161083204007E-002  1.409174888827E-002
   2.33155150503        1.81471937840       -70.0000000000        3.26683620485       0.115208902523      -2.777168155458E-003
   2.79786180604        2.17766325408       -70.0000000000        3.20509293841       0.280299536222      -4.656666892171E-003
   3.26417210705        2.54060712976       -70.0000000000        3.15748089028       0.506498699651       2.262068977663E-003
   3.73048240806        2.90355100544       -70.0000000000        3.12978176024       0.803344642606       1.046212637988E-002
   4.19679270906        3.26649488112       -70.0000000000        3.08655548520        1.10010030052       1.881229371813E-002
   4.66310301007        3.62943875680       -70.0000000000        2.90475162242        1.48155577927       3.464242071098E-002
   5.12941331108        3.99238263248       -70.0000000000        2.62854416806        1.52321820531       3.421221162043E-004
   0.00000000000        0.00000000000       -70.0000000000        2.97665006332       1.077039779877E-002  7.907894143329E-003
  0.323196638891       0.494689282610       -70.0000000000        2.98500070582       1.746462282828E-002  1.006451361551E-002
  0.646393277781       0.989378565219       -70.0000000000        2.97895510848       2.930229349615E-002  1.060731093556E-002
  0.969589916672        1.48406784783       -70.0000000000        2.97693316475       4.049713574719E-002  1.137322769048E-002
   1.29278655556        1.97875713044       -70.0000000000        2.98752538299       7.173733783244E-002  1.414750323876E-002
   1.61598319445        2.47344641305       -70.0000000000        3.37960607236      -1.044378709033E-002 -5.554057926009E-003
   1.93917983334        2.96813569566       -70.0000000000        3.54211906943       6.151922430591E-002 -4.449905404558E-003
   2.26237647223        3.46282497827       -70.0000000000        3.97953027360      -0.101502056689      -5.471146577549E-003
   2.58557311112        3.95751426088       -70.0000000000        4.74081516918       0.123501584460      -5.923616231032E-003
   2.90876975001        4.45220354349       -70.0000000000        5.67253064005       0.977966830921      -2.094384911593E-003
   3.23196638891        4.94689282610       -70.0000000000        5.65735557349        5.08021998666       7.819163953960E-003
   3.55516302780        5.44158210871       -70.0000000000        1.70586266924        4.40144777038       2.011160115044E-002
   0.00000000000        0.00000000000       -70.0000000000        2.97665006332       1.077039779877E-002  7.907894143329E-003
  0.145059606038       0.572827429873       -70.0000000000        2.98397914792       1.430538363138E-002  9.795865857303E-003
  0.290119212075        1.14565485975       -70.0000000000        2.96695244575       1.388987060717E-002  8.232750689140E-003
  0.435178818113        1.71848228962       -70.0000000000        2.96865850959       2.781255648736E-002  9.270444204863E-003
  0.580238424151        2.29130971949       -70.0000000000        2.98069256396       6.039861829599E-002  1.203237752690E-002
  0.725298030189        2.86413714937       -70.0000000000        3.34999750114      -8.550502392390E-002 -2.717167194873E-003
  0.870357636226        3.43696457924       -70.0000000000        3.16504982833      -0.395908230579      -7.358258832006E-003
   1.01541724226        4.00979200911       -70.0000000000        3.16071570227      -0.528298740903      -4.733270048320E-003
   1.16047684830        4.58261943899       -70.0000000000        2.68469995686       -1.19619476726      -2.762423590315E-003
   1.30553645434        5.15544686886       -70.0000000000        2.18361342813       -1.60639505620      -8.137856292508E-003
   1.45059606038        5.72827429873       -70.0000000000       0.999110020655       -1.73471337117      -5.368416565631E-003
   1.59565566642        6.30110172861       -70.0000000000       0.148713668846       -1.19200465678      -5.704271698701E-005
   0.00000000000        0.00000000000       -70.0000000000        2.97665006332       1.077039779877E-002  7.907894143329E-003
 -4.879688596092E-002  0.588890836777       -70.0000000000        2.98046311020       6.649321155999E-003  8.882445167557E-003
 -9.759377192185E-002   1.17778167355       -70.0000000000        2.96737515523       1.219207649835E-002  8.107918846658E-003
 -0.146390657883        1.76667251033       -70.0000000000        2.97056875881       2.778911599420E-002  9.314719303790E-003
 -0.195187543844        2.35556334711       -70.0000000000        2.97855894255       3.328589575333E-002  9.811845259056E-003
 -0.243984429805        2.94445418388       -70.0000000000        3.25146885357       3.496653542676E-002 -3.811432406896E-003
 -0.292781315766        3.53334502066       -70.0000000000        3.04770796600      -0.167171378408      -1.265060463730E-003
 -0.341578201726        4.12223585744       -70.0000000000        2.63329737612       5.524552105849E-002 -1.288736904958E-003
 -0.390375087687        4.71112669421       -70.0000000000        2.35069410267       0.323518209318       3.341660072948E-004
 -0.439171973648        5.30001753099       -70.0000000000        1.79689518138       0.472672745957       1.579751019317E-003
 -0.487968859609        5.88890836777       -70.0000000000        1.11906683402       0.518865807995       1.778488159199E-003
 -0.536765745570        6.47779920454       -70.0000000000       0.782311241710       0.556263186037       2.561680521528E-003
   0.00000000000        0.00000000000       -70.0000000000        2.97665006332       1.077039779877E-002  7.907894143329E-003
 -0.237365478204       0.541138783933       -70.0000000000        2.97653386969      -5.601587200495E-004  7.863416752619E-003
 -0.474730956408        1.08227756787       -70.0000000000        2.97013892395       1.308615091512E-002  8.139519206825E-003
 -0.712096434612        1.62341635180       -70.0000000000        2.97128636283       2.109860213025E-002  8.983710494883E-003
 -0.949461912816        2.16455513573       -70.0000000000        2.98354910898       1.259481164775E-002  9.008839249005E-003
  -1.18682739102        2.70569391966       -70.0000000000        3.37923956151       8.833834367769E-002  5.463781505721E-004
  -1.42419286922        3.24683270360       -70.0000000000        3.38816855725       0.234650796753       3.613723513173E-004
  -1.66155834743        3.78797148753       -70.0000000000        3.75350218668       0.506823630229       1.127207525642E-003
  -1.89892382563        4.32911027146       -70.0000000000        4.17911078501        1.25754820323       3.029963125103E-003
  -2.13628930384        4.87024905539       -70.0000000000        4.59247032052        3.04895896954       3.243763569374E-003
  -2.37365478204        5.41138783933       -70.0000000000        1.15956992791        2.97074082918       6.520114783600E-003
  -2.61102026024        5.95252662326       -70.0000000000       -2.97988787687       0.946860894662       7.400643811844E-003
   0.00000000000        0.00000000000       -70.0000000000        2.97665006332       1.077039779877E-002  7.907894143329E-003
 -0.400211837779       0.434745947216       -70.0000000000        2.97261722056      -6.541796985585E-003  6.849208153102E-003
 -0.800423675558       0.869491894432       -70.0000000000        2.97148649469      -9.135824387188E-003  6.828752913810E-003
  -1.20063551334        1.30423784165       -70.0000000000        2.97247426266       1.456523652149E-002  8.519134129492E-003
  -1.60084735112        1.73898378886       -70.0000000000        2.97394689097      -7.342318903442E-003  6.466634550022E-003
  -2.00105918889        2.17372973608       -70.0000000000        3.24075471904       0.166861704460       1.855109257861E-003
  -2.40127102667        2.60847568330       -70.0000000000        3.46729116203      -0.153554680647       2.807394698937E-003
  -2.80148286445        3.04322163051       -70.0000000000        3.67359432388      -0.770493020927       7.430792731704E-003
  -3.20169470223        3.47796757773       -70.0000000000        3.77334915888       -1.09533820508       8.291286275650E-003
  -3.60190654001        3.91271352494       -70.0000000000        3.87310399388       -1.42018338924       9.151779819596E-003
  -4.00211837779        4.34745947216       -70.0000000000        3.52097144993       -2.15685221740       3.090178443624E-002
  -4.40233021557        4.78220541938       -70.0000000000        2.94018034195       -2.26646096045      -7.691557734071E-003
   0.00000000000        0.00000000000       -70.0000000000        2.97665006332       1.077039779877E-002  7.907894143329E-003
 -0.519689034804       0.281241641340       -70.0000000000        2.96913759252      -1.064739031986E-002  5.949724607832E-003
  -1.03937806961       0.562483282680       -70.0000000000        2.96258809131      -4.044683292350E-002  3.205331751833E-003
  -1.55906710441       0.843724924020       -70.0000000000        2.96534476017      -1.034835014680E-002  4.836948422974E-003
  -2.07875613922        1.12496656536       -70.0000000000        2.95809167406      -3.250904520751E-002  2.440412555935E-003
  -2.59844517402        1.40620820670       -70.0000000000        3.16410986686      -6.142977185099E-002  9.300804214459E-003
  -3.11813420882        1.68744984804       -70.0000000000        3.04927971111      -0.241673419649       9.025210628045E-003
  -3.63782324363        1.96869148938       -70.0000000000        2.94804116886      -0.438432981611       6.656372502703E-003
  -4.15751227843        2.24993313072       -70.0000000000        2.78732652783      -0.442386939486       3.373209204226E-003
  -4.67720131323        2.53117477206       -70.0000000000        2.68413932641      -0.687384823271       1.289382992038E-003
  -5.19689034804        2.81241641340       -70.0000000000        2.39751837372      -0.844940774916      -5.969365402188E-003
  -5.71657938284        3.09365805474       -70.0000000000        2.06780685969       -1.04952390384       4.780413121508E-002
   0.00000000000        0.00000000000       -70.0000000000        2.97665006332       1.077039779877E-002  7.907894143329E-003
 -0.582849861102       9.726043971134E-002  -70.0000000000        2.96647205726      -1.243203398025E-002  5.262439115864E-003
  -1.16569972220       0.194520879423       -70.0000000000        2.95770125084      -4.788268346382E-002  1.468066006520E-003
  -1.74854958330       0.291781319134       -70.0000000000        2.95517911517      -4.794595689848E-002  1.087799922828E-003
  -2.33139944441       0.389041758845       -70.0000000000        2.95364876870      -2.595250457737E-002  3.088690534895E-003
  -2.91424930551       0.486302198557       -70.0000000000        2.99096716791      -3.459008984013E-002  1.221071772640E-002
  -3.49709916661       0.583562638268       -70.0000000000        2.91467979747      -6.355477766308E-002  1.035254649192E-002
  -4.07994902771       0.680823077979       -70.0000000000        2.76817926807      -9.099835439240E-002  9.242423473173E-003
  -4.66279888881       0.778083517691       -70.0000000000        2.64556784363      -0.144045423823       7.004765247489E-003
  -5.24564874991       0.875343957402       -70.0000000000        2.49411266184      -0.173516882956       6.463924012989E-003
  -5.82849861102       0.972604397113       -70.0000000000        2.31873386282      -0.174021957466       1.849953320571E-002
  -6.41134847212        1.06986483682       -70.0000000000        2.15301797307      -0.189439398559       2.327766696569E-002
   0.00000000000        0.00000000000       -70.0000000000        2.97665006332       1.077039779877E-002  7.907894143329E-003
 -0.582849861102      -9.726043971134E-002  -70.0000000000        2.96497302433      -1.225553597595E-002  4.809937799260E-003
  -1.16569972220      -0.194520879423       -70.0000000000        2.95471413022      -4.762495445625E-002  5.541270543522E-004
  -1.74854958330      -0.291781319134       -70.0000000000        2.95099849915      -5.630917777928E-002  9.611586160188E-004
  -2.33139944441      -0.389041758845       -70.0000000000        2.95702876679      -1.147357717034E-002  5.069664738173E-003
  -2.91424930551      -0.486302198557       -70.0000000000        2.98543661748       3.940558961199E-002  1.328465513116E-002
  -3.49709916661      -0.583562638268       -70.0000000000        2.91947182480       0.114013215580       1.083952893462E-002
  -4.07994902771      -0.680823077979       -70.0000000000        2.74519339783       9.935674112918E-002  1.549695722026E-002
  -4.66279888881      -0.778083517691       -70.0000000000        2.63136339309       0.169884967254       4.285272529464E-003
  -5.24564874991      -0.875343957402       -70.0000000000        2.50089835919       0.205147315040       4.064926740714E-003
  -5.82849861102      -0.972604397113       -70.0000000000        2.38689473729       0.197965950736       8.196340520544E-003
  -6.41134847212       -1.06986483682       -70.0000000000        2.19169973515       0.185493820466      -7.886168041924E-004
   0.00000000000        0.00000000000       -70.0000000000        2.97665006332       1.077039779877E-002  7.907894143329E-003
 -0.519689034804      -0.281241641340       -70.0000000000        2.96461915231      -8.537365083538E-003  4.791308677637E-003
  -1.03937806961      -0.562483282680       -70.0000000000        2.95423525204      -3.853999487836E-002  7.655232421709E-004
  -1.55906710441      -0.843724924020       -70.0000000000        2.95173765632      -3.936886928343E-002  2.000011120019E-003
  -2.07875613922       -1.12496656536       -70.0000000000        2.96218307880      -6.812449263941E-003  8.147633450044E-003
  -2.59844517402       -1.40620820670       -70.0000000000        3.17473992797       5.530746028434E-002  1.162065798576E-002
  -3.11813420882       -1.68744984804       -70.0000000000        2.98757629257       0.357262940521       1.085324220735E-002
  -3.63782324363       -1.96869148938       -70.0000000000        2.95268599882       0.507699958789       7.730916518475E-003
  -4.15751227843       -2.24993313072       -70.0000000000        2.91567684206       0.608809794100       1.039414755689E-003
  -4.67720131323       -2.53117477206       -70.0000000000        2.75798160859       0.706843213276      -6.217949584740E-003
  -5.19689034804       -2.81241641340       -70.0000000000        2.42091202284       0.923617839454       2.205061313772E-002
  -5.71657938284       -3.09365805474       -70.0000000000        2.12973467725        1.03249054230       5.818468747450E-002
   0.00000000000        0.00000000000       -70.0000000000        2.97665006332       1.077039779877E-002  7.907894143329E-003
 -0.400211837779      -0.434745947216       -70.0000000000        2.96563257362      -3.280100333405E-003  5.058518024703E-003
 -0.800423675558      -0.869491894432       -70.0000000000        2.95549290987      -2.497116573419E-002  1.492434699978E-003
  -1.20063551334       -1.30423784165       -70.0000000000        2.95430680092      -2.076290158533E-002  3.031144271672E-003
  -1.60084735112       -1.73898378886       -70.0000000000        2.97378409103      -2.435666898874E-003  1.031404402483E-002
  -2.00105918889       -2.17372973608       -70.0000000000        3.17283602550      -8.639181262586E-002 -6.062225252961E-003
  -2.40127102667       -2.60847568330       -70.0000000000        3.38788929831       0.172891920054       9.914887901354E-003
  -2.80148286445       -3.04322163051       -70.0000000000        3.57127739365       0.542424398003       5.818466401200E-003
  -3.20169470223       -3.47796757773       -70.0000000000        3.73896592005       0.901159249871       3.488598518856E-003
  -3.60190654001       -3.91271352494       -70.0000000000        3.86073119391        1.50267814384      -6.423182120853E-003
  -4.00211837779       -4.34745947216       -70.0000000000        3.51283923551        2.22144281577       2.660447027535E-002
  -4.40233021557       -4.78220541938       -70.0000000000        2.89446028211        2.28268871558       3.164378674271E-002
   0.00000000000        0.00000000000       -70.0000000000        2.97665006332       1.077039779877E-002  7.907894143329E-003
 -0.237365478204      -0.541138783933       -70.0000000000        2.96783991089       3.499753905291E-003  5.634501486848E-003
 -0.474730956408       -1.08227756787       -70.0000000000        2.95917441729      -5.029995537484E-003  3.243001105024E-003
 -0.712096434612       -1.62341635180       -70.0000000000        2.95367654179      -9.023355338914E-003  2.105906669244E-003
 -0.949461912816       -2.16455513573       -70.0000000000        2.98185888013       4.102694664653E-003  9.398959508783E-003
  -1.18682739102       -2.70569391966       -70.0000000000        3.35325830691      -8.842829922496E-002 -1.278854001035E-003
  -1.42419286922       -3.24683270360       -70.0000000000        3.46664158401      -0.282254811194       5.480886751013E-003
  -1.66155834743       -3.78797148753       -70.0000000000        3.62690503681      -0.516991851419       7.514687599285E-003
  -1.89892382563       -4.32911027146       -70.0000000000        4.10451824420       -1.21538389435       4.010953345175E-003
  -2.13628930384       -4.87024905539       -70.0000000000        4.58197950063       -3.39231308169       4.844043204531E-003
  -2.37365478204       -5.41138783933       -70.0000000000      -0.163129122488       -3.47486517191       6.635056783927E-003
  -2.61102026024       -5.95252662326       -70.0000000000       -2.96935328682       -1.04121113508       9.039866619709E-003
   0.00000000000        0.00000000000       -70.0000000000        2.97665006332       1.077039779877E-002  7.907894143329E-003
 -4.879688596092E-002 -0.588890836777       -70.0000000000        2.97100196488       1.106749522551E-002  6.456842318644E-003
 -9.759377192185E-002  -1.17778167355       -70.0000000000        2.96502959573       1.058002457858E-002  4.921839734007E-003
 -0.146390657883       -1.76667251033       -70.0000000000        2.95812599727       7.140462170481E-003  3.037628686794E-003
 -0.195187543844       -2.35556334711       -70.0000000000        2.97434897773       3.704726769484E-002  7.277031657169E-003
 -0.243984429805       -2.94445418388       -70.0000000000        3.37066029075      -5.778121004476E-002 -1.112634476475E-002
 -0.292781315766       -3.53334502066       -70.0000000000        3.25092165593      -0.319834007159      -3.129129779673E-003
 -0.341578201726       -4.12223585744       -70.0000000000        2.93784413416      -0.543497473756      -7.168585423140E-004
 -0.390375087687       -4.71112669421       -70.0000000000        2.51283311189      -0.449876515871       6.854173087960E-004
 -0.439171973648       -5.30001753099       -70.0000000000        1.85995791597      -0.523352539276       7.060217723346E-003
 -0.487968859609       -5.88890836777       -70.0000000000        1.35383028647      -0.558746062458       5.445185155429E-003
 -0.536765745570       -6.47779920454       -70.0000000000       0.884471731975      -0.586833083103       3.192799236327E-003
   0.00000000000        0.00000000000       -70.0000000000        2.97665006332       1.077039779877E-002  7.907894143329E-003
  0.145059606038      -0.572827429873       -70.0000000000        2.97300293818       1.431295661544E-002  6.977377250606E-003
  0.290119212075       -1.14565485975       -70.0000000000        2.96275648852       3.319141331200E-002  6.185302050721E-003
  0.435178818113       -1.71848228962       -70.0000000000        2.95122580635       7.056784629755E-003  1.339049148406E-003
  0.580238424151       -2.29130971949       -70.0000000000        2.95772481546      -4.735964146573E-003 -2.528254289624E-003
  0.725298030189       -2.86413714937       -70.0000000000        3.41738296439       0.200981715479       1.241472755455E-003
  0.870357636226       -3.43696457924       -70.0000000000        3.25553436369       0.344503356198      -1.143463992344E-002
   1.01541724226       -4.00979200911       -70.0000000000        3.03117485500       0.789006220381      -1.107619559217E-002
   1.16047684830       -4.58261943899       -70.0000000000        2.75205473516        1.19272440533      -7.919926352407E-003
   1.30553645434       -5.15544686886       -70.0000000000        2.19726526067        1.58459237900      -3.332260014389E-003
   1.45059606038       -5.72827429873       -70.0000000000        1.07035689497        1.69414599926      -6.430763953435E-003
   1.59565566642       -6.30110172861       -70.0000000000       6.196480277996E-002   1.24484314214      -1.935408502239E-002
   0.00000000000        0.00000000000       -70.0000000000        2.97665006332       1.077039779877E-002  7.907894143329E-003
  0.323196638891      -0.494689282610       -70.0000000000        2.97524928217       1.681196235313E-002  7.559952818521E-003
  0.646393277781      -0.989378565219       -70.0000000000        2.95636915820       4.754489456789E-002  6.292911254761E-003
  0.969589916672       -1.48406784783       -70.0000000000        2.94623551991       1.615929412737E-002  9.874308117883E-004
   1.29278655556       -1.97875713044       -70.0000000000        2.94396770760       6.995261738267E-003 -2.670038003417E-003
   1.61598319445       -2.47344641305       -70.0000000000        3.38022218549       1.474967697021E-002 -1.334758409247E-002
   1.93917983334       -2.96813569566       -70.0000000000        3.53574634662       5.284662179509E-002 -1.234737605030E-002
   2.26237647223       -3.46282497827       -70.0000000000        3.97528260661       0.118954722604      -8.077766702906E-003
   2.58557311112       -3.95751426088       -70.0000000000        4.73502194247      -0.103801292002      -4.482026642215E-003
   2.90876975001       -4.45220354349       -70.0000000000        5.80591045854      -0.952627028299      -3.418290600985E-003
   3.23196638891       -4.94689282610       -70.0000000000        5.76433733500       -4.98591820812      -9.999623076038E-003
   3.55516302780       -5.44158210871       -70.0000000000        1.66871344178       -4.05891366490      -2.108157360382E-002
   0.00000000000        0.00000000000       -70.0000000000        2.97665006332       1.077039779877E-002  7.907894143329E-003
  0.466310301007      -0.362943875680       -70.0000000000        2.97773374961       1.886513789082E-002  8.202582529760E-003
  0.932620602014      -0.725887751361       -70.0000000000        2.95498994989       6.006613128621E-002  7.180000944902E-003
   1.39893090302       -1.08883162704       -70.0000000000        2.94284587359       3.308527664110E-002  2.167399228149E-003
   1.86524120403       -1.45177550272       -70.0000000000        2.93950863736       1.231468728639E-002 -1.992905801182E-003
   2.33155150503       -1.81471937840       -70.0000000000        3.27535901544      -7.168213463984E-002 -1.045400354885E-002
   2.79786180604       -2.17766325408       -70.0000000000        3.44787949648      -0.403098296556      -7.401532149945E-003
   3.26417210705       -2.54060712976       -70.0000000000        3.42688697478      -0.723911916333      -7.467981867742E-003
   3.73048240806       -2.90355100544       -70.0000000000        3.28026675056      -0.883589469592      -1.484055866404E-002
   4.19679270906       -3.26649488112       -70.0000000000        3.10176875313       -1.11725099190      -2.388971668522E-002
   4.66310301007       -3.62943875680       -70.0000000000        2.92647250508       -1.53311932191      -3.834630513362E-002
   5.12941331108       -3.99238263248       -70.0000000000        2.60464271318       -1.56103236368      -5.153772560547E-002
   0.00000000000        0.00000000000       -70.0000000000        2.97665006332       1.077039779877E-002  7.907894143329E-003
  0.558892006459      -0.191867868166       -70.0000000000        2.98018710991       2.024998980072E-002  8.835627483684E-003
   1.11778401292      -0.383735736333       -70.0000000000        2.95717272016       7.974165007359E-002  9.259558862722E-003
   1.67667601938      -0.575603604499       -70.0000000000        2.94182908656       5.656945254731E-002  4.797272842347E-003
   2.23556802584      -0.767471472666       -70.0000000000        2.95530132775      -1.488275987982E-002  2.563624941349E-004
   2.79446003230      -0.959339340832       -70.0000000000        3.05038734857      -0.106756476369      -9.782399789373E-003
   3.35335203876       -1.15120720900       -70.0000000000        2.91869223622      -0.242057368565      -8.114200392707E-003
   3.91224404522       -1.34307507716       -70.0000000000        2.76942981242      -0.282982447125      -1.618384076059E-002
   4.47113605168       -1.53494294533       -70.0000000000        2.62875580423      -0.338294776429      -1.892487217052E-002
   5.03002805814       -1.72681081350       -70.0000000000        2.49751033612      -0.408828434404      -2.282212899122E-002
   5.58892006459       -1.91867868166       -70.0000000000        2.35122214079      -0.461254676811      -2.891258484278E-002
   6.14781207105       -2.11054654983       -70.0000000000        2.05379692964      -0.370983515957      -3.855212795800E-002
   0.00000000000        0.00000000000       -70.0000000000        2.97665006332       1.077039779877E-002  7.907894143329E-003
  0.590909090909        0.00000000000       -70.0000000000        2.98234350341       2.081644789019E-002  9.390487436832E-003
   1.18181818182      -1.172487511250E-015  -70.0000000000        2.96337625422       9.993191753300E-002  1.208437228645E-002
   1.77272727273        0.00000000000       -70.0000000000        2.95538406305       7.874141425776E-002  9.125095339101E-003
   2.36363636364        0.00000000000       -70.0000000000        2.96355772472       2.561406771540E-003  4.681477902246E-003
   2.95454545455        0.00000000000       -70.0000000000        3.01171284067      -4.124015199594E-002 -5.516226895103E-003
   3.54545454545        0.00000000000       -70.0000000000        2.86800773894      -4.762125226887E-002 -7.471270031728E-003
   4.13636363636        0.00000000000       -70.0000000000        2.73716999076      -4.368366894906E-002 -8.853456631461E-003
   4.72727272727        0.00000000000       -70.0000000000        2.60633224257      -3.974608562925E-002 -1.023564323119E-002
   5.31818181818        0.00000000000       -70.0000000000        2.47825339345      -2.199776281818E-002 -1.152477761674E-002
   5.90909090909        0.00000000000       -70.0000000000        2.35279095078      -3.704017297373E-002 -2.017192953050E-002
   6.50000000000        0.00000000000       -70.0000000000        2.21151096592       3.394011777253E-002 -1.079365925774E-002
