 12 20 1 1
 1 X [LENGU]
 2 Y [LENGU]
 3 Z [LENGU]
 4 Hx [FIELU]
 5 Hy [FIELU]
 6 Hz [FIELU]
 0
   0.00000000000        0.00000000000        36.7200000000       0.246692933708      -3.273798092824E-003 -2.671547142126E-004
  0.590909090909        0.00000000000        36.7200000000       0.247995478547      -3.819607970281E-003 -1.764348866917E-004
   1.18181818182        0.00000000000        36.7200000000       0.249298023387      -4.365417847739E-003 -8.571505917088E-005
   1.77272727273        0.00000000000        36.7200000000       0.247213113047      -2.985826583123E-003  2.368250808068E-004
   2.36363636364        0.00000000000        36.7200000000       0.241989068926       2.892726997866E-004  7.601573767047E-004
   2.95454545455        0.00000000000        36.7200000000       0.255937789088      -1.700205738358E-003  1.458270925158E-003
   3.54545454545        0.00000000000        36.7200000000       0.252467705369      -1.150892050089E-003  9.505194049636E-004
   4.13636363636        0.00000000000        36.7200000000       0.243668991187      -1.539803418898E-003  5.107606196440E-004
   4.72727272727        0.00000000000        36.7200000000       0.228596313713      -1.046575353796E-003  1.681112836285E-004
   5.31818181818        0.00000000000        36.7200000000       0.226315425404       4.352855217004E-004  2.592462840929E-005
   5.90909090909        0.00000000000        36.7200000000       0.215723417958      -1.209141135871E-003  8.643005153873E-004
   6.50000000000        0.00000000000        36.7200000000       0.204591592158      -1.129548927080E-003  4.324620269395E-005
   0.00000000000        0.00000000000        36.7200000000       0.246692933708      -3.273798092824E-003 -2.671547142126E-004
  0.558892006459       0.191867868166        36.7200000000       0.247911551179      -3.794317034821E-003 -1.461303148493E-004
   1.11778401292       0.383735736333        36.7200000000       0.249130168650      -4.314835976819E-003 -2.510591548603E-005
   1.67667601938       0.575603604499        36.7200000000       0.246279775721      -1.983697116606E-003  3.064028896184E-004
   2.23556802584       0.767471472666        36.7200000000       0.246290276964      -3.242460630243E-004  3.004009891583E-004
   2.79446003230       0.959339340832        36.7200000000       0.259642519401       5.380920400306E-003  1.401709715839E-003
   3.35335203876        1.15120720900        36.7200000000       0.257074732204       1.090756193797E-002  7.004873817348E-004
   3.91224404522        1.34307507716        36.7200000000       0.247648100588       1.790249353337E-002  5.168648927567E-004
   4.47113605168        1.53494294533        36.7200000000       0.238672930739       2.395679505682E-002  7.087452274598E-005
   5.03002805814        1.72681081350        36.7200000000       0.223482080810       2.290603208535E-002  1.035483535731E-003
   5.58892006459        1.91867868166        36.7200000000       0.206514592598       2.367728352031E-002 -6.496451693840E-004
   6.14781207105        2.11054654983        36.7200000000       0.179882599017       3.656417631491E-002  1.479200645127E-004
   0.00000000000        0.00000000000        36.7200000000       0.246692933708      -3.273798092824E-003 -2.671547142126E-004
  0.466310301007       0.362943875680        36.7200000000       0.247695567699      -3.712619795312E-003 -1.289406145649E-004
  0.932620602014       0.725887751361        36.7200000000       0.248698201691      -4.151441497801E-003  9.273485082705E-006
   1.39893090302        1.08883162704        36.7200000000       0.246699774232      -1.540361016540E-003  6.063877839050E-005
   1.86524120403        1.45177550272        36.7200000000       0.249162223046       4.166971874521E-004 -1.194241289288E-004
   2.33155150503        1.81471937840        36.7200000000       0.275523971433       6.322010987251E-003  1.485568575278E-003
   2.79786180604        2.17766325408        36.7200000000       0.279274000459       1.895414605051E-002  1.288905626868E-003
   3.26417210705        2.54060712976        36.7200000000       0.273527924544       4.273279683414E-002  9.324168031851E-005
   3.73048240806        2.90355100544        36.7200000000       0.297171572338       5.522645789550E-002  5.825155477441E-004
   4.19679270906        3.26649488112        36.7200000000       0.271183889528       6.981558005218E-002 -1.868589057528E-004
   4.66310301007        3.62943875680        36.7200000000       0.249448380923       0.112157329294      -4.764573953470E-005
   5.12941331108        3.99238263248        36.7200000000       0.219596652493       0.116258521715      -1.075948002194E-004
   0.00000000000        0.00000000000        36.7200000000       0.246692933708      -3.273798092824E-003 -2.671547142126E-004
  0.323196638891       0.494689282610        36.7200000000       0.247304422037      -3.493193944429E-003 -1.447473519289E-004
  0.646393277781       0.989378565219        36.7200000000       0.247638406297      -3.336351689831E-003 -9.751960742192E-005
  0.969589916672        1.48406784783        36.7200000000       0.248775909047      -2.613028882225E-003 -2.902111323000E-004
   1.29278655556        1.97875713044        36.7200000000       0.250321633587      -1.629760722709E-003 -6.116446172235E-004
   1.61598319445        2.47344641305        36.7200000000       0.282054936413       1.361319457662E-003  6.682073783584E-004
   1.93917983334        2.96813569566        36.7200000000       0.300127038131       4.069777963182E-003  6.332070294715E-004
   2.26237647223        3.46282497827        36.7200000000       0.306001270805       1.729346741772E-003  2.540409641547E-004
   2.58557311112        3.95751426088        36.7200000000       0.364631149359       2.636006803535E-002  5.830336790376E-004
   2.90876975001        4.45220354349        36.7200000000       0.473318625279       7.310108949413E-002  2.542963314215E-004
   3.23196638891        4.94689282610        36.7200000000       0.465867559819       0.351991739124       2.094729223106E-004
   3.55516302780        5.44158210871        36.7200000000       0.143344172461       0.296825708173       2.280351894606E-003
   0.00000000000        0.00000000000        36.7200000000       0.246692933708      -3.273798092824E-003 -2.671547142126E-004
  0.145059606038       0.572827429873        36.7200000000       0.246675067888      -3.016872335203E-003 -2.204008534391E-004
  0.290119212075        1.14565485975        36.7200000000       0.246504988825      -3.693501204447E-003 -3.682624376027E-004
  0.435178818113        1.71848228962        36.7200000000       0.246504429681      -3.370229463918E-003 -5.178153986846E-004
  0.580238424151        2.29130971949        36.7200000000       0.246689942931      -2.934336516304E-003 -8.638722094489E-004
  0.725298030189        2.86413714937        36.7200000000       0.291513876112       2.373140026354E-002 -2.592087035520E-003
  0.870357636226        3.43696457924        36.7200000000       0.269573990566      -1.197224684253E-002 -5.585623012702E-004
   1.01541724226        4.00979200911        36.7200000000       0.257010298851      -3.482803564845E-002 -6.524624522356E-005
   1.16047684830        4.58261943899        36.7200000000       0.239807350480      -6.971615355551E-002 -1.030827866073E-003
   1.30553645434        5.15544686886        36.7200000000       0.195360552386      -0.117399519984      -2.911572100169E-003
   1.45059606038        5.72827429873        36.7200000000       0.105104559802      -0.126926343192      -7.450336568123E-003
   1.59565566642        6.30110172861        36.7200000000       3.932712698624E-002 -9.482784516968E-002 -1.787937398326E-002
   0.00000000000        0.00000000000        36.7200000000       0.246692933708      -3.273798092824E-003 -2.671547142126E-004
 -4.879688596092E-002  0.588890836777        36.7200000000       0.246077721650      -2.609163855171E-003 -2.929739831069E-004
 -9.759377192185E-002   1.17778167355        36.7200000000       0.245472174833      -4.128068203628E-003 -6.270483044478E-004
 -0.146390657883        1.76667251033        36.7200000000       0.245477435550      -4.155315551459E-003 -8.368114545106E-004
 -0.195187543844        2.35556334711        36.7200000000       0.246198455178      -3.736950306721E-003 -8.028232001651E-004
 -0.243984429805        2.94445418388        36.7200000000       0.270142783758       9.297127751843E-003 -1.480198384731E-003
 -0.292781315766        3.53334502066        36.7200000000       0.242617965357       4.351587316584E-003 -1.254092278059E-003
 -0.341578201726        4.12223585744        36.7200000000       0.234809866543       2.323259200935E-002 -9.579988101852E-004
 -0.390375087687        4.71112669421        36.7200000000       0.224964114247       3.575399259661E-002 -3.757417364534E-004
 -0.439171973648        5.30001753099        36.7200000000       0.168463855989       4.176566607131E-002 -2.171603695516E-004
 -0.487968859609        5.88890836777        36.7200000000       0.120829248619       4.186117725891E-002  2.508591408139E-003
 -0.536765745570        6.47779920454        36.7200000000       7.803884953348E-002  4.166855007096E-002  5.481092594383E-003
   0.00000000000        0.00000000000        36.7200000000       0.246692933708      -3.273798092824E-003 -2.671547142126E-004
 -0.237365478204       0.541138783933        36.7200000000       0.245577115056      -2.314250044396E-003 -3.546023162447E-004
 -0.474730956408        1.08227756787        36.7200000000       0.244497244882      -4.255302915632E-003 -8.160340488937E-004
 -0.712096434612        1.62341635180        36.7200000000       0.244509256237      -4.728768280990E-003 -1.032041160089E-003
 -0.949461912816        2.16455513573        36.7200000000       0.246756799639      -4.764923320404E-003 -7.789952658641E-004
  -1.18682739102        2.70569391966        36.7200000000       0.272618787955       9.293297424917E-003 -1.762418011776E-003
  -1.42419286922        3.24683270360        36.7200000000       0.274907217704       1.868314896087E-002 -1.363896616607E-003
  -1.66155834743        3.78797148753        36.7200000000       0.302390578671       4.234999968126E-002 -1.829181837989E-003
  -1.89892382563        4.32911027146        36.7200000000       0.324586175189       8.903312830722E-002 -1.344997679859E-003
  -2.13628930384        4.87024905539        36.7200000000       0.373589969797       0.241928870777       4.035572777569E-004
  -2.37365478204        5.41138783933        36.7200000000       0.227796110940       0.254126645827       1.870393521774E-003
  -2.61102026024        5.95252662326        36.7200000000      -0.201976677042       7.036560025851E-002  2.949396676912E-003
   0.00000000000        0.00000000000        36.7200000000       0.246692933708      -3.273798092824E-003 -2.671547142126E-004
 -0.400211837779       0.434745947216        36.7200000000       0.245227496599      -2.164089390332E-003 -3.986074666950E-004
 -0.800423675558       0.869491894432        36.7200000000       0.243777749320      -3.743197316467E-003 -8.847324149047E-004
  -1.20063551334        1.30423784165        36.7200000000       0.244334152842      -5.031884596171E-003 -9.668671056692E-004
  -1.60084735112        1.73898378886        36.7200000000       0.247953418194      -5.276154123476E-003 -5.623059842584E-004
  -2.00105918889        2.17372973608        36.7200000000       0.247586579655       1.678820716523E-002 -3.914622185725E-003
  -2.40127102667        2.60847568330        36.7200000000       0.271175969014      -1.571947518287E-002 -1.907474573731E-003
  -2.80148286445        3.04322163051        36.7200000000       0.293166006468      -3.329930449723E-002 -1.649613456031E-003
  -3.20169470223        3.47796757773        36.7200000000       0.306531376053      -4.400825832114E-002 -1.428586312004E-003
  -3.60190654001        3.91271352494        36.7200000000       0.308152458974      -0.108676709288      -7.760297658063E-004
  -4.00211837779        4.34745947216        36.7200000000       0.276447252007      -0.160459937923       5.535667767789E-004
  -4.40233021557        4.78220541938        36.7200000000       0.237295923785      -0.181335553855       5.890865272138E-004
   0.00000000000        0.00000000000        36.7200000000       0.246692933708      -3.273798092824E-003 -2.671547142126E-004
 -0.519689034804       0.281241641340        36.7200000000       0.245066752863      -2.174954129830E-003 -4.202207935960E-004
  -1.03937806961       0.562483282680        36.7200000000       0.244326946763      -2.311796373536E-003 -6.080498517072E-004
  -1.55906710441       0.843724924020        36.7200000000       0.246331139647      -3.094017723103E-003 -4.069787564268E-004
  -2.07875613922        1.12496656536        36.7200000000       0.247668409675      -5.179935854523E-003 -4.560128247082E-004
  -2.59844517402        1.40620820670        36.7200000000       0.256926554675      -9.468722641686E-003 -1.320465058391E-003
  -3.11813420882        1.68744984804        36.7200000000       0.257998364011      -2.206143288552E-002 -1.429572903627E-003
  -3.63782324363        1.96869148938        36.7200000000       0.256051864548      -3.550818056777E-002 -1.357331970930E-003
  -4.15751227843        2.24993313072        36.7200000000       0.239501617235      -4.548208080865E-002 -1.631447511760E-003
  -4.67720131323        2.53117477206        36.7200000000       0.228622913492      -5.727667964589E-002 -1.540229534520E-003
  -5.19689034804        2.81241641340        36.7200000000       0.209251120184      -6.941189791873E-002 -8.634169528703E-004
  -5.71657938284        3.09365805474        36.7200000000       0.183915865072      -8.102387647771E-002 -2.908964331880E-003
   0.00000000000        0.00000000000        36.7200000000       0.246692933708      -3.273798092824E-003 -2.671547142126E-004
 -0.582849861102       9.726043971134E-002   36.7200000000       0.245112302925      -2.345666899783E-003 -4.171001576129E-004
  -1.16569972220       0.194520879423        36.7200000000       0.244745881399      -1.687268875864E-003 -4.516914662551E-004
  -1.74854958330       0.291781319134        36.7200000000       0.247321144695      -2.033629169077E-003 -1.123368576695E-004
  -2.33139944441       0.389041758845        36.7200000000       0.247792780818      -3.252416269154E-003 -1.208368610060E-004
  -2.91424930551       0.486302198557        36.7200000000       0.246910991623      -8.307260207103E-003 -1.060573730183E-003
  -3.49709916661       0.583562638268        36.7200000000       0.240444793472      -1.009457867410E-002 -1.133164024331E-003
  -4.07994902771       0.680823077979        36.7200000000       0.232084021274      -1.243316391528E-002 -1.090436085219E-003
  -4.66279888881       0.778083517691        36.7200000000       0.224138675747      -1.615899208865E-002 -1.044492364860E-003
  -5.24564874991       0.875343957402        36.7200000000       0.214449451758      -1.772758697865E-002 -1.361411423708E-003
  -5.82849861102       0.972604397113        36.7200000000       0.203272397234      -1.600303383606E-002 -9.917439130981E-004
  -6.41134847212        1.06986483682        36.7200000000       0.189097368062      -1.563888581785E-002 -8.002221998904E-004
   0.00000000000        0.00000000000        36.7200000000       0.246692933708      -3.273798092824E-003 -2.671547142126E-004
 -0.582849861102      -9.726043971134E-002   36.7200000000       0.245359210731      -2.657728322683E-003 -3.895837280760E-004
  -1.16569972220      -0.194520879423        36.7200000000       0.244640518597      -1.748017499350E-003 -4.708357610641E-004
  -1.74854958330      -0.291781319134        36.7200000000       0.246725529319      -2.153184837591E-003 -1.969030826446E-004
  -2.33139944441      -0.389041758845        36.7200000000       0.246318669619      -2.839075646880E-003 -2.314097452832E-004
  -2.91424930551      -0.486302198557        36.7200000000       0.248216120030       3.488926224728E-004 -8.600463538566E-004
  -3.49709916661      -0.583562638268        36.7200000000       0.242893975719       1.109504249922E-002 -1.425204153611E-003
  -4.07994902771      -0.680823077979        36.7200000000       0.233572537119       1.343810221593E-002 -1.165723401247E-003
  -4.66279888881      -0.778083517691        36.7200000000       0.223683435841       8.670215615824E-003 -1.343509674283E-003
  -5.24564874991      -0.875343957402        36.7200000000       0.216699088527       7.614513923988E-003 -1.511377627844E-003
  -5.82849861102      -0.972604397113        36.7200000000       0.203919753833       8.839874226023E-003 -1.024874787785E-003
  -6.41134847212       -1.06986483682        36.7200000000       0.188435841196       1.020815836438E-002 -4.445065896251E-004
   0.00000000000        0.00000000000        36.7200000000       0.246692933708      -3.273798092824E-003 -2.671547142126E-004
 -0.519689034804      -0.281241641340        36.7200000000       0.244942205333      -3.083227158473E-003 -3.824648345487E-004
  -1.03937806961      -0.562483282680        36.7200000000       0.245571845996      -2.568991684098E-003 -3.612580239169E-004
  -1.55906710441      -0.843724924020        36.7200000000       0.245523043463      -2.136411170258E-003 -3.614669217814E-004
  -2.07875613922       -1.12496656536        36.7200000000       0.246350421404      -2.506253287025E-003 -2.332732220393E-004
  -2.59844517402       -1.40620820670        36.7200000000       0.259798409121       1.912553190839E-003 -7.212748113501E-004
  -3.11813420882       -1.68744984804        36.7200000000       0.262720309286       2.160111832393E-002 -6.906156346828E-004
  -3.63782324363       -1.96869148938        36.7200000000       0.248997694600       3.746784827351E-002 -1.256390329720E-003
  -4.15751227843       -2.24993313072        36.7200000000       0.236536790614       4.304781994255E-002 -1.106549314466E-003
  -4.67720131323       -2.53117477206        36.7200000000       0.227784953656       5.138446396716E-002 -1.685286681542E-003
  -5.19689034804       -2.81241641340        36.7200000000       0.205513035503       6.424547321442E-002 -1.888470055494E-003
  -5.71657938284       -3.09365805474        36.7200000000       0.172953854541       8.102407398974E-002  4.379033645071E-003
   0.00000000000        0.00000000000        36.7200000000       0.246692933708      -3.273798092824E-003 -2.671547142126E-004
 -0.400211837779      -0.434745947216        36.7200000000       0.244376506976      -3.587664141048E-003 -3.706573188818E-004
 -0.800423675558      -0.869491894432        36.7200000000       0.250003934559      -5.873035318024E-003 -2.903789691284E-005
  -1.20063551334       -1.30423784165        36.7200000000       0.248503440862      -4.626012885995E-003 -1.677037978767E-004
  -1.60084735112       -1.73898378886        36.7200000000       0.246836077026      -1.913550391515E-003 -1.207628777520E-004
  -2.00105918889       -2.17372973608        36.7200000000       0.254602578264      -2.311766468179E-002 -1.500080967419E-003
  -2.40127102667       -2.60847568330        36.7200000000       0.278585997439       1.109329724546E-002 -5.362147538330E-004
  -2.80148286445       -3.04322163051        36.7200000000       0.295852536394       1.997329383576E-002 -5.573414078120E-004
  -3.20169470223       -3.47796757773        36.7200000000       0.311618883752       4.398280282894E-002 -6.167014173356E-004
  -3.60190654001       -3.91271352494        36.7200000000       0.313071928670       0.108997772420       4.568891468260E-004
  -4.00211837779       -4.34745947216        36.7200000000       0.279732311102       0.159524666901       2.299232654414E-003
  -4.40233021557       -4.78220541938        36.7200000000       0.240990534028       0.161501259730       4.908953217039E-004
   0.00000000000        0.00000000000        36.7200000000       0.246692933708      -3.273798092824E-003 -2.671547142126E-004
 -0.237365478204      -0.541138783933        36.7200000000       0.244304398548      -3.943265442735E-003 -3.538853625795E-004
 -0.474730956408       -1.08227756787        36.7200000000       0.244056339288      -4.227383046029E-003 -1.589930929787E-004
 -0.712096434612       -1.62341635180        36.7200000000       0.251805602642      -5.629889830124E-003  2.481651984344E-004
 -0.949461912816       -2.16455513573        36.7200000000       0.248412225797      -2.614059264618E-003  8.855258202596E-006
  -1.18682739102       -2.70569391966        36.7200000000       0.269691324156      -1.255822754313E-002 -3.131030920084E-004
  -1.42419286922       -3.24683270360        36.7200000000       0.265149863083      -1.913829308470E-002 -3.000429152214E-004
  -1.66155834743       -3.78797148753        36.7200000000       0.274256172685      -3.949418066245E-002 -3.084722976011E-004
  -1.89892382563       -4.32911027146        36.7200000000       0.321228617723      -9.127337264149E-002 -5.985969801205E-004
  -2.13628930384       -4.87024905539        36.7200000000       0.367945710138      -0.228337049124       3.235609882703E-004
  -2.37365478204       -5.41138783933        36.7200000000       3.007122790731E-003 -0.594617459911       6.359243624056E-004
  -2.61102026024       -5.95252662326        36.7200000000      -0.195672908622      -8.053219379381E-002  5.867409286206E-004
   0.00000000000        0.00000000000        36.7200000000       0.246692933708      -3.273798092824E-003 -2.671547142126E-004
 -4.879688596092E-002 -0.588890836777        36.7200000000       0.244733694116      -4.111496144772E-003 -3.339664673509E-004
 -9.759377192185E-002  -1.17778167355        36.7200000000       0.243600257440      -3.401377483722E-003 -1.365831801214E-004
 -0.146390657883       -1.76667251033        36.7200000000       0.248484686744      -5.910880135871E-003 -3.442118476364E-005
 -0.195187543844       -2.35556334711        36.7200000000       0.250530422191      -8.130223860983E-003 -5.426384175281E-004
 -0.243984429805       -2.94445418388        36.7200000000       0.271614554056      -9.415917488555E-003 -6.490865676285E-004
 -0.292781315766       -3.53334502066        36.7200000000       0.273592212990      -1.183107607402E-002 -2.058652739496E-004
 -0.341578201726       -4.12223585744        36.7200000000       0.234943244728      -1.459178425012E-002 -2.451998375940E-004
 -0.390375087687       -4.71112669421        36.7200000000       0.204932309896      -2.561113604777E-002 -1.455626796687E-004
 -0.439171973648       -5.30001753099        36.7200000000       0.164817929786      -4.331326548896E-002 -5.316956706389E-004
 -0.487968859609       -5.88890836777        36.7200000000       0.116946570243      -4.348220558104E-002  2.929243119378E-004
 -0.536765745570       -6.47779920454        36.7200000000       7.211140503167E-002 -4.006613692005E-002  1.353925762459E-003
   0.00000000000        0.00000000000        36.7200000000       0.246692933708      -3.273798092824E-003 -2.671547142126E-004
  0.145059606038      -0.572827429873        36.7200000000       0.245617872845      -4.074125840226E-003 -3.130591545676E-004
  0.290119212075       -1.14565485975        36.7200000000       0.245275207223      -3.406119005640E-003 -1.010634638239E-004
  0.435178818113       -1.71848228962        36.7200000000       0.243578197247      -7.627677933299E-003 -8.351230488898E-004
  0.580238424151       -2.29130971949        36.7200000000       0.253170177983      -1.203765410434E-002 -6.737739403317E-004
  0.725298030189       -2.86413714937        36.7200000000       0.281486725157      -2.289920660020E-002 -2.100405277639E-003
  0.870357636226       -3.43696457924        36.7200000000       0.279079782205       1.147072429607E-002 -1.480774090741E-004
   1.01541724226       -4.00979200911        36.7200000000       0.263967134688       1.268818437625E-002  3.015734353485E-004
   1.16047684830       -4.58261943899        36.7200000000       0.242680324242       5.965484379737E-002 -4.972599561820E-004
   1.30553645434       -5.15544686886        36.7200000000       0.189376064663       0.111569538753      -3.066445729632E-003
   1.45059606038       -5.72827429873        36.7200000000       0.105137386578       0.124984343992      -6.881922090708E-003
   1.59565566642       -6.30110172861        36.7200000000       4.251196805577E-002  9.794626348659E-002 -1.770828360855E-002
   0.00000000000        0.00000000000        36.7200000000       0.246692933708      -3.273798092824E-003 -2.671547142126E-004
  0.323196638891      -0.494689282610        36.7200000000       0.246861120250      -3.835204181454E-003 -2.934290559801E-004
  0.646393277781      -0.989378565219        36.7200000000       0.246920009841      -3.644485457857E-003 -1.185264000246E-004
  0.969589916672       -1.48406784783        36.7200000000       0.246154786264      -7.669512703011E-003 -8.030225897101E-004
   1.29278655556       -1.97875713044        36.7200000000       0.245741080245      -1.068031944079E-002 -1.200972818276E-003
   1.61598319445       -2.47344641305        36.7200000000       0.280127175776      -5.481580221640E-003  1.079539785656E-004
   1.93917983334       -2.96813569566        36.7200000000       0.278190091112       5.203025820330E-003  4.518353662558E-004
   2.26237647223       -3.46282497827        36.7200000000       0.314725868511      -4.415387444210E-003  3.441986918272E-004
   2.58557311112       -3.95751426088        36.7200000000       0.368363941728      -1.790388402188E-002 -9.152437123851E-005
   2.90876975001       -4.45220354349        36.7200000000       0.457748393842      -8.343958466465E-002 -5.727163081334E-004
   3.23196638891       -4.94689282610        36.7200000000       0.454537951332      -0.367021402814      -9.641139236141E-004
   3.55516302780       -5.44158210871        36.7200000000       0.152757814694      -0.319905016347      -9.109073007811E-004
   0.00000000000        0.00000000000        36.7200000000       0.246692933708      -3.273798092824E-003 -2.671547142126E-004
  0.466310301007      -0.362943875680        36.7200000000       0.247746081513      -3.696417759796E-003 -2.621874320559E-004
  0.932620602014      -0.725887751361        36.7200000000       0.248356425406      -4.090646136640E-003 -1.870796086209E-004
   1.39893090302       -1.08883162704        36.7200000000       0.249110098158      -6.027750361544E-003 -4.791394990376E-004
   1.86524120403       -1.45177550272        36.7200000000       0.243989470355      -6.691094332219E-003 -7.085322669718E-004
   2.33155150503       -1.81471937840        36.7200000000       0.275536338296      -9.757579829041E-003  1.102031947280E-003
   2.79786180604       -2.17766325408        36.7200000000       0.270092377112      -1.124023040138E-002  4.347123766545E-004
   3.26417210705       -2.54060712976        36.7200000000       0.282586690222      -3.402589593410E-002  2.372092683833E-004
   3.73048240806       -2.90355100544        36.7200000000       0.276871639158      -6.045507523530E-002  7.792017958156E-004
   4.19679270906       -3.26649488112        36.7200000000       0.264355688348      -8.825247935221E-002  1.280698105825E-003
   4.66310301007       -3.62943875680        36.7200000000       0.250219526238      -0.116084978496      -1.611534918261E-003
   5.12941331108       -3.99238263248        36.7200000000       0.219841948354      -0.122767659160      -1.607106046261E-003
   0.00000000000        0.00000000000        36.7200000000       0.246692933708      -3.273798092824E-003 -2.671547142126E-004
  0.558892006459      -0.191867868166        36.7200000000       0.247938254971      -3.785751936406E-003 -2.165703595092E-004
   1.11778401292      -0.383735736333        36.7200000000       0.249183576234      -4.297705779989E-003 -1.659860048058E-004
   1.67667601938      -0.575603604499        36.7200000000       0.249837341157      -5.466613000661E-003 -2.966776145944E-004
   2.23556802584      -0.767471472666        36.7200000000       0.245907087540      -3.242875863327E-003  1.625944466066E-004
   2.79446003230      -0.959339340832        36.7200000000       0.258231355606      -7.688289292501E-003  1.425059317642E-003
   3.35335203876       -1.15120720900        36.7200000000       0.255628798704      -1.534919699463E-002  1.141542892425E-003
   3.91224404522       -1.34307507716        36.7200000000       0.252367360144      -2.142621014051E-002  7.696108062870E-004
   4.47113605168       -1.53494294533        36.7200000000       0.240447034548      -3.035332591401E-002  5.202888212774E-004
   5.03002805814       -1.72681081350        36.7200000000       0.221469222021      -3.177875843242E-002  5.461708929786E-004
   5.58892006459       -1.91867868166        36.7200000000       0.204790129727      -3.023452627504E-002  7.507864555430E-004
   6.14781207105       -2.11054654983        36.7200000000       0.186444263066      -2.802614952562E-002 -4.651451999652E-004
   0.00000000000        0.00000000000        36.7200000000       0.246692933708      -3.273798092824E-003 -2.671547142126E-004
  0.590909090909        0.00000000000        36.7200000000       0.247995478547      -3.819607970281E-003 -1.764348866917E-004
   1.18181818182      -1.172487511250E-015   36.7200000000       0.249298023387      -4.365417847739E-003 -8.571505917088E-005
   1.77272727273        0.00000000000        36.7200000000       0.247213113047      -2.985826583123E-003  2.368250808068E-004
   2.36363636364        0.00000000000        36.7200000000       0.241989068926       2.892726997866E-004  7.601573767047E-004
   2.95454545455        0.00000000000        36.7200000000       0.255937789088      -1.700205738358E-003  1.458270925158E-003
   3.54545454545        0.00000000000        36.7200000000       0.252467705369      -1.150892050089E-003  9.505194049636E-004
   4.13636363636        0.00000000000        36.7200000000       0.243668991187      -1.539803418898E-003  5.107606196440E-004
   4.72727272727        0.00000000000        36.7200000000       0.228596313713      -1.046575353796E-003  1.681112836285E-004
   5.31818181818        0.00000000000        36.7200000000       0.226315425404       4.352855217004E-004  2.592462840929E-005
   5.90909090909        0.00000000000        36.7200000000       0.215723417958      -1.209141135871E-003  8.643005153873E-004
   6.50000000000        0.00000000000        36.7200000000       0.204591592158      -1.129548927080E-003  4.324620269395E-005
