 12 20 1 1
 1 X [LENGU]
 2 Y [LENGU]
 3 Z [LENGU]
 4 Hx [FIELU]
 5 Hy [FIELU]
 6 Hz [FIELU]
 0
   0.00000000000        0.00000000000       -2.16000000000        2.96608845065      -1.012435149857E-002 -4.581229074523E-003
  0.590909090909        0.00000000000       -2.16000000000        2.97869882127      -8.846218328251E-003 -2.080286016129E-003
   1.18181818182        0.00000000000       -2.16000000000        2.99118245864      -4.754650750232E-003  6.795901499389E-004
   1.77272727273        0.00000000000       -2.16000000000        2.97527952539       2.099886083007E-005 -9.150243051359E-004
   2.36363636364        0.00000000000       -2.16000000000        2.96707228282       8.414350697291E-004 -3.051073172105E-003
   2.95454545455        0.00000000000       -2.16000000000        2.85013390472       1.313420194564E-003 -1.333941915816E-002
   3.54545454545        0.00000000000       -2.16000000000        2.72782706557      -4.139498614247E-002 -3.318508786869E-002
   4.13636363636        0.00000000000       -2.16000000000        2.59949921299      -3.236845212454E-002 -4.994285812668E-002
   4.72727272727        0.00000000000       -2.16000000000        2.46785485755      -3.274206063150E-003 -6.320839312154E-002
   5.31818181818        0.00000000000       -2.16000000000        2.30798358217       8.041596620509E-003 -7.854771160339E-002
   5.90909090909        0.00000000000       -2.16000000000        2.13950505643      -1.231101367267E-002 -0.133040218665     
   6.50000000000        0.00000000000       -2.16000000000        1.97196253463       1.679467187436E-002 -0.161035782351     
   0.00000000000        0.00000000000       -2.16000000000        2.96608845065      -1.012435149857E-002 -4.581229074523E-003
  0.558892006459       0.191867868166       -2.16000000000        2.98922763517      -6.665539400311E-003 -8.401730464601E-004
   1.11778401292       0.383735736333       -2.16000000000        3.00415769124       1.501071380443E-004  1.717922798736E-003
   1.67667601938       0.575603604499       -2.16000000000        2.98208125222       7.319975171145E-003 -1.089187476460E-003
   2.23556802584       0.767471472666       -2.16000000000        2.95100910976       2.237483044175E-002 -5.953860872952E-003
   2.79446003230       0.959339340832       -2.16000000000        2.91304122449       6.198014163617E-002 -5.604571072710E-003
   3.35335203876        1.15120720900       -2.16000000000        2.77992562908       0.193904245830      -2.239920268400E-002
   3.91224404522        1.34307507716       -2.16000000000        2.66455622031       0.272701311514      -3.881059729394E-002
   4.47113605168        1.53494294533       -2.16000000000        2.54187220810       0.334068257352      -5.132936538128E-002
   5.03002805814        1.72681081350       -2.16000000000        2.36455976903       0.384520445570      -6.666095118030E-002
   5.58892006459        1.91867868166       -2.16000000000        2.15832713015       0.416961176965      -8.984627662984E-002
   6.14781207105        2.11054654983       -2.16000000000        1.86763174246       0.372829457548      -0.109660972432     
   0.00000000000        0.00000000000       -2.16000000000        2.96608845065      -1.012435149857E-002 -4.581229074523E-003
  0.466310301007       0.362943875680       -2.16000000000        2.99645171246      -4.904605029371E-003 -3.605692565958E-005
  0.932620602014       0.725887751361       -2.16000000000        3.00982375355       5.226921924310E-003  1.720344021180E-003
   1.39893090302        1.08883162704       -2.16000000000        2.99397460228       1.795229164507E-002 -6.048579908551E-004
   1.86524120403        1.45177550272       -2.16000000000        2.96046688503       3.329762071437E-002 -5.547038220525E-003
   2.33155150503        1.81471937840       -2.16000000000        3.21780751109       5.227075560227E-002 -3.747578807221E-003
   2.79786180604        2.17766325408       -2.16000000000        3.23049905838       0.279660327547      -4.170658047592E-003
   3.26417210705        2.54060712976       -2.16000000000        3.27604738659       0.681355005171      -1.097694855871E-002
   3.73048240806        2.90355100544       -2.16000000000        3.12635574771       0.802379999396      -2.685822677579E-002
   4.19679270906        3.26649488112       -2.16000000000        2.92157403428       0.953013717078      -6.244258182344E-002
   4.66310301007        3.62943875680       -2.16000000000        2.62529321834        1.22551061298      -0.116654727333     
   5.12941331108        3.99238263248       -2.16000000000        2.24249235254        1.40251437761      -0.214502122795     
   0.00000000000        0.00000000000       -2.16000000000        2.96608845065      -1.012435149857E-002 -4.581229074523E-003
  0.323196638891       0.494689282610       -2.16000000000        2.99952769917      -3.730979232774E-003  2.474081348218E-004
  0.646393277781       0.989378565219       -2.16000000000        2.99680053380       1.326783624793E-002 -7.672840403034E-004
  0.969589916672        1.48406784783       -2.16000000000        3.00295117431       2.498288226633E-002 -4.035800507299E-004
   1.29278655556        1.97875713044       -2.16000000000        2.99599227666       2.270624864456E-002 -1.519150421042E-003
   1.61598319445        2.47344641305       -2.16000000000        3.34562433792      -3.605876415977E-002 -3.338673346406E-003
   1.93917983334        2.96813569566       -2.16000000000        3.48743257957      -0.205938607218       6.986013760039E-003
   2.26237647223        3.46282497827       -2.16000000000        3.78101573878      -0.182993685649       8.868489227448E-003
   2.58557311112        3.95751426088       -2.16000000000        4.50891753953       3.975738832972E-002 -5.315662776626E-003
   2.90876975001        4.45220354349       -2.16000000000        5.58202566108       0.975783161783      -4.028516811171E-002
   3.23196638891        4.94689282610       -2.16000000000        5.23420980503        4.44833138522      -7.401460343989E-002
   3.55516302780        5.44158210871       -2.16000000000        1.26836266725        4.21156021513      -9.209573415311E-002
   0.00000000000        0.00000000000       -2.16000000000        2.96608845065      -1.012435149857E-002 -4.581229074523E-003
  0.145059606038       0.572827429873       -2.16000000000        2.99859868015      -3.454971320483E-003 -4.005401897646E-005
  0.290119212075        1.14565485975       -2.16000000000        2.99443408119       1.407782395460E-002 -1.424542575068E-003
  0.435178818113        1.71848228962       -2.16000000000        3.01322429740       1.240835980345E-002  4.411066582675E-004
  0.580238424151        2.29130971949       -2.16000000000        3.02922814662       1.827430174279E-002  2.779322662058E-003
  0.725298030189        2.86413714937       -2.16000000000        3.35174704749      -9.679547976051E-002  2.126967660308E-003
  0.870357636226        3.43696457924       -2.16000000000        3.24616186536      -0.346783192854       1.467159155770E-002
   1.01541724226        4.00979200911       -2.16000000000        3.11389956411      -0.500749390808       5.015714744710E-003
   1.16047684830        4.58261943899       -2.16000000000        2.82480349448       -1.28730498046       8.786501783166E-003
   1.30553645434        5.15544686886       -2.16000000000        2.05931342469       -1.60798489632      -4.080053744463E-003
   1.45059606038        5.72827429873       -2.16000000000       0.945863069789       -1.70200094973      -2.616272753779E-003
   1.59565566642        6.30110172861       -2.16000000000       0.130213020898       -1.11693683437       1.110180767513E-002
   0.00000000000        0.00000000000       -2.16000000000        2.96608845065      -1.012435149857E-002 -4.581229074523E-003
 -4.879688596092E-002  0.588890836777       -2.16000000000        2.99376532903      -4.106491032498E-003 -8.672924022554E-004
 -9.759377192185E-002   1.17778167355       -2.16000000000        2.99518054550       1.044997775751E-002 -1.429872379465E-003
 -0.146390657883        1.76667251033       -2.16000000000        3.01476312765       6.153067322263E-003  6.148857084622E-004
 -0.195187543844        2.35556334711       -2.16000000000        3.02468189924       1.788063748716E-002  3.010485497752E-003
 -0.243984429805        2.94445418388       -2.16000000000        3.31969666418       1.362499141354E-002  3.908650796144E-003
 -0.292781315766        3.53334502066       -2.16000000000        2.76484604564       3.075355199888E-002  8.745017973227E-003
 -0.341578201726        4.12223585744       -2.16000000000        2.68849001084       0.327519990847       3.740833385668E-003
 -0.390375087687        4.71112669421       -2.16000000000        2.25020549010       0.376803800664       1.750169709444E-002
 -0.439171973648        5.30001753099       -2.16000000000        1.83606170111       0.475153245110       1.732164061547E-002
 -0.487968859609        5.88890836777       -2.16000000000        1.18934757515       0.443649059719       8.615150351979E-003
 -0.536765745570        6.47779920454       -2.16000000000       0.615596671012       0.471432203387      -8.567853013094E-004
   0.00000000000        0.00000000000       -2.16000000000        2.96608845065      -1.012435149857E-002 -4.581229074523E-003
 -0.237365478204       0.541138783933       -2.16000000000        2.98555141440      -5.614936098652E-003 -2.144662900261E-003
 -0.474730956408        1.08227756787       -2.16000000000        2.99797003473       3.142696991572E-003 -9.411412203224E-004
 -0.712096434612        1.62341635180       -2.16000000000        3.00748623243       5.022204529319E-003  2.205631388014E-005
 -0.949461912816        2.16455513573       -2.16000000000        2.98542445376       0.114533343018       1.886996326522E-003
  -1.18682739102        2.70569391966       -2.16000000000        3.30138787973       7.449765485005E-002  1.404293380301E-002
  -1.42419286922        3.24683270360       -2.16000000000        3.33913774925       0.182124799491       9.063660118906E-003
  -1.66155834743        3.78797148753       -2.16000000000        3.56674395238       0.465791086792       3.674379731047E-003
  -1.89892382563        4.32911027146       -2.16000000000        4.03630779623       0.972023040506       2.587324072529E-002
  -2.13628930384        4.87024905539       -2.16000000000        4.54663386000        3.25897610241       5.535234690993E-002
  -2.37365478204        5.41138783933       -2.16000000000       0.375348087274        3.47183457417       6.624041601463E-002
  -2.61102026024        5.95252662326       -2.16000000000       -3.25991963100       0.885028213131       6.515448321162E-002
   0.00000000000        0.00000000000       -2.16000000000        2.96608845065      -1.012435149857E-002 -4.581229074523E-003
 -0.400211837779       0.434745947216       -2.16000000000        2.97508383776      -7.689674159204E-003 -3.704142171064E-003
 -0.800423675558       0.869491894432       -2.16000000000        2.98712468776      -3.619464155062E-003 -2.446361126450E-003
  -1.20063551334        1.30423784165       -2.16000000000        2.99673542188       5.966142761162E-003 -1.243406584693E-003
  -1.60084735112        1.73898378886       -2.16000000000        3.00455379961       2.059319777781E-002  6.680538477238E-004
  -2.00105918889        2.17372973608       -2.16000000000        3.21949952887       8.621919551176E-002  2.742539312682E-003
  -2.40127102667        2.60847568330       -2.16000000000        3.38718659509      -0.147793552552      -4.554916386168E-004
  -2.80148286445        3.04322163051       -2.16000000000        3.44884629166      -0.373454678573       1.649585010497E-002
  -3.20169470223        3.47796757773       -2.16000000000        3.66625961703      -0.787717733939       5.577138580094E-002
  -3.60190654001        3.91271352494       -2.16000000000        3.64434365896       -1.27405990022       9.948692233965E-002
  -4.00211837779        4.34745947216       -2.16000000000        3.02521459635       -1.83510054733       0.208684629813     
  -4.40233021557        4.78220541938       -2.16000000000        2.24992910022       -2.11261126065       0.288465054700     
   0.00000000000        0.00000000000       -2.16000000000        2.96608845065      -1.012435149857E-002 -4.581229074523E-003
 -0.519689034804       0.281241641340       -2.16000000000        2.96875884859      -7.280015590678E-003 -4.718976307445E-003
  -1.03937806961       0.562483282680       -2.16000000000        2.98056896197      -1.102560732645E-002 -2.991013799431E-003
  -1.55906710441       0.843724924020       -2.16000000000        2.97696238175      -6.194864653416E-004 -3.831682176005E-003
  -2.07875613922        1.12496656536       -2.16000000000        2.97864645250      -1.183872479480E-002 -3.937097195725E-003
  -2.59844517402        1.40620820670       -2.16000000000        3.10855188931      -9.036778957447E-002  1.584709292022E-002
  -3.11813420882        1.68744984804       -2.16000000000        3.02560141373      -0.285309049371       1.603559731117E-002
  -3.63782324363        1.96869148938       -2.16000000000        2.92643039601      -0.405926734516       1.620924203805E-002
  -4.15751227843        2.24993313072       -2.16000000000        2.74370379022      -0.487348416963       2.924141276687E-002
  -4.67720131323        2.53117477206       -2.16000000000        2.58180063863      -0.594168601358       5.534884679315E-002
  -5.19689034804        2.81241641340       -2.16000000000        2.28252673158      -0.670621950586       0.102673151589     
  -5.71657938284        3.09365805474       -2.16000000000        1.95704188052      -0.761564697297       0.121908567241     
   0.00000000000        0.00000000000       -2.16000000000        2.96608845065      -1.012435149857E-002 -4.581229074523E-003
 -0.582849861102       9.726043971134E-002  -2.16000000000        2.96214448037      -7.178584952190E-003 -5.718883393771E-003
  -1.16569972220       0.194520879423       -2.16000000000        2.98987214562      -2.179347549485E-002 -8.841386694688E-004
  -1.74854958330       0.291781319134       -2.16000000000        2.97466469467      -4.928434032162E-004 -3.947738500349E-003
  -2.33139944441       0.389041758845       -2.16000000000        2.96262487806      -4.954915449539E-003 -5.230415802104E-003
  -2.91424930551       0.486302198557       -2.16000000000        2.96199337346      -4.209323244801E-002  1.258827234683E-002
  -3.49709916661       0.583562638268       -2.16000000000        2.83713130470      -5.534149047858E-002  1.615370293283E-002
  -4.07994902771       0.680823077979       -2.16000000000        2.71550268235      -8.606330230897E-002  1.332222275364E-002
  -4.66279888881       0.778083517691       -2.16000000000        2.57771405961      -0.109842684286      -3.022838492972E-003
  -5.24564874991       0.875343957402       -2.16000000000        2.43000803959      -0.111039547471      -3.288088048570E-002
  -5.82849861102       0.972604397113       -2.16000000000        2.26924589033      -0.113553203857      -1.787588416085E-002
  -6.41134847212        1.06986483682       -2.16000000000        2.36402277825      -1.554626538772E-002 -0.238791360735     
   0.00000000000        0.00000000000       -2.16000000000        2.96608845065      -1.012435149857E-002 -4.581229074523E-003
 -0.582849861102      -9.726043971134E-002  -2.16000000000        2.96311159875      -1.255462813094E-002 -5.135126955013E-003
  -1.16569972220      -0.194520879423       -2.16000000000        2.99136415688      -2.745187038895E-002 -2.529500892087E-004
  -1.74854958330      -0.291781319134       -2.16000000000        2.97896809914      -6.265783049173E-003 -3.194580153986E-003
  -2.33139944441      -0.389041758845       -2.16000000000        2.95798684243       3.582232469028E-003 -5.332278648132E-003
  -2.91424930551      -0.486302198557       -2.16000000000        2.97838187497       4.386191506400E-002  1.039569325664E-002
  -3.49709916661      -0.583562638268       -2.16000000000        2.91455787836       0.152436133409       1.410222604074E-002
  -4.07994902771      -0.680823077979       -2.16000000000        2.74344730088       0.147681884056       2.089550293787E-002
  -4.66279888881      -0.778083517691       -2.16000000000        2.60961731975       0.132971761237       6.233539758651E-004
  -5.24564874991      -0.875343957402       -2.16000000000        2.46571598841       0.130241399737      -2.238573824746E-003
  -5.82849861102      -0.972604397113       -2.16000000000        2.26156776956       9.092095676422E-002 -2.473632249967E-002
  -6.41134847212       -1.06986483682       -2.16000000000        2.06958692161      -2.492141639445E-002 -0.208215615385     
   0.00000000000        0.00000000000       -2.16000000000        2.96608845065      -1.012435149857E-002 -4.581229074523E-003
 -0.519689034804      -0.281241641340       -2.16000000000        2.96286566165      -1.656008171147E-002 -4.804821307712E-003
  -1.03937806961      -0.562483282680       -2.16000000000        2.99383006841      -3.945087507225E-002  1.184773285219E-003
  -1.55906710441      -0.843724924020       -2.16000000000        2.98864096962      -1.816396033674E-002 -1.627447061154E-003
  -2.07875613922       -1.12496656536       -2.16000000000        2.98291376204       6.787031051311E-003 -2.408847088154E-003
  -2.59844517402       -1.40620820670       -2.16000000000        3.11862963579       7.963861822737E-002  6.890405706685E-003
  -3.11813420882       -1.68744984804       -2.16000000000        3.04442724094       0.238538970271       9.413367176090E-003
  -3.63782324363       -1.96869148938       -2.16000000000        2.94805605933       0.399829646295       2.194887338790E-002
  -4.15751227843       -2.24993313072       -2.16000000000        2.81257615645       0.552331198329       4.890855860360E-002
  -4.67720131323       -2.53117477206       -2.16000000000        2.64432475751       0.594113231686       5.461964000605E-002
  -5.19689034804       -2.81241641340       -2.16000000000        2.25887996840       0.702430672247       7.861028356965E-002
  -5.71657938284       -3.09365805474       -2.16000000000        1.87817612686       0.730753073090       8.515751723393E-002
   0.00000000000        0.00000000000       -2.16000000000        2.96608845065      -1.012435149857E-002 -4.581229074523E-003
 -0.400211837779      -0.434745947216       -2.16000000000        2.95784867636      -1.617628884166E-002 -5.495501232335E-003
 -0.800423675558      -0.869491894432       -2.16000000000        2.99685905635      -5.629658424749E-002  3.235502086659E-003
  -1.20063551334       -1.30423784165       -2.16000000000        3.00071950414      -3.403173524398E-002  1.823517253731E-003
  -1.60084735112       -1.73898378886       -2.16000000000        3.01071719954       1.064122650501E-003  1.454711418687E-003
  -2.00105918889       -2.17372973608       -2.16000000000        3.18721821541      -7.406428537885E-002  4.483057600396E-003
  -2.40127102667       -2.60847568330       -2.16000000000        3.15924959439       0.198735937842       9.160453023577E-003
  -2.80148286445       -3.04322163051       -2.16000000000        3.16084526861       0.447745127628       5.058896572686E-002
  -3.20169470223       -3.47796757773       -2.16000000000        3.40081377364       0.848846777949       7.919763028612E-002
  -3.60190654001       -3.91271352494       -2.16000000000        3.64631935043        1.32739471753       0.100401762233     
  -4.00211837779       -4.34745947216       -2.16000000000        3.16925703774        1.90009233204       0.188225604752     
  -4.40233021557       -4.78220541938       -2.16000000000        2.38028134661        1.96661155846       0.230521796164     
   0.00000000000        0.00000000000       -2.16000000000        2.96608845065      -1.012435149857E-002 -4.581229074523E-003
 -0.237365478204      -0.541138783933       -2.16000000000        2.94860431109      -1.144483943410E-002 -7.132320842046E-003
 -0.474730956408       -1.08227756787       -2.16000000000        2.97954864527      -3.993671809336E-002 -2.424650396245E-004
 -0.712096434612       -1.62341635180       -2.16000000000        3.01428699169      -4.622139452056E-002  5.989485494250E-003
 -0.949461912816       -2.16455513573       -2.16000000000        3.02745172805      -1.815415712644E-002  5.848137720148E-003
  -1.18682739102       -2.70569391966       -2.16000000000        3.24397121643      -8.194884729686E-002  1.241915949324E-002
  -1.42419286922       -3.24683270360       -2.16000000000        3.52987054104      -6.671966308015E-002  3.266984817502E-002
  -1.66155834743       -3.78797148753       -2.16000000000        3.87845541985      -0.621207087674       3.918888440193E-002
  -1.89892382563       -4.32911027146       -2.16000000000        3.91372373193       -1.17137557903       4.806873802053E-002
  -2.13628930384       -4.87024905539       -2.16000000000        3.95676689061       -3.46448241189       7.071387080683E-002
  -2.37365478204       -5.41138783933       -2.16000000000        2.61548870407       -3.65601566193       7.431564690967E-002
  -2.61102026024       -5.95252662326       -2.16000000000       -3.20976574634      -0.868859535487       8.067284928524E-002
   0.00000000000        0.00000000000       -2.16000000000        2.96608845065      -1.012435149857E-002 -4.581229074523E-003
 -4.879688596092E-002 -0.588890836777       -2.16000000000        2.94676886267      -1.054617734669E-002 -7.367056616687E-003
 -9.759377192185E-002  -1.17778167355       -2.16000000000        2.95843211851      -4.246086786002E-004 -5.716639284741E-003
 -0.146390657883       -1.76667251033       -2.16000000000        2.99044988841      -9.271504977577E-003  2.999255545158E-004
 -0.195187543844       -2.35556334711       -2.16000000000        3.02457635458      -4.222607420056E-002  7.784878396069E-003
 -0.243984429805       -2.94445418388       -2.16000000000        3.23607657068      -5.361640467345E-002  1.123668762973E-002
 -0.292781315766       -3.53334502066       -2.16000000000        2.96207825504       3.888190167535E-002  1.134593656470E-002
 -0.341578201726       -4.12223585744       -2.16000000000        2.62378532284      -0.154426339790       1.291787862414E-002
 -0.390375087687       -4.71112669421       -2.16000000000        2.28300908460      -0.360810153053       1.439949707806E-002
 -0.439171973648       -5.30001753099       -2.16000000000        1.81512048130      -0.481408421987       1.571849271430E-002
 -0.487968859609       -5.88890836777       -2.16000000000        1.18003159459      -0.498650219231       3.698801796716E-002
 -0.536765745570       -6.47779920454       -2.16000000000       0.766827976226      -0.376563309698       4.874686109703E-002
   0.00000000000        0.00000000000       -2.16000000000        2.96608845065      -1.012435149857E-002 -4.581229074523E-003
  0.145059606038      -0.572827429873       -2.16000000000        2.94978677567      -1.079319120999E-002 -6.643517715097E-003
  0.290119212075       -1.14565485975       -2.16000000000        2.96089872350       2.324616077435E-003 -4.867439550523E-003
  0.435178818113       -1.71848228962       -2.16000000000        2.97465913176       4.532421469948E-003 -3.255588785528E-003
  0.580238424151       -2.29130971949       -2.16000000000        2.97906815548      -1.412647441164E-002 -1.487740504517E-003
  0.725298030189       -2.86413714937       -2.16000000000        3.33723278307       0.186408664897       7.777171638711E-003
  0.870357636226       -3.43696457924       -2.16000000000        3.19971579099       0.347199743734       4.303308611511E-003
   1.01541724226       -4.00979200911       -2.16000000000        3.00989189414       0.693213683416       1.115705653495E-003
   1.16047684830       -4.58261943899       -2.16000000000        2.77271212986        1.07270703179      -2.295928138291E-003
   1.30553645434       -5.15544686886       -2.16000000000        2.09671681809        1.54696494955       1.432964003909E-004
   1.45059606038       -5.72827429873       -2.16000000000       0.949203987749        1.70370040606      -9.776402043110E-003
   1.59565566642       -6.30110172861       -2.16000000000       6.666552623977E-002   1.12490631384      -8.065651707265E-003
   0.00000000000        0.00000000000       -2.16000000000        2.96608845065      -1.012435149857E-002 -4.581229074523E-003
  0.323196638891      -0.494689282610       -2.16000000000        2.95462611298      -1.074382134547E-002 -5.654597609043E-003
  0.646393277781      -0.989378565219       -2.16000000000        2.96090620000      -1.723410753853E-003 -4.118756773467E-003
  0.969589916672       -1.48406784783       -2.16000000000        2.97393057477      -1.020896327969E-002 -3.365223047427E-003
   1.29278655556       -1.97875713044       -2.16000000000        2.97358299228      -1.259789144520E-002 -4.003791876694E-003
   1.61598319445       -2.47344641305       -2.16000000000        3.29785208844       5.857391429849E-002 -4.763458232771E-003
   1.93917983334       -2.96813569566       -2.16000000000        3.60937469936       0.114539107625      -1.333481757248E-002
   2.26237647223       -3.46282497827       -2.16000000000        3.96666694369       0.118163768380      -2.273578994410E-002
   2.58557311112       -3.95751426088       -2.16000000000        4.40476870936      -6.436978712721E-002 -3.687760478666E-002
   2.90876975001       -4.45220354349       -2.16000000000        5.59671888337      -0.970295543605      -6.030342608936E-002
   3.23196638891       -4.94689282610       -2.16000000000        5.36462754793       -4.59381120865      -7.603886342350E-002
   3.55516302780       -5.44158210871       -2.16000000000        1.46680887140       -4.29779529225      -0.100579234708     
   0.00000000000        0.00000000000       -2.16000000000        2.96608845065      -1.012435149857E-002 -4.581229074523E-003
  0.466310301007      -0.362943875680       -2.16000000000        2.96064724538      -1.087342838618E-002 -4.595416262108E-003
  0.932620602014      -0.725887751361       -2.16000000000        2.95600045070      -9.249507112591E-003 -4.154395818270E-003
   1.39893090302       -1.08883162704       -2.16000000000        2.97126908934      -9.655581196996E-003 -2.038956487446E-003
   1.86524120403       -1.45177550272       -2.16000000000        2.95335773894      -2.121290815650E-002 -3.529034376228E-003
   2.33155150503       -1.81471937840       -2.16000000000        3.15300787256      -1.925198434756E-002 -1.392342404399E-002
   2.79786180604       -2.17766325408       -2.16000000000        3.12566102559      -0.194566705634      -3.101244894762E-002
   3.26417210705       -2.54060712976       -2.16000000000        3.12296295364      -0.398426926549      -4.642312885893E-002
   3.73048240806       -2.90355100544       -2.16000000000        3.12790074874      -0.633325119683      -5.829850170101E-002
   4.19679270906       -3.26649488112       -2.16000000000        2.95706789872      -0.989635453217      -0.109196372240     
   4.66310301007       -3.62943875680       -2.16000000000        2.66296995501       -1.29697767202      -0.189113124917     
   5.12941331108       -3.99238263248       -2.16000000000        2.26109827954       -1.32154286294      -0.276917041321     
   0.00000000000        0.00000000000       -2.16000000000        2.96608845065      -1.012435149857E-002 -4.581229074523E-003
  0.558892006459      -0.191867868166       -2.16000000000        2.96719768975      -1.116796739820E-002 -3.580752408123E-003
   1.11778401292      -0.383735736333       -2.16000000000        2.96886362855      -9.940509593492E-003 -2.155279891494E-003
   1.67667601938      -0.575603604499       -2.16000000000        2.97054472060      -8.704932684681E-003 -7.279165473660E-004
   2.23556802584      -0.767471472666       -2.16000000000        2.93229514957      -1.520585153068E-002 -2.852695663371E-003
   2.79446003230      -0.959339340832       -2.16000000000        2.91388298504      -4.082410483206E-002 -1.447874711090E-002
   3.35335203876       -1.15120720900       -2.16000000000        2.80313939299      -0.169145754291      -3.329516737854E-002
   3.91224404522       -1.34307507716       -2.16000000000        2.70112651019      -0.248755266655      -5.239314619586E-002
   4.47113605168       -1.53494294533       -2.16000000000        2.59273355566      -0.327692073000      -6.369763758954E-002
   5.03002805814       -1.72681081350       -2.16000000000        2.39633300456      -0.394707414075      -8.500099155014E-002
   5.58892006459       -1.91867868166       -2.16000000000        2.17292146966      -0.442768975723      -0.104027786442     
   6.14781207105       -2.11054654983       -2.16000000000        1.93115537392      -0.464689706071      -9.056421248455E-002
   0.00000000000        0.00000000000       -2.16000000000        2.96608845065      -1.012435149857E-002 -4.581229074523E-003
  0.590909090909        0.00000000000       -2.16000000000        2.97869882127      -8.846218328251E-003 -2.080286016129E-003
   1.18181818182      -1.172487511250E-015  -2.16000000000        2.99118245864      -4.754650750232E-003  6.795901499389E-004
   1.77272727273        0.00000000000       -2.16000000000        2.97527952539       2.099886083007E-005 -9.150243051359E-004
   2.36363636364        0.00000000000       -2.16000000000        2.96707228282       8.414350697291E-004 -3.051073172105E-003
   2.95454545455        0.00000000000       -2.16000000000        2.85013390472       1.313420194564E-003 -1.333941915816E-002
   3.54545454545        0.00000000000       -2.16000000000        2.72782706557      -4.139498614247E-002 -3.318508786869E-002
   4.13636363636        0.00000000000       -2.16000000000        2.59949921299      -3.236845212454E-002 -4.994285812668E-002
   4.72727272727        0.00000000000       -2.16000000000        2.46785485755      -3.274206063150E-003 -6.320839312154E-002
   5.31818181818        0.00000000000       -2.16000000000        2.30798358217       8.041596620509E-003 -7.854771160339E-002
   5.90909090909        0.00000000000       -2.16000000000        2.13950505643      -1.231101367267E-002 -0.133040218665     
   6.50000000000        0.00000000000       -2.16000000000        1.97196253463       1.679467187436E-002 -0.161035782351     
