 12 20 1 1
 1 X [LENGU]
 2 Y [LENGU]
 3 Z [LENGU]
 4 Hx [FIELU]
 5 Hy [FIELU]
 6 Hz [FIELU]
 0
   0.00000000000        0.00000000000        70.0000000000        2.87088171312      -6.778560881545E-002 -5.727497391408E-003
  0.590909090909        0.00000000000        70.0000000000        2.87212860575      -6.155244526496E-002 -4.379558039504E-003
   1.18181818182        0.00000000000        70.0000000000        2.87902644519      -4.346338266090E-002 -2.081942905447E-003
   1.77272727273        0.00000000000        70.0000000000        2.89203279747      -2.823981679687E-002  9.290553871020E-004
   2.36363636364        0.00000000000        70.0000000000        2.90635418786      -1.291913430287E-002  3.980527060729E-003
   2.95454545455        0.00000000000        70.0000000000        2.95631447646      -3.096111028604E-003  1.048123558284E-002
   3.54545454545        0.00000000000        70.0000000000        2.84348862400       1.236292280803E-004  9.724456298078E-003
   4.13636363636        0.00000000000        70.0000000000        2.73063830823       8.328047309769E-004  8.643414328663E-003
   4.72727272727        0.00000000000        70.0000000000        2.62542613386      -3.953492033824E-004  7.460321267297E-003
   5.31818181818        0.00000000000        70.0000000000        2.48714728055      -6.146093151495E-003  8.985366251787E-003
   5.90909090909        0.00000000000        70.0000000000        2.35250249433      -6.352442551324E-003  7.874604242076E-003
   6.50000000000        0.00000000000        70.0000000000        2.21785770812      -6.558791951152E-003  6.763842232366E-003
   0.00000000000        0.00000000000        70.0000000000        2.87088171312      -6.778560881545E-002 -5.727497391408E-003
  0.558892006459       0.191867868166        70.0000000000        2.87472439801      -5.687202233603E-002 -3.932714014595E-003
   1.11778401292       0.383735736333        70.0000000000        2.88744917302      -3.558524967263E-002 -6.613738845722E-004
   1.67667601938       0.575603604499        70.0000000000        2.90355357424      -1.602781149734E-002  3.171114045630E-003
   2.23556802584       0.767471472666        70.0000000000        2.91453629541      -1.572128223100E-003  5.316738987723E-003
   2.79446003230       0.959339340832        70.0000000000        3.01393041544       6.274413098386E-002  8.541678202742E-003
   3.35335203876        1.15120720900        70.0000000000        2.93262169397       0.201576282935       1.068118096549E-002
   3.91224404522        1.34307507716        70.0000000000        2.86423854494       0.292446308824       1.157662929061E-002
   4.47113605168        1.53494294533        70.0000000000        2.78848092699       0.386072812023       1.169309768285E-002
   5.03002805814        1.72681081350        70.0000000000        2.51166096180       0.430207116352       9.985941213467E-003
   5.58892006459        1.91867868166        70.0000000000        2.28159990398       0.412122394574       1.830372441711E-002
   6.14781207105        2.11054654983        70.0000000000        2.07364688289       0.433000370296       4.182335441685E-002
   0.00000000000        0.00000000000        70.0000000000        2.87088171312      -6.778560881545E-002 -5.727497391408E-003
  0.466310301007       0.362943875680        70.0000000000        2.87637481350      -5.469729974990E-002 -3.769674341093E-003
  0.932620602014       0.725887751361        70.0000000000        2.89233269832      -3.196207412989E-002 -7.721513764400E-005
   1.39893090302        1.08883162704        70.0000000000        2.90451259038      -1.271001502703E-002  3.293073629965E-003
   1.86524120403        1.45177550272        70.0000000000        2.91222377694       2.954209958498E-003  6.094939119710E-003
   2.33155150503        1.81471937840        70.0000000000        3.24273218872       5.005965935574E-002  7.148303413958E-003
   2.79786180604        2.17766325408        70.0000000000        3.19209633538       0.238085088944       1.003099149539E-002
   3.26417210705        2.54060712976        70.0000000000        3.16808400147       0.395996969985       1.126786240338E-002
   3.73048240806        2.90355100544        70.0000000000        3.13208146946       0.771841773681       1.068094540911E-002
   4.19679270906        3.26649488112        70.0000000000        3.06109810848        1.16597769202      -1.674305936501E-002
   4.66310301007        3.62943875680        70.0000000000        2.89265078808        1.56964443157      -3.572609726716E-002
   5.12941331108        3.99238263248        70.0000000000        2.38759522076        1.52617544711      -3.094408114565E-002
   0.00000000000        0.00000000000        70.0000000000        2.87088171312      -6.778560881545E-002 -5.727497391408E-003
  0.323196638891       0.494689282610        70.0000000000        2.87690100409      -5.526394244309E-002 -3.908106897445E-003
  0.646393277781       0.989378565219        70.0000000000        2.89314781536      -3.298648332210E-002 -3.927693290488E-004
  0.969589916672        1.48406784783        70.0000000000        2.90308028744      -1.512948484703E-002  2.505179383559E-003
   1.29278655556        1.97875713044        70.0000000000        2.90996376696      -5.588923871126E-003  5.277427669025E-003
   1.61598319445        2.47344641305        70.0000000000        3.36931343439      -5.408598808549E-002  4.068472292960E-003
   1.93917983334        2.96813569566        70.0000000000        3.55156182312      -9.218245426912E-002  3.019604424744E-003
   2.26237647223        3.46282497827        70.0000000000        3.89610717359      -9.723052713860E-002 -2.569996779844E-004
   2.58557311112        3.95751426088        70.0000000000        4.66639563379       0.109063789671      -2.009999411002E-003
   2.90876975001        4.45220354349        70.0000000000        5.68479120426       0.876490727180       7.891985985096E-003
   3.23196638891        4.94689282610        70.0000000000        5.31654738562        5.03466979487       3.577407078994E-003
   3.55516302780        5.44158210871        70.0000000000        1.66643552467        4.06965893373       3.125573127573E-004
   0.00000000000        0.00000000000        70.0000000000        2.87088171312      -6.778560881545E-002 -5.727497391408E-003
  0.145059606038       0.572827429873        70.0000000000        2.87624594886      -5.851054588741E-002 -4.333010368167E-003
  0.290119212075        1.14565485975        70.0000000000        2.88980619356      -3.854746661795E-002 -1.573841265820E-003
  0.435178818113        1.71848228962        70.0000000000        2.89941187765      -2.302403386040E-002  8.928118734486E-004
  0.580238424151        2.29130971949        70.0000000000        2.90694658857      -4.180727836277E-002  4.545901769441E-004
  0.725298030189        2.86413714937        70.0000000000        3.38446004534      -0.149081498749      -4.611483560898E-004
  0.870357636226        3.43696457924        70.0000000000        3.47127746783      -0.241659488155      -2.587835501583E-003
   1.01541724226        4.00979200911        70.0000000000        3.12142034630      -0.579257030392      -7.448996509588E-003
   1.16047684830        4.58261943899        70.0000000000        2.84936931433       -1.07215960557      -1.150093824314E-003
   1.30553645434        5.15544686886        70.0000000000        2.23656276417       -1.65017429928      -1.239134629831E-002
   1.45059606038        5.72827429873        70.0000000000        1.06642628684       -1.69608210296      -2.784686833235E-002
   1.59565566642        6.30110172861        70.0000000000       3.459409954800E-002  -1.21928316439      -1.442381849112E-002
   0.00000000000        0.00000000000        70.0000000000        2.87088171312      -6.778560881545E-002 -5.727497391408E-003
 -4.879688596092E-002  0.588890836777        70.0000000000        2.87448063321      -6.408529022343E-002 -4.998339869149E-003
 -9.759377192185E-002   1.17778167355        70.0000000000        2.88296083156      -4.817588568282E-002 -3.445011278453E-003
 -0.146390657883        1.76667251033        70.0000000000        2.89390489014      -3.553816518499E-002 -1.369303862185E-003
 -0.195187543844        2.35556334711        70.0000000000        2.90026385706      -6.475326628625E-002 -3.596720418651E-003
 -0.243984429805        2.94445418388        70.0000000000        3.38782294035       6.694647235215E-002 -7.973611458570E-003
 -0.292781315766        3.53334502066        70.0000000000        3.51211945287       0.193941093465      -2.799687893165E-003
 -0.341578201726        4.12223585744        70.0000000000        3.09900119013       0.206286392150      -2.995898176098E-003
 -0.390375087687        4.71112669421        70.0000000000        2.62166147357       0.375062140946      -1.098834583449E-003
 -0.439171973648        5.30001753099        70.0000000000        1.92002215418       0.458204921668       7.049313184595E-004
 -0.487968859609        5.88890836777        70.0000000000        1.27090938494       0.580588455181       5.491617575582E-003
 -0.536765745570        6.47779920454        70.0000000000       0.782295687243       0.525571611673       5.293961799773E-003
   0.00000000000        0.00000000000        70.0000000000        2.87088171312      -6.778560881545E-002 -5.727497391408E-003
 -0.237365478204       0.541138783933        70.0000000000        2.87500104932      -6.336846619754E-002 -5.290905753502E-003
 -0.474730956408        1.08227756787        70.0000000000        2.87912038551      -5.895132357963E-002 -4.854314115596E-003
 -0.712096434612        1.62341635180        70.0000000000        2.88338819976      -5.416280667574E-002 -4.392652956240E-003
 -0.949461912816        2.16455513573        70.0000000000        2.89025393596      -5.346431352378E-002 -4.205639906742E-003
  -1.18682739102        2.70569391966        70.0000000000        3.36435388850       0.111280948243      -9.171389296929E-003
  -1.42419286922        3.24683270360        70.0000000000        3.49718866346       0.316822528529      -5.528470978726E-003
  -1.66155834743        3.78797148753        70.0000000000        3.65051190659       0.551852184544      -1.895197114188E-003
  -1.89892382563        4.32911027146        70.0000000000        4.02574777545        1.17531726457      -8.610271190928E-005
  -2.13628930384        4.87024905539        70.0000000000        4.86139117564        3.15562222519       6.003531267617E-004
  -2.37365478204        5.41138783933        70.0000000000        1.23895160066        5.05219939517       1.650434711456E-003
  -2.61102026024        5.95252662326        70.0000000000       -2.94460031605       0.918782130876       3.217256208662E-003
   0.00000000000        0.00000000000        70.0000000000        2.87088171312      -6.778560881545E-002 -5.727497391408E-003
 -0.400211837779       0.434745947216        70.0000000000        2.87679351726      -5.883211985488E-002 -5.340635072051E-003
 -0.800423675558       0.869491894432        70.0000000000        2.88270532140      -4.987863089431E-002 -4.953772752693E-003
  -1.20063551334        1.30423784165        70.0000000000        2.88861712554      -4.092514193374E-002 -4.566910433336E-003
  -1.60084735112        1.73898378886        70.0000000000        2.89333365458      -3.812572274044E-002 -3.679967992336E-003
  -2.00105918889        2.17372973608        70.0000000000        3.13145520113       0.209331516194      -3.040181384993E-003
  -2.40127102667        2.60847568330        70.0000000000        3.42652346685      -0.148957385483      -1.228460273218E-002
  -2.80148286445        3.04322163051        70.0000000000        3.48867523171      -0.365304400659      -1.133989206733E-002
  -3.20169470223        3.47796757773        70.0000000000        3.72608126559      -0.683596909763      -1.762543876608E-002
  -3.60190654001        3.91271352494        70.0000000000        3.80130873648       -1.42842257879      -1.765467563241E-003
  -4.00211837779        4.34745947216        70.0000000000        3.54587867221       -2.21477198686       9.288267925773E-003
  -4.40233021557        4.78220541938        70.0000000000        2.84042548697       -2.22623600141       7.696333577245E-003
   0.00000000000        0.00000000000        70.0000000000        2.87088171312      -6.778560881545E-002 -5.727497391408E-003
 -0.519689034804       0.281241641340        70.0000000000        2.88162137971      -5.098116482795E-002 -4.819854062249E-003
  -1.03937806961       0.562483282680        70.0000000000        2.89691256395      -2.887137613961E-002 -3.153920180665E-003
  -1.55906710441       0.843724924020        70.0000000000        2.90830915442      -1.257279351876E-002 -1.950076681814E-003
  -2.07875613922        1.12496656536        70.0000000000        2.90530049110      -2.070393634847E-002 -2.636512857163E-003
  -2.59844517402        1.40620820670        70.0000000000        3.11108659105      -6.657954846563E-002 -1.025195560954E-002
  -3.11813420882        1.68744984804        70.0000000000        3.01062514317      -0.239075160982      -6.698672323394E-003
  -3.63782324363        1.96869148938        70.0000000000        2.91016369529      -0.411570773498      -3.145389037245E-003
  -4.15751227843        2.24993313072        70.0000000000        2.80970224740      -0.584066386014       4.078942489043E-004
  -4.67720131323        2.53117477206        70.0000000000        2.70445257298      -0.706971841583       2.023631580937E-003
  -5.19689034804        2.81241641340        70.0000000000        2.41222750591      -0.891371929618       8.184100964587E-003
  -5.71657938284        3.09365805474        70.0000000000        2.11648145464       -1.07467103841      -1.871880989972E-003
   0.00000000000        0.00000000000        70.0000000000        2.87088171312      -6.778560881545E-002 -5.727497391408E-003
 -0.582849861102       9.726043971134E-002   70.0000000000        2.89048224035      -3.889372368590E-002 -3.531633320579E-003
  -1.16569972220       0.194520879423        70.0000000000        2.91529866463      -6.744857956499E-003 -5.143772144874E-004
  -1.74854958330       0.291781319134        70.0000000000        2.92622363285       6.067689738320E-003  8.618677593627E-004
  -2.33139944441       0.389041758845        70.0000000000        2.93320375400       1.180521503029E-002  1.336895390971E-003
  -2.91424930551       0.486302198557        70.0000000000        2.94886589214      -5.930458389963E-002 -9.915778502782E-003
  -3.49709916661       0.583562638268        70.0000000000        2.83258660455      -0.109612850253      -8.951169437751E-003
  -4.07994902771       0.680823077979        70.0000000000        2.71630731696      -0.159921116605      -7.986560372720E-003
  -4.66279888881       0.778083517691        70.0000000000        2.59904105887      -0.186434888584      -8.185836911472E-003
  -5.24564874991       0.875343957402        70.0000000000        2.45846323263      -0.180455616213      -8.920533261259E-003
  -5.82849861102       0.972604397113        70.0000000000        2.30732067077      -0.180575324929      -9.023611206212E-003
  -6.41134847212        1.06986483682        70.0000000000        2.13171693116      -0.177308455233      -1.007438993321E-002
   0.00000000000        0.00000000000        70.0000000000        2.87088171312      -6.778560881545E-002 -5.727497391408E-003
 -0.582849861102      -9.726043971134E-002   70.0000000000        2.89683684713      -3.085429425975E-002 -2.552998981783E-003
  -1.16569972220      -0.194520879423        70.0000000000        2.92997800477      -6.775018392652E-003  1.578092540745E-003
  -1.74854958330      -0.291781319134        70.0000000000        2.93995404415       2.264491252831E-003  2.878945644960E-003
  -2.33139944441      -0.389041758845        70.0000000000        2.94921929133       2.226423933569E-002  4.085781581755E-003
  -2.91424930551      -0.486302198557        70.0000000000        2.96288667397       3.829378326075E-002 -4.961654803326E-003
  -3.49709916661      -0.583562638268        70.0000000000        2.85348136863       8.616500313860E-002 -4.957459273557E-003
  -4.07994902771      -0.680823077979        70.0000000000        2.74294558787       0.107016675533      -5.430397505294E-003
  -4.66279888881      -0.778083517691        70.0000000000        2.62258482137       0.141602812854      -6.051153492396E-003
  -5.24564874991      -0.875343957402        70.0000000000        2.49872929925       0.170680638780      -6.324710927059E-003
  -5.82849861102      -0.972604397113        70.0000000000        2.35152315534       0.197670963021      -8.408622747385E-003
  -6.41134847212       -1.06986483682        70.0000000000        2.12981527814       0.203404702646      -1.458899019443E-002
   0.00000000000        0.00000000000        70.0000000000        2.87088171312      -6.778560881545E-002 -5.727497391408E-003
 -0.519689034804      -0.281241641340        70.0000000000        2.90160820052      -3.270290001401E-002 -1.836932613942E-003
  -1.03937806961      -0.562483282680        70.0000000000        2.93706081107      -1.288011423663E-002  2.109346592042E-003
  -1.55906710441      -0.843724924020        70.0000000000        2.95206379030      -4.723083332004E-003  3.647304919690E-003
  -2.07875613922       -1.12496656536        70.0000000000        2.95865478131       1.462167133551E-002  5.701494720189E-003
  -2.59844517402       -1.40620820670        70.0000000000        3.10781450241       6.598250345998E-002 -2.982415439232E-003
  -3.11813420882       -1.68744984804        70.0000000000        3.01608819238       0.154800426853      -2.476427322803E-003
  -3.63782324363       -1.96869148938        70.0000000000        2.90790688289       0.314614785244       5.540439446727E-006
  -4.15751227843       -2.24993313072        70.0000000000        2.80714633708       0.481242902149       2.455084419536E-003
  -4.67720131323       -2.53117477206        70.0000000000        2.68861906301       0.697153964772       2.096771636542E-003
  -5.19689034804       -2.81241641340        70.0000000000        2.40258303783       0.873703855815      -1.571583476783E-002
  -5.71657938284       -3.09365805474        70.0000000000        1.97046326696        1.05185883982      -3.803015938451E-002
   0.00000000000        0.00000000000        70.0000000000        2.87088171312      -6.778560881545E-002 -5.727497391408E-003
 -0.400211837779      -0.434745947216        70.0000000000        2.90198806867      -3.717521859753E-002 -1.678643163576E-003
 -0.800423675558      -0.869491894432        70.0000000000        2.94461545056      -1.564649794346E-002  2.255784034247E-003
  -1.20063551334       -1.30423784165        70.0000000000        2.95906510399      -1.613874123158E-002  3.262382839011E-003
  -1.60084735112       -1.73898378886        70.0000000000        2.96291637486      -2.652178855160E-003  3.996177504016E-003
  -2.00105918889       -2.17372973608        70.0000000000        3.19817030483      -5.656338477420E-002 -3.458879704506E-003
  -2.40127102667       -2.60847568330        70.0000000000        3.51689623024       0.221967756889      -6.813188966474E-004
  -2.80148286445       -3.04322163051        70.0000000000        3.66894388671       0.479526737591      -4.822418853255E-004
  -3.20169470223       -3.47796757773        70.0000000000        3.81883581718       0.700769539859       1.838147640863E-004
  -3.60190654001       -3.91271352494        70.0000000000        3.81617938838        1.42314772861       1.557006153479E-002
  -4.00211837779       -4.34745947216        70.0000000000        3.46870386339        2.11742018480       7.072723865462E-002
  -4.40233021557       -4.78220541938        70.0000000000        3.01095886877        2.26989397745       7.476436222123E-003
   0.00000000000        0.00000000000        70.0000000000        2.87088171312      -6.778560881545E-002 -5.727497391408E-003
 -0.237365478204      -0.541138783933        70.0000000000        2.89793528700      -4.378660489662E-002 -2.095283748747E-003
 -0.474730956408       -1.08227756787        70.0000000000        2.92316995764      -0.101324839536       6.131842787650E-004
 -0.712096434612       -1.62341635180        70.0000000000        2.94982214908      -6.683929313954E-002  1.784212762861E-003
 -0.949461912816       -2.16455513573        70.0000000000        2.93075843585      -0.180340291951      -5.471935452022E-003
  -1.18682739102       -2.70569391966        70.0000000000        3.31925739573      -9.891176044151E-002 -1.156747494211E-003
  -1.42419286922       -3.24683270360        70.0000000000        3.44899869428      -0.165913226723      -3.864122745071E-003
  -1.66155834743       -3.78797148753        70.0000000000        3.58989020424      -0.561776685986      -2.211785403120E-003
  -1.89892382563       -4.32911027146        70.0000000000        3.92271622715      -0.954274156947       5.445173766523E-004
  -2.13628930384       -4.87024905539        70.0000000000        4.63093876522       -3.11084923238      -8.993634368681E-004
  -2.37365478204       -5.41138783933        70.0000000000       0.384111883485       -7.55806478025      -2.600311538654E-003
  -2.61102026024       -5.95252662326        70.0000000000       -2.82280571488      -0.899372399380      -3.951707639571E-003
   0.00000000000        0.00000000000        70.0000000000        2.87088171312      -6.778560881545E-002 -5.727497391408E-003
 -4.879688596092E-002 -0.588890836777        70.0000000000        2.88988903727      -5.182061261954E-002 -3.041704897207E-003
 -9.759377192185E-002  -1.17778167355        70.0000000000        2.87888402707      -0.247569810278      -2.439336230173E-003
 -0.146390657883       -1.76667251033        70.0000000000        2.88595417205      -0.266492492514      -2.251585770454E-003
 -0.195187543844       -2.35556334711        70.0000000000        2.89054641285      -0.379893214509      -1.921683937330E-002
 -0.243984429805       -2.94445418388        70.0000000000        3.33324194826      -4.875617821484E-002 -1.071126109966E-003
 -0.292781315766       -3.53334502066        70.0000000000        3.33457205732       4.301962709767E-002 -2.909441260434E-003
 -0.341578201726       -4.12223585744        70.0000000000        3.04147458153      -0.200921896935      -2.420819364904E-003
 -0.390375087687       -4.71112669421        70.0000000000        2.54596674507      -0.284956104286      -2.719401813095E-003
 -0.439171973648       -5.30001753099        70.0000000000        1.89719894613      -0.473901201075       9.046600419972E-003
 -0.487968859609       -5.88890836777        70.0000000000        1.24608359526      -0.594151033298       9.035513589808E-003
 -0.536765745570       -6.47779920454        70.0000000000       0.710054490713      -0.413626906000       1.681799302040E-002
   0.00000000000        0.00000000000        70.0000000000        2.87088171312      -6.778560881545E-002 -5.727497391408E-003
  0.145059606038      -0.572827429873        70.0000000000        2.87872125550      -6.040663236904E-002 -4.415347192283E-003
  0.290119212075       -1.14565485975        70.0000000000        2.84521338476      -0.321057895881      -4.319066805383E-003
  0.435178818113       -1.71848228962        70.0000000000        2.82219751305      -0.327477737722      -2.024078728833E-003
  0.580238424151       -2.29130971949        70.0000000000        2.85504382904      -0.241941055305      -7.551066252691E-003
  0.725298030189       -2.86413714937        70.0000000000        3.43290208014       7.212790312192E-002 -2.565321275209E-003
  0.870357636226       -3.43696457924        70.0000000000        3.38286763559       0.403460425651       4.367519309061E-003
   1.01541724226       -4.00979200911        70.0000000000        3.37902675900       0.730589663770      -1.480509969439E-003
   1.16047684830       -4.58261943899        70.0000000000        3.00257157406       0.899488964039      -2.218719099390E-003
   1.30553645434       -5.15544686886        70.0000000000        2.17543814501        1.59699188347      -3.173980668354E-003
   1.45059606038       -5.72827429873        70.0000000000        1.04895605079        1.68952546689       9.547651936628E-003
   1.59565566642       -6.30110172861        70.0000000000       0.109087653350        1.26053837953       5.366994197436E-003
   0.00000000000        0.00000000000        70.0000000000        2.87088171312      -6.778560881545E-002 -5.727497391408E-003
  0.323196638891      -0.494689282610        70.0000000000        2.86708477918      -7.306205852318E-002 -5.930336462109E-003
  0.646393277781      -0.989378565219        70.0000000000        2.87358950546      -0.126260548146      -4.569407839448E-003
  0.969589916672       -1.48406784783        70.0000000000        2.84665150886      -0.178212028643      -4.235301528991E-003
   1.29278655556       -1.97875713044        70.0000000000        2.83819622744      -7.738796296622E-002 -3.480456528826E-003
   1.61598319445       -2.47344641305        70.0000000000        3.40715612514       8.348310853762E-003  1.204323902989E-002
   1.93917983334       -2.96813569566        70.0000000000        3.58171717391      -0.192633598833       7.956860127115E-003
   2.26237647223       -3.46282497827        70.0000000000        3.71986968214      -0.223972411118       3.748588639855E-003
   2.58557311112       -3.95751426088        70.0000000000        4.43283006926      -3.427775893628E-002  3.413825741673E-003
   2.90876975001       -4.45220354349        70.0000000000        5.72415017188       -1.00831410071       1.477995471144E-002
   3.23196638891       -4.94689282610        70.0000000000        5.62701638878       -4.41030656535       2.384626586903E-002
   3.55516302780       -5.44158210871        70.0000000000        1.86364989865       -4.20489599686       3.084837756508E-002
   0.00000000000        0.00000000000        70.0000000000        2.87088171312      -6.778560881545E-002 -5.727497391408E-003
  0.466310301007      -0.362943875680        70.0000000000        2.86529803202      -7.618503744993E-002 -5.905461931451E-003
  0.932620602014      -0.725887751361        70.0000000000        2.86529885370      -7.273483319152E-002 -5.311071539542E-003
   1.39893090302       -1.08883162704        70.0000000000        2.86748782638      -6.939134265842E-002 -4.528549479249E-003
   1.86524120403       -1.45177550272        70.0000000000        2.85109146003      -4.990806058764E-002 -4.745945810594E-004
   2.33155150503       -1.81471937840        70.0000000000        3.29253717430      -5.023159043483E-002  1.344488089203E-002
   2.79786180604       -2.17766325408        70.0000000000        3.35621986195      -0.233643295679       1.186638452260E-002
   3.26417210705       -2.54060712976        70.0000000000        3.32160113154      -0.422799380885       1.309036363999E-002
   3.73048240806       -2.90355100544        70.0000000000        3.20280627623      -0.670416411856       1.648281201456E-002
   4.19679270906       -3.26649488112        70.0000000000        3.09977116233       -1.17605658558       2.728437513633E-002
   4.66310301007       -3.62943875680        70.0000000000        2.86665490802       -1.51550642994       3.859430950613E-002
   5.12941331108       -3.99238263248        70.0000000000        2.36344284787       -1.56649026521       4.311714664068E-002
   0.00000000000        0.00000000000        70.0000000000        2.87088171312      -6.778560881545E-002 -5.727497391408E-003
  0.558892006459      -0.191867868166        70.0000000000        2.86886873108      -6.823137208810E-002 -5.061783932224E-003
   1.11778401292      -0.383735736333        70.0000000000        2.87173702731      -5.646804941215E-002 -3.571899404602E-003
   1.67667601938      -0.575603604499        70.0000000000        2.87939777710      -4.715438827783E-002 -2.435140256700E-003
   2.23556802584      -0.767471472666        70.0000000000        2.88005384598      -3.155945267438E-002  9.504009477947E-004
   2.79446003230      -0.959339340832        70.0000000000        3.02477676344      -7.991088323740E-002  1.093814307263E-002
   3.35335203876       -1.15120720900        70.0000000000        2.93597645555      -0.144929581636       1.496239280419E-002
   3.91224404522       -1.34307507716        70.0000000000        3.01296224321      -0.201397858800       1.043899815921E-002
   4.47113605168       -1.53494294533        70.0000000000        2.86888003875      -0.405803965561       1.269654869470E-002
   5.03002805814       -1.72681081350        70.0000000000        2.53916174968      -0.419760650712       8.261145718796E-003
   5.58892006459       -1.91867868166        70.0000000000        2.31759987304      -0.408360734231       2.058520950086E-002
   6.14781207105       -2.11054654983        70.0000000000        2.05719039362      -0.406886559783       1.248964037927E-002
   0.00000000000        0.00000000000        70.0000000000        2.87088171312      -6.778560881545E-002 -5.727497391408E-003
  0.590909090909        0.00000000000        70.0000000000        2.87212860575      -6.155244526496E-002 -4.379558039504E-003
   1.18181818182      -1.172487511250E-015   70.0000000000        2.87902644519      -4.346338266090E-002 -2.081942905447E-003
   1.77272727273        0.00000000000        70.0000000000        2.89203279747      -2.823981679687E-002  9.290553871020E-004
   2.36363636364        0.00000000000        70.0000000000        2.90635418786      -1.291913430287E-002  3.980527060729E-003
   2.95454545455        0.00000000000        70.0000000000        2.95631447646      -3.096111028604E-003  1.048123558284E-002
   3.54545454545        0.00000000000        70.0000000000        2.84348862400       1.236292280803E-004  9.724456298078E-003
   4.13636363636        0.00000000000        70.0000000000        2.73063830823       8.328047309769E-004  8.643414328663E-003
   4.72727272727        0.00000000000        70.0000000000        2.62542613386      -3.953492033824E-004  7.460321267297E-003
   5.31818181818        0.00000000000        70.0000000000        2.48714728055      -6.146093151495E-003  8.985366251787E-003
   5.90909090909        0.00000000000        70.0000000000        2.35250249433      -6.352442551324E-003  7.874604242076E-003
   6.50000000000        0.00000000000        70.0000000000        2.21785770812      -6.558791951152E-003  6.763842232366E-003
