 12 20 1 1
 1 X [LENGU]
 2 Y [LENGU]
 3 Z [LENGU]
 4 Hx [FIELU]
 5 Hy [FIELU]
 6 Hz [FIELU]
 0
   0.00000000000        0.00000000000        2.16000000000       0.531788998772      -2.740727526392E-003  1.411230355284E-003
  0.590909090909        0.00000000000        2.16000000000       0.534106017424      -1.962553870923E-003  2.262338890734E-003
   1.18181818182        0.00000000000        2.16000000000       0.535154817320      -1.162961018590E-003  2.833914323772E-003
   1.77272727273        0.00000000000        2.16000000000       0.530416661086      -1.288326542385E-004  2.143263015984E-003
   2.36363636364        0.00000000000        2.16000000000       0.531462957281      -1.222499901804E-003  1.405549175129E-003
   2.95454545455        0.00000000000        2.16000000000       0.512924723012       1.352379530133E-003  7.663116184186E-003
   3.54545454545        0.00000000000        2.16000000000       0.490600486317       2.042043231422E-003  1.120967547031E-002
   4.13636363636        0.00000000000        2.16000000000       0.467384874401       6.245098223637E-004  1.383309542149E-002
   4.72727272727        0.00000000000        2.16000000000       0.442446635077       3.981980586559E-003  2.033862239660E-002
   5.31818181818        0.00000000000        2.16000000000       0.415476560090       1.010256618817E-002  3.168640990268E-002
   5.90909090909        0.00000000000        2.16000000000       0.384892214419      -3.448024557068E-003  4.196831019750E-002
   6.50000000000        0.00000000000        2.16000000000       0.326081955885      -1.761053924828E-004  3.338768886173E-002
   0.00000000000        0.00000000000        2.16000000000       0.531788998772      -2.740727526392E-003  1.411230355284E-003
  0.558892006459       0.191867868166        2.16000000000       0.535977327427      -1.583140125153E-003  2.388794188859E-003
   1.11778401292       0.383735736333        2.16000000000       0.537016988289      -3.756876979821E-004  2.679410006695E-003
   1.67667601938       0.575603604499        2.16000000000       0.531052655848       9.714157762788E-004  1.597090569045E-003
   2.23556802584       0.767471472666        2.16000000000       0.527752115448       2.612166114095E-003  5.357405470844E-004
   2.79446003230       0.959339340832        2.16000000000       0.514679999392       1.004003139910E-002  5.342246027027E-003
   3.35335203876        1.15120720900        2.16000000000       0.501733751531       3.171203114924E-002  6.721422123855E-003
   3.91224404522        1.34307507716        2.16000000000       0.489920453262       3.769600056099E-002  9.184196616279E-003
   4.47113605168        1.53494294533        2.16000000000       0.453442273717       5.174219207870E-002  1.316417013933E-002
   5.03002805814        1.72681081350        2.16000000000       0.423169618390       6.227646549355E-002  1.837383933141E-002
   5.58892006459        1.91867868166        2.16000000000       0.385302222960       6.522939447141E-002  2.564349963531E-002
   6.14781207105        2.11054654983        2.16000000000       0.329628576093       6.210709419653E-002  2.865965092070E-002
   0.00000000000        0.00000000000        2.16000000000       0.531788998772      -2.740727526392E-003  1.411230355284E-003
  0.466310301007       0.362943875680        2.16000000000       0.537394767031      -1.329168936127E-003  2.409315277150E-003
  0.932620602014       0.725887751361        2.16000000000       0.539039209627       1.490814239662E-004  2.534720291267E-003
   1.39893090302        1.08883162704        2.16000000000       0.533461647731       1.588514884131E-003  1.411004353027E-003
   1.86524120403        1.45177550272        2.16000000000       0.527946562312       5.091719712536E-003  4.561942597860E-004
   2.33155150503        1.81471937840        2.16000000000       0.566011722068       4.238147117968E-003  3.814177873856E-003
   2.79786180604        2.17766325408        2.16000000000       0.567237433579       1.702362759207E-002  5.958089479528E-003
   3.26417210705        2.54060712976        2.16000000000       0.568208911024       5.650490974565E-002  6.358042545289E-003
   3.73048240806        2.90355100544        2.16000000000       0.538054850785       0.118097804883       7.665977488102E-003
   4.19679270906        3.26649488112        2.16000000000       0.513549841482       0.170279458304       2.145694547959E-002
   4.66310301007        3.62943875680        2.16000000000       0.471491645320       0.221797855867       2.562211076557E-002
   5.12941331108        3.99238263248        2.16000000000       0.367093624237       0.228025756400       6.619906611216E-002
   0.00000000000        0.00000000000        2.16000000000       0.531788998772      -2.740727526392E-003  1.411230355284E-003
  0.323196638891       0.494689282610        2.16000000000       0.538204734661      -1.228162022944E-003  2.321678377273E-003
  0.646393277781       0.989378565219        2.16000000000       0.540607704983       3.521758700499E-004  2.347656900865E-003
  0.969589916672        1.48406784783        2.16000000000       0.537367596950       2.952106508062E-003  1.715210685346E-003
   1.29278655556        1.97875713044        2.16000000000       0.532652358703       4.442765393617E-003  9.952669321352E-004
   1.61598319445        2.47344641305        2.16000000000       0.586801488514      -1.255007416562E-002  2.139733690036E-003
   1.93917983334        2.96813569566        2.16000000000       0.619424723271      -1.905936683430E-002  4.664698068524E-003
   2.26237647223        3.46282497827        2.16000000000       0.658850631387      -1.439646553481E-002  6.798926305612E-003
   2.58557311112        3.95751426088        2.16000000000       0.756847885468       5.331818323599E-004  1.083006256448E-002
   2.90876975001        4.45220354349        2.16000000000       0.971944138291       0.157043345940       1.654305943487E-002
   3.23196638891        4.94689282610        2.16000000000       0.922824706740       0.905307206240       2.337245753585E-002
   3.55516302780        5.44158210871        2.16000000000       0.230327881240       0.720647804032       2.898516085772E-002
   0.00000000000        0.00000000000        2.16000000000       0.531788998772      -2.740727526392E-003  1.411230355284E-003
  0.145059606038       0.572827429873        2.16000000000       0.538319457758      -1.291065051931E-003  2.135380307158E-003
  0.290119212075        1.14565485975        2.16000000000       0.539797403016       9.271604227499E-004  2.056286794313E-003
  0.435178818113        1.71848228962        2.16000000000       0.539617246974       3.242036906784E-003  1.896629739464E-003
  0.580238424151        2.29130971949        2.16000000000       0.540372621311       3.147869162307E-003  1.922679947217E-003
  0.725298030189        2.86413714937        2.16000000000       0.597085855101      -1.819201106521E-002  1.760879568731E-003
  0.870357636226        3.43696457924        2.16000000000       0.579604855961      -5.130863926392E-002  5.609250720681E-003
   1.01541724226        4.00979200911        2.16000000000       0.559960423074      -4.462258645241E-002  6.886679678725E-003
   1.16047684830        4.58261943899        2.16000000000       0.535862042695      -0.178716537853       8.515190055262E-003
   1.30553645434        5.15544686886        2.16000000000       0.371456477187      -0.269714073751       1.007721373792E-002
   1.45059606038        5.72827429873        2.16000000000       0.172315785604      -0.288943799694       1.255978070320E-002
   1.59565566642        6.30110172861        2.16000000000       4.398869862324E-002 -0.205265485033       1.516077038443E-002
   0.00000000000        0.00000000000        2.16000000000       0.531788998772      -2.740727526392E-003  1.411230355284E-003
 -4.879688596092E-002  0.588890836777        2.16000000000       0.537726504293      -1.511061503857E-003  1.870609353413E-003
 -9.759377192185E-002   1.17778167355        2.16000000000       0.538667125161       1.019084897140E-003  1.915156373609E-003
 -0.146390657883        1.76667251033        2.16000000000       0.540576675568       1.370043949586E-003  1.966898404648E-003
 -0.195187543844        2.35556334711        2.16000000000       0.542528164244       3.090624149926E-003  2.309151672784E-003
 -0.243984429805        2.94445418388        2.16000000000       0.587360124432       1.472244403776E-003  3.031819947974E-003
 -0.292781315766        3.53334502066        2.16000000000       0.520133734834       3.604590029270E-003  4.645177148246E-003
 -0.341578201726        4.12223585744        2.16000000000       0.473484709527       1.727687700232E-002  5.062743240554E-003
 -0.390375087687        4.71112669421        2.16000000000       0.415795880775       7.103850592612E-002  5.623476152410E-003
 -0.439171973648        5.30001753099        2.16000000000       0.323197427542       9.611041514219E-002  5.228540955022E-003
 -0.487968859609        5.88890836777        2.16000000000       0.202260170177       0.105145780538       5.317018030548E-003
 -0.536765745570        6.47779920454        2.16000000000       0.141266206154       5.529028534364E-002  5.935321387396E-003
   0.00000000000        0.00000000000        2.16000000000       0.531788998772      -2.740727526392E-003  1.411230355284E-003
 -0.237365478204       0.541138783933        2.16000000000       0.536266679346      -1.730104777814E-003  1.676121900696E-003
 -0.474730956408        1.08227756787        2.16000000000       0.539058153235      -8.554399708353E-005  2.156604268152E-003
 -0.712096434612        1.62341635180        2.16000000000       0.539663115455       7.791824797177E-004  2.131725457838E-003
 -0.949461912816        2.16455513573        2.16000000000       0.539353942923       9.209605753127E-003  2.230671514434E-003
  -1.18682739102        2.70569391966        2.16000000000       0.587981687689       1.511092879210E-002  4.292522131681E-003
  -1.42419286922        3.24683270360        2.16000000000       0.602674183482       4.583312552619E-002  4.389697046330E-003
  -1.66155834743        3.78797148753        2.16000000000       0.637234401718       9.641207256471E-002  3.193859250702E-003
  -1.89892382563        4.32911027146        2.16000000000       0.712832993273       5.670455110139E-002  3.267308244077E-003
  -2.13628930384        4.87024905539        2.16000000000       0.805089044936       0.545711489641       1.594609515894E-003
  -2.37365478204        5.41138783933        2.16000000000       0.267359110905       0.937950297469      -6.113310323177E-004
  -2.61102026024        5.95252662326        2.16000000000      -0.558100538413       0.156051597606      -2.315424001165E-003
   0.00000000000        0.00000000000        2.16000000000       0.531788998772      -2.740727526392E-003  1.411230355284E-003
 -0.400211837779       0.434745947216        2.16000000000       0.534350400202      -2.075945427505E-003  1.437469602275E-003
 -0.800423675558       0.869491894432        2.16000000000       0.536201939088      -9.848131354051E-004  1.845131721280E-003
  -1.20063551334        1.30423784165        2.16000000000       0.538053477974       1.063191566948E-004  2.252793840285E-003
  -1.60084735112        1.73898378886        2.16000000000       0.538863890330       4.301368378437E-003  2.199739688194E-003
  -2.00105918889        2.17372973608        2.16000000000       0.574966088985       1.646714212628E-002  3.112188271323E-003
  -2.40127102667        2.60847568330        2.16000000000       0.595603595853      -2.398955169309E-002  7.690115865091E-003
  -2.80148286445        3.04322163051        2.16000000000       0.643576842426      -5.967741425120E-002  6.061202690552E-003
  -3.20169470223        3.47796757773        2.16000000000       0.673223222933      -0.147378462509       5.105373708058E-003
  -3.60190654001        3.91271352494        2.16000000000       0.635925546109      -0.195977983019       3.155702371773E-003
  -4.00211837779        4.34745947216        2.16000000000       0.549987112506      -0.304489863720      -1.211165022910E-002
  -4.40233021557        4.78220541938        2.16000000000       0.413653962838      -0.323280985918      -1.819820084620E-002
   0.00000000000        0.00000000000        2.16000000000       0.531788998772      -2.740727526392E-003  1.411230355284E-003
 -0.519689034804       0.281241641340        2.16000000000       0.532233478091      -2.540027191707E-003  1.154640787731E-003
  -1.03937806961       0.562483282680        2.16000000000       0.532069589689      -1.784387394663E-003  1.286324974833E-003
  -1.55906710441       0.843724924020        2.16000000000       0.533214490445      -1.520180806947E-003  1.631629086840E-003
  -2.07875613922        1.12496656536        2.16000000000       0.532512122963      -1.276430236116E-003  1.119036789424E-003
  -2.59844517402        1.40620820670        2.16000000000       0.563259894006      -4.302414105951E-003  1.674932841620E-002
  -3.11813420882        1.68744984804        2.16000000000       0.565724863301      -3.396511599994E-002  1.752970431158E-002
  -3.63782324363        1.96869148938        2.16000000000       0.548495173823      -3.175218460243E-002  2.273255063882E-002
  -4.15751227843        2.24993313072        2.16000000000       0.517307694975      -3.643470861861E-002  3.068973223936E-002
  -4.67720131323        2.53117477206        2.16000000000       0.488040835649      -4.226204700502E-002  3.814341746642E-002
  -5.19689034804        2.81241641340        2.16000000000       0.418190661258      -5.049077342539E-002  3.334948153520E-002
  -5.71657938284        3.09365805474        2.16000000000       0.316907153873      -7.055562706463E-002  2.566192571911E-002
   0.00000000000        0.00000000000        2.16000000000       0.531788998772      -2.740727526392E-003  1.411230355284E-003
 -0.582849861102       9.726043971134E-002   2.16000000000       0.530624085446      -2.465478699664E-003  8.906013104886E-004
  -1.16569972220       0.194520879423        2.16000000000       0.531113872568      -2.573943342116E-003  1.149265617264E-003
  -1.74854958330       0.291781319134        2.16000000000       0.533259981079      -1.849355951443E-003  1.418839651253E-003
  -2.33139944441       0.389041758845        2.16000000000       0.530345338560      -7.654399400207E-004  9.025424333749E-004
  -2.91424930551       0.486302198557        2.16000000000       0.543026311428      -3.647277190586E-003  1.635957345481E-002
  -3.49709916661       0.583562638268        2.16000000000       0.592682610711       3.376976559178E-003  2.745729955529E-002
  -4.07994902771       0.680823077979        2.16000000000       0.594793337667       1.259930314278E-002  7.750196704722E-002
  -4.66279888881       0.778083517691        2.16000000000       0.594000167541       2.975997846361E-002  0.122540313632     
  -5.24564874991       0.875343957402        2.16000000000       0.562414661266       2.744337878790E-002  0.154925403441     
  -5.82849861102       0.972604397113        2.16000000000       0.475937139613       6.974745026700E-002  0.189284837992     
  -6.41134847212        1.06986483682        2.16000000000       0.419706530788       0.151220409975       0.342165998671     
   0.00000000000        0.00000000000        2.16000000000       0.531788998772      -2.740727526392E-003  1.411230355284E-003
 -0.582849861102      -9.726043971134E-002   2.16000000000       0.529364963097      -2.280578715592E-003  6.515768296166E-004
  -1.16569972220      -0.194520879423        2.16000000000       0.532891098279      -5.554242689858E-003  1.511593449695E-003
  -1.74854958330      -0.291781319134        2.16000000000       0.534071928159      -3.262471029791E-003  1.376171411681E-003
  -2.33139944441      -0.389041758845        2.16000000000       0.531866550167      -5.632852526741E-004  9.568416942798E-004
  -2.91424930551      -0.486302198557        2.16000000000       0.543530181385       6.318327504327E-004  1.848896978937E-002
  -3.49709916661      -0.583562638268        2.16000000000       0.582539509910      -1.516160479812E-002  2.073691964722E-002
  -4.07994902771      -0.680823077979        2.16000000000       0.605040656595      -2.132774214323E-002  4.641612471479E-002
  -4.66279888881      -0.778083517691        2.16000000000       0.584808059061      -1.942680263211E-002  9.675148655350E-002
  -5.24564874991      -0.875343957402        2.16000000000       0.532456296938      -1.806091378661E-002  0.142591645515     
  -5.82849861102      -0.972604397113        2.16000000000       0.571814121056      -6.767293685937E-002  0.208780553987     
  -6.41134847212       -1.06986483682        2.16000000000       0.784830319396      -8.789881705665E-002  0.474901905305     
   0.00000000000        0.00000000000        2.16000000000       0.531788998772      -2.740727526392E-003  1.411230355284E-003
 -0.519689034804      -0.281241641340        2.16000000000       0.528343483088      -2.127057956790E-003  5.094428438799E-004
  -1.03937806961      -0.562483282680        2.16000000000       0.532879839030      -7.026200727825E-003  1.487139752086E-003
  -1.55906710441      -0.843724924020        2.16000000000       0.535746493613      -5.297594637802E-003  1.698099461025E-003
  -2.07875613922       -1.12496656536        2.16000000000       0.536911319639       6.779104064181E-004  1.681984206947E-003
  -2.59844517402       -1.40620820670        2.16000000000       0.559850348825       4.040823662861E-003  1.338727645967E-002
  -3.11813420882       -1.68744984804        2.16000000000       0.562327122134       1.867144860157E-002  1.676493541459E-002
  -3.63782324363       -1.96869148938        2.16000000000       0.552406692444       2.724670822589E-002  2.252110582982E-002
  -4.15751227843       -2.24993313072        2.16000000000       0.527139294749       2.832580135717E-002  3.122172583419E-002
  -4.67720131323       -2.53117477206        2.16000000000       0.493405503035       3.694523548762E-002  3.725997201743E-002
  -5.19689034804       -2.81241641340        2.16000000000       0.417022030581       4.402039347497E-002  4.089011409465E-002
  -5.71657938284       -3.09365805474        2.16000000000       0.329379496052       5.238578390104E-002  3.151528735895E-002
   0.00000000000        0.00000000000        2.16000000000       0.531788998772      -2.740727526392E-003  1.411230355284E-003
 -0.400211837779      -0.434745947216        2.16000000000       0.528001806713      -1.737801705309E-003  6.182263233641E-004
 -0.800423675558      -0.869491894432        2.16000000000       0.531849202382      -2.095337334672E-003  1.103165886763E-003
  -1.20063551334       -1.30423784165        2.16000000000       0.539179354425      -6.206570092303E-003  2.553606160264E-003
  -1.60084735112       -1.73898378886        2.16000000000       0.540466895698      -2.735169101313E-004  2.228237063934E-003
  -2.00105918889       -2.17372973608        2.16000000000       0.560603442969      -2.835345667452E-002  3.904322658187E-003
  -2.40127102667       -2.60847568330        2.16000000000       0.605477637583      -6.028653683150E-004  9.360824048196E-003
  -2.80148286445       -3.04322163051        2.16000000000       0.625224721627       3.511335662562E-002  8.656102955597E-003
  -3.20169470223       -3.47796757773        2.16000000000       0.680714495224       0.112849747819       9.740134422994E-003
  -3.60190654001       -3.91271352494        2.16000000000       0.661434759681       0.182777364763       4.990447902579E-003
  -4.00211837779       -4.34745947216        2.16000000000       0.557274598445       0.298126994956      -1.489702875316E-002
  -4.40233021557       -4.78220541938        2.16000000000       0.421594417266       0.358609239219      -3.667596142152E-002
   0.00000000000        0.00000000000        2.16000000000       0.531788998772      -2.740727526392E-003  1.411230355284E-003
 -0.237365478204      -0.541138783933        2.16000000000       0.529205514067      -1.235798759143E-003  9.533332969135E-004
 -0.474730956408       -1.08227756787        2.16000000000       0.532051525159       1.517891080651E-003  1.156703617235E-003
 -0.712096434612       -1.62341635180        2.16000000000       0.536681802499      -1.171802378150E-003  1.913505802143E-003
 -0.949461912816       -2.16455513573        2.16000000000       0.542031426165      -3.703439340771E-003  2.841903521567E-003
  -1.18682739102       -2.70569391966        2.16000000000       0.582587274823      -2.745558336606E-002  7.367124464370E-003
  -1.42419286922       -3.24683270360        2.16000000000       0.597170098649      -6.980684717423E-002  6.901797206139E-003
  -1.66155834743       -3.78797148753        2.16000000000       0.619967257413      -0.107211452930       6.320498251008E-003
  -1.89892382563       -4.32911027146        2.16000000000       0.674553882595      -0.231305243604       4.424440380720E-003
  -2.13628930384       -4.87024905539        2.16000000000       0.786683526867      -0.537443774134       5.319434289668E-004
  -2.37365478204       -5.41138783933        2.16000000000       2.427021330365E-002 -0.657260178183      -3.049469182926E-003
  -2.61102026024       -5.95252662326        2.16000000000      -0.582073096167      -0.187814107441      -5.349818214266E-003
   0.00000000000        0.00000000000        2.16000000000       0.531788998772      -2.740727526392E-003  1.411230355284E-003
 -4.879688596092E-002 -0.588890836777        2.16000000000       0.530100811960      -1.032200835019E-003  1.266401940640E-003
 -9.759377192185E-002  -1.17778167355        2.16000000000       0.533001375166       4.972683487668E-004  1.501930275995E-003
 -0.146390657883       -1.76667251033        2.16000000000       0.533992265930       1.752597102572E-003  1.372881569087E-003
 -0.195187543844       -2.35556334711        2.16000000000       0.537772982099      -4.297772164202E-003  2.188350776881E-003
 -0.243984429805       -2.94445418388        2.16000000000       0.576585042077      -1.559295144567E-002  6.373082562618E-003
 -0.292781315766       -3.53334502066        2.16000000000       0.524684950983      -5.122222519059E-003  6.284924311339E-003
 -0.341578201726       -4.12223585744        2.16000000000       0.492324143660      -3.497554788740E-002  6.140950807672E-003
 -0.390375087687       -4.71112669421        2.16000000000       0.453175024669      -6.509425430193E-002  6.733616255512E-003
 -0.439171973648       -5.30001753099        2.16000000000       0.321328973768      -0.105003766948       5.355715580205E-003
 -0.487968859609       -5.88890836777        2.16000000000       0.210668447592      -0.103504033079       3.025989262879E-003
 -0.536765745570       -6.47779920454        2.16000000000       0.100244723085      -6.817589395886E-002  1.070643644747E-003
   0.00000000000        0.00000000000        2.16000000000       0.531788998772      -2.740727526392E-003  1.411230355284E-003
  0.145059606038      -0.572827429873        2.16000000000       0.530590680972      -1.149070927163E-003  1.523506409236E-003
  0.290119212075       -1.14565485975        2.16000000000       0.533488756478      -5.726295423643E-004  1.851632608227E-003
  0.435178818113       -1.71848228962        2.16000000000       0.534739500021      -5.001811397884E-004  1.840624039727E-003
  0.580238424151       -2.29130971949        2.16000000000       0.532197444310      -8.966388994614E-004  8.478327891321E-004
  0.725298030189       -2.86413714937        2.16000000000       0.596509052487       2.270973482732E-002  4.548625619809E-003
  0.870357636226       -3.43696457924        2.16000000000       0.565121965577       4.382525405328E-002  7.278334534388E-003
   1.01541724226       -4.00979200911        2.16000000000       0.548021409445       8.399718993344E-002  7.454191306116E-003
   1.16047684830       -4.58261943899        2.16000000000       0.489607732152       0.153352928998       8.498952128714E-003
   1.30553645434       -5.15544686886        2.16000000000       0.370786548986       0.276731946260       1.143631071699E-002
   1.45059606038       -5.72827429873        2.16000000000       0.169174624260       0.288981416732       1.275667651162E-002
   1.59565566642       -6.30110172861        2.16000000000       3.778695034417E-002  0.209044931592       1.102699345572E-002
   0.00000000000        0.00000000000        2.16000000000       0.531788998772      -2.740727526392E-003  1.411230355284E-003
  0.323196638891      -0.494689282610        2.16000000000       0.530622036194      -1.573744347664E-003  1.696785444142E-003
  0.646393277781      -0.989378565219        2.16000000000       0.533693166996      -1.181330515943E-003  2.245535615870E-003
  0.969589916672       -1.48406784783        2.16000000000       0.535087400179      -3.068302557449E-003  2.286360990321E-003
   1.29278655556       -1.97875713044        2.16000000000       0.534557577403      -3.818220892130E-003  1.504061582291E-003
   1.61598319445       -2.47344641305        2.16000000000       0.585989005306       2.260055029598E-003  7.925964974492E-003
   1.93917983334       -2.96813569566        2.16000000000       0.631392574716      -6.413144580241E-003  7.479925826586E-003
   2.26237647223       -3.46282497827        2.16000000000       0.660706309333       3.005466305943E-003  9.107106168109E-003
   2.58557311112       -3.95751426088        2.16000000000       0.782726223034      -2.199267968809E-002  1.375585281930E-002
   2.90876975001       -4.45220354349        2.16000000000       0.981447516133      -0.170280335007       1.888051637856E-002
   3.23196638891       -4.94689282610        2.16000000000       0.945181365059      -0.826263831513       2.327977160616E-002
   3.55516302780       -5.44158210871        2.16000000000       0.218782471784      -0.749779199609       2.379896039649E-002
   0.00000000000        0.00000000000        2.16000000000       0.531788998772      -2.740727526392E-003  1.411230355284E-003
  0.466310301007      -0.362943875680        2.16000000000       0.530400948639      -2.216838920309E-003  1.793235403092E-003
  0.932620602014      -0.725887751361        2.16000000000       0.533592455669      -1.262872376512E-003  2.640953796012E-003
   1.39893090302       -1.08883162704        2.16000000000       0.534949936439      -3.735962782377E-003  2.831671859112E-003
   1.86524120403       -1.45177550272        2.16000000000       0.531876683440      -6.402475914863E-003  2.006828434668E-003
   2.33155150503       -1.81471937840        2.16000000000       0.563792988584      -8.012902077776E-003  9.070135449270E-003
   2.79786180604       -2.17766325408        2.16000000000       0.556399591157      -3.127448816138E-002  8.925011114714E-003
   3.26417210705       -2.54060712976        2.16000000000       0.574063664818      -9.505531946655E-002  1.231294638527E-002
   3.73048240806       -2.90355100544        2.16000000000       0.565894169966      -0.139073123415       1.707951582780E-002
   4.19679270906       -3.26649488112        2.16000000000       0.534392230525      -0.167033516622       2.359752109216E-002
   4.66310301007       -3.62943875680        2.16000000000       0.465430804606      -0.215612106487       3.088026583712E-002
   5.12941331108       -3.99238263248        2.16000000000       0.391225141766      -0.238152734435       4.144010432299E-002
   0.00000000000        0.00000000000        2.16000000000       0.531788998772      -2.740727526392E-003  1.411230355284E-003
  0.558892006459      -0.191867868166        2.16000000000       0.531983622499      -2.426294806871E-003  2.043652776484E-003
   1.11778401292      -0.383735736333        2.16000000000       0.533362464261      -2.434633389025E-003  2.703370590352E-003
   1.67667601938      -0.575603604499        2.16000000000       0.533750210568      -2.815723895512E-003  2.898480793284E-003
   2.23556802584      -0.767471472666        2.16000000000       0.521766468417      -4.444754161383E-003  1.426052851817E-003
   2.79446003230      -0.959339340832        2.16000000000       0.523534569383      -8.740177475789E-003  8.083913955818E-003
   3.35335203876       -1.15120720900        2.16000000000       0.501896005410      -2.302535460173E-002  9.510735570573E-003
   3.91224404522       -1.34307507716        2.16000000000       0.478112982278      -3.478449503617E-002  1.151209327277E-002
   4.47113605168       -1.53494294533        2.16000000000       0.449738931083      -5.368608502214E-002  1.584002623885E-002
   5.03002805814       -1.72681081350        2.16000000000       0.419687783007      -6.087444338409E-002  2.194532044951E-002
   5.58892006459       -1.91867868166        2.16000000000       0.383558798773      -6.729823526705E-002  2.713625594005E-002
   6.14781207105       -2.11054654983        2.16000000000       0.337479460854      -7.213440122246E-002  3.009332854028E-002
   0.00000000000        0.00000000000        2.16000000000       0.531788998772      -2.740727526392E-003  1.411230355284E-003
  0.590909090909        0.00000000000        2.16000000000       0.534106017424      -1.962553870923E-003  2.262338890734E-003
   1.18181818182      -1.172487511250E-015   2.16000000000       0.535154817320      -1.162961018590E-003  2.833914323772E-003
   1.77272727273        0.00000000000        2.16000000000       0.530416661086      -1.288326542385E-004  2.143263015984E-003
   2.36363636364        0.00000000000        2.16000000000       0.531462957281      -1.222499901804E-003  1.405549175129E-003
   2.95454545455        0.00000000000        2.16000000000       0.512924723012       1.352379530133E-003  7.663116184186E-003
   3.54545454545        0.00000000000        2.16000000000       0.490600486317       2.042043231422E-003  1.120967547031E-002
   4.13636363636        0.00000000000        2.16000000000       0.467384874401       6.245098223637E-004  1.383309542149E-002
   4.72727272727        0.00000000000        2.16000000000       0.442446635077       3.981980586559E-003  2.033862239660E-002
   5.31818181818        0.00000000000        2.16000000000       0.415476560090       1.010256618817E-002  3.168640990268E-002
   5.90909090909        0.00000000000        2.16000000000       0.384892214419      -3.448024557068E-003  4.196831019750E-002
   6.50000000000        0.00000000000        2.16000000000       0.326081955885      -1.761053924828E-004  3.338768886173E-002
