 12 20 1 1
 1 X [LENGU]
 2 Y [LENGU]
 3 Z [LENGU]
 4 Hx [FIELU]
 5 Hy [FIELU]
 6 Hz [FIELU]
 0
   0.00000000000        0.00000000000        70.0000000000        2.95749503073      -6.907137523230E-002 -5.846441734366E-003
  0.590909090909        0.00000000000        70.0000000000        2.95822134473      -6.291695227586E-002 -4.551596147878E-003
   1.18181818182        0.00000000000        70.0000000000        2.96488186409      -4.453631834455E-002 -2.264598160239E-003
   1.77272727273        0.00000000000        70.0000000000        2.97805830559      -2.905147877612E-002  7.777327170236E-004
   2.36363636364        0.00000000000        70.0000000000        2.99266418699      -1.343113539461E-002  3.883086598459E-003
   2.95454545455        0.00000000000        70.0000000000        3.04644897482      -3.385822381494E-003  1.075164204684E-002
   3.54545454545        0.00000000000        70.0000000000        2.93012844197      -2.556895066253E-005  9.976877623199E-003
   4.13636363636        0.00000000000        70.0000000000        2.81379012392       7.583891867900E-004  8.868010700060E-003
   4.72727272727        0.00000000000        70.0000000000        2.70532858309      -4.462627294909E-004  7.654426566791E-003
   5.31818181818        0.00000000000        70.0000000000        2.56278245422      -6.340956745300E-003  9.237873096353E-003
   5.90909090909        0.00000000000        70.0000000000        2.42396708820      -6.533717431469E-003  8.104544236709E-003
   6.50000000000        0.00000000000        70.0000000000        2.28515172219      -6.726478117638E-003  6.971215377064E-003
   0.00000000000        0.00000000000        70.0000000000        2.95749503073      -6.907137523230E-002 -5.846441734366E-003
  0.558892006459       0.191867868166        70.0000000000        2.96080568398      -5.813080215494E-002 -4.098403281533E-003
   1.11778401292       0.383735736333        70.0000000000        2.97351297024      -3.646248074514E-002 -8.061813672960E-004
   1.67667601938       0.575603604499        70.0000000000        2.98984941734      -1.655218666347E-002  3.073405465586E-003
   2.23556802584       0.767471472666        70.0000000000        3.00087141039      -2.212193568613E-003  5.197833711136E-003
   2.79446003230       0.959339340832        70.0000000000        3.10599561044       6.478986397599E-002  8.746750072907E-003
   3.35335203876        1.15120720900        70.0000000000        3.02220614016       0.207881331306       1.094985614216E-002
   3.91224404522        1.34307507716        70.0000000000        2.95166116126       0.301585505319       1.187670255533E-002
   4.47113605168        1.53494294533        70.0000000000        2.87351433051       0.398128611573       1.200272234404E-002
   5.03002805814        1.72681081350        70.0000000000        2.58813167267       0.443602389821       1.027443946428E-002
   5.58892006459        1.91867868166        70.0000000000        2.35095430289       0.425034842196       1.886065453585E-002
   6.14781207105        2.11054654983        70.0000000000        2.13660392202       0.446591251302       4.311438458297E-002
   0.00000000000        0.00000000000        70.0000000000        2.95749503073      -6.907137523230E-002 -5.846441734366E-003
  0.466310301007       0.362943875680        70.0000000000        2.96247757502      -5.589381238512E-002 -3.927903030048E-003
  0.932620602014       0.725887751361        70.0000000000        2.97855273548      -3.272248546537E-002 -1.947823253831E-004
   1.39893090302        1.08883162704        70.0000000000        2.99080225120      -1.337305867139E-002  3.184168539483E-003
   1.86524120403        1.45177550272        70.0000000000        2.99843755743       2.171461217744E-003  5.954839622124E-003
   2.33155150503        1.81471937840        70.0000000000        3.34145472091       5.219584041998E-002  7.323804936425E-003
   2.79786180604        2.17766325408        70.0000000000        3.28930986729       0.246008773678       1.028978054671E-002
   3.26417210705        2.54060712976        70.0000000000        3.26462581435       0.408724490279       1.155575782752E-002
   3.73048240806        2.90355100544        70.0000000000        3.22765966146       0.795961135826       1.095941014553E-002
   4.19679270906        3.26649488112        70.0000000000        3.15451556966        1.20217739926      -1.729158938487E-002
   4.66310301007        3.62943875680        70.0000000000        2.98083068223        1.61821105603      -3.683903428293E-002
   5.12941331108        3.99238263248        70.0000000000        2.46025357575        1.57338398781      -3.189311272272E-002
   0.00000000000        0.00000000000        70.0000000000        2.95749503073      -6.907137523230E-002 -5.846441734366E-003
  0.323196638891       0.494689282610        70.0000000000        2.96305584253      -5.644839551846E-002 -4.058571741256E-003
  0.646393277781       0.989378565219        70.0000000000        2.97945502305      -3.372161902581E-002 -4.966556075254E-004
  0.969589916672        1.48406784783        70.0000000000        2.98940038878      -1.588552253404E-002  2.395085919283E-003
   1.29278655556        1.97875713044        70.0000000000        2.99627614751      -6.424151108716E-003  5.132353664690E-003
   1.61598319445        2.47344641305        70.0000000000        3.47140134861      -5.520153782268E-002  4.154642206576E-003
   1.93917983334        2.96813569566        70.0000000000        3.65939405994      -9.443186188244E-002  3.051061102680E-003
   2.26237647223        3.46282497827        70.0000000000        4.01467413950      -9.957736780485E-002 -3.001589300000E-004
   2.58557311112        3.95751426088        70.0000000000        4.80884689674       0.112739512742      -2.076345876515E-003
   2.90876975001        4.45220354349        70.0000000000        5.85866268122       0.903735864828       8.133754117349E-003
   3.23196638891        4.94689282610        70.0000000000        5.47915180846        5.18979008554       3.689677373544E-003
   3.55516302780        5.44158210871        70.0000000000        1.71678068555        4.19505060420       3.308910023548E-004
   0.00000000000        0.00000000000        70.0000000000        2.95749503073      -6.907137523230E-002 -5.846441734366E-003
  0.145059606038       0.572827429873        70.0000000000        2.96247782223      -5.973445386719E-002 -4.476249432763E-003
  0.290119212075        1.14565485975        70.0000000000        2.97612205610      -3.935160980203E-002 -1.679088559556E-003
  0.435178818113        1.71848228962        70.0000000000        2.98579574361      -2.381731380701E-002  7.916669507633E-004
  0.580238424151        2.29130971949        70.0000000000        2.99331431079      -4.278416281127E-002  3.324150771612E-004
  0.725298030189        2.86413714937        70.0000000000        3.48579269005      -0.153370212674      -4.549415081496E-004
  0.870357636226        3.43696457924        70.0000000000        3.57614627366      -0.249259363743      -2.630180183302E-003
   1.01541724226        4.00979200911        70.0000000000        3.21583722011      -0.597226784750      -7.619739785326E-003
   1.16047684830        4.58261943899        70.0000000000        2.93571795902       -1.10528348263      -1.183829053723E-003
   1.30553645434        5.15544686886        70.0000000000        2.30425078804       -1.70104037728      -1.275200683956E-002
   1.45059606038        5.72827429873        70.0000000000        1.09822251701       -1.74839742001      -2.865437511742E-002
   1.59565566642        6.30110172861        70.0000000000       3.474121004456E-002  -1.25691671513      -1.483681901038E-002
   0.00000000000        0.00000000000        70.0000000000        2.95749503073      -6.907137523230E-002 -5.846441734366E-003
 -4.879688596092E-002  0.588890836777        70.0000000000        2.96080615161      -6.539589202080E-002 -5.135674245757E-003
 -9.759377192185E-002   1.17778167355        70.0000000000        2.96922671665      -4.913725929369E-002 -3.564249900503E-003
 -0.146390657883        1.76667251033        70.0000000000        2.98037893494      -3.630889983144E-002 -1.452333041229E-003
 -0.195187543844        2.35556334711        70.0000000000        2.98670479950      -6.576816511286E-002 -3.689402914203E-003
 -0.243984429805        2.94445418388        70.0000000000        3.49036948539       6.838391623703E-002 -8.109689847357E-003
 -0.292781315766        3.53334502066        70.0000000000        3.61862986741       0.199356000468      -2.804250860392E-003
 -0.341578201726        4.12223585744        70.0000000000        3.19301905722       0.212023254071      -3.008905581549E-003
 -0.390375087687        4.71112669421        70.0000000000        2.70113026551       0.385973242414      -1.072260507976E-003
 -0.439171973648        5.30001753099        70.0000000000        1.97799386330       0.471756722489       7.566019871621E-004
 -0.487968859609        5.88890836777        70.0000000000        1.30903162238       0.597991404077       5.671506478124E-003
 -0.536765745570        6.47779920454        70.0000000000       0.805441106069       0.541298796296       5.484112689334E-003
   0.00000000000        0.00000000000        70.0000000000        2.95749503073      -6.907137523230E-002 -5.846441734366E-003
 -0.237365478204       0.541138783933        70.0000000000        2.96157647208      -6.455802313192E-002 -5.400342478992E-003
 -0.474730956408        1.08227756787        70.0000000000        2.96565791344      -6.004467103154E-002 -4.954243223618E-003
 -0.712096434612        1.62341635180        70.0000000000        2.96989477317      -5.514856643139E-002 -4.481964627140E-003
 -0.949461912816        2.16455513573        70.0000000000        2.97683259101      -5.430994663931E-002 -4.273343447780E-003
  -1.18682739102        2.70569391966        70.0000000000        3.46679498456       0.113791617972      -9.349979838579E-003
  -1.42419286922        3.24683270360        70.0000000000        3.60383666043       0.325578172568      -5.592467851050E-003
  -1.66155834743        3.78797148753        70.0000000000        3.76209164143       0.567775943476      -1.870900957394E-003
  -1.89892382563        4.32911027146        70.0000000000        4.14897171871        1.21047003849      -3.851315285318E-005
  -2.13628930384        4.87024905539        70.0000000000        5.01027998526        3.25193470506       6.758718522330E-004
  -2.37365478204        5.41138783933        70.0000000000        1.27640892634        5.20699691105       1.747012653381E-003
  -2.61102026024        5.95252662326        70.0000000000       -3.03586747487       0.946483065271       3.350033045406E-003
   0.00000000000        0.00000000000        70.0000000000        2.95749503073      -6.907137523230E-002 -5.846441734366E-003
 -0.400211837779       0.434745947216        70.0000000000        2.96370327631      -5.977936926432E-002 -5.410359683676E-003
 -0.800423675558       0.869491894432        70.0000000000        2.96991152190      -5.048736329634E-002 -4.974277632987E-003
  -1.20063551334        1.30423784165        70.0000000000        2.97611976749      -4.119535732837E-002 -4.538195582297E-003
  -1.60084735112        1.73898378886        70.0000000000        2.98069846807      -3.840097062265E-002 -3.660109401788E-003
  -2.00105918889        2.17372973608        70.0000000000        3.22849229171       0.214044208108      -2.949330067348E-003
  -2.40127102667        2.60847568330        70.0000000000        3.53168269168      -0.154368063291      -1.256088291808E-002
  -2.80148286445        3.04322163051        70.0000000000        3.59573529886      -0.377352577651      -1.156930392506E-002
  -3.20169470223        3.47796757773        70.0000000000        3.84047748281      -0.705446539541      -1.800020448724E-002
  -3.60190654001        3.91271352494        70.0000000000        3.91800689389       -1.47299232648      -1.705544435247E-003
  -4.00211837779        4.34745947216        70.0000000000        3.65457255213       -2.28346305405       9.649686008052E-003
  -4.40233021557        4.78220541938        70.0000000000        2.92738893813       -2.29527861924       7.992309619086E-003
   0.00000000000        0.00000000000        70.0000000000        2.95749503073      -6.907137523230E-002 -5.846441734366E-003
 -0.519689034804       0.281241641340        70.0000000000        2.96887708369      -5.164869447926E-002 -4.848454683075E-003
  -1.03937806961       0.562483282680        70.0000000000        2.98486480239      -2.882892648317E-002 -3.083824941592E-003
  -1.55906710441       0.843724924020        70.0000000000        2.99679940197      -1.198419059870E-002 -1.803358120028E-003
  -2.07875613922        1.12496656536        70.0000000000        2.99370844520      -2.022502782571E-002 -2.498876590356E-003
  -2.59844517402        1.40620820670        70.0000000000        3.20668654665      -6.898965865542E-002 -1.050624808663E-002
  -3.11813420882        1.68744984804        70.0000000000        3.10312762273      -0.246775292631      -6.823984673311E-003
  -3.63782324363        1.96869148938        70.0000000000        2.99956869882      -0.424560926607      -3.141721259990E-003
  -4.15751227843        2.24993313072        70.0000000000        2.89600977491      -0.602346560583       5.405421533300E-004
  -4.67720131323        2.53117477206        70.0000000000        2.78745766620      -0.729076437548       2.209702329595E-003
  -5.19689034804        2.81241641340        70.0000000000        2.48607150663      -0.919138844908       8.507279701805E-003
  -5.71657938284        3.09365805474        70.0000000000        2.18115812551       -1.10810746158      -1.880904323259E-003
   0.00000000000        0.00000000000        70.0000000000        2.95749503073      -6.907137523230E-002 -5.846441734366E-003
 -0.582849861102       9.726043971134E-002   70.0000000000        2.97807610164      -3.924377981168E-002 -3.519363835109E-003
  -1.16569972220       0.194520879423        70.0000000000        3.00391785814      -6.176734414328E-003 -3.626950002951E-004
  -1.74854958330       0.291781319134        70.0000000000        3.01531938460       7.032461424058E-003  1.076026867865E-003
  -2.33139944441       0.389041758845        70.0000000000        3.02260430854       1.316090030273E-002  1.589378100164E-003
  -2.91424930551       0.486302198557        70.0000000000        3.03957054220      -6.089967745495E-002 -1.015870586710E-002
  -3.49709916661       0.583562638268        70.0000000000        2.91961753831      -0.112799030290      -9.150140142727E-003
  -4.07994902771       0.680823077979        70.0000000000        2.79966453442      -0.164698383125      -8.141574418354E-003
  -4.66279888881       0.778083517691        70.0000000000        2.67871662736      -0.192087628459      -8.340262513253E-003
  -5.24564874991       0.875343957402        70.0000000000        2.53374868187      -0.185988963435      -9.113693146173E-003
  -5.82849861102       0.972604397113        70.0000000000        2.37788885020      -0.186143953848      -9.240157775617E-003
  -6.41134847212        1.06986483682        70.0000000000        2.19681515807      -0.182805323946      -1.034469537111E-002
   0.00000000000        0.00000000000        70.0000000000        2.95749503073      -6.907137523230E-002 -5.846441734366E-003
 -0.582849861102      -9.726043971134E-002   70.0000000000        2.98465517717      -3.101647310728E-002 -2.515009128758E-003
  -1.16569972220      -0.194520879423        70.0000000000        3.01889820698      -6.608176545013E-003  1.767824733265E-003
  -1.74854958330      -0.291781319134        70.0000000000        3.02926835889       2.758333693759E-003  3.113994835293E-003
  -2.33139944441      -0.389041758845        70.0000000000        3.03904174801       2.368332917627E-002  4.395732600646E-003
  -2.91424930551      -0.486302198557        70.0000000000        3.05383213589       3.993627856202E-002 -5.042676109910E-003
  -3.49709916661      -0.583562638268        70.0000000000        2.94101316363       8.920829882625E-002 -5.034606615163E-003
  -4.07994902771      -0.680823077979        70.0000000000        2.82698962122       0.110662097660      -5.513141017837E-003
  -4.66279888881      -0.778083517691        70.0000000000        2.70285994455       0.146272586635      -6.165411230761E-003
  -5.24564874991      -0.875343957402        70.0000000000        2.57513019628       0.176224425318      -6.461714580770E-003
  -5.82849861102      -0.972604397113        70.0000000000        2.42333958677       0.204036737792      -8.623370399796E-003
  -6.41134847212       -1.06986483682        70.0000000000        2.19478737880       0.209932476476      -1.499410195213E-002
   0.00000000000        0.00000000000        70.0000000000        2.95749503073      -6.907137523230E-002 -5.846441734366E-003
 -0.519689034804      -0.281241641340        70.0000000000        2.98949028209      -3.309222702035E-002 -1.791531049371E-003
  -1.03937806961      -0.562483282680        70.0000000000        3.02611121348      -1.303570227858E-002  2.295259213317E-003
  -1.55906710441      -0.843724924020        70.0000000000        3.04165121083      -4.575919900448E-003  3.883595653727E-003
  -2.07875613922       -1.12496656536        70.0000000000        3.04852169191       1.539909601890E-002  6.012630083584E-003
  -2.59844517402       -1.40620820670        70.0000000000        3.20296583117       6.860878899415E-002 -2.990710292050E-003
  -3.11813420882       -1.68744984804        70.0000000000        3.10836602170       0.160111662778      -2.468353885225E-003
  -3.63782324363       -1.96869148938        70.0000000000        2.99685269121       0.324804287817       8.016415455229E-005
  -4.15751227843       -2.24993313072        70.0000000000        2.89299465650       0.496521132422       2.594790151697E-003
  -4.67720131323       -2.53117477206        70.0000000000        2.77082994278       0.719035658378       2.208454510982E-003
  -5.19689034804       -2.81241641340        70.0000000000        2.47594941365       0.901010284968      -1.615946809056E-002
  -5.71657938284       -3.09365805474        70.0000000000        2.03052022260        1.08464112627      -3.916986234626E-002
   0.00000000000        0.00000000000        70.0000000000        2.95749503073      -6.907137523230E-002 -5.846441734366E-003
 -0.400211837779      -0.434745947216        70.0000000000        2.98979855350      -3.780526426505E-002 -1.644413262009E-003
 -0.800423675558      -0.869491894432        70.0000000000        3.03386025759      -1.590332070934E-002  2.439246413414E-003
  -1.20063551334       -1.30423784165        70.0000000000        3.04882791780      -1.635258684119E-002  3.474117930965E-003
  -1.60084735112       -1.73898378886        70.0000000000        3.05285912304      -2.483767208771E-003  4.233682547781E-003
  -2.00105918889       -2.17372973608        70.0000000000        3.29605196645      -5.724190322348E-002 -3.420245714672E-003
  -2.40127102667       -2.60847568330        70.0000000000        3.62444369900       0.229442996579      -6.267127947025E-004
  -2.80148286445       -3.04322163051        70.0000000000        3.78120943569       0.494907737501      -4.356560705757E-004
  -3.20169470223       -3.47796757773        70.0000000000        3.93574975028       0.722936042058       2.349025769524E-004
  -3.60190654001       -3.91271352494        70.0000000000        3.93297394666        1.46744922180       1.608407609845E-002
  -4.00211837779       -4.34745947216        70.0000000000        3.57479868778        2.18303121647       7.293441307414E-002
  -4.40233021557       -4.78220541938        70.0000000000        3.10297181958        2.34017932855       7.737576597681E-003
   0.00000000000        0.00000000000        70.0000000000        2.95749503073      -6.907137523230E-002 -5.846441734366E-003
 -0.237365478204      -0.541138783933        70.0000000000        2.98554658541      -4.464485412561E-002 -2.089598261700E-003
 -0.474730956408       -1.08227756787        70.0000000000        3.01195615721      -0.103428448046       7.552654805283E-004
 -0.712096434612       -1.62341635180        70.0000000000        3.03935543190      -6.825991643289E-002  1.945102688404E-003
 -0.949461912816       -2.16455513573        70.0000000000        3.02008723693      -0.184350455995      -5.511243472335E-003
  -1.18682739102       -2.70569391966        70.0000000000        3.42055861447      -0.101330916565      -1.085102769017E-003
  -1.42419286922       -3.24683270360        70.0000000000        3.55426468050      -0.170404568645      -3.899960190346E-003
  -1.66155834743       -3.78797148753        70.0000000000        3.69950433390      -0.578508863676      -2.233532062209E-003
  -1.89892382563       -4.32911027146        70.0000000000        4.04256992063      -0.983105144098       5.761938314134E-004
  -2.13628930384       -4.87024905539        70.0000000000        4.77262710231       -3.20612330479      -8.863779091974E-004
  -2.37365478204       -5.41138783933        70.0000000000       0.395166187848       -7.79019274318      -2.648866034915E-003
  -2.61102026024       -5.95252662326        70.0000000000       -2.91041327381      -0.926645193585      -4.049552501158E-003
   0.00000000000        0.00000000000        70.0000000000        2.95749503073      -6.907137523230E-002 -5.846441734366E-003
 -4.879688596092E-002 -0.588890836777        70.0000000000        2.97719514455      -5.286982091348E-002 -3.078843345970E-003
 -9.759377192185E-002  -1.17778167355        70.0000000000        2.96668564400      -0.252796277591      -2.369346226518E-003
 -0.146390657883       -1.76667251033        70.0000000000        2.97406108847      -0.272170557891      -2.185489294119E-003
 -0.195187543844       -2.35556334711        70.0000000000        2.97906756937      -0.388684667462      -1.968252164800E-002
 -0.243984429805       -2.94445418388        70.0000000000        3.43480498582      -4.971413586176E-002 -1.008495500361E-003
 -0.292781315766       -3.53334502066        70.0000000000        3.43622080268       4.488185570760E-002 -2.918813968984E-003
 -0.341578201726       -4.12223585744        70.0000000000        3.13413169986      -0.206632006886      -2.436303870871E-003
 -0.390375087687       -4.71112669421        70.0000000000        2.62343998043      -0.293325758059      -2.762652662868E-003
 -0.439171973648       -5.30001753099        70.0000000000        1.95472486565      -0.488101810587       9.360193911766E-003
 -0.487968859609       -5.88890836777        70.0000000000        1.28358978341      -0.612068519418       9.346753197895E-003
 -0.536765745570       -6.47779920454        70.0000000000       0.731087425175      -0.426001143253       1.736122446870E-002
   0.00000000000        0.00000000000        70.0000000000        2.95749503073      -6.907137523230E-002 -5.846441734366E-003
  0.145059606038      -0.572827429873        70.0000000000        2.96564923911      -6.158886185367E-002 -4.504948460220E-003
  0.290119212075       -1.14565485975        70.0000000000        2.93215240368      -0.327846099425      -4.302367595474E-003
  0.435178818113       -1.71848228962        70.0000000000        2.90861693785      -0.334371694696      -1.939697635757E-003
  0.580238424151       -2.29130971949        70.0000000000        2.94194718447      -0.247193749684      -7.697539363781E-003
  0.725298030189       -2.86413714937        70.0000000000        3.53702452085       7.533692385548E-002 -2.621141665534E-003
  0.870357636226       -3.43696457924        70.0000000000        3.48578565422       0.416319852884       4.551135276486E-003
   1.01541724226       -4.00979200911        70.0000000000        3.48190791012       0.753564026778      -1.446159829440E-003
   1.16047684830       -4.58261943899        70.0000000000        3.09391457324       0.927604761271      -2.223285456577E-003
   1.30553645434       -5.15544686886        70.0000000000        2.24143341027        1.64645627060      -3.227122916700E-003
   1.45059606038       -5.72827429873        70.0000000000        1.08031898832        1.74181201246       9.876023276756E-003
   1.59565566642       -6.30110172861        70.0000000000       0.111565089032        1.29957454240       5.562466133229E-003
   0.00000000000        0.00000000000        70.0000000000        2.95749503073      -6.907137523230E-002 -5.846441734366E-003
  0.323196638891      -0.494689282610        70.0000000000        2.95358235881      -7.454223243398E-002 -6.076687012310E-003
  0.646393277781      -0.989378565219        70.0000000000        2.96045081928      -0.128987740617      -4.661246325856E-003
  0.969589916672       -1.48406784783        70.0000000000        2.93299213038      -0.182039155887      -4.316385153088E-003
   1.29278655556       -1.97875713044        70.0000000000        2.92376930319      -7.911794718595E-002 -3.606339320584E-003
   1.61598319445       -2.47344641305        70.0000000000        3.51062744988       8.654941069616E-003  1.239234965939E-002
   1.93917983334       -2.96813569566        70.0000000000        3.69062802866      -0.198441182825       8.205552877845E-003
   2.26237647223       -3.46282497827        70.0000000000        3.83308375181      -0.230705856439       3.889070222696E-003
   2.58557311112       -3.95751426088        70.0000000000        4.56800269779      -3.517858710464E-002  3.572943137236E-003
   2.90876975001       -4.45220354349        70.0000000000        5.89915996762       -1.03923841450       1.527213854400E-002
   3.23196638891       -4.94689282610        70.0000000000        5.79908044489       -4.54590526586       2.461320441831E-002
   3.55516302780       -5.44158210871        70.0000000000        1.91994826666       -4.33418912827       3.182662947357E-002
   0.00000000000        0.00000000000        70.0000000000        2.95749503073      -6.907137523230E-002 -5.846441734366E-003
  0.466310301007      -0.362943875680        70.0000000000        2.95150406444      -7.784208213980E-002 -6.084305560016E-003
  0.932620602014      -0.725887751361        70.0000000000        2.95135853184      -7.439282807810E-002 -5.511151150738E-003
   1.39893090302       -1.08883162704        70.0000000000        2.95358883580      -7.100420050953E-002 -4.716242539496E-003
   1.86524120403       -1.45177550272        70.0000000000        2.93641916100      -5.113160018956E-002 -6.034989937060E-004
   2.33155150503       -1.81471937840        70.0000000000        3.39246097112      -5.202881821385E-002  1.378838442249E-002
   2.79786180604       -2.17766325408        70.0000000000        3.45821670157      -0.241045814325       1.218865659405E-002
   3.26417210705       -2.54060712976        70.0000000000        3.42261574781      -0.435981929458       1.347242025550E-002
   3.73048240806       -2.90355100544        70.0000000000        3.30019933620      -0.691152496308       1.698176025016E-002
   4.19679270906       -3.26649488112        70.0000000000        3.19407922598       -1.21230729377       2.813254801127E-002
   4.66310301007       -3.62943875680        70.0000000000        2.95382054165       -1.56215335304       3.979196386442E-002
   5.12941331108       -3.99238263248        70.0000000000        2.43516497187       -1.61469551110       4.445874399075E-002
   0.00000000000        0.00000000000        70.0000000000        2.95749503073      -6.907137523230E-002 -5.846441734366E-003
  0.558892006459      -0.191867868166        70.0000000000        2.95500461053      -6.973360911752E-002 -5.238371150003E-003
   1.11778401292      -0.383735736333        70.0000000000        2.95762363448      -5.781269348714E-002 -3.769643708997E-003
   1.67667601938      -0.575603604499        70.0000000000        2.96525840448      -4.836689665291E-002 -2.639201951396E-003
   2.23556802584      -0.767471472666        70.0000000000        2.96586619636      -3.245786747022E-002  8.020716127378E-004
   2.79446003230      -0.959339340832        70.0000000000        3.11677150765      -8.271441189760E-002  1.122489709021E-002
   3.35335203876       -1.15120720900        70.0000000000        3.02528076046      -0.149689154293       1.538428467114E-002
   3.91224404522       -1.34307507716        70.0000000000        3.10463987672      -0.207727584814       1.073444536228E-002
   4.47113605168       -1.53494294533        70.0000000000        2.95616713108      -0.418339885688       1.307315136972E-002
   5.03002805814       -1.72681081350        70.0000000000        2.61631410172      -0.432789076923       8.489660986740E-003
   5.58892006459       -1.91867868166        70.0000000000        2.38793222741      -0.421053476565       2.121302269952E-002
   6.14781207105       -2.11054654983        70.0000000000        2.11952678160      -0.419545891060       1.288385053099E-002
   0.00000000000        0.00000000000        70.0000000000        2.95749503073      -6.907137523230E-002 -5.846441734366E-003
  0.590909090909        0.00000000000        70.0000000000        2.95822134473      -6.291695227586E-002 -4.551596147878E-003
   1.18181818182      -1.172487511250E-015   70.0000000000        2.96488186409      -4.453631834455E-002 -2.264598160239E-003
   1.77272727273        0.00000000000        70.0000000000        2.97805830559      -2.905147877612E-002  7.777327170236E-004
   2.36363636364        0.00000000000        70.0000000000        2.99266418699      -1.343113539461E-002  3.883086598459E-003
   2.95454545455        0.00000000000        70.0000000000        3.04644897482      -3.385822381494E-003  1.075164204684E-002
   3.54545454545        0.00000000000        70.0000000000        2.93012844197      -2.556895066253E-005  9.976877623199E-003
   4.13636363636        0.00000000000        70.0000000000        2.81379012392       7.583891867900E-004  8.868010700060E-003
   4.72727272727        0.00000000000        70.0000000000        2.70532858309      -4.462627294909E-004  7.654426566791E-003
   5.31818181818        0.00000000000        70.0000000000        2.56278245422      -6.340956745300E-003  9.237873096353E-003
   5.90909090909        0.00000000000        70.0000000000        2.42396708820      -6.533717431469E-003  8.104544236709E-003
   6.50000000000        0.00000000000        70.0000000000        2.28515172219      -6.726478117638E-003  6.971215377064E-003
