 12 20 1 1
 1 X [LENGU]
 2 Y [LENGU]
 3 Z [LENGU]
 4 Hx [FIELU]
 5 Hy [FIELU]
 6 Hz [FIELU]
 0
   0.00000000000        0.00000000000       -2.16000000000       0.239762368855      -8.343162340125E-004  1.989192523989E-003
  0.590909090909        0.00000000000       -2.16000000000       0.241045950412      -1.155660906158E-003  2.237649201549E-003
   1.18181818182        0.00000000000       -2.16000000000       0.241782770970      -7.678998306221E-004  2.780606320512E-003
   1.77272727273        0.00000000000       -2.16000000000       0.239997592416      -4.350143550313E-004  2.694432270802E-003
   2.36363636364        0.00000000000       -2.16000000000       0.239355536526      -4.784871861592E-004  1.999644465902E-003
   2.95454545455        0.00000000000       -2.16000000000       0.214534633245       7.685528795412E-004  6.755942982439E-003
   3.54545454545        0.00000000000       -2.16000000000       0.205332641330      -2.892624022426E-003  7.413529822250E-003
   4.13636363636        0.00000000000       -2.16000000000       0.196128720444      -2.273191442225E-003  8.172299031310E-003
   4.72727272727        0.00000000000       -2.16000000000       0.186868405616       1.019181067365E-004  8.930424132493E-003
   5.31818181818        0.00000000000       -2.16000000000       0.178655929169       2.240873980869E-004  9.300935747624E-003
   5.90909090909        0.00000000000       -2.16000000000       0.172691051438      -1.539705418111E-004  1.013314448170E-002
   6.50000000000        0.00000000000       -2.16000000000       0.164798174357       2.346244197735E-003  1.040578499346E-002
   0.00000000000        0.00000000000       -2.16000000000       0.239762368855      -8.343162340125E-004  1.989192523989E-003
  0.558892006459       0.191867868166       -2.16000000000       0.241880366368      -9.920352361371E-004  2.230631337389E-003
   1.11778401292       0.383735736333       -2.16000000000       0.242476975055      -4.730632889402E-004  2.511010877289E-003
   1.67667601938       0.575603604499       -2.16000000000       0.240181356651       2.606200423833E-007  2.089073207876E-003
   2.23556802584       0.767471472666       -2.16000000000       0.237767651538       1.313506312694E-003  1.555786536043E-003
   2.79446003230       0.959339340832       -2.16000000000       0.220364985842       1.511781474356E-003  6.584714821976E-003
   3.35335203876        1.15120720900       -2.16000000000       0.208870034964       1.190334511326E-002  7.218465837848E-003
   3.91224404522        1.34307507716       -2.16000000000       0.201792466819       1.806441364044E-002  7.947870349916E-003
   4.47113605168        1.53494294533       -2.16000000000       0.193506996978       2.274555452584E-002  8.815411183802E-003
   5.03002805814        1.72681081350       -2.16000000000       0.182586956620       2.843173527225E-002  1.030546679266E-002
   5.58892006459        1.91867868166       -2.16000000000       0.169615462577       3.178200546655E-002  1.184702461576E-002
   6.14781207105        2.11054654983       -2.16000000000       0.155625399987       2.968128132085E-002  1.430227875188E-002
   0.00000000000        0.00000000000       -2.16000000000       0.239762368855      -8.343162340125E-004  1.989192523989E-003
  0.466310301007       0.362943875680       -2.16000000000       0.242392866396      -7.927041067450E-004  2.269870464891E-003
  0.932620602014       0.725887751361       -2.16000000000       0.242854898656      -9.207008872498E-005  2.264426566757E-003
   1.39893090302        1.08883162704       -2.16000000000       0.240987075718       9.028397772163E-004  1.981185313879E-003
   1.86524120403        1.45177550272       -2.16000000000       0.238053920834       2.233025992921E-003  1.539924557601E-003
   2.33155150503        1.81471937840       -2.16000000000       0.242686849336      -4.077885095408E-003  4.529219252331E-003
   2.79786180604        2.17766325408       -2.16000000000       0.245279101063       1.831190443691E-002  6.464203983379E-003
   3.26417210705        2.54060712976       -2.16000000000       0.247209197152       5.127940634519E-002  7.128882944304E-003
   3.73048240806        2.90355100544       -2.16000000000       0.237382269203       5.940429520281E-002  7.501577686108E-003
   4.19679270906        3.26649488112       -2.16000000000       0.224311907147       6.890379410884E-002  7.616807286964E-003
   4.66310301007        3.62943875680       -2.16000000000       0.207531529698       9.431113665550E-002  8.566701167394E-003
   5.12941331108        3.99238263248       -2.16000000000       0.182681433927       0.111741729890       8.854917649419E-003
   0.00000000000        0.00000000000       -2.16000000000       0.239762368855      -8.343162340125E-004  1.989192523989E-003
  0.323196638891       0.494689282610       -2.16000000000       0.242515584683      -5.702888540559E-004  2.361344215754E-003
  0.646393277781       0.989378565219       -2.16000000000       0.242156497617       6.998693779413E-004  2.131851665381E-003
  0.969589916672        1.48406784783       -2.16000000000       0.241834564948       1.650049300456E-003  2.039449609967E-003
   1.29278655556        1.97875713044       -2.16000000000       0.240452468375       1.760802950836E-003  1.803180225101E-003
   1.61598319445        2.47344641305       -2.16000000000       0.253715454700      -1.345756990152E-002  3.042551758061E-003
   1.93917983334        2.96813569566       -2.16000000000       0.267472730896      -1.932651695127E-002  4.636127854747E-003
   2.26237647223        3.46282497827       -2.16000000000       0.286722492055      -1.732009795966E-002  6.967612009562E-003
   2.58557311112        3.95751426088       -2.16000000000       0.340420736320       8.965916647252E-005  8.626339708098E-003
   2.90876975001        4.45220354349       -2.16000000000       0.422280593089       7.269789250925E-002  9.987674910136E-003
   3.23196638891        4.94689282610       -2.16000000000       0.398812252540       0.333235219007       1.231340290813E-002
   3.55516302780        5.44158210871       -2.16000000000       0.109356093543       0.319938840878       1.247446689858E-002
   0.00000000000        0.00000000000       -2.16000000000       0.239762368855      -8.343162340125E-004  1.989192523989E-003
  0.145059606038       0.572827429873       -2.16000000000       0.242332284127      -4.195849398680E-004  2.414601447089E-003
  0.290119212075        1.14565485975       -2.16000000000       0.241807757923       1.014316352932E-003  2.227529004066E-003
  0.435178818113        1.71848228962       -2.16000000000       0.242829616396       1.065003246187E-003  2.133552307357E-003
  0.580238424151        2.29130971949       -2.16000000000       0.243184027566       1.698972873574E-003  2.163507291468E-003
  0.725298030189        2.86413714937       -2.16000000000       0.262865276463      -1.837962412324E-002  2.301000699020E-003
  0.870357636226        3.43696457924       -2.16000000000       0.256588693787      -2.807887927340E-002  5.816393691724E-003
   1.01541724226        4.00979200911       -2.16000000000       0.243992385489      -4.121404362092E-002  8.120240838535E-003
   1.16047684830        4.58261943899       -2.16000000000       0.220335717485      -9.781092698089E-002  1.189627588044E-002
   1.30553645434        5.15544686886       -2.16000000000       0.165008635649      -0.116529620735       1.559540504878E-002
   1.45059606038        5.72827429873       -2.16000000000       7.996549322358E-002 -0.122042788098       2.054358160534E-002
   1.59565566642        6.30110172861       -2.16000000000       2.446619320264E-002 -7.297796338045E-002  2.901538083569E-002
   0.00000000000        0.00000000000       -2.16000000000       0.239762368855      -8.343162340125E-004  1.989192523989E-003
 -4.879688596092E-002  0.588890836777       -2.16000000000       0.241862828187      -3.569234716957E-004  2.423870911507E-003
 -9.759377192185E-002   1.17778167355       -2.16000000000       0.241688858987       9.786398937505E-004  2.399696593059E-003
 -0.146390657883        1.76667251033       -2.16000000000       0.242908417757       9.192634252774E-004  2.348339836573E-003
 -0.195187543844        2.35556334711       -2.16000000000       0.243607131665       1.929735613099E-003  2.286510567574E-003
 -0.243984429805        2.94445418388       -2.16000000000       0.262426633371      -6.028894055011E-003  4.059425981574E-003
 -0.292781315766        3.53334502066       -2.16000000000       0.222864893698      -8.463445286929E-004  5.685625853027E-003
 -0.341578201726        4.12223585744       -2.16000000000       0.214050017954       1.853937848914E-002  8.131280419462E-003
 -0.390375087687        4.71112669421       -2.16000000000       0.179810013100       2.671224305282E-002  1.365847195949E-002
 -0.439171973648        5.30001753099       -2.16000000000       0.147410797171       3.934635835090E-002  1.749389181499E-002
 -0.487968859609        5.88890836777       -2.16000000000       9.700498503533E-002  3.860086574297E-002  2.429903048768E-002
 -0.536765745570        6.47779920454       -2.16000000000       4.801281074864E-002  4.853159312944E-002  2.859608876969E-002
   0.00000000000        0.00000000000       -2.16000000000       0.239762368855      -8.343162340125E-004  1.989192523989E-003
 -0.237365478204       0.541138783933       -2.16000000000       0.241158089698      -3.890947919085E-004  2.388148118710E-003
 -0.474730956408        1.08227756787       -2.16000000000       0.241792701696       6.171756574195E-004  2.611770038905E-003
 -0.712096434612        1.62341635180       -2.16000000000       0.242316963452       1.065075164691E-003  2.600286207135E-003
 -0.949461912816        2.16455513573       -2.16000000000       0.240850323587       1.005253128009E-002  2.353228835449E-003
  -1.18682739102        2.70569391966       -2.16000000000       0.265312349580       1.959643398083E-003  4.257259110114E-003
  -1.42419286922        3.24683270360       -2.16000000000       0.265627755761       1.689347653868E-002  4.942455830262E-003
  -1.66155834743        3.78797148753       -2.16000000000       0.285934486707       3.676920938906E-002  6.668848649965E-003
  -1.89892382563        4.32911027146       -2.16000000000       0.314627320562       7.610075464196E-002  1.209118144712E-002
  -2.13628930384        4.87024905539       -2.16000000000       0.348810572490       0.254411369261       1.811277418614E-002
  -2.37365478204        5.41138783933       -2.16000000000       3.540739033211E-002  0.275262804299       2.279217778326E-002
  -2.61102026024        5.95252662326       -2.16000000000      -0.236395152791       8.927775678740E-002  2.659007199864E-002
   0.00000000000        0.00000000000       -2.16000000000       0.239762368855      -8.343162340125E-004  1.989192523989E-003
 -0.400211837779       0.434745947216       -2.16000000000       0.240299197723      -4.858496954828E-004  2.309992805283E-003
 -0.800423675558       0.869491894432       -2.16000000000       0.240897241735       2.068178019529E-004  2.613927264161E-003
  -1.20063551334        1.30423784165       -2.16000000000       0.241340170454       1.354223441903E-003  2.852793214880E-003
  -1.60084735112        1.73898378886       -2.16000000000       0.242238231908       2.935519518471E-003  2.429151217070E-003
  -2.00105918889        2.17372973608       -2.16000000000       0.267091539233       2.297471803556E-004  2.941084823402E-003
  -2.40127102667        2.60847568330       -2.16000000000       0.275351007487      -1.560937565953E-003  6.339831686431E-003
  -2.80148286445        3.04322163051       -2.16000000000       0.295678361172      -8.474955976237E-003  6.375769046199E-003
  -3.20169470223        3.47796757773       -2.16000000000       0.314722174916      -2.951768956546E-002  9.136069537626E-003
  -3.60190654001        3.91271352494       -2.16000000000       0.297068752198      -5.138812829785E-002  9.205295515898E-003
  -4.00211837779        4.34745947216       -2.16000000000       0.231325084248      -8.674957889828E-002  2.606161288862E-002
  -4.40233021557        4.78220541938       -2.16000000000       0.149602630889      -0.106109774939       3.811736487247E-002
   0.00000000000        0.00000000000       -2.16000000000       0.239762368855      -8.343162340125E-004  1.989192523989E-003
 -0.519689034804       0.281241641340       -2.16000000000       0.239484993544      -4.199576979428E-005  2.168733686235E-003
  -1.03937806961       0.562483282680       -2.16000000000       0.240160003253      -5.699862546856E-005  2.525282066855E-003
  -1.55906710441       0.843724924020       -2.16000000000       0.240219138786       5.873680325815E-004  2.549245759054E-003
  -2.07875613922        1.12496656536       -2.16000000000       0.240364389463       3.533488835372E-004  2.049069246686E-003
  -2.59844517402        1.40620820670       -2.16000000000       0.263990116946      -1.844522911774E-003  5.716813367573E-003
  -3.11813420882        1.68744984804       -2.16000000000       0.274112173710      -2.979529497719E-004 -1.875375199958E-004
  -3.63782324363        1.96869148938       -2.16000000000       0.291494722812       1.423582659835E-002 -5.636609697412E-003
  -4.15751227843        2.24993313072       -2.16000000000       0.264769844209       3.946444117693E-002 -2.569308550319E-002
  -4.67720131323        2.53117477206       -2.16000000000       0.245785357853       4.841475485733E-002 -3.488591825708E-002
  -5.19689034804        2.81241641340       -2.16000000000       0.183460604845       6.505923720919E-002 -2.620757100612E-002
  -5.71657938284        3.09365805474       -2.16000000000       0.125095321780       7.041978952985E-002 -1.071177808942E-002
   0.00000000000        0.00000000000       -2.16000000000       0.239762368855      -8.343162340125E-004  1.989192523989E-003
 -0.582849861102       9.726043971134E-002  -2.16000000000       0.238700847283       3.159979394775E-004  2.008018496390E-003
  -1.16569972220       0.194520879423       -2.16000000000       0.241124695675      -1.136778396947E-003  2.596915598771E-003
  -1.74854958330       0.291781319134       -2.16000000000       0.240495677027       2.633374631741E-004  2.343826223267E-003
  -2.33139944441       0.389041758845       -2.16000000000       0.239858508690       9.976112603018E-005  1.961611853164E-003
  -2.91424930551       0.486302198557       -2.16000000000       0.263611269994      -1.355735268830E-003 -2.842543708278E-003
  -3.49709916661       0.583562638268       -2.16000000000       0.317348880837      -5.856945313115E-004 -3.240315027482E-003
  -4.07994902771       0.680823077979       -2.16000000000       0.330779304970       1.475976423949E-002 -8.862577529476E-003
  -4.66279888881       0.778083517691       -2.16000000000       0.342540513743       3.134425033694E-002 -5.739615474085E-002
  -5.24564874991       0.875343957402       -2.16000000000       0.357997828623       5.355594241833E-002 -0.127452550382     
  -5.82849861102       0.972604397113       -2.16000000000       0.333549546193       7.470926468475E-002 -0.195999997725     
  -6.41134847212        1.06986483682       -2.16000000000       0.677450245338       0.174076048456      -0.471128777083     
   0.00000000000        0.00000000000       -2.16000000000       0.239762368855      -8.343162340125E-004  1.989192523989E-003
 -0.582849861102      -9.726043971134E-002  -2.16000000000       0.238777211060      -8.259365342801E-005  1.983815310013E-003
  -1.16569972220      -0.194520879423       -2.16000000000       0.241398876820      -1.718843096110E-003  2.500745273389E-003
  -1.74854958330      -0.291781319134       -2.16000000000       0.241028333005      -4.070452694343E-004  2.214987708630E-003
  -2.33139944441      -0.389041758845       -2.16000000000       0.240149410900       6.040928091269E-005  1.863766474326E-003
  -2.91424930551      -0.486302198557       -2.16000000000       0.253941122393       2.055753616358E-003  5.294647920872E-003
  -3.49709916661      -0.583562638268       -2.16000000000       0.300631197249      -2.035320766532E-002 -5.912377379896E-004
  -4.07994902771      -0.680823077979       -2.16000000000       0.347608890063      -5.120992837015E-002 -4.048758523264E-003
  -4.66279888881      -0.778083517691       -2.16000000000       0.379957511583      -6.566085928637E-002 -6.087949063503E-002
  -5.24564874991      -0.875343957402       -2.16000000000       0.373643039791      -6.757585006556E-002 -0.117259763685     
  -5.82849861102      -0.972604397113       -2.16000000000       0.319646208522      -0.102650803685      -0.208221662549     
  -6.41134847212       -1.06986483682       -2.16000000000       0.360974881536      -0.216224086881      -0.433728993864     
   0.00000000000        0.00000000000       -2.16000000000       0.239762368855      -8.343162340125E-004  1.989192523989E-003
 -0.519689034804      -0.281241641340       -2.16000000000       0.238800313428      -4.270005958154E-004  1.930454296360E-003
  -1.03937806961      -0.562483282680       -2.16000000000       0.241688188509      -2.737336452025E-003  2.466538806706E-003
  -1.55906710441      -0.843724924020       -2.16000000000       0.241689643376      -1.404179768956E-003  2.163568740684E-003
  -2.07875613922       -1.12496656536       -2.16000000000       0.242064223797       6.354083086638E-005  2.121060556461E-003
  -2.59844517402       -1.40620820670       -2.16000000000       0.255804214890       2.173204132266E-003  2.812033063516E-003
  -3.11813420882       -1.68744984804       -2.16000000000       0.267245738828      -8.295349530631E-004  4.632916893431E-003
  -3.63782324363       -1.96869148938       -2.16000000000       0.271846342292      -3.189968225475E-003  1.631188198191E-003
  -4.15751227843       -2.24993313072       -2.16000000000       0.269232020060      -7.008053853450E-003 -9.289068228173E-003
  -4.67720131323       -2.53117477206       -2.16000000000       0.272740878404      -2.582680197963E-002 -2.660314939415E-002
  -5.19689034804       -2.81241641340       -2.16000000000       0.196998339466      -5.320071648762E-002 -3.156982788984E-002
  -5.71657938284       -3.09365805474       -2.16000000000       0.130276538535      -6.920217145836E-002 -2.330802364570E-002
   0.00000000000        0.00000000000       -2.16000000000       0.239762368855      -8.343162340125E-004  1.989192523989E-003
 -0.400211837779      -0.434745947216       -2.16000000000       0.238394120542      -3.632646575752E-004  1.784294800010E-003
 -0.800423675558      -0.869491894432       -2.16000000000       0.241949476195      -4.065882569139E-003  2.494482282019E-003
  -1.20063551334       -1.30423784165       -2.16000000000       0.242584910382      -2.674943475182E-003  2.347657750414E-003
  -1.60084735112       -1.73898378886       -2.16000000000       0.243625850681      -4.053545338227E-004  2.398727312617E-003
  -2.00105918889       -2.17372973608       -2.16000000000       0.256392175263      -8.971150659276E-003  3.466475643109E-003
  -2.40127102667       -2.60847568330       -2.16000000000       0.276738235339      -6.917903961652E-003  8.670068718810E-003
  -2.80148286445       -3.04322163051       -2.16000000000       0.272308660196       4.720096275279E-003  8.309665398875E-004
  -3.20169470223       -3.47796757773       -2.16000000000       0.282999436579       2.960014239950E-002  9.669057845058E-003
  -3.60190654001       -3.91271352494       -2.16000000000       0.296870745960       5.912169080136E-002  1.428947954067E-002
  -4.00211837779       -4.34745947216       -2.16000000000       0.249342236749       9.235345082255E-002  2.345225763355E-002
  -4.40233021557       -4.78220541938       -2.16000000000       0.157394638591       6.748502862882E-002  3.225820441987E-002
   0.00000000000        0.00000000000       -2.16000000000       0.239762368855      -8.343162340125E-004  1.989192523989E-003
 -0.237365478204      -0.541138783933       -2.16000000000       0.237602649704       1.017073834195E-004  1.561175470290E-003
 -0.474730956408       -1.08227756787       -2.16000000000       0.240445908764      -2.601775275904E-003  2.079822881109E-003
 -0.712096434612       -1.62341635180       -2.16000000000       0.243544741010      -3.585332368819E-003  2.700150776411E-003
 -0.949461912816       -2.16455513573       -2.16000000000       0.243853294153      -1.958620361579E-003  2.536034171673E-003
  -1.18682739102       -2.70569391966       -2.16000000000       0.265441951865      -9.581784091068E-003  7.488161237442E-003
  -1.42419286922       -3.24683270360       -2.16000000000       0.286634680068      -1.223576069620E-002  8.750244528312E-003
  -1.66155834743       -3.78797148753       -2.16000000000       0.311242021088      -5.513851028855E-002  1.224611192658E-002
  -1.89892382563       -4.32911027146       -2.16000000000       0.312538417945      -9.735724030280E-002  1.501387168985E-002
  -2.13628930384       -4.87024905539       -2.16000000000       0.307997725428      -0.275376840230       2.116922375901E-002
  -2.37365478204       -5.41138783933       -2.16000000000       0.202298256988      -0.292280982220       2.338297327263E-002
  -2.61102026024       -5.95252662326       -2.16000000000      -0.234095644214      -8.767944860126E-002  2.781056211358E-002
   0.00000000000        0.00000000000       -2.16000000000       0.239762368855      -8.343162340125E-004  1.989192523989E-003
 -4.879688596092E-002 -0.588890836777       -2.16000000000       0.237619817747      -2.183338681261E-005  1.491231701405E-003
 -9.759377192185E-002  -1.17778167355       -2.16000000000       0.238521501831       7.631253361675E-004  1.630490135553E-003
 -0.146390657883       -1.76667251033       -2.16000000000       0.240677688473      -4.666841293816E-004  2.048740537811E-003
 -0.195187543844       -2.35556334711       -2.16000000000       0.243169644410      -3.513280152024E-003  2.570860002050E-003
 -0.243984429805       -2.94445418388       -2.16000000000       0.260393783553      -3.459025724655E-003  8.198045473335E-003
 -0.292781315766       -3.53334502066       -2.16000000000       0.239557234477       2.549610703453E-003  1.047137139083E-002
 -0.341578201726       -4.12223585744       -2.16000000000       0.211667520914      -1.366086680890E-002  1.309153864038E-002
 -0.390375087687       -4.71112669421       -2.16000000000       0.183469145699      -3.084765276899E-002  1.554667446526E-002
 -0.439171973648       -5.30001753099       -2.16000000000       0.146539798410      -4.380895945651E-002  1.822464224475E-002
 -0.487968859609       -5.88890836777       -2.16000000000       9.802101444944E-002 -4.908116727884E-002  2.668269729986E-002
 -0.536765745570       -6.47779920454       -2.16000000000       6.661414764058E-002 -4.707122707779E-002  3.105700138259E-002
   0.00000000000        0.00000000000       -2.16000000000       0.239762368855      -8.343162340125E-004  1.989192523989E-003
  0.145059606038      -0.572827429873       -2.16000000000       0.238025326727      -2.765429518847E-004  1.629116635999E-003
  0.290119212075       -1.14565485975       -2.16000000000       0.238802209998       7.884489319757E-004  1.959118358333E-003
  0.435178818113       -1.71848228962       -2.16000000000       0.238996747200       7.791601846134E-004  1.848228483690E-003
  0.580238424151       -2.29130971949       -2.16000000000       0.239158023116      -5.682553390876E-004  1.705918543200E-003
  0.725298030189       -2.86413714937       -2.16000000000       0.261149390254       2.648689455413E-002  4.693701866494E-003
  0.870357636226       -3.43696457924       -2.16000000000       0.249397961332       2.701735203801E-002  1.051350457999E-002
   1.01541724226       -4.00979200911       -2.16000000000       0.234654628714       5.138572895641E-002  1.203289252218E-002
   1.16047684830       -4.58261943899       -2.16000000000       0.216393211879       7.806322861607E-002  1.345467878540E-002
   1.30553645434       -5.15544686886       -2.16000000000       0.164922085912       0.109643910803       1.652634767622E-002
   1.45059606038       -5.72827429873       -2.16000000000       7.901337511588E-002  0.117265491003       1.898655453461E-002
   1.59565566642       -6.30110172861       -2.16000000000       1.125446427229E-002  6.713929597477E-002  2.502228193460E-002
   0.00000000000        0.00000000000       -2.16000000000       0.239762368855      -8.343162340125E-004  1.989192523989E-003
  0.323196638891      -0.494689282610       -2.16000000000       0.238581426442      -5.303336875994E-004  1.840220081434E-003
  0.646393277781      -0.989378565219       -2.16000000000       0.238871644969       3.223442396316E-004  2.257739138695E-003
  0.969589916672       -1.48406784783       -2.16000000000       0.239474650413      -3.302006662362E-004  2.360968496375E-003
   1.29278655556       -1.97875713044       -2.16000000000       0.238830510806      -4.245782960532E-004  1.852424617493E-003
   1.61598319445       -2.47344641305       -2.16000000000       0.253990403053       8.475310890484E-003  7.987870019454E-003
   1.93917983334       -2.96813569566       -2.16000000000       0.276355234607       1.328362394953E-002  8.810287421635E-003
   2.26237647223       -3.46282497827       -2.16000000000       0.302268760503       1.308687264488E-002  1.006905196623E-002
   2.58557311112       -3.95751426088       -2.16000000000       0.334058019106      -1.436657246131E-003  1.135729299313E-002
   2.90876975001       -4.45220354349       -2.16000000000       0.421288719312      -7.122097645259E-002  1.363889937158E-002
   3.23196638891       -4.94689282610       -2.16000000000       0.404062685452      -0.340895061586       1.663658040902E-002
   3.55516302780       -5.44158210871       -2.16000000000       0.117255932376      -0.322570679270       1.966812053163E-002
   0.00000000000        0.00000000000       -2.16000000000       0.239762368855      -8.343162340125E-004  1.989192523989E-003
  0.466310301007      -0.362943875680       -2.16000000000       0.239306877029      -8.845123078186E-004  2.029877290801E-003
  0.932620602014      -0.725887751361       -2.16000000000       0.238495183438      -3.133282073729E-004  2.420478618109E-003
   1.39893090302       -1.08883162704       -2.16000000000       0.239625716078      -5.895556924935E-004  2.861749113281E-003
   1.86524120403       -1.45177550272       -2.16000000000       0.237668926275      -1.416215453057E-003  2.395594628674E-003
   2.33155150503       -1.81471937840       -2.16000000000       0.240382218184       3.014113321276E-003  7.313726475634E-003
   2.79786180604       -2.17766325408       -2.16000000000       0.237899922146      -9.432246621048E-003  7.899225460156E-003
   3.26417210705       -2.54060712976       -2.16000000000       0.237003349618      -2.433718311121E-002  8.567016386818E-003
   3.73048240806       -2.90355100544       -2.16000000000       0.236504443554      -4.220573891283E-002  9.328332680563E-003
   4.19679270906       -3.26649488112       -2.16000000000       0.223943315779      -7.025134368071E-002  1.026528016471E-002
   4.66310301007       -3.62943875680       -2.16000000000       0.201809977685      -9.607564010776E-002  1.029724246898E-002
   5.12941331108       -3.99238263248       -2.16000000000       0.181927050874      -0.111271372812       1.243997853722E-002
   0.00000000000        0.00000000000       -2.16000000000       0.239762368855      -8.343162340125E-004  1.989192523989E-003
  0.558892006459      -0.191867868166       -2.16000000000       0.240123064662      -1.300698063394E-003  2.177535962629E-003
   1.11778401292      -0.383735736333       -2.16000000000       0.240101928322      -1.144680249952E-003  2.712758306521E-003
   1.67667601938      -0.575603604499       -2.16000000000       0.240081100315      -9.869551318049E-004  3.247893397247E-003
   2.23556802584      -0.767471472666       -2.16000000000       0.236845209824      -1.908060839318E-003  2.312842941077E-003
   2.79446003230      -0.959339340832       -2.16000000000       0.219804764585      -9.487563218820E-005  6.910182490613E-003
   3.35335203876       -1.15120720900       -2.16000000000       0.211074869355      -9.221151901455E-003  7.383719118954E-003
   3.91224404522       -1.34307507716       -2.16000000000       0.203463766333      -1.505941149269E-002  8.018501166368E-003
   4.47113605168       -1.53494294533       -2.16000000000       0.195384504773      -2.090193872755E-002  8.556891333956E-003
   5.03002805814       -1.72681081350       -2.16000000000       0.183936221097      -2.572030300611E-002  1.030000850994E-002
   5.58892006459       -1.91867868166       -2.16000000000       0.171687542446      -2.842442186364E-002  1.209355101988E-002
   6.14781207105       -2.11054654983       -2.16000000000       0.160490264613      -3.055343471592E-002  1.438816790753E-002
   0.00000000000        0.00000000000       -2.16000000000       0.239762368855      -8.343162340125E-004  1.989192523989E-003
  0.590909090909        0.00000000000       -2.16000000000       0.241045950412      -1.155660906158E-003  2.237649201549E-003
   1.18181818182      -1.172487511250E-015  -2.16000000000       0.241782770970      -7.678998306221E-004  2.780606320512E-003
   1.77272727273        0.00000000000       -2.16000000000       0.239997592416      -4.350143550313E-004  2.694432270802E-003
   2.36363636364        0.00000000000       -2.16000000000       0.239355536526      -4.784871861592E-004  1.999644465902E-003
   2.95454545455        0.00000000000       -2.16000000000       0.214534633245       7.685528795412E-004  6.755942982439E-003
   3.54545454545        0.00000000000       -2.16000000000       0.205332641330      -2.892624022426E-003  7.413529822250E-003
   4.13636363636        0.00000000000       -2.16000000000       0.196128720444      -2.273191442225E-003  8.172299031310E-003
   4.72727272727        0.00000000000       -2.16000000000       0.186868405616       1.019181067365E-004  8.930424132493E-003
   5.31818181818        0.00000000000       -2.16000000000       0.178655929169       2.240873980869E-004  9.300935747624E-003
   5.90909090909        0.00000000000       -2.16000000000       0.172691051438      -1.539705418111E-004  1.013314448170E-002
   6.50000000000        0.00000000000       -2.16000000000       0.164798174357       2.346244197735E-003  1.040578499346E-002
