 12 20 1 1
 1 X [LENGU]
 2 Y [LENGU]
 3 Z [LENGU]
 4 Hx [FIELU]
 5 Hy [FIELU]
 6 Hz [FIELU]
 0
   0.00000000000        0.00000000000       -70.0000000000        6.39621449533       1.977624975596E-002  1.622155096462E-002
  0.590909090909        0.00000000000       -70.0000000000        6.43901407596       6.904210024499E-002  2.461364134171E-002
   1.18181818182        0.00000000000       -70.0000000000        6.40969051171       0.254421195765       3.269547460019E-002
   1.77272727273        0.00000000000       -70.0000000000        6.37235076895       0.205603332964       2.540855835894E-002
   2.36363636364        0.00000000000       -70.0000000000        6.36139286068       2.836623839400E-002  1.408519687499E-002
   2.95454545455        0.00000000000       -70.0000000000        6.49783599505      -8.164775827686E-002 -7.960458245978E-003
   3.54545454545        0.00000000000       -70.0000000000        6.18333362984      -9.690151224104E-002 -1.230662969861E-002
   4.13636363636        0.00000000000       -70.0000000000        5.89827004368      -8.939048383130E-002 -1.553842424131E-002
   4.72727272727        0.00000000000       -70.0000000000        5.61320645752      -8.187945542156E-002 -1.877021878400E-002
   5.31818181818        0.00000000000       -70.0000000000        5.33476784802      -4.368089128982E-002 -2.178254153444E-002
   5.90909090909        0.00000000000       -70.0000000000        5.06277027987      -7.558489769876E-002 -4.093574183625E-002
   6.50000000000        0.00000000000       -70.0000000000        4.75636187935       7.724498974279E-002 -2.149957743576E-002
   0.00000000000        0.00000000000       -70.0000000000        6.39621449533       1.977624975596E-002  1.622155096462E-002
  0.558892006459       0.191867868166       -70.0000000000        6.44367500624       6.717722011918E-002  2.487541850992E-002
   1.11778401292       0.383735736333       -70.0000000000        6.48050906896       0.112788770409       3.216827360522E-002
   1.67667601938       0.575603604499       -70.0000000000        6.47197541375       0.155110188539       3.419655228653E-002
   2.23556802584       0.767471472666       -70.0000000000        6.43939523751       0.140210937209       3.033453109478E-002
   2.79446003230       0.959339340832       -70.0000000000        6.61558442128       0.188734812726      -2.261667530451E-003
   3.35335203876        1.15120720900       -70.0000000000        6.31981365142       0.445555713199      -1.035324610456E-003
   3.91224404522        1.34307507716       -70.0000000000        6.02222809770       0.571048942432      -7.609306332253E-003
   4.47113605168        1.53494294533       -70.0000000000        5.74248440970       0.707167773875      -1.381479414384E-002
   5.03002805814        1.72681081350       -70.0000000000        5.46274072170       0.843286605318      -2.002028195542E-002
   5.58892006459        1.91867868166       -70.0000000000        5.01313650040       0.872658878788      -4.105065674530E-002
   6.14781207105        2.11054654983       -70.0000000000        4.45678195780       0.744834364054      -4.599838209147E-002
   0.00000000000        0.00000000000       -70.0000000000        6.39621449533       1.977624975596E-002  1.622155096462E-002
  0.466310301007       0.362943875680       -70.0000000000        6.44303283213       6.027450440929E-002  2.419470491884E-002
  0.932620602014       0.725887751361       -70.0000000000        6.45320236316       9.709616018825E-002  2.778715100567E-002
   1.39893090302        1.08883162704       -70.0000000000        6.44310961844       0.131264002371       2.923745799048E-002
   1.86524120403        1.45177550272       -70.0000000000        6.46674995674       0.189838715941       3.562823624160E-002
   2.33155150503        1.81471937840       -70.0000000000        7.04847858241       0.252158680903      -3.380926086577E-003
   2.79786180604        2.17766325408       -70.0000000000        6.91417490920       0.609549067158      -8.032092429324E-003
   3.26417210705        2.54060712976       -70.0000000000        6.81032143130        1.09982141416       6.604334601551E-003
   3.73048240806        2.90355100544       -70.0000000000        6.74950453947        1.74390369947       2.406780869492E-002
   4.19679270906        3.26649488112       -70.0000000000        6.65506717161        2.38782238891       4.184104618012E-002
   4.66310301007        3.62943875680       -70.0000000000        6.26229180492        3.21606640901       7.607055068329E-002
   5.12941331108        3.99238263248       -70.0000000000        5.66389508994        3.30685452688       1.679067527580E-003
   0.00000000000        0.00000000000       -70.0000000000        6.39621449533       1.977624975596E-002  1.622155096462E-002
  0.323196638891       0.494689282610       -70.0000000000        6.43715714316       4.908196946917E-002  2.264526644844E-002
  0.646393277781       0.989378565219       -70.0000000000        6.41878891638       6.950411591287E-002  2.161116286030E-002
  0.969589916672        1.48406784783       -70.0000000000        6.41341679819       9.295280408364E-002  2.298418019072E-002
   1.29278655556        1.97875713044       -70.0000000000        6.44221749034       0.162384163798       3.003392276912E-002
   1.61598319445        2.47344641305       -70.0000000000        7.29403576989      -2.088663102852E-002 -1.029945920249E-002
   1.93917983334        2.96813569566       -70.0000000000        7.64631795486       0.134796604397      -8.442771770300E-003
   2.26237647223        3.46282497827       -70.0000000000        8.59430451017      -0.218635854048      -1.089271181130E-002
   2.58557311112        3.95751426088       -70.0000000000        10.2441378529       0.269721065765      -1.210591050279E-002
   2.90876975001        4.45220354349       -70.0000000000        12.2635693048        2.12297452693      -3.928905787151E-003
   3.23196638891        4.94689282610       -70.0000000000        12.2308365282        11.0175515683       1.748771890661E-002
   3.55516302780        5.44158210871       -70.0000000000        3.66399058106        9.54667202661       4.394270648807E-002
   0.00000000000        0.00000000000       -70.0000000000        6.39621449533       1.977624975596E-002  1.622155096462E-002
  0.145059606038       0.572827429873       -70.0000000000        6.42726947500       3.445144456009E-002  2.041222167680E-002
  0.290119212075        1.14565485975       -70.0000000000        6.38411135180       3.117989018410E-002  1.463574989970E-002
  0.435178818113        1.71848228962       -70.0000000000        6.38795178261       5.998759505624E-002  1.672076570821E-002
  0.580238424151        2.29130971949       -70.0000000000        6.41995773559       0.132200848235       2.374496583855E-002
  0.725298030189        2.86413714937       -70.0000000000        7.22871022524      -0.198064847989      -6.413508910995E-003
  0.870357636226        3.43696457924       -70.0000000000        6.82880169259      -0.855031398790      -1.537097004214E-002
   1.01541724226        4.00979200911       -70.0000000000        6.81917756618       -1.14195972979      -9.801949613353E-003
   1.16047684830        4.58261943899       -70.0000000000        5.78701309635       -2.58989675155      -5.708070109449E-003
   1.30553645434        5.15544686886       -70.0000000000        4.70102088525       -3.47905324699      -1.730931998955E-002
   1.45059606038        5.72827429873       -70.0000000000        2.13336398769       -3.75733741214      -1.137708611992E-002
   1.59565566642        6.30110172861       -70.0000000000       0.290648083534       -2.58079611859      -2.866250774069E-005
   0.00000000000        0.00000000000       -70.0000000000        6.39621449533       1.977624975596E-002  1.622155096462E-002
 -4.879688596092E-002  0.588890836777       -70.0000000000        6.41716823230       1.628481112984E-002  1.781781743565E-002
 -9.759377192185E-002   1.17778167355       -70.0000000000        6.38450966105       2.670159812254E-002  1.421057167561E-002
 -0.146390657883        1.76667251033       -70.0000000000        6.39201718094       5.903457713313E-002  1.672456220820E-002
 -0.195187543844        2.35556334711       -70.0000000000        6.40991221315       7.007875774670E-002  1.776465424475E-002
 -0.243984429805        2.94445418388       -70.0000000000        7.01212634194       7.646647256828E-002 -9.138871350896E-003
 -0.292781315766        3.53334502066       -70.0000000000        6.57015231735      -0.362064397429      -3.871205889998E-003
 -0.341578201726        4.12223585744       -70.0000000000        5.67284588235       0.120326244494      -3.715800866565E-003
 -0.390375087687        4.71112669421       -70.0000000000        5.06146184101       0.702211499709      -3.501127478130E-005
 -0.439171973648        5.30001753099       -70.0000000000        3.86195459793        1.02565901039       2.907443564332E-003
 -0.487968859609        5.88890836777       -70.0000000000        2.39325106271        1.12559362757       3.419432758050E-003
 -0.536765745570        6.47779920454       -70.0000000000        1.66374352801        1.20652692747       5.137553355282E-003
   0.00000000000        0.00000000000       -70.0000000000        6.39621449533       1.977624975596E-002  1.622155096462E-002
 -0.237365478204       0.541138783933       -70.0000000000        6.40479632708      -1.503470750015E-003  1.505043295374E-002
 -0.474730956408        1.08227756787       -70.0000000000        6.39033090694       2.788703712841E-002  1.420176013715E-002
 -0.712096434612        1.62341635180       -70.0000000000        6.39341602921       4.432148279853E-002  1.598087587866E-002
 -0.949461912816        2.16455513573       -70.0000000000        6.42063721640       2.517767845826E-002  1.601036345406E-002
  -1.18682739102        2.70569391966       -70.0000000000        7.28774476929       0.187605239677      -1.166742952098E-003
  -1.42419286922        3.24683270360       -70.0000000000        7.30707661722       0.505898281375      -1.220530288828E-003
  -1.66155834743        3.78797148753       -70.0000000000        8.09971311593        1.09738093169       7.664877972258E-004
  -1.89892382563        4.32911027146       -70.0000000000        9.02376489249        2.72508043842       5.114862245716E-003
  -2.13628930384        4.87024905539       -70.0000000000        9.92167057742        6.60802414917       5.707548465794E-003
  -2.37365478204        5.41138783933       -70.0000000000        2.48004767197        6.43764209564       1.296215277811E-002
  -2.61102026024        5.95252662326       -70.0000000000       -6.49341042345        2.04952235930       1.511673352464E-002
   0.00000000000        0.00000000000       -70.0000000000        6.39621449533       1.977624975596E-002  1.622155096462E-002
 -0.400211837779       0.434745947216       -70.0000000000        6.39149444722      -1.698576472416E-002  1.240995728008E-002
 -0.800423675558       0.869491894432       -70.0000000000        6.39318129870      -2.153414989672E-002  1.124040227393E-002
  -1.20063551334        1.30423784165       -70.0000000000        6.39559550950       2.996799969860E-002  1.493414149069E-002
  -1.60084735112        1.73898378886       -70.0000000000        6.39558509025      -2.286759052823E-002  9.562774157754E-003
  -2.00105918889        2.17372973608       -70.0000000000        7.00509310508       0.310013327339      -3.719779387065E-003
  -2.40127102667        2.60847568330       -70.0000000000        7.48015945854      -0.342539867282       2.167857441654E-003
  -2.80148286445        3.04322163051       -70.0000000000        7.92817752188       -1.67850469813       1.284727303793E-002
  -3.20169470223        3.47796757773       -70.0000000000        8.14488800839       -2.38065539820       1.527458264737E-002
  -3.60190654001        3.91271352494       -70.0000000000        8.36159849490       -3.08280609827       1.770189225682E-002
  -4.00211837779        4.34745947216       -70.0000000000        7.59915865982       -4.68026090268       6.529172894187E-002
  -4.40233021557        4.78220541938       -70.0000000000        6.34046477501       -4.91796681390      -1.781248655483E-002
   0.00000000000        0.00000000000       -70.0000000000        6.39621449533       1.977624975596E-002  1.622155096462E-002
 -0.519689034804       0.281241641340       -70.0000000000        6.37870405781      -2.848432400796E-002  1.018252692511E-002
  -1.03937806961       0.562483282680       -70.0000000000        6.36789137473      -9.589953579031E-002  2.212091006596E-003
  -1.55906710441       0.843724924020       -70.0000000000        6.37334814515      -3.182005003308E-002  5.440512608284E-003
  -2.07875613922        1.12496656536       -70.0000000000        6.35355404992      -8.532331497586E-002 -7.806225718392E-004
  -2.59844517402        1.40620820670       -70.0000000000        6.83051111600      -0.148910202030       1.406925990161E-002
  -3.11813420882        1.68744984804       -70.0000000000        6.57937426122      -0.534247312450       1.538464502418E-002
  -3.63782324363        1.96869148938       -70.0000000000        6.35940679459      -0.960123617901       1.030201072012E-002
  -4.15751227843        2.24993313072       -70.0000000000        6.01040043899      -0.968008048202       4.614574526792E-003
  -4.67720131323        2.53117477206       -70.0000000000        5.78681490624       -1.49810183470       6.046476281462E-004
  -5.19689034804        2.81241641340       -70.0000000000        5.16730810211       -1.83937740772      -1.489461059800E-002
  -5.71657938284        3.09365805474       -70.0000000000        4.45231032238       -2.28137246875       0.102075140280     
   0.00000000000        0.00000000000       -70.0000000000        6.39621449533       1.977624975596E-002  1.622155096462E-002
 -0.582849861102       9.726043971134E-002  -70.0000000000        6.36781119601      -3.475310128449E-002  8.609518529927E-003
  -1.16569972220       0.194520879423       -70.0000000000        6.34919540996      -0.117273367116      -1.824910510758E-003
  -1.74854958330       0.291781319134       -70.0000000000        6.34411961116      -0.120646792370      -4.208416008568E-003
  -2.33139944441       0.389041758845       -70.0000000000        6.33718577417      -7.552539728732E-002 -5.316528985865E-004
  -2.91424930551       0.486302198557       -70.0000000000        6.46546003343      -8.107412606105E-002  2.014651395993E-002
  -3.49709916661       0.583562638268       -70.0000000000        6.28945314868      -0.146212167313       1.782395504518E-002
  -4.07994902771       0.680823077979       -70.0000000000        5.97484182465      -0.202467475626       1.563878596063E-002
  -4.66279888881       0.778083517691       -70.0000000000        5.70805905752      -0.315512772285       1.125309317001E-002
  -5.24564874991       0.875343957402       -70.0000000000        5.37934962849      -0.377763806070       1.091486571593E-002
  -5.82849861102       0.972604397113       -70.0000000000        4.99842306350      -0.378387849336       3.797916334717E-002
  -6.41134847212        1.06986483682       -70.0000000000        4.63828613597      -0.411395438224       4.945394685962E-002
   0.00000000000        0.00000000000       -70.0000000000        6.39621449533       1.977624975596E-002  1.622155096462E-002
 -0.582849861102      -9.726043971134E-002  -70.0000000000        6.36043833432      -3.637701227347E-002  7.733915863970E-003
  -1.16569972220      -0.194520879423       -70.0000000000        6.33452581413      -0.120738903261      -3.598068527290E-003
  -1.74854958330      -0.291781319134       -70.0000000000        6.32879171565      -0.142224969858      -5.102445876115E-003
  -2.33139944441      -0.389041758845       -70.0000000000        6.33719445683      -4.724119209464E-002  2.762837214270E-003
  -2.91424930551      -0.486302198557       -70.0000000000        6.46176936748       8.755843626582E-002  2.280529900248E-002
  -3.49709916661      -0.583562638268       -70.0000000000        6.29921051556       0.244054550906       1.928249835480E-002
  -4.07994902771      -0.680823077979       -70.0000000000        5.93167666128       0.219099798978       2.917369984106E-002
  -4.66279888881      -0.778083517691       -70.0000000000        5.68169385811       0.372151171552       5.357075599713E-003
  -5.24564874991      -0.875343957402       -70.0000000000        5.39602069751       0.449266584466       5.687564224846E-003
  -5.82849861102      -0.972604397113       -70.0000000000        5.14637708874       0.434860996870       1.553412922128E-002
  -6.41134847212       -1.06986483682       -70.0000000000        4.72429438340       0.409011318548      -2.599259997064E-003
   0.00000000000        0.00000000000       -70.0000000000        6.39621449533       1.977624975596E-002  1.622155096462E-002
 -0.519689034804      -0.281241641340       -70.0000000000        6.35610615526      -2.952437547814E-002  8.019218343048E-003
  -1.03937806961      -0.562483282680       -70.0000000000        6.32635061217      -0.103183677615      -2.487447914931E-003
  -1.55906710441      -0.843724924020       -70.0000000000        6.32009300151      -0.108150519739      -2.019979423978E-003
  -2.07875613922       -1.12496656536       -70.0000000000        6.33868107385      -3.889075072892E-002  8.437731389493E-003
  -2.59844517402       -1.40620820670       -70.0000000000        6.86240720178       0.138980181573       2.112686462565E-002
  -3.11813420882       -1.68744984804       -70.0000000000        6.45944326902       0.779309614900       2.027345680394E-002
  -3.63782324363       -1.96869148938       -70.0000000000        6.38369617756        1.11039942668       1.227703235151E-002
  -4.15751227843       -2.24993313072       -70.0000000000        6.30093894107        1.32965974189      -1.446900474906E-003
  -4.67720131323       -2.53117477206       -70.0000000000        5.95796922590        1.54268141899      -1.679628015380E-002
  -5.19689034804       -2.81241641340       -70.0000000000        5.22784346010        2.01407754371       4.521736141528E-002
  -5.71657938284       -3.09365805474       -70.0000000000        4.59574993922        2.25206532864       0.124435421643     
   0.00000000000        0.00000000000       -70.0000000000        6.39621449533       1.977624975596E-002  1.622155096462E-002
 -0.400211837779      -0.434745947216       -70.0000000000        6.35656239909      -1.859348596843E-002  9.065894736047E-003
 -0.800423675558      -0.869491894432       -70.0000000000        6.32301585676      -7.442424929152E-002  1.495977639001E-004
  -1.20063551334       -1.30423784165       -70.0000000000        6.31559348854      -6.923887159900E-002  1.630474841316E-003
  -1.60084735112       -1.73898378886       -70.0000000000        6.34736291170      -4.567096076479E-002  9.843064105540E-003
  -2.00105918889       -2.17372973608       -70.0000000000        6.91988942348      -7.404829841021E-002 -2.000689345198E-002
  -2.40127102667       -2.60847568330       -70.0000000000        7.32554572326       0.388573448459       1.712648049419E-002
  -2.80148286445       -3.04322163051       -70.0000000000        7.72141532211        1.19266662186       7.808540490215E-003
  -3.20169470223       -3.47796757773       -70.0000000000        8.08544896503        1.97098822039       3.898492589477E-003
  -3.60190654001       -3.91271352494       -70.0000000000        8.34855861814        3.27587353314      -1.778515015943E-002
  -4.00211837779       -4.34745947216       -70.0000000000        7.59417258998        4.83394186753       5.477595311566E-002
  -4.40233021557       -4.78220541938       -70.0000000000        6.25283095930        4.96576590722       6.682728638305E-002
   0.00000000000        0.00000000000       -70.0000000000        6.39621449533       1.977624975596E-002  1.622155096462E-002
 -0.237365478204      -0.541138783933       -70.0000000000        6.36131556282      -3.504640225185E-003  1.088799751286E-002
 -0.474730956408       -1.08227756787       -70.0000000000        6.32742277769      -2.966297058125E-002  5.264304277937E-003
 -0.712096434612       -1.62341635180       -70.0000000000        6.30567762446      -4.474561241268E-002  2.093385848946E-003
 -0.949461912816       -2.16455513573       -70.0000000000        6.34099301212      -6.045476483074E-002  4.308010077540E-003
  -1.18682739102       -2.70569391966       -70.0000000000        7.21724153764      -0.169475216420      -3.501586938099E-003
  -1.42419286922       -3.24683270360       -70.0000000000        7.47839800486      -0.580812537338       5.784837394074E-003
  -1.66155834743       -3.78797148753       -70.0000000000        7.83054817922       -1.08533848642       7.321986448871E-003
  -1.89892382563       -4.32911027146       -70.0000000000        8.86333440927       -2.60884200267       4.095962324793E-003
  -2.13628930384       -4.87024905539       -70.0000000000        9.90209437307       -7.33291946984       7.191022026762E-003
  -2.37365478204       -5.41138783933       -70.0000000000      -0.383888316794       -7.51485839221       1.231791359012E-002
  -2.61102026024       -5.95252662326       -70.0000000000       -6.46667563999       -2.24171703917       1.841947759058E-002
   0.00000000000        0.00000000000       -70.0000000000        6.39621449533       1.977624975596E-002  1.622155096462E-002
 -4.879688596092E-002 -0.588890836777       -70.0000000000        6.36985056739       1.410705118774E-002  1.328807356478E-002
 -9.759377192185E-002  -1.17778167355       -70.0000000000        6.34408772918       8.066748407260E-003  1.037228809937E-002
 -0.146390657883       -1.76667251033       -70.0000000000        6.31424260173      -5.146713412520E-003  6.495923599207E-003
 -0.195187543844       -2.35556334711       -70.0000000000        6.29822681605      -2.071701575974E-002 -6.060432747772E-003
 -0.243984429805       -2.94445418388       -70.0000000000        7.24859031501      -0.111182816925      -2.055371048673E-002
 -0.292781315766       -3.53334502066       -70.0000000000        6.99279015393      -0.679476993438      -6.789059797840E-003
 -0.341578201726       -4.12223585744       -70.0000000000        6.31721612600       -1.17035785144      -1.626953099634E-003
 -0.390375087687       -4.71112669421       -70.0000000000        5.39881299265      -0.968650385964       8.855383799602E-004
 -0.439171973648       -5.30001753099       -70.0000000000        3.98870391954       -1.13018099192       1.455542269548E-002
 -0.487968859609       -5.88890836777       -70.0000000000        2.89539839185       -1.20591033038       1.115872864528E-002
 -0.536765745570       -6.47779920454       -70.0000000000        1.88131442112       -1.26517965564       6.514110204251E-003
   0.00000000000        0.00000000000       -70.0000000000        6.39621449533       1.977624975596E-002  1.622155096462E-002
  0.145059606038      -0.572827429873       -70.0000000000        6.38452932226       3.030385890349E-002  1.610277840956E-002
  0.290119212075       -1.14565485975       -70.0000000000        6.35642457366       7.323825422503E-002  1.594145988328E-002
  0.435178818113       -1.71848228962       -70.0000000000        6.29862499501       1.393132685113E-002  5.086968178180E-003
  0.580238424151       -2.29130971949       -70.0000000000        6.30184623767       3.533339697979E-002  1.535788517895E-003
  0.725298030189       -2.86413714937       -70.0000000000        7.32828416355       0.340985396224       5.285940126768E-003
  0.870357636226       -3.43696457924       -70.0000000000        7.00734215045       0.735095039703      -1.843638908607E-002
   1.01541724226       -4.00979200911       -70.0000000000        6.52583068146        1.69933591939      -1.925426378965E-002
   1.16047684830       -4.58261943899       -70.0000000000        5.92421838805        2.57420534198      -1.377817931955E-002
   1.30553645434       -5.15544686886       -70.0000000000        4.72399983745        3.42436652389      -4.707569438979E-003
   1.45059606038       -5.72827429873       -70.0000000000        2.28455360867        3.66758279817      -1.174787293205E-002
   1.59565566642       -6.30110172861       -70.0000000000       0.101142596906        2.69443858686      -4.055563337482E-002
   0.00000000000        0.00000000000       -70.0000000000        6.39621449533       1.977624975596E-002  1.622155096462E-002
  0.323196638891      -0.494689282610       -70.0000000000        6.40075212240       4.518834221357E-002  1.893852989672E-002
  0.646393277781      -0.989378565219       -70.0000000000        6.34302071136       0.109122659381       1.646899233087E-002
  0.969589916672       -1.48406784783       -70.0000000000        6.29356229097       5.082816003824E-002  6.147681940428E-003
   1.29278655556       -1.97875713044       -70.0000000000        6.28937713671       7.396074363188E-002  4.369613269465E-003
   1.61598319445       -2.47344641305       -70.0000000000        7.30003633779       2.378647253756E-002 -2.357491540987E-002
   1.93917983334       -2.96813569566       -70.0000000000        7.64290842483       0.106782553777      -2.002590205851E-002
   2.26237647223       -3.46282497827       -70.0000000000        8.59358038277       0.254868364793      -1.301348870768E-002
   2.58557311112       -3.95751426088       -70.0000000000        10.2380466275      -0.232250929194      -4.792399246263E-003
   2.90876975001       -4.45220354349       -70.0000000000        12.5571032474       -2.07588230008      -3.126310288716E-003
   3.23196638891       -4.94689282610       -70.0000000000        12.4666719165       -10.8187400301      -1.879244563676E-002
   3.55516302780       -5.44158210871       -70.0000000000        3.58789813513       -8.80845819635      -4.395050609269E-002
   0.00000000000        0.00000000000       -70.0000000000        6.39621449533       1.977624975596E-002  1.622155096462E-002
  0.466310301007      -0.362943875680       -70.0000000000        6.41632317863       5.741782605325E-002  2.147514462615E-002
  0.932620602014      -0.725887751361       -70.0000000000        6.34899042356       0.144389336118       1.918095666785E-002
   1.39893090302       -1.08883162704       -70.0000000000        6.29521566375       9.328665543996E-002  8.982442068940E-003
   1.86524120403       -1.45177550272       -70.0000000000        6.28327798760       8.629159116254E-002  5.077209033489E-003
   2.33155150503       -1.81471937840       -70.0000000000        7.08236163331      -0.156831807386      -1.884495012833E-002
   2.79786180604       -2.17766325408       -70.0000000000        7.45095074432      -0.871559317060      -1.123424788264E-002
   3.26417210705       -2.54060712976       -70.0000000000        7.40366636355       -1.56761134957      -1.126648667464E-002
   3.73048240806       -2.90355100544       -70.0000000000        7.08422414160       -1.91439714889      -2.787362413658E-002
   4.19679270906       -3.26649488112       -70.0000000000        6.69664693253       -2.42213778626      -4.813619823459E-002
   4.66310301007       -3.62943875680       -70.0000000000        6.31674343726       -3.32739040781      -7.980070440461E-002
   5.12941331108       -3.99238263248       -70.0000000000        5.61805966077       -3.38903492623      -0.109381088117     
   0.00000000000        0.00000000000       -70.0000000000        6.39621449533       1.977624975596E-002  1.622155096462E-002
  0.558892006459      -0.191867868166       -70.0000000000        6.42955512540       6.566705608849E-002  2.343774103229E-002
   1.11778401292      -0.383735736333       -70.0000000000        6.37175546330       0.198083275653       2.497152465862E-002
   1.67667601938      -0.575603604499       -70.0000000000        6.30564410847       0.139906598708       1.366208859905E-002
   2.23556802584      -0.767471472666       -70.0000000000        6.32644758482       8.751126359025E-003  7.144953369358E-003
   2.79446003230      -0.959339340832       -70.0000000000        6.58805423022      -0.224491089406      -1.652829317173E-002
   3.35335203876       -1.15120720900       -70.0000000000        6.29967224855      -0.516177864576      -1.247110975615E-002
   3.91224404522       -1.34307507716       -70.0000000000        5.97384189145      -0.606956204672      -3.018371850445E-002
   4.47113605168       -1.53494294533       -70.0000000000        5.66750133530      -0.729123691912      -3.626690151376E-002
   5.03002805814       -1.72681081350       -70.0000000000        5.38099934701      -0.884144582007      -4.481995357126E-002
   5.58892006459       -1.91867868166       -70.0000000000        5.06307967810      -0.999354524942      -5.830277332710E-002
   6.14781207105       -2.11054654983       -70.0000000000        4.42035645096      -0.807118329400      -8.046600518115E-002
   0.00000000000        0.00000000000       -70.0000000000        6.39621449533       1.977624975596E-002  1.622155096462E-002
  0.590909090909        0.00000000000       -70.0000000000        6.43901407596       6.904210024499E-002  2.461364134171E-002
   1.18181818182      -1.172487511250E-015  -70.0000000000        6.40969051171       0.254421195765       3.269547460019E-002
   1.77272727273        0.00000000000       -70.0000000000        6.37235076895       0.205603332964       2.540855835894E-002
   2.36363636364        0.00000000000       -70.0000000000        6.36139286068       2.836623839400E-002  1.408519687499E-002
   2.95454545455        0.00000000000       -70.0000000000        6.49783599505      -8.164775827686E-002 -7.960458245978E-003
   3.54545454545        0.00000000000       -70.0000000000        6.18333362984      -9.690151224104E-002 -1.230662969861E-002
   4.13636363636        0.00000000000       -70.0000000000        5.89827004368      -8.939048383130E-002 -1.553842424131E-002
   4.72727272727        0.00000000000       -70.0000000000        5.61320645752      -8.187945542156E-002 -1.877021878400E-002
   5.31818181818        0.00000000000       -70.0000000000        5.33476784802      -4.368089128982E-002 -2.178254153444E-002
   5.90909090909        0.00000000000       -70.0000000000        5.06277027987      -7.558489769876E-002 -4.093574183625E-002
   6.50000000000        0.00000000000       -70.0000000000        4.75636187935       7.724498974279E-002 -2.149957743576E-002
