 12 20 1 1
 1 X [LENGU]
 2 Y [LENGU]
 3 Z [LENGU]
 4 Hx [FIELU]
 5 Hy [FIELU]
 6 Hz [FIELU]
 0
   0.00000000000        0.00000000000       -2.16000000000       0.310782868959      -1.075864086645E-003  1.818453231946E-003
  0.590909090909        0.00000000000       -2.16000000000       0.312361373354      -1.355483772953E-003  2.125570366540E-003
   1.18181818182        0.00000000000       -2.16000000000       0.313404191670      -8.713857638940E-004  2.726190374075E-003
   1.77272727273        0.00000000000       -2.16000000000       0.311251447325      -4.228269727887E-004  2.600720835695E-003
   2.36363636364        0.00000000000       -2.16000000000       0.310411883769      -4.436675698959E-004  1.868452375008E-003
   2.95454545455        0.00000000000       -2.16000000000       0.283202277052       7.822460828680E-004  6.230239916630E-003
   3.54545454545        0.00000000000       -2.16000000000       0.271053911927      -3.895846514695E-003  6.351439456749E-003
   4.13636363636        0.00000000000       -2.16000000000       0.258746106387      -3.057578704203E-003  6.651803954934E-003
   4.72727272727        0.00000000000       -2.16000000000       0.246296532824       1.315727387923E-005  7.042852506996E-003
   5.31818181818        0.00000000000       -2.16000000000       0.234128487620       4.276615750454E-004  7.002143487196E-003
   5.90909090909        0.00000000000       -2.16000000000       0.223922643658      -4.719729836832E-004  6.387487860485E-003
   6.50000000000        0.00000000000       -2.16000000000       0.211865790349       2.720927382576E-003  5.920684395590E-003
   0.00000000000        0.00000000000       -2.16000000000       0.310782868959      -1.075864086645E-003  1.818453231946E-003
  0.558892006459       0.191867868166       -2.16000000000       0.313448202510      -1.139322502911E-003  2.151046174384E-003
   1.11778401292       0.383735736333       -2.16000000000       0.314418228164      -4.564414288542E-004  2.490723768110E-003
   1.67667601938       0.575603604499       -2.16000000000       0.311607461580       1.913025510453E-004  2.006697788930E-003
   2.23556802584       0.767471472666       -2.16000000000       0.308447070021       1.862438005505E-003  1.360601082296E-003
   2.79446003230       0.959339340832       -2.16000000000       0.290518037684       3.089488064486E-003  6.265873859999E-003
   3.35335203876        1.15120720900       -2.16000000000       0.275856970315       1.664715372140E-002  6.443695285207E-003
   3.91224404522        1.34307507716       -2.16000000000       0.265956610201       2.469999684899E-002  6.724470319288E-003
   4.47113605168        1.53494294533       -2.16000000000       0.254689660155       3.085749936107E-002  7.241527943023E-003
   5.03002805814        1.72681081350       -2.16000000000       0.239431972650       3.770796056088E-002  8.290497050187E-003
   5.58892006459        1.91867868166       -2.16000000000       0.221423001121       4.181537238309E-002  9.183936397867E-003
   6.14781207105        2.11054654983       -2.16000000000       0.200215567471       3.861878523351E-002  1.105425967500E-002
   0.00000000000        0.00000000000       -2.16000000000       0.310782868959      -1.075864086645E-003  1.818453231946E-003
  0.466310301007       0.362943875680       -2.16000000000       0.314135458251      -8.993398690255E-004  2.210200060574E-003
  0.932620602014       0.725887751361       -2.16000000000       0.314933828006       4.687778039481E-005  2.250671303833E-003
   1.39893090302        1.08883162704       -2.16000000000       0.312701988987       1.347250199648E-003  1.914268649567E-003
   1.86524120403        1.45177550272       -2.16000000000       0.308972524141       3.042384745706E-003  1.355788302217E-003
   2.33155150503        1.81471937840       -2.16000000000       0.320196021749      -2.605858823819E-003  4.314399220262E-003
   2.79786180604        2.17766325408       -2.16000000000       0.323050990146       2.512230944142E-002  6.186520741654E-003
   3.26417210705        2.54060712976       -2.16000000000       0.326118088672       6.769311556413E-002  6.656294201190E-003
   3.73048240806        2.90355100544       -2.16000000000       0.312646930673       7.875939861525E-002  6.603634206683E-003
   4.19679270906        3.26649488112       -2.16000000000       0.294581884502       9.193575865311E-002  5.785348396056E-003
   4.66310301007        3.62943875680       -2.16000000000       0.270516657792       0.123776482245       5.292478834486E-003
   5.12941331108        3.99238263248       -2.16000000000       0.236337288550       0.145362557809       3.014179216570E-003
   0.00000000000        0.00000000000       -2.16000000000       0.310782868959      -1.075864086645E-003  1.818453231946E-003
  0.323196638891       0.494689282610       -2.16000000000       0.314335084614      -6.521938821500E-004  2.306647383090E-003
  0.646393277781       0.989378565219       -2.16000000000       0.313914392831       1.027560773892E-003  2.056754505550E-003
  0.969589916672        1.48406784783       -2.16000000000       0.313761245088       2.258023033229E-003  1.976261330741E-003
   1.29278655556        1.97875713044       -2.16000000000       0.312234149541       2.306441499723E-003  1.717130648717E-003
   1.61598319445        2.47344641305       -2.16000000000       0.334264766432      -1.404218249865E-002  2.878033212803E-003
   1.93917983334        2.96813569566       -2.16000000000       0.351357583295      -2.418119292572E-002  4.698426479884E-003
   2.26237647223        3.46282497827       -2.16000000000       0.377963815442      -2.112634100689E-002  6.784922840866E-003
   2.58557311112        3.95751426088       -2.16000000000       0.449119973840       1.212836620788E-003  8.225850257133E-003
   2.90876975001        4.45220354349       -2.16000000000       0.556676344293       9.621337438936E-002  8.675529298247E-003
   3.23196638891        4.94689282610       -2.16000000000       0.524777472084       0.440419523009       1.005986925322E-002
   3.55516302780        5.44158210871       -2.16000000000       0.139527302919       0.421303190973       9.749845292899E-003
   0.00000000000        0.00000000000       -2.16000000000       0.310782868959      -1.075864086645E-003  1.818453231946E-003
  0.145059606038       0.572827429873       -2.16000000000       0.314132372404      -4.982615052614E-004  2.351005693334E-003
  0.290119212075        1.14565485975       -2.16000000000       0.313513112461       1.354846258125E-003  2.132774329938E-003
  0.435178818113        1.71848228962       -2.16000000000       0.314998013277       1.360588115578E-003  2.089922422651E-003
  0.580238424151        2.29130971949       -2.16000000000       0.315760250982       2.130689512897E-003  2.180033463383E-003
  0.725298030189        2.86413714937       -2.16000000000       0.343331009373      -2.041841835659E-002  2.296822267248E-003
  0.870357636226        3.43696457924       -2.16000000000       0.334467046252      -3.634547508764E-002  6.002479288721E-003
   1.01541724226        4.00979200911       -2.16000000000       0.318816856392      -5.387644218114E-002  8.028786989664E-003
   1.16047684830        4.58261943899       -2.16000000000       0.287966004342      -0.128877597913       1.181750988383E-002
   1.30553645434        5.15544686886       -2.16000000000       0.214364711876      -0.155377718723       1.508419014878E-002
   1.45059606038        5.72827429873       -2.16000000000       0.102534031970      -0.163196937969       1.994276491896E-002
   1.59565566642        6.30110172861       -2.16000000000       2.723571798461E-002 -0.100171033764       2.855329954990E-002
   0.00000000000        0.00000000000       -2.16000000000       0.310782868959      -1.075864086645E-003  1.818453231946E-003
 -4.879688596092E-002  0.588890836777       -2.16000000000       0.313549288636      -4.542236999026E-004  2.338468080103E-003
 -9.759377192185E-002   1.17778167355       -2.16000000000       0.313416746920       1.225559900856E-003  2.300260213792E-003
 -0.146390657883        1.76667251033       -2.16000000000       0.315114815282       1.055653400989E-003  2.303577958497E-003
 -0.195187543844        2.35556334711       -2.16000000000       0.316053746123       2.345149990888E-003  2.305834759445E-003
 -0.243984429805        2.94445418388       -2.16000000000       0.342070298764      -5.518716928685E-003  4.056274648431E-003
 -0.292781315766        3.53334502066       -2.16000000000       0.288714631183       1.083137648446E-003  5.643400926723E-003
 -0.341578201726        4.12223585744       -2.16000000000       0.278453501287       2.658799965492E-002  7.971847655879E-003
 -0.390375087687        4.71112669421       -2.16000000000       0.233709116127       3.582953092125E-002  1.375970661289E-002
 -0.439171973648        5.30001753099       -2.16000000000       0.191408054598       5.069676729431E-002  1.749176752199E-002
 -0.487968859609        5.88890836777       -2.16000000000       0.125469858496       4.915010330059E-002  2.389463654933E-002
 -0.536765745570        6.47779920454       -2.16000000000       6.280805050372E-002  5.954716746802E-002  2.783428071378E-002
   0.00000000000        0.00000000000       -2.16000000000       0.310782868959      -1.075864086645E-003  1.818453231946E-003
 -0.237365478204       0.541138783933       -2.16000000000       0.312649019483      -5.248526456011E-004  2.270393188330E-003
 -0.474730956408        1.08227756787       -2.16000000000       0.313590509666       6.831642622873E-004  2.519478624144E-003
 -0.712096434612        1.62341635180       -2.16000000000       0.314349111258       1.168204265322E-003  2.533417343015E-003
 -0.949461912816        2.16455513573       -2.16000000000       0.312346090424       1.277379131427E-002  2.341505215329E-003
  -1.18682739102        2.70569391966       -2.16000000000       0.344404855811       3.845201263791E-003  4.512791833608E-003
  -1.42419286922        3.24683270360       -2.16000000000       0.344465250504       2.108473713894E-002  5.035619628929E-003
  -1.66155834743        3.78797148753       -2.16000000000       0.371376257953       4.786153895079E-002  6.453863828571E-003
  -1.89892382563        4.32911027146       -2.16000000000       0.411563561403       9.943488049934E-002  1.247839843682E-002
  -2.13628930384        4.87024905539       -2.16000000000       0.458148348055       0.332709261251       1.908749156409E-002
  -2.37365478204        5.41138783933       -2.16000000000       4.427287207787E-002  0.358523583661       2.392840416363E-002
  -2.61102026024        5.95252662326       -2.16000000000      -0.315126134764       0.110007131348       2.760332851630E-002
   0.00000000000        0.00000000000       -2.16000000000       0.310782868959      -1.075864086645E-003  1.818453231946E-003
 -0.400211837779       0.434745947216       -2.16000000000       0.311539928189      -6.731221106276E-004  2.153652286264E-003
 -0.800423675558       0.869491894432       -2.16000000000       0.312435953068       1.073824663374E-004  2.482347448010E-003
  -1.20063551334        1.30423784165       -2.16000000000       0.313117628847       1.474423660469E-003  2.746263260588E-003
  -1.60084735112        1.73898378886       -2.16000000000       0.314196043355       3.395169823023E-003  2.383634659663E-003
  -2.00105918889        2.17372973608       -2.16000000000       0.344004350195       2.465237461179E-003  2.935989825747E-003
  -2.40127102667        2.60847568330       -2.16000000000       0.356404260055      -5.393935231938E-003  6.067510898713E-003
  -2.80148286445        3.04322163051       -2.16000000000       0.377976366831      -1.793543116036E-002  6.550221816062E-003
  -3.20169470223        3.47796757773       -2.16000000000       0.402029949630      -4.926987205627E-002  1.031093069915E-002
  -3.60190654001        3.91271352494       -2.16000000000       0.384264644131      -8.323657107223E-002  1.156130856001E-002
  -4.00211837779        4.34745947216       -2.16000000000       0.304101196013      -0.132288922811       3.082938053232E-002
  -4.40233021557        4.78220541938       -2.16000000000       0.204306202063      -0.158374626454       4.465444269315E-002
   0.00000000000        0.00000000000       -2.16000000000       0.310782868959      -1.075864086645E-003  1.818453231946E-003
 -0.519689034804       0.281241641340       -2.16000000000       0.310582305683      -2.302697578707E-004  1.989658691264E-003
  -1.03937806961       0.562483282680       -2.16000000000       0.311547257238      -3.425003272729E-004  2.381837782948E-003
  -1.55906710441       0.843724924020       -2.16000000000       0.311510809929       5.560615965694E-004  2.383260626965E-003
  -2.07875613922        1.12496656536       -2.16000000000       0.311696348319       3.561897586004E-005  1.893544625031E-003
  -2.59844517402        1.40620820670       -2.16000000000       0.338096976071      -4.154199005496E-003  5.980553868343E-003
  -3.11813420882        1.68744984804       -2.16000000000       0.345791934689      -7.723976040919E-003  2.351122788785E-004
  -3.63782324363        1.96869148938       -2.16000000000       0.360135853180       3.290309331488E-003 -5.067443784082E-003
  -4.15751227843        2.24993313072       -2.16000000000       0.329346336598       2.573983273028E-002 -2.426064402861E-002
  -4.67720131323        2.53117477206       -2.16000000000       0.306638613180       3.167337477118E-002 -3.253215196037E-002
  -5.19689034804        2.81241641340       -2.16000000000       0.238142597436       4.589469253980E-002 -2.284322731087E-002
  -5.71657938284        3.09365805474       -2.16000000000       0.172812952404       4.875033178152E-002 -7.365560339907E-003
   0.00000000000        0.00000000000       -2.16000000000       0.310782868959      -1.075864086645E-003  1.818453231946E-003
 -0.582849861102       9.726043971134E-002  -2.16000000000       0.309646417321       1.209493286157E-004  1.807112328220E-003
  -1.16569972220       0.194520879423       -2.16000000000       0.312729038994      -1.674523394980E-003  2.506501859079E-003
  -1.74854958330       0.291781319134       -2.16000000000       0.311720244705       2.437737096648E-004  2.180239765266E-003
  -2.33139944441       0.389041758845       -2.16000000000       0.310786085178      -3.181224271016E-005  1.774671560352E-003
  -2.91424930551       0.486302198557       -2.16000000000       0.333910288011      -2.417673030048E-003 -2.440259749992E-003
  -3.49709916661       0.583562638268       -2.16000000000       0.382992370177      -2.012940752604E-003 -2.734892079534E-003
  -4.07994902771       0.680823077979       -2.16000000000       0.392902814816       1.213266249101E-002 -8.284725056698E-003
  -4.66279888881       0.778083517691       -2.16000000000       0.400766181080       2.766614574650E-002 -5.597882559774E-002
  -5.24564874991       0.875343957402       -2.16000000000       0.411970657011       4.926778227947E-002 -0.124986973459     
  -5.82849861102       0.972604397113       -2.16000000000       0.383968970374       6.980455010285E-002 -0.191355596272     
  -6.41134847212        1.06986483682       -2.16000000000       0.721374705441       0.169134570341      -0.465071344624     
   0.00000000000        0.00000000000       -2.16000000000       0.310782868959      -1.075864086645E-003  1.818453231946E-003
 -0.582849861102      -9.726043971134E-002  -2.16000000000       0.309745985817      -4.072606478372E-004  1.798761651191E-003
  -1.16569972220      -0.194520879423       -2.16000000000       0.313034927141      -2.388762454489E-003  2.429322336788E-003
  -1.74854958330      -0.291781319134       -2.16000000000       0.312351098020      -5.594752154506E-004  2.074436086422E-003
  -2.33139944441      -0.389041758845       -2.16000000000       0.310948509228       1.522766892748E-004  1.676758611108E-003
  -2.91424930551      -0.486302198557       -2.16000000000       0.324920118869       3.146740780465E-003  5.427305335745E-003
  -3.49709916661      -0.583562638268       -2.16000000000       0.368727184464      -1.585213256766E-002 -2.085071979903E-004
  -4.07994902771      -0.680823077979       -2.16000000000       0.410021576672      -4.602830061198E-002 -3.398778960813E-003
  -4.66279888881      -0.778083517691       -2.16000000000       0.438039125685      -6.048525228917E-002 -5.927594295617E-002
  -5.24564874991      -0.875343957402       -2.16000000000       0.428138783443      -6.242069621338E-002 -0.114260432293     
  -5.82849861102      -0.972604397113       -2.16000000000       0.370227771430      -9.760558009821E-002 -0.203436614962     
  -6.41134847212       -1.06986483682       -2.16000000000       0.405472430274      -0.211237306585      -0.427847976282     
   0.00000000000        0.00000000000       -2.16000000000       0.310782868959      -1.075864086645E-003  1.818453231946E-003
 -0.519689034804      -0.281241641340       -2.16000000000       0.309762088343      -8.469916377451E-004  1.755417148649E-003
  -1.03937806961      -0.562483282680       -2.16000000000       0.313380917988      -3.693154975633E-003  2.433491261887E-003
  -1.55906710441      -0.843724924020       -2.16000000000       0.313247156495      -1.840464819648E-003  2.065224952440E-003
  -2.07875613922       -1.12496656536       -2.16000000000       0.313462712803       2.388540072289E-004  2.003498436433E-003
  -2.59844517402       -1.40620820670       -2.16000000000       0.330387774290       4.195579036158E-003  2.917986478468E-003
  -3.11813420882       -1.68744984804       -2.16000000000       0.339596490057       5.408938518436E-003  4.757003117385E-003
  -3.63782324363       -1.96869148938       -2.16000000000       0.341565410919       7.310760080111E-003  2.160853685034E-003
  -4.15751227843       -2.24993313072       -2.16000000000       0.335489071969       7.565043734461E-003 -7.770355321328E-003
  -4.67720131323       -2.53117477206       -2.16000000000       0.334522680233      -9.673918969397E-003 -2.448340259059E-002
  -5.19689034804       -2.81241641340       -2.16000000000       0.250734781210      -3.351089112021E-002 -2.869332153522E-002
  -5.71657938284       -3.09365805474       -2.16000000000       0.175801194991      -4.836111174711E-002 -2.047527538473E-002
   0.00000000000        0.00000000000       -2.16000000000       0.310782868959      -1.075864086645E-003  1.818453231946E-003
 -0.400211837779      -0.434745947216       -2.16000000000       0.309235858979      -7.749280716474E-004  1.595108865135E-003
 -0.800423675558      -0.869491894432       -2.16000000000       0.313714283378      -5.425718897513E-003  2.514145604302E-003
  -1.20063551334       -1.30423784165       -2.16000000000       0.314433713335      -3.491231204464E-003  2.334416461181E-003
  -1.60084735112       -1.73898378886       -2.16000000000       0.315707968364      -3.667639568664E-004  2.374567577599E-003
  -2.00105918889       -2.17372973608       -2.16000000000       0.332745402813      -1.066105457701E-002  3.492929595799E-003
  -2.40127102667       -2.60847568330       -2.16000000000       0.351830944678      -1.558233935401E-003  8.682225995393E-003
  -2.80148286445       -3.04322163051       -2.16000000000       0.347558715005       1.626377110552E-002  2.129615013615E-003
  -3.20169470223       -3.47796757773       -2.16000000000       0.364222064109       5.094307536602E-002  1.148405189704E-002
  -3.60190654001       -3.91271352494       -2.16000000000       0.384127191317       9.216039516722E-002  1.653761514422E-002
  -4.00211837779       -4.34745947216       -2.16000000000       0.325410993220       0.139441915172       2.775357459458E-002
  -4.40233021557       -4.78220541938       -2.16000000000       0.215290504618       0.116935521061       3.743567799477E-002
   0.00000000000        0.00000000000       -2.16000000000       0.310782868959      -1.075864086645E-003  1.818453231946E-003
 -0.237365478204      -0.541138783933       -2.16000000000       0.308224322841      -1.988791551122E-004  1.335208690609E-003
 -0.474730956408       -1.08227756787       -2.16000000000       0.311799231925      -3.573755425016E-003  2.019773530165E-003
 -0.712096434612       -1.62341635180       -2.16000000000       0.315721951883      -4.695169118394E-003  2.786213607882E-003
 -0.949461912816       -2.16455513573       -2.16000000000       0.316365548950      -2.379931724416E-003  2.622749425746E-003
  -1.18682739102       -2.70569391966       -2.16000000000       0.343036466751      -1.146455376030E-002  7.616628141031E-003
  -1.42419286922       -3.24683270360       -2.16000000000       0.371124360204      -1.365271445491E-002  9.374441486063E-003
  -1.66155834743       -3.78797148753       -2.16000000000       0.404170063454      -6.988233534624E-002  1.294935616667E-002
  -1.89892382563       -4.32911027146       -2.16000000000       0.406351870626      -0.125331846934       1.587680832219E-002
  -2.13628930384       -4.87024905539       -2.16000000000       0.403052212847      -0.358439658281       2.246339369030E-002
  -2.37365478204       -5.41138783933       -2.16000000000       0.265168021070      -0.379895773196       2.471415162190E-002
  -2.61102026024       -5.95252662326       -2.16000000000      -0.311588884400      -0.108027417826       2.921409442388E-002
   0.00000000000        0.00000000000       -2.16000000000       0.310782868959      -1.075864086645E-003  1.818453231946E-003
 -4.879688596092E-002 -0.588890836777       -2.16000000000       0.308193231690      -2.957469898465E-004  1.260994966153E-003
 -9.759377192185E-002  -1.17778167355       -2.16000000000       0.309375284432       7.323965439421E-004  1.439627756308E-003
 -0.146390657883       -1.76667251033       -2.16000000000       0.312309203857      -6.956109920842E-004  2.003679705824E-003
 -0.195187543844       -2.35556334711       -2.16000000000       0.315624825126      -4.520973668344E-003  2.707099254700E-003
 -0.243984429805       -2.94445418388       -2.16000000000       0.337914109321      -4.766166554437E-003  8.277242210194E-003
 -0.292781315766       -3.53334502066       -2.16000000000       0.310484297483       3.495751135701E-003  1.049421366504E-002
 -0.341578201726       -4.12223585744       -2.16000000000       0.274510123248      -1.732763655230E-002  1.308728426334E-002
 -0.390375087687       -4.71112669421       -2.16000000000       0.238170600890      -3.944252813349E-002  1.551726773020E-002
 -0.439171973648       -5.30001753099       -2.16000000000       0.190016476191      -5.520729399489E-002  1.816011988795E-002
 -0.487968859609       -5.88890836777       -2.16000000000       0.126219570457      -6.079139744372E-002  2.695282779284E-002
 -0.536765745570       -6.47779920454       -2.16000000000       8.486815710922E-002 -5.565460938289E-002  3.152011978232E-002
   0.00000000000        0.00000000000       -2.16000000000       0.310782868959      -1.075864086645E-003  1.818453231946E-003
  0.145059606038      -0.572827429873       -2.16000000000       0.308666741782      -5.502074709665E-004  1.414116959295E-003
  0.290119212075       -1.14565485975       -2.16000000000       0.309712927996       8.286519517948E-004  1.781759034823E-003
  0.435178818113       -1.71848228962       -2.16000000000       0.310260940493       8.771208921669E-004  1.715794896375E-003
  0.580238424151       -2.29130971949       -2.16000000000       0.310532649647      -9.212306666426E-004  1.623236241669E-003
  0.725298030189       -2.86413714937       -2.16000000000       0.341283275359       3.064544291424E-002  4.774111113223E-003
  0.870357636226       -3.43696457924       -2.16000000000       0.326259005749       3.535385157008E-002  1.035047279247E-002
   1.01541724226       -4.00979200911       -2.16000000000       0.306956146055       6.810047594612E-002  1.174694586760E-002
   1.16047684830       -4.58261943899       -2.16000000000       0.282993231701       0.103968124174       1.304252320417E-002
   1.30553645434       -5.15544686886       -2.16000000000       0.215255996778       0.147079901532       1.609719408523E-002
   1.45059606038       -5.72827429873       -2.16000000000       0.101888895476       0.158595185110       1.823424249488E-002
   1.59565566642       -6.30110172861       -2.16000000000       1.271589165103E-002  9.469131904563E-002  2.415665652037E-002
   0.00000000000        0.00000000000       -2.16000000000       0.310782868959      -1.075864086645E-003  1.818453231946E-003
  0.323196638891      -0.494689282610       -2.16000000000       0.309334342600      -7.960534619682E-004  1.645446397360E-003
  0.646393277781      -0.989378565219       -2.16000000000       0.309780720146       2.692441134147E-004  2.092042884824E-003
  0.969589916672       -1.48406784783       -2.16000000000       0.310707143400      -5.873997948210E-004  2.212206333373E-003
   1.29278655556       -1.97875713044       -2.16000000000       0.310070787451      -7.416610481149E-004  1.700346813377E-003
   1.61598319445       -2.47344641305       -2.16000000000       0.333289513245       9.774971270004E-003  7.653980441148E-003
   1.93917983334       -2.96813569566       -2.16000000000       0.363187012806       1.591534593165E-002  8.230742825565E-003
   2.26237647223       -3.46282497827       -2.16000000000       0.397732583526       1.581816629195E-002  9.210576801376E-003
   2.58557311112       -3.95751426088       -2.16000000000       0.440105737378      -3.079252823050E-003  1.009665145198E-002
   2.90876975001       -4.45220354349       -2.16000000000       0.556110547229      -9.464156835436E-002  1.170047499247E-002
   3.23196638891       -4.94689282610       -2.16000000000       0.533317027145      -0.451672561657       1.421083151038E-002
   3.55516302780       -5.44158210871       -2.16000000000       0.152428096925      -0.426108262857       1.652045262332E-002
   0.00000000000        0.00000000000       -2.16000000000       0.310782868959      -1.075864086645E-003  1.818453231946E-003
  0.466310301007      -0.362943875680       -2.16000000000       0.310197630938      -1.144301231235E-003  1.857722363128E-003
  0.932620602014      -0.725887751361       -2.16000000000       0.309286261377      -5.459181379523E-004  2.249569566499E-003
   1.39893090302       -1.08883162704       -2.16000000000       0.310784958238      -8.255508369152E-004  2.734389966569E-003
   1.86524120403       -1.45177550272       -2.16000000000       0.308412408818      -1.931728204286E-003  2.241618506556E-003
   2.33155150503       -1.81471937840       -2.16000000000       0.316264735792       2.429020608249E-003  6.758043905214E-003
   2.79786180604       -2.17766325408       -2.16000000000       0.313135135918      -1.426047011798E-002  6.881139123449E-003
   3.26417210705       -2.54060712976       -2.16000000000       0.312192106061      -3.408767471004E-002  7.128253242754E-003
   3.73048240806       -2.90355100544       -2.16000000000       0.311835159034      -5.760911244416E-002  7.558864197285E-003
   4.19679270906       -3.26649488112       -2.16000000000       0.295151807197      -9.420524191138E-002  7.139928742759E-003
   4.66310301007       -3.62943875680       -2.16000000000       0.265935161982      -0.127360888972       5.081354733004E-003
   5.12941331108       -3.99238263248       -2.16000000000       0.236090502306      -0.142787277005       4.869953292141E-003
   0.00000000000        0.00000000000       -2.16000000000       0.310782868959      -1.075864086645E-003  1.818453231946E-003
  0.558892006459      -0.191867868166       -2.16000000000       0.311163056111      -1.557212729347E-003  2.027941461907E-003
   1.11778401292      -0.383735736333       -2.16000000000       0.311185959735      -1.373405539872E-003  2.586262498546E-003
   1.67667601938      -0.575603604499       -2.16000000000       0.311209558454      -1.187724402483E-003  3.144547839131E-003
   2.23556802584      -0.767471472666       -2.16000000000       0.307061272532      -2.253954044647E-003  2.178619152986E-003
   2.79446003230      -0.959339340832       -2.16000000000       0.289995379671      -1.159000971765E-003  6.350558740363E-003
   3.35335203876       -1.15120720900       -2.16000000000       0.278608407617      -1.339067304563E-002  6.319446338062E-003
   3.91224404522       -1.34307507716       -2.16000000000       0.268538130359      -2.115090684928E-002  6.437987233258E-003
   4.47113605168       -1.53494294533       -2.16000000000       0.257845359260      -2.889761620124E-002  6.666521507211E-003
   5.03002805814       -1.72681081350       -2.16000000000       0.241575431282      -3.533686370091E-002  7.805046968920E-003
   5.58892006459       -1.91867868166       -2.16000000000       0.223820824803      -3.922427760991E-002  9.051957817298E-003
   6.14781207105       -2.11054654983       -2.16000000000       0.206608797582      -4.186877742394E-002  1.163524873205E-002
   0.00000000000        0.00000000000       -2.16000000000       0.310782868959      -1.075864086645E-003  1.818453231946E-003
  0.590909090909        0.00000000000       -2.16000000000       0.312361373354      -1.355483772953E-003  2.125570366540E-003
   1.18181818182      -1.172487511250E-015  -2.16000000000       0.313404191670      -8.713857638940E-004  2.726190374075E-003
   1.77272727273        0.00000000000       -2.16000000000       0.311251447325      -4.228269727887E-004  2.600720835695E-003
   2.36363636364        0.00000000000       -2.16000000000       0.310411883769      -4.436675698959E-004  1.868452375008E-003
   2.95454545455        0.00000000000       -2.16000000000       0.283202277052       7.822460828680E-004  6.230239916630E-003
   3.54545454545        0.00000000000       -2.16000000000       0.271053911927      -3.895846514695E-003  6.351439456749E-003
   4.13636363636        0.00000000000       -2.16000000000       0.258746106387      -3.057578704203E-003  6.651803954934E-003
   4.72727272727        0.00000000000       -2.16000000000       0.246296532824       1.315727387923E-005  7.042852506996E-003
   5.31818181818        0.00000000000       -2.16000000000       0.234128487620       4.276615750454E-004  7.002143487196E-003
   5.90909090909        0.00000000000       -2.16000000000       0.223922643658      -4.719729836832E-004  6.387487860485E-003
   6.50000000000        0.00000000000       -2.16000000000       0.211865790349       2.720927382576E-003  5.920684395590E-003
