 12 20 1 1
 1 X [LENGU]
 2 Y [LENGU]
 3 Z [LENGU]
 4 Hx [FIELU]
 5 Hy [FIELU]
 6 Hz [FIELU]
 0
   0.00000000000        0.00000000000       -97.2000000000        3.10234480083      -0.150779035613      -1.787809040556E-002
  0.590909090909        0.00000000000       -97.2000000000        3.10500348503      -0.142937973410      -1.846135037373E-002
   1.18181818182        0.00000000000       -97.2000000000        3.10851972104      -0.139407947964      -1.894166470279E-002
   1.77272727273        0.00000000000       -97.2000000000        3.10767915127      -0.133332461136      -1.737818838595E-002
   2.36363636364        0.00000000000       -97.2000000000        3.10850002987      -0.113456433398      -1.238599125719E-002
   2.95454545455        0.00000000000       -97.2000000000        2.58194777640      -4.826700023647E-002 -0.126953263961     
   3.54545454545        0.00000000000       -97.2000000000        2.45985490470      -1.018847149932E-003 -8.839508435056E-002
   4.13636363636        0.00000000000       -97.2000000000        2.35882901931      -2.160914960536E-003 -5.194160283514E-002
   4.72727272727        0.00000000000       -97.2000000000        2.27502289159      -1.526328736784E-002 -1.864612798231E-002
   5.31818181818        0.00000000000       -97.2000000000        2.10646989815      -3.537666640910E-002 -9.258276846635E-003
   5.90909090909        0.00000000000       -97.2000000000        2.00432669012      -2.367191870121E-002 -3.990507196203E-003
   6.50000000000        0.00000000000       -97.2000000000        1.90218348209      -1.196717099331E-002  1.277262454229E-003
   0.00000000000        0.00000000000       -97.2000000000        3.10234480083      -0.150779035613      -1.787809040556E-002
  0.558892006459       0.191867868166       -97.2000000000        3.10804248428      -0.170291041759      -2.148539352327E-002
   1.11778401292       0.383735736333       -97.2000000000        3.11333694737      -0.185344826107      -2.527319291418E-002
   1.67667601938       0.575603604499       -97.2000000000        3.09860083465      -0.159810095958      -2.270689614763E-002
   2.23556802584       0.767471472666       -97.2000000000        3.09490786579      -0.119333336266      -1.621631332501E-002
   2.79446003230       0.959339340832       -97.2000000000        2.72598735498      -8.459224891689E-002 -0.127488527383     
   3.35335203876        1.15120720900       -97.2000000000        2.59940636398       6.128775777105E-002 -9.852908216735E-002
   3.91224404522        1.34307507716       -97.2000000000        2.49079966849       0.141842491428      -6.062392650294E-002
   4.47113605168        1.53494294533       -97.2000000000        2.43667791869       0.236831871095      -2.800393966934E-002
   5.03002805814        1.72681081350       -97.2000000000        2.19979629485       0.298902354354      -2.064999867581E-002
   5.58892006459        1.91867868166       -97.2000000000        1.99826625356       0.326490729335      -2.532647112024E-002
   6.14781207105        2.11054654983       -97.2000000000        1.82600973317       0.360420395810      -2.068774856266E-002
   0.00000000000        0.00000000000       -97.2000000000        3.10234480083      -0.150779035613      -1.787809040556E-002
  0.466310301007       0.362943875680       -97.2000000000        3.11518718425      -0.200598795785      -2.568704649241E-002
  0.932620602014       0.725887751361       -97.2000000000        3.11291074428      -0.215610243817      -2.878734063966E-002
   1.39893090302        1.08883162704       -97.2000000000        3.10570574511      -0.203024953836      -2.771988189463E-002
   1.86524120403        1.45177550272       -97.2000000000        3.09770740808      -0.138106011473      -1.913090069091E-002
   2.33155150503        1.81471937840       -97.2000000000        3.10072012817      -0.169751906642      -0.116577382896     
   2.79786180604        2.17766325408       -97.2000000000        3.19775361121      -1.823062425528E-002 -4.794020843092E-002
   3.26417210705        2.54060712976       -97.2000000000        2.96914633534       0.445791334732      -2.838202941781E-002
   3.73048240806        2.90355100544       -97.2000000000        3.12408381697       0.651210057404      -1.029617024147E-002
   4.19679270906        3.26649488112       -97.2000000000        2.94475011947       0.849581118715      -3.362853513701E-003
   4.66310301007        3.62943875680       -97.2000000000        2.61265926948        1.37292523695       4.894519027022E-002
   5.12941331108        3.99238263248       -97.2000000000        2.21278207675        1.54342788743       3.125817971276E-002
   0.00000000000        0.00000000000       -97.2000000000        3.10234480083      -0.150779035613      -1.787809040556E-002
  0.323196638891       0.494689282610       -97.2000000000        3.12803202493      -0.195287683568      -2.374828894139E-002
  0.646393277781       0.989378565219       -97.2000000000        3.10000918383      -0.193148792687      -2.287977622679E-002
  0.969589916672        1.48406784783       -97.2000000000        3.08210966040      -0.172209130708      -1.928623390826E-002
   1.29278655556        1.97875713044       -97.2000000000        3.10852823010      -0.167255803135      -2.171260316596E-002
   1.61598319445        2.47344641305       -97.2000000000        3.27521253783      -0.218124852809      -9.600017510137E-002
   1.93917983334        2.96813569566       -97.2000000000        3.57542495961      -0.353849214512      -6.730794244324E-002
   2.26237647223        3.46282497827       -97.2000000000        3.67811613876      -0.396763821584      -1.889414912384E-002
   2.58557311112        3.95751426088       -97.2000000000        4.55276820402      -0.210230098946      -1.433098028498E-002
   2.90876975001        4.45220354349       -97.2000000000        5.53632102842       0.836588990763      -1.395438349544E-003
   3.23196638891        4.94689282610       -97.2000000000        5.27828516059        4.58948183863       1.426284557161E-002
   3.55516302780        5.44158210871       -97.2000000000        1.50531348562        3.88044598168       3.456314611988E-002
   0.00000000000        0.00000000000       -97.2000000000        3.10234480083      -0.150779035613      -1.787809040556E-002
  0.145059606038       0.572827429873       -97.2000000000        3.13405939582      -0.166959114927      -1.790649834836E-002
  0.290119212075        1.14565485975       -97.2000000000        3.09899719311      -0.149058407907      -1.327366017205E-002
  0.435178818113        1.71848228962       -97.2000000000        3.06393499040      -0.131157700887      -8.640821995727E-003
  0.580238424151        2.29130971949       -97.2000000000        3.09025624831      -0.139205839640      -1.355489586140E-002
  0.725298030189        2.86413714937       -97.2000000000        3.30422573726      -0.381119420171       6.628359216053E-003
  0.870357636226        3.43696457924       -97.2000000000        3.37379540984      -0.181091416689      -2.126747629982E-002
   1.01541724226        4.00979200911       -97.2000000000        2.97104248271      -0.554564881979      -1.393092392600E-003
   1.16047684830        4.58261943899       -97.2000000000        2.77498209404       -1.05213469337       6.455170718875E-004
   1.30553645434        5.15544686886       -97.2000000000        2.07322893687       -1.56255715264      -8.546243949678E-004
   1.45059606038        5.72827429873       -97.2000000000       0.979316523217       -1.70487947059       1.227363233943E-002
   1.59565566642        6.30110172861       -97.2000000000       0.111397886418       -1.15388410942       1.947964858430E-002
   0.00000000000        0.00000000000       -97.2000000000        3.10234480083      -0.150779035613      -1.787809040556E-002
 -4.879688596092E-002  0.588890836777       -97.2000000000        3.12693856458      -0.152393989199      -1.268318712627E-002
 -9.759377192185E-002   1.17778167355       -97.2000000000        3.08475553064      -0.119928156451      -2.827037727848E-003
 -0.146390657883        1.76667251033       -97.2000000000        3.04510708039      -9.209835772014E-002  4.925204205150E-003
 -0.195187543844        2.35556334711       -97.2000000000        3.07380680804      -9.665839098537E-002  2.550507662487E-003
 -0.243984429805        2.94445418388       -97.2000000000        3.31203849185       7.916543110002E-002  3.007543142857E-002
 -0.292781315766        3.53334502066       -97.2000000000        3.04408915258       0.227980991262       5.185932121172E-003
 -0.341578201726        4.12223585744       -97.2000000000        2.72764618806       0.111484958099       1.310010363451E-002
 -0.390375087687        4.71112669421       -97.2000000000        2.55630817737       0.376635803034       1.446852636547E-002
 -0.439171973648        5.30001753099       -97.2000000000        1.82086735193       0.474235883504       1.040702944859E-002
 -0.487968859609        5.88890836777       -97.2000000000        1.16130892501       0.544910066850      -5.823185100665E-003
 -0.536765745570        6.47779920454       -97.2000000000       0.813706785439       0.569858172425      -2.918170551898E-003
   0.00000000000        0.00000000000       -97.2000000000        3.10234480083      -0.150779035613      -1.787809040556E-002
 -0.237365478204       0.541138783933       -97.2000000000        3.12438891961      -0.141347040209      -8.527942625400E-003
 -0.474730956408        1.08227756787       -97.2000000000        3.08167073167      -0.101478209624       3.799318003812E-003
 -0.712096434612        1.62341635180       -97.2000000000        3.05819755659      -0.102737460615       2.706282767805E-003
 -0.949461912816        2.16455513573       -97.2000000000        3.06718987169      -0.130216233393      -2.168780990608E-003
  -1.18682739102        2.70569391966       -97.2000000000        3.28589810476       0.216235977815       7.829793785836E-002
  -1.42419286922        3.24683270360       -97.2000000000        3.52020545798       0.280498303060       1.851627082167E-002
  -1.66155834743        3.78797148753       -97.2000000000        3.51833281874       0.297418672281       2.474805202627E-002
  -1.89892382563        4.32911027146       -97.2000000000        3.82254038116        1.18776021562       1.735096295087E-002
  -2.13628930384        4.87024905539       -97.2000000000        4.52202225966        3.09361994110       1.045456818325E-002
  -2.37365478204        5.41138783933       -97.2000000000        1.07162257465        7.57287341314       1.100743110500E-002
  -2.61102026024        5.95252662326       -97.2000000000       -2.94576470542       0.950720269185       1.086942230871E-002
   0.00000000000        0.00000000000       -97.2000000000        3.10234480083      -0.150779035613      -1.787809040556E-002
 -0.400211837779       0.434745947216       -97.2000000000        3.12540256870      -0.143576619236      -1.061291792801E-002
 -0.800423675558       0.869491894432       -97.2000000000        3.09254755516      -0.100176668726       3.821999975935E-003
  -1.20063551334        1.30423784165       -97.2000000000        3.07583917668      -0.106605429188       1.815090217080E-003
  -1.60084735112        1.73898378886       -97.2000000000        3.07292177261      -0.137352683060      -5.738661526406E-003
  -2.00105918889        2.17372973608       -97.2000000000        3.05660753052       0.481554780311       3.537525639225E-002
  -2.40127102667        2.60847568330       -97.2000000000        3.34077097483       0.168446879697       5.962622274452E-002
  -2.80148286445        3.04322163051       -97.2000000000        3.36949904672       4.723898909840E-002  3.029916453077E-002
  -3.20169470223        3.47796757773       -97.2000000000        3.56501630537      -0.342324265619       2.032253048909E-002
  -3.60190654001        3.91271352494       -97.2000000000        3.62144339829       -1.30171341764       2.170787636853E-002
  -4.00211837779        4.34745947216       -97.2000000000        3.33794245904       -1.95107738826      -3.136520189327E-003
  -4.40233021557        4.78220541938       -97.2000000000        2.64348626877       -2.11657799619       3.385654632472E-003
   0.00000000000        0.00000000000       -97.2000000000        3.10234480083      -0.150779035613      -1.787809040556E-002
 -0.519689034804       0.281241641340       -97.2000000000        3.11618312209      -0.164871164469      -1.664291099989E-002
  -1.03937806961       0.562483282680       -97.2000000000        3.10460803909      -0.105340537392       1.527098909523E-003
  -1.55906710441       0.843724924020       -97.2000000000        3.08878390957      -0.105619580936      -9.489712288042E-004
  -2.07875613922        1.12496656536       -97.2000000000        3.07714977722      -0.129068902799      -9.357003334773E-003
  -2.59844517402        1.40620820670       -97.2000000000        2.85027765405       6.802266087251E-002  0.108016562293     
  -3.11813420882        1.68744984804       -97.2000000000        2.74169487858      -3.869336194843E-002  6.281153537007E-002
  -3.63782324363        1.96869148938       -97.2000000000        2.64999236310      -0.223056375307       4.038570495989E-002
  -4.15751227843        2.24993313072       -97.2000000000        2.57740258520      -0.432136757226       3.312796420495E-002
  -4.67720131323        2.53117477206       -97.2000000000        2.43964210996      -0.540717281029       3.364750530032E-002
  -5.19689034804        2.81241641340       -97.2000000000        2.18764141906      -0.762466794669       3.298627558663E-002
  -5.71657938284        3.09365805474       -97.2000000000        1.92027300922      -0.853698765832       2.331565683816E-002
   0.00000000000        0.00000000000       -97.2000000000        3.10234480083      -0.150779035613      -1.787809040556E-002
 -0.582849861102       9.726043971134E-002  -97.2000000000        3.09933155516      -0.170012256946      -1.818610228053E-002
  -1.16569972220       0.194520879423       -97.2000000000        3.11481493751      -0.123951159330      -7.072007295250E-003
  -1.74854958330       0.291781319134       -97.2000000000        3.10058098350      -0.106529011952      -5.396495486517E-003
  -2.33139944441       0.389041758845       -97.2000000000        3.08319111385      -7.383675575771E-002 -4.197238840309E-003
  -2.91424930551       0.486302198557       -97.2000000000        2.62055049719      -1.931771875532E-003  0.114053233948     
  -3.49709916661       0.583562638268       -97.2000000000        2.51438928549      -0.128666645680       5.503594263218E-002
  -4.07994902771       0.680823077979       -97.2000000000        2.39403862410      -0.184376616409       3.341908008185E-002
  -4.66279888881       0.778083517691       -97.2000000000        2.27266040916      -0.194425979696       2.323988442751E-002
  -5.24564874991       0.875343957402       -97.2000000000        2.17105445077      -0.182431900279       1.990297447261E-002
  -5.82849861102       0.972604397113       -97.2000000000        2.04874420627      -0.192603634715       1.726730945050E-002
  -6.41134847212        1.06986483682       -97.2000000000        1.90458789369      -0.200513225790       1.139238877170E-002
   0.00000000000        0.00000000000       -97.2000000000        3.10234480083      -0.150779035613      -1.787809040556E-002
 -0.582849861102      -9.726043971134E-002  -97.2000000000        3.10011320008      -0.147014054951      -1.641946840571E-002
  -1.16569972220      -0.194520879423       -97.2000000000        3.10193357985      -0.127680718009      -1.227932908969E-002
  -1.74854958330      -0.291781319134       -97.2000000000        3.10979006531      -6.640794392886E-002 -1.968050016929E-003
  -2.33139944441      -0.389041758845       -97.2000000000        3.10564873903      -1.502860782508E-002  1.421713261962E-003
  -2.91424930551      -0.486302198557       -97.2000000000        2.60844701376      -3.239496208935E-002  0.100827136075     
  -3.49709916661      -0.583562638268       -97.2000000000        2.58710782905      -2.282210316509E-002  3.267555851570E-002
  -4.07994902771      -0.680823077979       -97.2000000000        2.41580241463       2.190592241147E-002  9.515791813390E-003
  -4.66279888881      -0.778083517691       -97.2000000000        2.29994196689       6.068385980021E-002 -3.982973065457E-004
  -5.24564874991      -0.875343957402       -97.2000000000        2.19164557090       0.103670105511      -8.716159451964E-003
  -5.82849861102      -0.972604397113       -97.2000000000        2.08279476634       0.116120026277      -1.513626403034E-002
  -6.41134847212       -1.06986483682       -97.2000000000        1.91880111748       0.162496331898      -1.021652190385E-002
   0.00000000000        0.00000000000       -97.2000000000        3.10234480083      -0.150779035613      -1.787809040556E-002
 -0.519689034804      -0.281241641340       -97.2000000000        3.10113667357      -0.124423847031      -1.481089885743E-002
  -1.03937806961      -0.562483282680       -97.2000000000        3.10023742755      -9.962144908188E-002 -1.170662736007E-002
  -1.55906710441      -0.843724924020       -97.2000000000        3.12634559883      -4.452244439033E-002 -4.709680716316E-003
  -2.07875613922       -1.12496656536       -97.2000000000        3.16001193447       2.985640664002E-002  2.079694127799E-003
  -2.59844517402       -1.40620820670       -97.2000000000        2.83059887199      -0.112747570673       8.746819495328E-002
  -3.11813420882       -1.68744984804       -97.2000000000        2.80470872423       9.815502811733E-002  4.216406104596E-002
  -3.63782324363       -1.96869148938       -97.2000000000        2.60689886991       0.247286087632       6.040061302477E-003
  -4.15751227843       -2.24993313072       -97.2000000000        2.47872191996       0.352836089182      -2.359576356438E-002
  -4.67720131323       -2.53117477206       -97.2000000000        2.36862043752       0.462456401633      -5.164604905269E-002
  -5.19689034804       -2.81241641340       -97.2000000000        2.24250611017       0.631978622341      -8.490996483508E-002
  -5.71657938284       -3.09365805474       -97.2000000000        2.01849765086       0.920306209581      -9.467848848484E-002
   0.00000000000        0.00000000000       -97.2000000000        3.10234480083      -0.150779035613      -1.787809040556E-002
 -0.400211837779      -0.434745947216       -97.2000000000        3.10333062642      -0.109915651126      -1.340991211250E-002
 -0.800423675558      -0.869491894432       -97.2000000000        3.10902188786      -9.907056458600E-002 -1.117361446894E-002
  -1.20063551334       -1.30423784165       -97.2000000000        3.15049454421      -4.309233178727E-002 -1.026495504838E-002
  -1.60084735112       -1.73898378886       -97.2000000000        3.18781569290       3.066106830215E-002 -7.637788995795E-005
  -2.00105918889       -2.17372973608       -97.2000000000        2.90839978944      -0.433098271548       3.104510163061E-002
  -2.40127102667       -2.60847568330       -97.2000000000        3.19681218353      -0.145198275797       3.173381978463E-002
  -2.80148286445       -3.04322163051       -97.2000000000        2.91220271716      -0.145069155656       4.380702345091E-004
  -3.20169470223       -3.47796757773       -97.2000000000        3.45937420777       0.619652281799      -5.882038600117E-002
  -3.60190654001       -3.91271352494       -97.2000000000        3.45046080174       0.981302593232      -0.127403020015     
  -4.00211837779       -4.34745947216       -97.2000000000        2.99616238902        1.63872742994      -0.263302803823     
  -4.40233021557       -4.78220541938       -97.2000000000        2.29758862823        1.98920576613      -0.418108579259     
   0.00000000000        0.00000000000       -97.2000000000        3.10234480083      -0.150779035613      -1.787809040556E-002
 -0.237365478204      -0.541138783933       -97.2000000000        3.10700933609      -0.107836771201      -1.230205829259E-002
 -0.474730956408       -1.08227756787       -97.2000000000        3.11657845957      -0.101042013970      -1.118780447714E-002
 -0.712096434612       -1.62341635180       -97.2000000000        3.12954341095      -9.141286401387E-002 -1.070427123188E-002
 -0.949461912816       -2.16455513573       -97.2000000000        3.18585739302      -1.309539043666E-002 -9.122436064966E-003
  -1.18682739102       -2.70569391966       -97.2000000000        3.31804122824      -0.263393616997       3.305094397790E-002
  -1.42419286922       -3.24683270360       -97.2000000000        3.38910973900      -0.532292556261       2.615136279897E-002
  -1.66155834743       -3.78797148753       -97.2000000000        3.43200202556      -0.796960349801      -8.868719442188E-003
  -1.89892382563       -4.32911027146       -97.2000000000        3.86230371520       -1.37016354662      -2.663861744677E-002
  -2.13628930384       -4.87024905539       -97.2000000000        4.26715232965       -3.07278972597      -6.417092888254E-002
  -2.37365478204       -5.41138783933       -97.2000000000       0.450200360117       -8.01934159650      -9.714449990551E-002
  -2.61102026024       -5.95252662326       -97.2000000000       -3.11811787454      -0.917442551037      -0.120163476981     
   0.00000000000        0.00000000000       -97.2000000000        3.10234480083      -0.150779035613      -1.787809040556E-002
 -4.879688596092E-002 -0.588890836777       -97.2000000000        3.10969944419      -0.107982603807      -1.185645149773E-002
 -9.759377192185E-002  -1.17778167355       -97.2000000000        3.12204806088      -0.104084638102      -1.129743073351E-002
 -0.146390657883       -1.76667251033       -97.2000000000        3.13441217195      -0.100663534989      -1.091189968594E-002
 -0.195187543844       -2.35556334711       -97.2000000000        3.14677628301      -9.724243187611E-002 -1.052636863837E-002
 -0.243984429805       -2.94445418388       -97.2000000000        3.38530185080      -8.914531390030E-002 -2.331433468847E-003
 -0.292781315766       -3.53334502066       -97.2000000000        3.08856014757      -0.166857072251       2.046119682497E-002
 -0.341578201726       -4.12223585744       -97.2000000000        2.92795058640      -0.248745691889       6.778371267756E-003
 -0.390375087687       -4.71112669421       -97.2000000000        2.41444926666      -0.404898858235      -1.130236453255E-002
 -0.439171973648       -5.30001753099       -97.2000000000        1.74489613419      -0.488008383829      -1.697426786631E-002
 -0.487968859609       -5.88890836777       -97.2000000000       0.978878583562      -0.385246121438      -2.540749732049E-002
 -0.536765745570       -6.47779920454       -97.2000000000       0.524623699608      -0.185390972172      -2.028161840163E-002
   0.00000000000        0.00000000000       -97.2000000000        3.10234480083      -0.150779035613      -1.787809040556E-002
  0.145059606038      -0.572827429873       -97.2000000000        3.11110943578      -0.110337345718      -1.212138013845E-002
  0.290119212075       -1.14565485975       -97.2000000000        3.12483797562      -0.107868721446      -1.149061353216E-002
  0.435178818113       -1.71848228962       -97.2000000000        3.13859704406      -0.106339660005      -1.120167388391E-002
  0.580238424151       -2.29130971949       -97.2000000000        3.17109120209      -0.121295504977      -1.171564099447E-002
  0.725298030189       -2.86413714937       -97.2000000000        3.45487178927       0.434891313512      -1.936300175097E-002
  0.870357636226       -3.43696457924       -97.2000000000        3.28499122437       0.273384050746       9.192307629925E-004
   1.01541724226       -4.00979200911       -97.2000000000        2.96321647295       0.679017816693       1.778332846024E-003
   1.16047684830       -4.58261943899       -97.2000000000        2.63784956402        1.16726086511      -1.005009395901E-002
   1.30553645434       -5.15544686886       -97.2000000000        2.04107488045        1.60173809773      -6.733062826249E-003
   1.45059606038       -5.72827429873       -97.2000000000       0.935543232305        1.75018268983       1.259213490107E-002
   1.59565566642       -6.30110172861       -97.2000000000       8.110534569617E-002   1.23359835899       1.717939232119E-002
   0.00000000000        0.00000000000       -97.2000000000        3.10234480083      -0.150779035613      -1.787809040556E-002
  0.323196638891      -0.494689282610       -97.2000000000        3.11108651638      -0.114645824111      -1.306813508572E-002
  0.646393277781      -0.989378565219       -97.2000000000        3.12464587325      -0.111984199856      -1.174641851930E-002
  0.969589916672       -1.48406784783       -97.2000000000        3.14117543829      -0.115374419511      -1.170890170935E-002
   1.29278655556       -1.97875713044       -97.2000000000        3.19143961744      -0.148736904304      -1.311768119011E-002
   1.61598319445       -2.47344641305       -97.2000000000        3.25040874353       0.224809152210      -8.283660194879E-002
   1.93917983334       -2.96813569566       -97.2000000000        3.39482431057       0.205892814311      -2.542079137088E-002
   2.26237647223       -3.46282497827       -97.2000000000        3.60090087307       0.126319454324      -2.792986648707E-002
   2.58557311112       -3.95751426088       -97.2000000000        4.19985473337       2.777104373842E-002 -2.779000936929E-002
   2.90876975001       -4.45220354349       -97.2000000000        5.47902193968      -0.826957784683      -5.090814848880E-003
   3.23196638891       -4.94689282610       -97.2000000000        5.18813204653       -4.29926424753       8.923260519092E-003
   3.55516302780       -5.44158210871       -97.2000000000        1.41518469074       -4.10117876309       4.953396094910E-002
   0.00000000000        0.00000000000       -97.2000000000        3.10234480083      -0.150779035613      -1.787809040556E-002
  0.466310301007      -0.362943875680       -97.2000000000        3.10963316968      -0.120441148498      -1.459412075060E-002
  0.932620602014      -0.725887751361       -97.2000000000        3.12149257103      -0.115985097388      -1.203712525536E-002
   1.39893090302       -1.08883162704       -97.2000000000        3.13931662027      -0.124241887204      -1.226867983555E-002
   1.86524120403       -1.45177550272       -97.2000000000        3.20887296306      -0.182685450523      -1.465913390567E-002
   2.33155150503       -1.81471937840       -97.2000000000        2.97229334635       0.166331599989      -0.125244451471     
   2.79786180604       -2.17766325408       -97.2000000000        2.91341119347       4.262513016623E-002 -8.194636727188E-002
   3.26417210705       -2.54060712976       -97.2000000000        2.90963546794      -8.816719205331E-002 -3.357049758325E-002
   3.73048240806       -2.90355100544       -97.2000000000        2.85857189153      -0.518532976068      -3.548777106457E-003
   4.19679270906       -3.26649488112       -97.2000000000        2.77359480379      -0.859018790107       2.533414833133E-002
   4.66310301007       -3.62943875680       -97.2000000000        2.63599216423       -1.29300940483       1.012376660184E-002
   5.12941331108       -3.99238263248       -97.2000000000        2.18490818353       -1.31873905708      -2.017387906588E-002
   0.00000000000        0.00000000000       -97.2000000000        3.10234480083      -0.150779035613      -1.787809040556E-002
  0.558892006459      -0.191867868166       -97.2000000000        3.10690688832      -0.127095305559      -1.653397290819E-002
   1.11778401292      -0.383735736333       -97.2000000000        3.11592728326      -0.125824130830      -1.465465356455E-002
   1.67667601938      -0.575603604499       -97.2000000000        3.12494767820      -0.124552956100      -1.277533422091E-002
   2.23556802584      -0.767471472666       -97.2000000000        3.15725915632      -0.147894820752      -1.328362417472E-002
   2.79446003230      -0.959339340832       -97.2000000000        2.63152840727       2.605962427842E-002 -0.138572922133     
   3.35335203876       -1.15120720900       -97.2000000000        2.50130746758      -0.126193113712      -0.103484009017     
   3.91224404522       -1.34307507716       -97.2000000000        2.42667907068      -0.233918866224      -5.882084074212E-002
   4.47113605168       -1.53494294533       -97.2000000000        2.36325521566      -0.279405748849      -2.423289773746E-002
   5.03002805814       -1.72681081350       -97.2000000000        2.17961890377      -0.336790253724      -1.725859943458E-002
   5.58892006459       -1.91867868166       -97.2000000000        1.97897969634      -0.325363976070      -1.778725466229E-002
   6.14781207105       -2.11054654983       -97.2000000000        1.77700385532      -0.329324787586      -1.649658194941E-002
   0.00000000000        0.00000000000       -97.2000000000        3.10234480083      -0.150779035613      -1.787809040556E-002
  0.590909090909        0.00000000000       -97.2000000000        3.10500348503      -0.142937973410      -1.846135037373E-002
   1.18181818182      -1.172487511250E-015  -97.2000000000        3.10851972104      -0.139407947964      -1.894166470279E-002
   1.77272727273        0.00000000000       -97.2000000000        3.10767915127      -0.133332461136      -1.737818838595E-002
   2.36363636364        0.00000000000       -97.2000000000        3.10850002987      -0.113456433398      -1.238599125719E-002
   2.95454545455        0.00000000000       -97.2000000000        2.58194777640      -4.826700023647E-002 -0.126953263961     
   3.54545454545        0.00000000000       -97.2000000000        2.45985490470      -1.018847149932E-003 -8.839508435056E-002
   4.13636363636        0.00000000000       -97.2000000000        2.35882901931      -2.160914960536E-003 -5.194160283514E-002
   4.72727272727        0.00000000000       -97.2000000000        2.27502289159      -1.526328736784E-002 -1.864612798231E-002
   5.31818181818        0.00000000000       -97.2000000000        2.10646989815      -3.537666640910E-002 -9.258276846635E-003
   5.90909090909        0.00000000000       -97.2000000000        2.00432669012      -2.367191870121E-002 -3.990507196203E-003
   6.50000000000        0.00000000000       -97.2000000000        1.90218348209      -1.196717099331E-002  1.277262454229E-003
