 12 20 1 1
 1 X [LENGU]
 2 Y [LENGU]
 3 Z [LENGU]
 4 Hx [FIELU]
 5 Hy [FIELU]
 6 Hz [FIELU]
 0
   0.00000000000        0.00000000000       -97.2000000000        3.26725944838      -0.154431478265      -1.800939697244E-002
  0.590909090909        0.00000000000       -97.2000000000        3.26956655847      -0.144709431229      -1.825656219276E-002
   1.18181818182        0.00000000000       -97.2000000000        3.27276491990      -0.139744467246      -1.846089599394E-002
   1.77272727273        0.00000000000       -97.2000000000        3.27183860625      -0.133211933064      -1.673306802067E-002
   2.36363636364        0.00000000000       -97.2000000000        3.27251568049      -0.113289763327      -1.162763775991E-002
   2.95454545455        0.00000000000       -97.2000000000        2.75645463005      -4.645739141742E-002 -0.124906649324     
   3.54545454545        0.00000000000       -97.2000000000        2.62838024108       1.814183846195E-003 -8.667145940446E-002
   4.13636363636        0.00000000000       -97.2000000000        2.52154413686      -8.752109670795E-004 -5.088395440763E-002
   4.72727272727        0.00000000000       -97.2000000000        2.43110891643      -1.575295104948E-002 -1.808775065726E-002
   5.31818181818        0.00000000000       -97.2000000000        2.25133813185      -3.561806601086E-002 -8.034789852496E-003
   5.90909090909        0.00000000000       -97.2000000000        2.14179740694      -2.352076009303E-002 -2.875247456712E-003
   6.50000000000        0.00000000000       -97.2000000000        2.03225668203      -1.142345417520E-002  2.284294939073E-003
   0.00000000000        0.00000000000       -97.2000000000        3.26725944838      -0.154431478265      -1.800939697244E-002
  0.558892006459       0.191867868166       -97.2000000000        3.27293496970      -0.173547835126      -2.150410936207E-002
   1.11778401292       0.383735736333       -97.2000000000        3.27835851585      -0.187904056851      -2.512534811421E-002
   1.67667601938       0.575603604499       -97.2000000000        3.26341850207      -0.160871710105      -2.227932878712E-002
   2.23556802584       0.767471472666       -97.2000000000        3.25909316936      -0.118907380385      -1.553235046740E-002
   2.79446003230       0.959339340832       -97.2000000000        2.90271730016      -7.910393926443E-002 -0.126563502803     
   3.35335203876        1.15120720900       -97.2000000000        2.77165651127       7.461054298044E-002 -9.765697668741E-002
   3.91224404522        1.34307507716       -97.2000000000        2.65761846131       0.159153920733      -6.005529925153E-002
   4.47113605168        1.53494294533       -97.2000000000        2.60123644432       0.258528319171      -2.756906373630E-002
   5.03002805814        1.72681081350       -97.2000000000        2.34929588466       0.324299070681      -2.037076377806E-002
   5.58892006459        1.91867868166       -97.2000000000        2.13260431946       0.351685373594      -2.598069115113E-002
   6.14781207105        2.11054654983       -97.2000000000        1.94801890262       0.386980151933      -2.143874168960E-002
   0.00000000000        0.00000000000       -97.2000000000        3.26725944838      -0.154431478265      -1.800939697244E-002
  0.466310301007       0.362943875680       -97.2000000000        3.28059798987      -0.205275449214      -2.591799299537E-002
  0.932620602014       0.725887751361       -97.2000000000        3.27880968042      -0.220217772025      -2.894431725705E-002
   1.39893090302        1.08883162704       -97.2000000000        3.27135148971      -0.207146434639      -2.778753635684E-002
   1.86524120403        1.45177550272       -97.2000000000        3.26302491745      -0.139250194374      -1.873153060971E-002
   2.33155150503        1.81471937840       -97.2000000000        3.29167302143      -0.166507687407      -0.116630191824     
   2.79786180604        2.17766325408       -97.2000000000        3.40294598063      -8.829377284205E-003 -4.778133870095E-002
   3.26417210705        2.54060712976       -97.2000000000        3.16168847407       0.485353712069      -2.808150590820E-002
   3.73048240806        2.90355100544       -97.2000000000        3.32693275758       0.701972170603      -9.460626835765E-003
   4.19679270906        3.26649488112       -97.2000000000        3.13421453719       0.911532046152      -2.832963995591E-003
   4.66310301007        3.62943875680       -97.2000000000        2.78120813362        1.46636958531       5.255863966142E-002
   5.12941331108        3.99238263248       -97.2000000000        2.35613248644        1.64730048480       3.350051876486E-002
   0.00000000000        0.00000000000       -97.2000000000        3.26725944838      -0.154431478265      -1.800939697244E-002
  0.323196638891       0.494689282610       -97.2000000000        3.29317781914      -0.202815985289      -2.448958382269E-002
  0.646393277781       0.989378565219       -97.2000000000        3.26648623843      -0.197344677802      -2.298871386265E-002
  0.969589916672        1.48406784783       -97.2000000000        3.24892501049      -0.175793221757      -1.926958987775E-002
   1.29278655556        1.97875713044       -97.2000000000        3.27604605820      -0.170235539007      -2.161404034332E-002
   1.61598319445        2.47344641305       -97.2000000000        3.47077691818      -0.220243717248      -9.610459690389E-002
   1.93917983334        2.96813569566       -97.2000000000        3.79377670411      -0.364934446778      -6.814262329399E-002
   2.26237647223        3.46282497827       -97.2000000000        3.90671768093      -0.412273262422      -1.876564372484E-002
   2.58557311112        3.95751426088       -97.2000000000        4.83932055694      -0.215530098970      -1.416431546535E-002
   2.90876975001        4.45220354349       -97.2000000000        5.88528606267       0.896778236102      -8.964177573209E-004
   3.23196638891        4.94689282610       -97.2000000000        5.61200059030        4.88621850134       1.562636278849E-002
   3.55516302780        5.44158210871       -97.2000000000        1.60058078890        4.13115344685       3.714374331773E-002
   0.00000000000        0.00000000000       -97.2000000000        3.26725944838      -0.154431478265      -1.800939697244E-002
  0.145059606038       0.572827429873       -97.2000000000        3.29869207307      -0.176699638447      -1.907524038935E-002
  0.290119212075        1.14565485975       -97.2000000000        3.26501504927      -0.155596831287      -1.385575249093E-002
  0.435178818113        1.71848228962       -97.2000000000        3.23133802547      -0.134494024128      -8.636264592515E-003
  0.580238424151        2.29130971949       -97.2000000000        3.25831368554      -0.141545567791      -1.339038537834E-002
  0.725298030189        2.86413714937       -97.2000000000        3.49053588709      -0.395170322961       6.924132324550E-003
  0.870357636226        3.43696457924       -97.2000000000        3.57592546311      -0.188411539414      -2.173750510684E-002
   1.01541724226        4.00979200911       -97.2000000000        3.14892151814      -0.586729891656      -9.300163194998E-004
   1.16047684830        4.58261943899       -97.2000000000        2.94366006266       -1.11703288698       7.140276307702E-004
   1.30553645434        5.15544686886       -97.2000000000        2.19911627433       -1.65988810424      -8.222571139893E-004
   1.45059606038        5.72827429873       -97.2000000000        1.03724754019       -1.81201492543       1.300493888992E-002
   1.59565566642        6.30110172861       -97.2000000000       0.115881196123       -1.22620212481       2.056877180285E-002
   0.00000000000        0.00000000000       -97.2000000000        3.26725944838      -0.154431478265      -1.800939697244E-002
 -4.879688596092E-002  0.588890836777       -97.2000000000        3.29126118132      -0.161077507076      -1.374643074137E-002
 -9.759377192185E-002   1.17778167355       -97.2000000000        3.25015326577      -0.124352568547      -3.198133194963E-003
 -0.146390657883        1.76667251033       -97.2000000000        3.21180200552      -9.214198082764E-002  5.299709257415E-003
 -0.195187543844        2.35556334711       -97.2000000000        3.24048116226      -9.595263100509E-002  2.968942882461E-003
 -0.243984429805        2.94445418388       -97.2000000000        3.50726874091       8.051845733453E-002  2.949687878752E-002
 -0.292781315766        3.53334502066       -97.2000000000        3.22573809786       0.238634046058       4.797759940001E-003
 -0.341578201726        4.12223585744       -97.2000000000        2.89224682655       0.113507578921       1.311810264959E-002
 -0.390375087687        4.71112669421       -97.2000000000        2.71199467875       0.396784149798       1.474965741428E-002
 -0.439171973648        5.30001753099       -97.2000000000        1.93135883495       0.501398834253       1.048415704191E-002
 -0.487968859609        5.88890836777       -97.2000000000        1.23116905536       0.576878264140      -6.468045105560E-003
 -0.536765745570        6.47779920454       -97.2000000000       0.862142919825       0.603336202161      -3.358198913366E-003
   0.00000000000        0.00000000000       -97.2000000000        3.26725944838      -0.154431478265      -1.800939697244E-002
 -0.237365478204       0.541138783933       -97.2000000000        3.28828497008      -0.149435092642      -9.560692806234E-003
 -0.474730956408        1.08227756787       -97.2000000000        3.24640081768      -0.104596568627       3.535427024389E-003
 -0.712096434612        1.62341635180       -97.2000000000        3.22387191022      -0.103134172175       2.966462684657E-003
 -0.949461912816        2.16455513573       -97.2000000000        3.23237930112      -0.132003932626      -2.150850714020E-003
  -1.18682739102        2.70569391966       -97.2000000000        3.48428950403       0.219488611548       7.752035827363E-002
  -1.42419286922        3.24683270360       -97.2000000000        3.73619346886       0.287062607497       1.830887934089E-002
  -1.66155834743        3.78797148753       -97.2000000000        3.73782259100       0.305718433124       2.479704935999E-002
  -1.89892382563        4.32911027146       -97.2000000000        4.06160940087        1.25418591140       1.746280195885E-002
  -2.13628930384        4.87024905539       -97.2000000000        4.80726555222        3.28277398617       1.039080116004E-002
  -2.37365478204        5.41138783933       -97.2000000000        1.13867347606        8.04752843515       1.113610956522E-002
  -2.61102026024        5.95252662326       -97.2000000000       -3.13329048518        1.00598911110       1.115196497581E-002
   0.00000000000        0.00000000000       -97.2000000000        3.26725944838      -0.154431478265      -1.800939697244E-002
 -0.400211837779       0.434745947216       -97.2000000000        3.28952481089      -0.153093941732      -1.184869858864E-002
 -0.800423675558       0.869491894432       -97.2000000000        3.25686228190      -0.102797283711       3.606582875698E-003
  -1.20063551334        1.30423784165       -97.2000000000        3.24052976802      -0.107227829126       1.973134944228E-003
  -1.60084735112        1.73898378886       -97.2000000000        3.23762028088      -0.141130278535      -6.048917150102E-003
  -2.00105918889        2.17372973608       -97.2000000000        3.24788759183       0.490638888650       3.316029313322E-002
  -2.40127102667        2.60847568330       -97.2000000000        3.55325836734       0.166388201327       5.905033297325E-002
  -2.80148286445        3.04322163051       -97.2000000000        3.58498590346       3.759998578807E-002  3.001471149544E-002
  -3.20169470223        3.47796757773       -97.2000000000        3.79379617453      -0.375148487903       1.991652066527E-002
  -3.60190654001        3.91271352494       -97.2000000000        3.85359086606       -1.39327200410       2.179780579890E-002
  -4.00211837779        4.34745947216       -97.2000000000        3.55265750343       -2.08299535902      -4.380870919944E-003
  -4.40233021557        4.78220541938       -97.2000000000        2.81451295135       -2.25845244855       2.857401462843E-003
   0.00000000000        0.00000000000       -97.2000000000        3.26725944838      -0.154431478265      -1.800939697244E-002
 -0.519689034804       0.281241641340       -97.2000000000        3.28112541397      -0.173953577529      -1.771952149689E-002
  -1.03937806961       0.562483282680       -97.2000000000        3.26852182460      -0.110318651868       9.126975702417E-004
  -1.55906710441       0.843724924020       -97.2000000000        3.25363944952      -0.108859970560      -1.192622971432E-003
  -2.07875613922        1.12496656536       -97.2000000000        3.24260881035      -0.136026452705      -1.010326408385E-002
  -2.59844517402        1.40620820670       -97.2000000000        3.03496047788       6.248227867002E-002  0.106866217041     
  -3.11813420882        1.68744984804       -97.2000000000        2.92216271371      -5.110890038368E-002  6.221539570775E-002
  -3.63782324363        1.96869148938       -97.2000000000        2.82622175627      -0.246874988298       3.993452011509E-002
  -4.15751227843        2.24993313072       -97.2000000000        2.74941760975      -0.468628428258       3.250740684325E-002
  -4.67720131323        2.53117477206       -97.2000000000        2.60164595029      -0.583299044087       3.361439205957E-002
  -5.19689034804        2.81241641340       -97.2000000000        2.33293233355      -0.817868635410       3.355122295698E-002
  -5.71657938284        3.09365805474       -97.2000000000        2.04780073696      -0.913828342071       2.374783519509E-002
   0.00000000000        0.00000000000       -97.2000000000        3.26725944838      -0.154431478265      -1.800939697244E-002
 -0.582849861102       9.726043971134E-002  -97.2000000000        3.26467116109      -0.176267284595      -1.876294755817E-002
  -1.16569972220       0.194520879423       -97.2000000000        3.27905112043      -0.135382769875      -8.652599599026E-003
  -1.74854958330       0.291781319134       -97.2000000000        3.26585167264      -0.114970198970      -6.433297492139E-003
  -2.33139944441       0.389041758845       -97.2000000000        3.24858814515      -7.849874253626E-002 -4.612316903216E-003
  -2.91424930551       0.486302198557       -97.2000000000        2.79528303478      -6.203784991377E-003  0.112776778194     
  -3.49709916661       0.583562638268       -97.2000000000        2.68530734575      -0.139122054987       5.425857185308E-002
  -4.07994902771       0.680823077979       -97.2000000000        2.55817383803      -0.197123478028       3.267009850493E-002
  -4.66279888881       0.778083517691       -97.2000000000        2.42913141695      -0.207471304393       2.238844297877E-002
  -5.24564874991       0.875343957402       -97.2000000000        2.32085195278      -0.195711297700       1.926837271922E-002
  -5.82849861102       0.972604397113       -97.2000000000        2.18924897788      -0.206534129756       1.686556490065E-002
  -6.41134847212        1.06986483682       -97.2000000000        2.03396550581      -0.214895061935       1.110082397389E-002
   0.00000000000        0.00000000000       -97.2000000000        3.26725944838      -0.154431478265      -1.800939697244E-002
 -0.582849861102      -9.726043971134E-002  -97.2000000000        3.26529644743      -0.151774573908      -1.676825796896E-002
  -1.16569972220      -0.194520879423       -97.2000000000        3.26701390282      -0.134354238054      -1.300665440726E-002
  -1.74854958330      -0.291781319134       -97.2000000000        3.27415024170      -7.506241139378E-002 -3.131322298298E-003
  -2.33139944441      -0.389041758845       -97.2000000000        3.27160521521      -1.709594862360E-002  1.270007809541E-003
  -2.91424930551      -0.486302198557       -97.2000000000        2.78338547283      -3.084643530148E-002  9.917225268230E-002
  -3.49709916661      -0.583562638268       -97.2000000000        2.76246120031      -2.075753876848E-002  3.210838521963E-002
  -4.07994902771      -0.680823077979       -97.2000000000        2.58083523353       2.633180163252E-002  8.457275542324E-003
  -4.66279888881      -0.778083517691       -97.2000000000        2.45728194147       6.698460414591E-002 -1.833237246875E-003
  -5.24564874991      -0.875343957402       -97.2000000000        2.34180887739       0.112098060710      -1.032778044512E-002
  -5.82849861102      -0.972604397113       -97.2000000000        2.22517484397       0.125540847667      -1.675769800241E-002
  -6.41134847212       -1.06986483682       -97.2000000000        2.04903159956       0.174741506857      -1.134880020089E-002
   0.00000000000        0.00000000000       -97.2000000000        3.26725944838      -0.154431478265      -1.800939697244E-002
 -0.519689034804      -0.281241641340       -97.2000000000        3.26613445538      -0.127569780033      -1.490806504903E-002
  -1.03937806961      -0.562483282680       -97.2000000000        3.26533048185      -0.102421533674      -1.179130569362E-002
  -1.55906710441      -0.843724924020       -97.2000000000        3.29203763701      -4.883836368328E-002 -5.326781323756E-003
  -2.07875613922       -1.12496656536       -97.2000000000        3.32796661750       2.862363365021E-002  1.601468461818E-003
  -2.59844517402       -1.40620820670       -97.2000000000        3.01544250140      -0.108800099579       8.588799327136E-002
  -3.11813420882       -1.68744984804       -97.2000000000        2.99207561979       0.113612633277       4.223711650452E-002
  -3.63782324363       -1.96869148938       -97.2000000000        2.78245615716       0.271052848892       4.431717645201E-003
  -4.15751227843       -2.24993313072       -97.2000000000        2.64594006644       0.383132459726      -2.690339898371E-002
  -4.67720131323       -2.53117477206       -97.2000000000        2.52860484072       0.499369890021      -5.623016545128E-002
  -5.19689034804       -2.81241641340       -97.2000000000        2.39189753574       0.678631078578      -9.123568633976E-002
  -5.71657938284       -3.09365805474       -97.2000000000        2.15264709957       0.985204377154      -0.101022165477     
   0.00000000000        0.00000000000       -97.2000000000        3.26725944838      -0.154431478265      -1.800939697244E-002
 -0.400211837779      -0.434745947216       -97.2000000000        3.26817478578      -0.112042602259      -1.333202753415E-002
 -0.800423675558      -0.869491894432       -97.2000000000        3.27393509183      -0.101565463800      -1.118140064534E-002
  -1.20063551334       -1.30423784165       -97.2000000000        3.31839036829      -4.261723978628E-002 -1.028586901252E-002
  -1.60084735112       -1.73898378886       -97.2000000000        3.35646817199       2.855529943362E-002 -1.006698267645E-003
  -2.00105918889       -2.17372973608       -97.2000000000        3.09177212396      -0.435731430420       2.935128796783E-002
  -2.40127102667       -2.60847568330       -97.2000000000        3.39967938152      -0.138133662538       3.134504457497E-002
  -2.80148286445       -3.04322163051       -97.2000000000        3.09858113763      -0.141220146958      -1.229390371880E-003
  -3.20169470223       -3.47796757773       -97.2000000000        3.68182399248       0.671406745177      -6.375138724871E-002
  -3.60190654001       -3.91271352494       -97.2000000000        3.67315273291        1.05397363536      -0.136323342221     
  -4.00211837779       -4.34745947216       -97.2000000000        3.18983814392        1.75127079009      -0.280674459798     
  -4.40233021557       -4.78220541938       -97.2000000000        2.44679185144        2.12289865851      -0.444981399729     
   0.00000000000        0.00000000000       -97.2000000000        3.26725944838      -0.154431478265      -1.800939697244E-002
 -0.237365478204      -0.541138783933       -97.2000000000        3.27177005662      -0.109937897545      -1.218336195127E-002
 -0.474730956408       -1.08227756787       -97.2000000000        3.28129604313      -0.103142366991      -1.109973181773E-002
 -0.712096434612       -1.62341635180       -97.2000000000        3.29448415998      -9.312200591490E-002 -1.063679649457E-002
 -0.949461912816       -2.16455513573       -97.2000000000        3.35590208315      -1.080415009070E-002 -9.387817446123E-003
  -1.18682739102       -2.70569391966       -97.2000000000        3.51320879443      -0.268716964587       3.250593692710E-002
  -1.42419286922       -3.24683270360       -97.2000000000        3.59280381140      -0.553870766488       2.601716930679E-002
  -1.66155834743       -3.78797148753       -97.2000000000        3.64278092779      -0.836842341060      -9.700081597762E-003
  -1.89892382563       -4.32911027146       -97.2000000000        4.10253045576       -1.44685906013      -2.857155560286E-002
  -2.13628930384       -4.87024905539       -97.2000000000        4.53533561449       -3.25969691164      -6.849877003989E-002
  -2.37365478204       -5.41138783933       -97.2000000000       0.476663290522       -8.52196052125      -0.103563049067     
  -2.61102026024       -5.95252662326       -97.2000000000       -3.31708871872      -0.970522528993      -0.127995968439     
   0.00000000000        0.00000000000       -97.2000000000        3.26725944838      -0.154431478265      -1.800939697244E-002
 -4.879688596092E-002 -0.588890836777       -97.2000000000        3.27437442067      -0.109974721381      -1.169016799082E-002
 -9.759377192185E-002  -1.17778167355       -97.2000000000        3.28658125579      -0.105813072082      -1.110779454144E-002
 -0.146390657883       -1.76667251033       -97.2000000000        3.29880134906      -0.102101607454      -1.069780327811E-002
 -0.195187543844       -2.35556334711       -97.2000000000        3.31102144233      -9.839014282504E-002 -1.028781201478E-002
 -0.243984429805       -2.94445418388       -97.2000000000        3.57844392266      -9.172848600380E-002 -2.306562349036E-003
 -0.292781315766       -3.53334502066       -97.2000000000        3.26726844043      -0.175042464450       2.083776146057E-002
 -0.341578201726       -4.12223585744       -97.2000000000        3.10272251962      -0.262121044790       6.990540681425E-003
 -0.390375087687       -4.71112669421       -97.2000000000        2.55794495672      -0.428163907369      -1.147231176759E-002
 -0.439171973648       -5.30001753099       -97.2000000000        1.84773542141      -0.517458904566      -1.763774006598E-002
 -0.487968859609       -5.88890836777       -97.2000000000        1.03611342260      -0.408964885782      -2.678823530377E-002
 -0.536765745570       -6.47779920454       -97.2000000000       0.554501141751      -0.196884836044      -2.136504984778E-002
   0.00000000000        0.00000000000       -97.2000000000        3.26725944838      -0.154431478265      -1.800939697244E-002
  0.145059606038      -0.572827429873       -97.2000000000        3.27570565467      -0.112149083333      -1.190589087109E-002
  0.290119212075       -1.14565485975       -97.2000000000        3.28921799501      -0.109288166738      -1.120471509525E-002
  0.435178818113       -1.71848228962       -97.2000000000        3.30275645789      -0.107314249436      -1.084318410883E-002
  0.580238424151       -2.29130971949       -97.2000000000        3.33427496185      -0.121287909026      -1.138674035965E-002
  0.725298030189       -2.86413714937       -97.2000000000        3.64650927066       0.431348344105      -1.862917516595E-002
  0.870357636226       -3.43696457924       -97.2000000000        3.47837671411       0.282140053909       1.510257026427E-003
   1.01541724226       -4.00979200911       -97.2000000000        3.13930717928       0.714230212428       2.640285161734E-003
   1.16047684830       -4.58261943899       -97.2000000000        2.79664696288        1.23424357795      -9.407634171519E-003
   1.30553645434       -5.15544686886       -97.2000000000        2.16519164360        1.69654789645      -5.887208517836E-003
   1.45059606038       -5.72827429873       -97.2000000000       0.990492598940        1.85606152120       1.397442573277E-002
   1.59565566642       -6.30110172861       -97.2000000000       8.345392264309E-002   1.30775548561       1.840378382979E-002
   0.00000000000        0.00000000000       -97.2000000000        3.26725944838      -0.154431478265      -1.800939697244E-002
  0.323196638891      -0.494689282610       -97.2000000000        3.27561949877      -0.116225357545      -1.280715367073E-002
  0.646393277781      -0.989378565219       -97.2000000000        3.28892052917      -0.113191070529      -1.137999063329E-002
  0.969589916672       -1.48406784783       -97.2000000000        3.30523015984      -0.116154491982      -1.124601851009E-002
   1.29278655556       -1.97875713044       -97.2000000000        3.35405888375      -0.148298820488      -1.274298388643E-002
   1.61598319445       -2.47344641305       -97.2000000000        3.44614653546       0.224598959356      -8.186117184701E-002
   1.93917983334       -2.96813569566       -97.2000000000        3.60325563876       0.201836993329      -2.466916112299E-002
   2.26237647223       -3.46282497827       -97.2000000000        3.82597379925       0.118758098183      -2.738089979145E-002
   2.58557311112       -3.95751426088       -97.2000000000        4.46506092160       1.701154608628E-002 -2.742818929899E-002
   2.90876975001       -4.45220354349       -97.2000000000        5.82661642346      -0.888704568757      -3.907424046644E-003
   3.23196638891       -4.94689282610       -97.2000000000        5.51806518728       -4.58017084067       1.025232802618E-002
   3.55516302780       -5.44158210871       -97.2000000000        1.50668367515       -4.36853535620       5.328798754316E-002
   0.00000000000        0.00000000000       -97.2000000000        3.26725944838      -0.154431478265      -1.800939697244E-002
  0.466310301007      -0.362943875680       -97.2000000000        3.27412528929      -0.121761816457      -1.429629058087E-002
  0.932620602014      -0.725887751361       -97.2000000000        3.28572109333      -0.117098843271      -1.161462733131E-002
   1.39893090302       -1.08883162704       -97.2000000000        3.30335557967      -0.125006816457      -1.173811857588E-002
   1.86524120403       -1.45177550272       -97.2000000000        3.37341629158      -0.184924994074      -1.431928736230E-002
   2.33155150503       -1.81471937840       -97.2000000000        3.16192160668       0.161366470461      -0.123753179253     
   2.79786180604       -2.17766325408       -97.2000000000        3.09979498783       2.901531740888E-002 -8.115946498656E-002
   3.26417210705       -2.54060712976       -97.2000000000        3.09914483991      -0.109799471956      -3.298976846772E-002
   3.73048240806       -2.90355100544       -97.2000000000        3.04639492463      -0.564792255288      -1.828404221979E-003
   4.19679270906       -3.26649488112       -97.2000000000        2.95652943423      -0.925023826682       2.809367436275E-002
   4.66310301007       -3.62943875680       -97.2000000000        2.80884820187       -1.38437411185       1.173875352941E-002
   5.12941331108       -3.99238263248       -97.2000000000        2.32959322499       -1.41110074416      -2.067110958463E-002
   0.00000000000        0.00000000000       -97.2000000000        3.26725944838      -0.154431478265      -1.800939697244E-002
  0.558892006459      -0.191867868166       -97.2000000000        3.27138494702      -0.128158498837      -1.621193051095E-002
   1.11778401292      -0.383735736333       -97.2000000000        3.28014395282      -0.126617015128      -1.419178871519E-002
   1.67667601938      -0.575603604499       -97.2000000000        3.28890295862      -0.125075531420      -1.217164691943E-002
   2.23556802584      -0.767471472666       -97.2000000000        3.32182808615      -0.149050157148      -1.268073592049E-002
   2.79446003230      -0.959339340832       -97.2000000000        2.80970736732       2.323728643725E-002 -0.136278846418     
   3.35335203876       -1.15120720900       -97.2000000000        2.67362518501      -0.137602582552      -0.101706231555     
   3.91224404522       -1.34307507716       -97.2000000000        2.59430688115      -0.252527798048      -5.782213727465E-002
   4.47113605168       -1.53494294533       -97.2000000000        2.52554962844      -0.303027700704      -2.374094244894E-002
   5.03002805814       -1.72681081350       -97.2000000000        2.32936216986      -0.360807852088      -1.726729728117E-002
   5.58892006459       -1.91867868166       -97.2000000000        2.11451061754      -0.348133036072      -1.811960534746E-002
   6.14781207105       -2.11054654983       -97.2000000000        1.89830328887      -0.352436668395      -1.702258511683E-002
   0.00000000000        0.00000000000       -97.2000000000        3.26725944838      -0.154431478265      -1.800939697244E-002
  0.590909090909        0.00000000000       -97.2000000000        3.26956655847      -0.144709431229      -1.825656219276E-002
   1.18181818182      -1.172487511250E-015  -97.2000000000        3.27276491990      -0.139744467246      -1.846089599394E-002
   1.77272727273        0.00000000000       -97.2000000000        3.27183860625      -0.133211933064      -1.673306802067E-002
   2.36363636364        0.00000000000       -97.2000000000        3.27251568049      -0.113289763327      -1.162763775991E-002
   2.95454545455        0.00000000000       -97.2000000000        2.75645463005      -4.645739141742E-002 -0.124906649324     
   3.54545454545        0.00000000000       -97.2000000000        2.62838024108       1.814183846195E-003 -8.667145940446E-002
   4.13636363636        0.00000000000       -97.2000000000        2.52154413686      -8.752109670795E-004 -5.088395440763E-002
   4.72727272727        0.00000000000       -97.2000000000        2.43110891643      -1.575295104948E-002 -1.808775065726E-002
   5.31818181818        0.00000000000       -97.2000000000        2.25133813185      -3.561806601086E-002 -8.034789852496E-003
   5.90909090909        0.00000000000       -97.2000000000        2.14179740694      -2.352076009303E-002 -2.875247456712E-003
   6.50000000000        0.00000000000       -97.2000000000        2.03225668203      -1.142345417520E-002  2.284294939073E-003
