 12 20 1 1
 1 X [LENGU]
 2 Y [LENGU]
 3 Z [LENGU]
 4 Hx [FIELU]
 5 Hy [FIELU]
 6 Hz [FIELU]
 0
   0.00000000000        0.00000000000        2.16000000000       0.240282666967      -1.438164305077E-003  2.072115452411E-003
  0.590909090909        0.00000000000        2.16000000000       0.241201166342      -1.044360838772E-003  2.662711049488E-003
   1.18181818182        0.00000000000        2.16000000000       0.241407107139      -6.742561033319E-004  3.066464796246E-003
   1.77272727273        0.00000000000        2.16000000000       0.239169016421      -2.261903696927E-004  2.686966178857E-003
   2.36363636364        0.00000000000        2.16000000000       0.239572776885      -8.442956475537E-004  1.935321311326E-003
   2.95454545455        0.00000000000        2.16000000000       0.226106749660      -1.197762739676E-005  6.781243612154E-003
   3.54545454545        0.00000000000        2.16000000000       0.217084515549       5.572118687196E-004  8.182218854505E-003
   4.13636363636        0.00000000000        2.16000000000       0.207425104196       1.337769656340E-004  9.313822331450E-003
   4.72727272727        0.00000000000        2.16000000000       0.196815558392       1.756886088707E-003  1.240082468467E-002
   5.31818181818        0.00000000000        2.16000000000       0.185131800938       4.419659067413E-003  1.781887732795E-002
   5.90909090909        0.00000000000        2.16000000000       0.171964686695      -1.831101369056E-003  2.255957134174E-002
   6.50000000000        0.00000000000        2.16000000000       0.145977048614      -2.800331439226E-004  1.888061749503E-002
   0.00000000000        0.00000000000        2.16000000000       0.240282666967      -1.438164305077E-003  2.072115452411E-003
  0.558892006459       0.191867868166        2.16000000000       0.242035582298      -8.807351687513E-004  2.655693185328E-003
   1.11778401292       0.383735736333        2.16000000000       0.242042352244      -3.798994496879E-004  2.783052250372E-003
   1.67667601938       0.575603604499        2.16000000000       0.239211591046       1.734285481999E-004  2.102858512946E-003
   2.23556802584       0.767471472666        2.16000000000       0.237742191967       8.910755187125E-004  1.340333805297E-003
   2.79446003230       0.959339340832        2.16000000000       0.225301784292       3.484997993143E-003  6.393184518125E-003
   3.35335203876        1.15120720900        2.16000000000       0.220434602812       1.289255265373E-002  6.615566276403E-003
   3.91224404522        1.34307507716        2.16000000000       0.217437905766       1.563442830316E-002  6.821060402759E-003
   4.47113605168        1.53494294533        2.16000000000       0.200641842201       2.173448926112E-002  9.284051394641E-003
   5.03002805814        1.72681081350        2.16000000000       0.187952518390       2.631775058045E-002  1.159240457209E-002
   5.58892006459        1.91867868166        2.16000000000       0.171819101404       2.754123489699E-002  1.484838687815E-002
   6.14781207105        2.11054654983        2.16000000000       0.147203853654       2.617343292918E-002  1.613785469668E-002
   0.00000000000        0.00000000000        2.16000000000       0.240282666967      -1.438164305077E-003  2.072115452411E-003
  0.466310301007       0.362943875680        2.16000000000       0.242680042678      -7.775155950554E-004  2.585435618665E-003
  0.932620602014       0.725887751361        2.16000000000       0.242853184543      -1.907471967293E-004  2.515638626411E-003
   1.39893090302        1.08883162704        2.16000000000       0.240082669683       3.699876623814E-004  1.753691905047E-003
   1.86524120403        1.45177550272        2.16000000000       0.237581511220       2.025803855973E-003  1.280191879275E-003
   2.33155150503        1.81471937840        2.16000000000       0.247091607459      -1.619324871185E-003  4.467441821233E-003
   2.79786180604        2.17766325408        2.16000000000       0.251055122990       7.577136595393E-003  5.521215357969E-003
   3.26417210705        2.54060712976        2.16000000000       0.252277812297       2.367407162592E-002  5.245280035980E-003
   3.73048240806        2.90355100544        2.16000000000       0.237800409177       5.114503440539E-002  6.335141901723E-003
   4.19679270906        3.26649488112        2.16000000000       0.227488183648       7.361802725329E-002  1.299058295967E-002
   4.66310301007        3.62943875680        2.16000000000       0.209572400869       9.634298635682E-002  1.463660274573E-002
   5.12941331108        3.99238263248        2.16000000000       0.162473513332       9.805260143939E-002  3.353225472445E-002
   0.00000000000        0.00000000000        2.16000000000       0.240282666967      -1.438164305077E-003  2.072115452411E-003
  0.323196638891       0.494689282610        2.16000000000       0.243064710202      -7.458875601114E-004  2.459551847006E-003
  0.646393277781       0.989378565219        2.16000000000       0.243592149880      -1.285958685059E-004  2.255802739043E-003
  0.969589916672        1.48406784783        2.16000000000       0.241828783408       1.030413427375E-003  1.865146356841E-003
   1.29278655556        1.97875713044        2.16000000000       0.239402293824       1.824331053875E-003  1.487183008902E-003
   1.61598319445        2.47344641305        2.16000000000       0.255533283828      -1.026795876183E-002  2.688494123465E-003
   1.93917983334        2.96813569566        2.16000000000       0.273578524212      -8.732759627856E-003  4.258885506571E-003
   2.26237647223        3.46282497827        2.16000000000       0.291242743642      -4.291722009505E-003  5.471825691278E-003
   2.58557311112        3.95751426088        2.16000000000       0.332200914292       2.768585970035E-003  7.520369906142E-003
   2.90876975001        4.45220354349        2.16000000000       0.423692921413       7.016122275949E-002  1.055434527078E-002
   3.23196638891        4.94689282610        2.16000000000       0.402034865988       0.389711780409       1.368632492879E-002
   3.55516302780        5.44158210871        2.16000000000       0.105588197724       0.310364948095       1.619032138547E-002
   0.00000000000        0.00000000000        2.16000000000       0.240282666967      -1.438164305077E-003  2.072115452411E-003
  0.145059606038       0.572827429873        2.16000000000       0.243147900173      -7.892784522648E-004  2.291683330297E-003
  0.290119212075        1.14565485975        2.16000000000       0.243476033427       1.826309929942E-004  2.110111351366E-003
  0.435178818113        1.71848228962        2.16000000000       0.243027586394       1.283940816153E-003  1.986913625279E-003
  0.580238424151        2.29130971949        2.16000000000       0.242841932242       1.430702157896E-003  1.909393012188E-003
  0.725298030189        2.86413714937        2.16000000000       0.265945876778      -1.054614113551E-002  1.755330559679E-003
  0.870357636226        3.43696457924        2.16000000000       0.257720014206      -2.045651637382E-002  4.719253167357E-003
   1.01541724226        4.00979200911        2.16000000000       0.249100187013      -1.660479324732E-002  5.723412662103E-003
   1.16047684830        4.58261943899        2.16000000000       0.237328228376      -7.078097478999E-002  6.823927637107E-003
   1.30553645434        5.15544686886        2.16000000000       0.166142668197      -0.110109609067       7.644157417296E-003
   1.45059606038        5.72827429873        2.16000000000       8.026695355448E-002 -0.118557665061       8.974557435556E-003
   1.59565566642        6.30110172861        2.16000000000       2.498346425459E-002 -8.311969214010E-002  1.025168048617E-002
   0.00000000000        0.00000000000        2.16000000000       0.240282666967      -1.438164305077E-003  2.072115452411E-003
 -4.879688596092E-002  0.588890836777        2.16000000000       0.242920597667      -9.029861950718E-004  2.100021227073E-003
 -9.759377192185E-002   1.17778167355        2.16000000000       0.243178762113       3.296640220693E-004  2.122260864835E-003
 -0.146390657883        1.76667251033        2.16000000000       0.243758114555       6.508323367872E-004  2.065400924090E-003
 -0.195187543844        2.35556334711        2.16000000000       0.244201864536       1.535564544189E-003  2.139763713149E-003
 -0.243984429805        2.94445418388        2.16000000000       0.260584963920      -7.645510731508E-004  3.157681857682E-003
 -0.292781315766        3.53334502066        2.16000000000       0.233133033230       3.702997581645E-003  4.511269160285E-003
 -0.341578201726        4.12223585744        2.16000000000       0.211033409845       1.121486938972E-002  5.480791958430E-003
 -0.390375087687        4.71112669421        2.16000000000       0.185616606822       3.835221497191E-002  5.773857803454E-003
 -0.439171973648        5.30001753099        2.16000000000       0.145231855369       4.909446480912E-002  5.811507861021E-003
 -0.487968859609        5.88890836777        2.16000000000       9.264184623933E-002  5.291459293867E-002  6.139193234302E-003
 -0.536765745570        6.47779920454        2.16000000000       6.602714056345E-002  3.120380873916E-002  6.114949612044E-003
   0.00000000000        0.00000000000        2.16000000000       0.240282666967      -1.438164305077E-003  2.072115452411E-003
 -0.237365478204       0.541138783933        2.16000000000       0.242249823630      -9.598950688937E-004  2.036115763396E-003
 -0.474730956408        1.08227756787        2.16000000000       0.243282604822      -3.180021426165E-005  2.334334310681E-003
 -0.712096434612        1.62341635180        2.16000000000       0.243315961789       5.539578482092E-004  2.320442690372E-003
 -0.949461912816        2.16455513573        2.16000000000       0.243323373291       4.444524567510E-003  2.190149991518E-003
  -1.18682739102        2.70569391966        2.16000000000       0.263470680130       7.223986379943E-003  3.355514986222E-003
  -1.42419286922        3.24683270360        2.16000000000       0.268116456292       2.372523161601E-002  3.859355227518E-003
  -1.66155834743        3.78797148753        2.16000000000       0.281514091286       4.847485948338E-002  4.442699573171E-003
  -1.89892382563        4.32911027146        2.16000000000       0.316277064879       3.126284001366E-002  5.166477155501E-003
  -2.13628930384        4.87024905539        2.16000000000       0.351717283374       0.244890452735       4.642517596911E-003
  -2.37365478204        5.41138783933        2.16000000000       0.120344420697       0.412884826073       3.634236121882E-003
  -2.61102026024        5.95252662326        2.16000000000      -0.233685234371       7.762871273862E-002  2.607469855116E-003
   0.00000000000        0.00000000000        2.16000000000       0.240282666967      -1.438164305077E-003  2.072115452411E-003
 -0.400211837779       0.434745947216        2.16000000000       0.241386171944      -1.083412915757E-003  1.959271832279E-003
 -0.800423675558       0.869491894432        2.16000000000       0.241988975668      -3.639824750323E-004  2.261894908847E-003
  -1.20063551334        1.30423784165        2.16000000000       0.242591779392       3.554479656922E-004  2.564517985415E-003
  -1.60084735112        1.73898378886        2.16000000000       0.243011108430       2.471816287831E-003  2.331273210636E-003
  -2.00105918889        2.17372973608        2.16000000000       0.259211509178       7.620946110019E-003  3.177982699626E-003
  -2.40127102667        2.60847568330        2.16000000000       0.268190546981      -1.674760737519E-003  9.107679817904E-003
  -2.80148286445        3.04322163051        2.16000000000       0.287838159139      -1.282551071342E-002  1.153668498426E-002
  -3.20169470223        3.47796757773        2.16000000000       0.302703336215      -4.485886075561E-002  1.125902204064E-002
  -3.60190654001        3.91271352494        2.16000000000       0.284595343994      -6.256911942133E-002  9.419825908833E-003
  -4.00211837779        4.34745947216        2.16000000000       0.239515240362      -0.104014668686       4.054191170329E-003
  -4.40233021557        4.78220541938        2.16000000000       0.173799783200      -0.109800849147       1.459929767050E-003
   0.00000000000        0.00000000000        2.16000000000       0.240282666967      -1.438164305077E-003  2.072115452411E-003
 -0.519689034804       0.281241641340        2.16000000000       0.240457197120      -1.284892213986E-003  1.849633995135E-003
  -1.03937806961       0.562483282680        2.16000000000       0.240147352051      -6.751429419391E-004  2.038121132764E-003
  -1.55906710441       0.843724924020        2.16000000000       0.240459973500      -3.358761436075E-004  2.316906568817E-003
  -2.07875613922        1.12496656536        2.16000000000       0.240282423911       1.193542278471E-005  1.849392375408E-003
  -2.59844517402        1.40620820670        2.16000000000       0.256813443185       3.077681610503E-003  1.912914302848E-002
  -3.11813420882        1.68744984804        2.16000000000       0.267303731568      -5.771755009570E-004  2.068872772584E-002
  -3.63782324363        1.96869148938        2.16000000000       0.265531184382       1.411201982324E-002  2.673364546184E-002
  -4.15751227843        2.24993313072        2.16000000000       0.252459884188       2.099535098240E-002  3.742830253187E-002
  -4.67720131323        2.53117477206        2.16000000000       0.235968691632       2.595974469137E-002  4.805127810209E-002
  -5.19689034804        2.81241641340        2.16000000000       0.189752321466       3.099115830307E-002  4.771395011952E-002
  -5.71657938284        3.09365805474        2.16000000000       0.123208399625       2.440132229393E-002  4.548239590555E-002
   0.00000000000        0.00000000000        2.16000000000       0.240282666967      -1.438164305077E-003  2.072115452411E-003
 -0.582849861102       9.726043971134E-002   2.16000000000       0.239640581101      -1.109469696885E-003  1.697864780673E-003
  -1.16569972220       0.194520879423        2.16000000000       0.239547816681      -7.803572675991E-004  1.896740843147E-003
  -1.74854958330       0.291781319134        2.16000000000       0.240717912658      -6.605970172626E-004  2.095378980613E-003
  -2.33139944441       0.389041758845        2.16000000000       0.239776543138      -2.416523347223E-004  1.761934981886E-003
  -2.91424930551       0.486302198557        2.16000000000       0.254508424639       1.775000145145E-003  1.940868069959E-002
  -3.49709916661       0.583562638268        2.16000000000       0.326045006610       1.200603745890E-002  3.027569137641E-002
  -4.07994902771       0.680823077979        2.16000000000       0.341331353630       2.361544612563E-002  8.309672559632E-002
  -4.66279888881       0.778083517691        2.16000000000       0.353508446613       4.498481904025E-002  0.130743514186     
  -5.24564874991       0.875343957402        2.16000000000       0.335164278424       4.685127805676E-002  0.166427050743     
  -5.82849861102       0.972604397113        2.16000000000       0.266484281552       8.835752718197E-002  0.204767980982     
  -6.41134847212        1.06986483682        2.16000000000       0.228225732845       0.168764645026       0.362848652756     
   0.00000000000        0.00000000000        2.16000000000       0.240282666967      -1.438164305077E-003  2.072115452411E-003
 -0.582849861102      -9.726043971134E-002   2.16000000000       0.238971467174      -8.761303772748E-004  1.535109504603E-003
  -1.16569972220      -0.194520879423        2.16000000000       0.240447604925      -2.210813241165E-003  1.987180768859E-003
  -1.74854958330      -0.291781319134        2.16000000000       0.241184578452      -1.404407372768E-003  1.951096868453E-003
  -2.33139944441      -0.389041758845        2.16000000000       0.240702898790      -4.417505053004E-004  1.717261537345E-003
  -2.91424930551      -0.486302198557        2.16000000000       0.254149817695      -4.366557912093E-003  2.162104915475E-002
  -3.49709916661      -0.583562638268        2.16000000000       0.312126865427      -2.428058944071E-002  2.372740789414E-002
  -4.07994902771      -0.680823077979        2.16000000000       0.350612084359      -3.338833024000E-002  5.067439283671E-002
  -4.66279888881      -0.778083517691        2.16000000000       0.344024497490      -3.502087269839E-002  0.104247263081     
  -5.24564874991      -0.875343957402        2.16000000000       0.305077232647      -3.880276381504E-002  0.154466719040     
  -5.82849861102      -0.972604397113        2.16000000000       0.361037037415      -8.750268957844E-002  0.227856741135     
  -6.41134847212       -1.06986483682        2.16000000000       0.595838781484      -0.107692199716       0.498978861229     
   0.00000000000        0.00000000000        2.16000000000       0.240282666967      -1.438164305077E-003  2.072115452411E-003
 -0.519689034804      -0.281241641340        2.16000000000       0.238425775755      -6.882156751700E-004  1.446200422960E-003
  -1.03937806961      -0.562483282680        2.16000000000       0.240493809661      -2.899627125940E-003  1.880458741554E-003
  -1.55906710441      -0.843724924020        2.16000000000       0.241988479258      -2.387533300110E-003  2.012458461834E-003
  -2.07875613922       -1.12496656536        2.16000000000       0.242888349760      -2.819595367657E-005  2.088066177023E-003
  -2.59844517402       -1.40620820670        2.16000000000       0.255386740288      -4.483972988269E-003  1.621419437301E-002
  -3.11813420882       -1.68744984804        2.16000000000       0.267198166215      -7.347968181589E-003  1.976253612760E-002
  -3.63782324363       -1.96869148938        2.16000000000       0.269149281751      -1.404012098097E-002  2.653214019063E-002
  -4.15751227843       -2.24993313072        2.16000000000       0.258893944905      -2.547129534003E-002  3.728946709585E-002
  -4.67720131323       -2.53117477206        2.16000000000       0.240836046267      -3.070517496463E-002  4.590077321034E-002
  -5.19689034804       -2.81241641340        2.16000000000       0.190741602999      -3.677121456223E-002  5.233690303966E-002
  -5.71657938284       -3.09365805474        2.16000000000       0.135218424754      -3.683883747511E-002  4.568610474238E-002
   0.00000000000        0.00000000000        2.16000000000       0.240282666967      -1.438164305077E-003  2.072115452411E-003
 -0.400211837779      -0.434745947216        2.16000000000       0.238180046696      -4.182370237647E-004  1.553184371459E-003
 -0.800423675558      -0.869491894432        2.16000000000       0.239990802286      -6.901378724002E-004  1.711226782234E-003
  -1.20063551334       -1.30423784165        2.16000000000       0.243514047227      -2.848442836683E-003  2.430316081640E-003
  -1.60084735112       -1.73898378886        2.16000000000       0.243914255531      -5.243962667044E-004  2.257448328266E-003
  -2.00105918889       -2.17372973608        2.16000000000       0.249846342230      -1.768328145187E-002  3.828518136597E-003
  -2.40127102667       -2.60847568330        2.16000000000       0.280404141043      -1.424682289089E-002  1.173466563042E-002
  -2.80148286445       -3.04322163051        2.16000000000       0.286995390464      -3.783029861287E-003  1.247829592884E-002
  -3.20169470223       -3.47796757773        2.16000000000       0.306885352592       2.462191584426E-002  1.638552447872E-002
  -3.60190654001       -3.91271352494        2.16000000000       0.293977055691       5.125784609945E-002  1.597345642604E-002
  -4.00211837779       -4.34745947216        2.16000000000       0.242603847245       9.897360631672E-002  5.024707645139E-003
  -4.40233021557       -4.78220541938        2.16000000000       0.175603319588       0.124325643720      -7.165697118796E-003
   0.00000000000        0.00000000000        2.16000000000       0.240282666967      -1.438164305077E-003  2.072115452411E-003
 -0.237365478204      -0.541138783933        2.16000000000       0.238769008629      -2.945508790505E-004  1.789161084661E-003
 -0.474730956408       -1.08227756787        2.16000000000       0.240092185007       8.435475553482E-004  1.834695623505E-003
 -0.712096434612       -1.62341635180        2.16000000000       0.241857883894      -5.971393568568E-004  2.040970625816E-003
 -0.949461912816       -2.16455513573        2.16000000000       0.243919926550      -2.119771371186E-003  2.383320213739E-003
  -1.18682739102       -2.70569391966        2.16000000000       0.261006593793      -1.765256826364E-002  8.347212143982E-003
  -1.42419286922       -3.24683270360        2.16000000000       0.267534678891      -3.694688661722E-002  8.168455218362E-003
  -1.66155834743       -3.78797148753        2.16000000000       0.277253077592      -5.484620310234E-002  8.168986336783E-003
  -1.89892382563       -4.32911027146        2.16000000000       0.297803825800      -0.110057789771       7.798801260995E-003
  -2.13628930384       -4.87024905539        2.16000000000       0.343733166670      -0.242144467083       5.957237267752E-003
  -2.37365478204       -5.41138783933        2.16000000000       1.580557314396E-002 -0.293562690038       3.852083650357E-003
  -2.61102026024       -5.95252662326        2.16000000000      -0.244677879271      -9.187069053539E-002  1.991248171743E-003
   0.00000000000        0.00000000000        2.16000000000       0.240282666967      -1.438164305077E-003  2.072115452411E-003
 -4.879688596092E-002 -0.588890836777        2.16000000000       0.239214583871      -2.941953591202E-004  2.020203424038E-003
 -9.759377192185E-002  -1.17778167355        2.16000000000       0.240461126079       3.205149693066E-004  2.107966100924E-003
 -0.146390657883       -1.76667251033        2.16000000000       0.240149637258       7.236798313562E-004  1.753427082993E-003
 -0.195187543844       -2.35556334711        2.16000000000       0.241886367773      -2.033218546666E-003  2.030396722868E-003
 -0.243984429805       -2.94445418388        2.16000000000       0.255585397036      -1.183072746541E-002  6.744353624097E-003
 -0.292781315766       -3.53334502066        2.16000000000       0.233859651614      -8.403044059528E-003  6.371947465042E-003
 -0.341578201726       -4.12223585744        2.16000000000       0.219252615258      -2.232224183739E-002  6.464589248327E-003
 -0.390375087687       -4.71112669421        2.16000000000       0.202108012195      -3.600703996412E-002  7.035185821257E-003
 -0.439171973648       -5.30001753099        2.16000000000       0.144772059732      -5.336751211091E-002  6.286481508199E-003
 -0.487968859609       -5.88890836777        2.16000000000       9.670417349078E-002 -5.246578103210E-002  5.232452910837E-003
 -0.536765745570       -6.47779920454        2.16000000000       4.825829875721E-002 -3.659339565205E-002  4.099385046953E-003
   0.00000000000        0.00000000000        2.16000000000       0.240282666967      -1.438164305077E-003  2.072115452411E-003
  0.145059606038      -0.572827429873        2.16000000000       0.239468487430      -4.172089900745E-004  2.221274367128E-003
  0.290119212075       -1.14565485975        2.16000000000       0.240663117436      -2.322265175758E-004  2.399534800983E-003
  0.435178818113       -1.71848228962        2.16000000000       0.240547257535      -3.178557243074E-004  2.197464490836E-003
  0.580238424151       -2.29130971949        2.16000000000       0.239244959076      -2.160514698349E-004  1.370027927986E-003
  0.725298030189       -2.86413714937        2.16000000000       0.266195838306       9.917166196437E-003  4.298786961663E-003
  0.870357636226       -3.43696457924        2.16000000000       0.251218990508       1.399855430505E-002  6.556084684075E-003
   1.01541724226       -4.00979200911        2.16000000000       0.243566967199       3.001766267761E-002  6.510362409516E-003
   1.16047684830       -4.58261943899        2.16000000000       0.217753399584       5.918017984326E-002  7.128707404444E-003
   1.30553645434       -5.15544686886        2.16000000000       0.166052005079       0.112359272655       8.643602073648E-003
   1.45059606038       -5.72827429873        2.16000000000       7.896803266866E-002  0.118408023366       9.338798736918E-003
   1.59565566642       -6.30110172861        2.16000000000       2.238734313183E-002  8.512994372172E-002  8.334326464822E-003
   0.00000000000        0.00000000000        2.16000000000       0.240282666967      -1.438164305077E-003  2.072115452411E-003
  0.323196638891      -0.494689282610        2.16000000000       0.239503204916      -6.502613362466E-004  2.370584757309E-003
  0.646393277781      -0.989378565219        2.16000000000       0.240820566066      -6.100589735746E-004  2.729978501913E-003
  0.969589916672       -1.48406784783        2.16000000000       0.241025160748      -1.427216575157E-003  2.710204503521E-003
   1.29278655556       -1.97875713044        2.16000000000       0.240517334553      -1.651691743766E-003  2.000015521735E-003
   1.61598319445       -2.47344641305        2.16000000000       0.259537658182      -7.781721281847E-004  7.121477945579E-003
   1.93917983334       -2.96813569566        2.16000000000       0.279015696297      -4.855518771250E-003  6.586494989505E-003
   2.26237647223       -3.46282497827        2.16000000000       0.291594219352      -1.438652089444E-003  7.101152209204E-003
   2.58557311112       -3.95751426088        2.16000000000       0.343429298480      -1.279643709870E-002  9.231080482796E-003
   2.90876975001       -4.45220354349        2.16000000000       0.427546675206      -7.638875936874E-002  1.170737251057E-002
   3.23196638891       -4.94689282610        2.16000000000       0.411531961838      -0.356506114737       1.377535479352E-002
   3.55516302780       -5.44158210871        2.16000000000       0.100730502825      -0.323383941681       1.386425109453E-002
   0.00000000000        0.00000000000        2.16000000000       0.240282666967      -1.438164305077E-003  2.072115452411E-003
  0.466310301007      -0.362943875680        2.16000000000       0.239426099294      -9.725176500227E-004  2.465124800426E-003
  0.932620602014      -0.725887751361        2.16000000000       0.240916409965      -7.720383894076E-004  3.063488501359E-003
   1.39893090302       -1.08883162704        2.16000000000       0.241248576996      -1.848977025271E-003  3.216095557111E-003
   1.86524120403       -1.45177550272        2.16000000000       0.239641951709      -3.023478513167E-003  2.471810667792E-003
   2.33155150503       -1.81471937840        2.16000000000       0.249253636098      -3.692601073241E-003  7.518250417622E-003
   2.79786180604       -2.17766325408        2.16000000000       0.246307125931      -1.399417491229E-002  6.775943240625E-003
   3.26417210705       -2.54060712976        2.16000000000       0.253597286857      -4.189563904582E-002  8.459147200894E-003
   3.73048240806       -2.90355100544        2.16000000000       0.249980659174      -6.121619385196E-002  1.095048127423E-002
   4.19679270906       -3.26649488112        2.16000000000       0.236403397058      -7.342628541884E-002  1.397311883640E-002
   4.66310301007       -3.62943875680        2.16000000000       0.206457142727      -9.421516881202E-002  1.713775472222E-002
   5.12941331108       -3.99238263248        2.16000000000       0.173739277292      -0.103394564263       2.170939485213E-002
   0.00000000000        0.00000000000        2.16000000000       0.240282666967      -1.438164305077E-003  2.072115452411E-003
  0.558892006459      -0.191867868166        2.16000000000       0.240267216726      -1.250661224858E-003  2.605728716669E-003
   1.11778401292      -0.383735736333        2.16000000000       0.240765979938      -1.247670417703E-003  3.111140322225E-003
   1.67667601938      -0.575603604499        2.16000000000       0.240721325376      -1.493956863232E-003  3.270896187779E-003
   2.23556802584      -0.767471472666        2.16000000000       0.235433112370      -2.508380324912E-003  2.047630257000E-003
   2.79446003230      -0.959339340832        2.16000000000       0.231059643850      -3.625307362820E-003  7.034221398816E-003
   3.35335203876       -1.15120720900        2.16000000000       0.222110074587      -9.903014548186E-003  7.476880508033E-003
   3.91224404522       -1.34307507716        2.16000000000       0.212279737298      -1.514678315774E-002  8.321515996750E-003
   4.47113605168       -1.53494294533        2.16000000000       0.200153682830      -2.346355330067E-002  1.047754139386E-002
   5.03002805814       -1.72681081350        2.16000000000       0.187137142547      -2.653218339620E-002  1.333190856796E-002
   5.58892006459       -1.91867868166        2.16000000000       0.171334385409      -2.927751294374E-002  1.568570557608E-002
   6.14781207105       -2.11054654983        2.16000000000       0.151002939601      -3.152009460511E-002  1.679214122836E-002
   0.00000000000        0.00000000000        2.16000000000       0.240282666967      -1.438164305077E-003  2.072115452411E-003
  0.590909090909        0.00000000000        2.16000000000       0.241201166342      -1.044360838772E-003  2.662711049488E-003
   1.18181818182      -1.172487511250E-015   2.16000000000       0.241407107139      -6.742561033319E-004  3.066464796246E-003
   1.77272727273        0.00000000000        2.16000000000       0.239169016421      -2.261903696927E-004  2.686966178857E-003
   2.36363636364        0.00000000000        2.16000000000       0.239572776885      -8.442956475537E-004  1.935321311326E-003
   2.95454545455        0.00000000000        2.16000000000       0.226106749660      -1.197762739676E-005  6.781243612154E-003
   3.54545454545        0.00000000000        2.16000000000       0.217084515549       5.572118687196E-004  8.182218854505E-003
   4.13636363636        0.00000000000        2.16000000000       0.207425104196       1.337769656340E-004  9.313822331450E-003
   4.72727272727        0.00000000000        2.16000000000       0.196815558392       1.756886088707E-003  1.240082468467E-002
   5.31818181818        0.00000000000        2.16000000000       0.185131800938       4.419659067413E-003  1.781887732795E-002
   5.90909090909        0.00000000000        2.16000000000       0.171964686695      -1.831101369056E-003  2.255957134174E-002
   6.50000000000        0.00000000000        2.16000000000       0.145977048614      -2.800331439226E-004  1.888061749503E-002
