 12 20 1 1
 1 X [LENGU]
 2 Y [LENGU]
 3 Z [LENGU]
 4 Hx [FIELU]
 5 Hy [FIELU]
 6 Hz [FIELU]
 0
   0.00000000000        0.00000000000       -70.0000000000       0.141064051165       3.296083318082E-003  1.014216249738E-003
  0.590909090909        0.00000000000       -70.0000000000       0.115880082458      -1.928281023323E-002 -3.251246485879E-003
   1.18181818182        0.00000000000       -70.0000000000       0.105458073604      -2.833189475043E-002 -5.035647524716E-003
   1.77272727273        0.00000000000       -70.0000000000       0.121863238496      -2.661794823603E-002 -4.403145167261E-003
   2.36363636364        0.00000000000       -70.0000000000       0.146001933161      -1.897224276131E-002 -3.134101331794E-003
   2.95454545455        0.00000000000       -70.0000000000       0.120446620427      -7.871983635743E-003 -3.526029410970E-003
   3.54545454545        0.00000000000       -70.0000000000       0.118388978609      -6.932789232097E-003 -3.498115853989E-003
   4.13636363636        0.00000000000       -70.0000000000       0.115438103503      -5.961973640165E-003 -3.349427735780E-003
   4.72727272727        0.00000000000       -70.0000000000       0.112487228397      -4.991158048232E-003 -3.200739617571E-003
   5.31818181818        0.00000000000       -70.0000000000       0.109082584099      -4.189032042248E-003 -3.064233989752E-003
   5.90909090909        0.00000000000       -70.0000000000       0.105106482205      -5.227582600785E-003 -2.980481743442E-003
   6.50000000000        0.00000000000       -70.0000000000       0.100744761981      -2.226138634306E-003 -1.969633355549E-003
   0.00000000000        0.00000000000       -70.0000000000       0.141064051165       3.296083318082E-003  1.014216249738E-003
  0.558892006459       0.191867868166       -70.0000000000       0.114978246601      -1.831438504040E-002 -2.704528379902E-003
   1.11778401292       0.383735736333       -70.0000000000       9.263564311571E-002 -3.731648841878E-002 -5.899621374127E-003
   1.67667601938       0.575603604499       -70.0000000000       9.441020497876E-002 -3.612878344618E-002 -5.579100624529E-003
   2.23556802584       0.767471472666       -70.0000000000       0.108760083642      -3.192834940713E-002 -5.100083599178E-003
   2.79446003230       0.959339340832       -70.0000000000       0.125976428058      -2.507166917453E-003 -2.890011553486E-003
   3.35335203876        1.15120720900       -70.0000000000       0.122413914745       1.057820542045E-003 -2.639320747638E-003
   3.91224404522        1.34307507716       -70.0000000000       0.118638919581       2.857308895450E-003 -2.463347130073E-003
   4.47113605168        1.53494294533       -70.0000000000       0.115153004068       4.878000274018E-003 -2.281034602348E-003
   5.03002805814        1.72681081350       -70.0000000000       0.111667088555       6.898691652585E-003 -2.098722074622E-003
   5.58892006459        1.91867868166       -70.0000000000       0.104471291524       6.525444351073E-003 -2.272487511776E-003
   6.14781207105        2.11054654983       -70.0000000000       9.496886993892E-002  2.789621104640E-003 -1.745042245969E-003
   0.00000000000        0.00000000000       -70.0000000000       0.141064051165       3.296083318082E-003  1.014216249738E-003
  0.466310301007       0.362943875680       -70.0000000000       0.117194795892      -1.470310800253E-002 -1.709937416590E-003
  0.932620602014       0.725887751361       -70.0000000000       0.110902047163      -1.851331190328E-002 -1.893927219973E-003
   1.39893090302        1.08883162704       -70.0000000000       0.115010133385      -1.439652508924E-002 -9.942961512418E-004
   1.86524120403        1.45177550272       -70.0000000000       0.101510445344      -2.662217787396E-002 -3.790562839533E-003
   2.33155150503        1.81471937840       -70.0000000000       0.130582505073       1.517233473637E-003 -2.322785694623E-003
   2.79786180604        2.17766325408       -70.0000000000       0.129019762004       7.098096236188E-003 -1.917508628949E-003
   3.26417210705        2.54060712976       -70.0000000000       0.128051032903       1.432332077236E-002 -1.402687835977E-003
   3.73048240806        2.90355100544       -70.0000000000       0.127812041898       2.323345596838E-002 -8.874693958559E-004
   4.19679270906        3.26649488112       -70.0000000000       0.127050453089       3.211470289825E-002 -3.550317115479E-004
   4.66310301007        3.62943875680       -70.0000000000       0.120229993749       4.308123503580E-002  2.126313249870E-004
   5.12941331108        3.99238263248       -70.0000000000       0.111217668064       4.401980019725E-002 -7.340335553670E-004
   0.00000000000        0.00000000000       -70.0000000000       0.141064051165       3.296083318082E-003  1.014216249738E-003
  0.323196638891       0.494689282610       -70.0000000000       0.122289532822      -8.840317021420E-003 -3.752529594868E-004
  0.646393277781       0.989378565219       -70.0000000000       0.126472570120      -4.120273270132E-003  1.482886022291E-003
  0.969589916672        1.48406784783       -70.0000000000       0.127231824861      -3.091576381640E-003  1.746804254622E-003
   1.29278655556        1.97875713044       -70.0000000000       0.122691968937      -3.535639164087E-003  9.700034079765E-004
   1.61598319445        2.47344641305       -70.0000000000       0.133336053753      -1.964245855145E-003 -1.670242342439E-003
   1.93917983334        2.96813569566       -70.0000000000       0.138461718591       5.740033530205E-004 -1.386341412861E-003
   2.26237647223        3.46282497827       -70.0000000000       0.152447990297      -4.490154783332E-003 -1.182900925493E-003
   2.58557311112        3.95751426088       -70.0000000000       0.176887607359       2.142127365391E-003 -9.618178256860E-004
   2.90876975001        4.45220354349       -70.0000000000       0.206557162289       2.831940578633E-002 -6.316917864521E-004
   3.23196638891        4.94689282610       -70.0000000000       0.205952886503       0.156420794555      -1.855177006731E-004
   3.55516302780        5.44158210871       -70.0000000000       8.187008820841E-002  0.134552230779       2.849634070239E-004
   0.00000000000        0.00000000000       -70.0000000000       0.141064051165       3.296083318082E-003  1.014216249738E-003
  0.145059606038       0.572827429873       -70.0000000000       0.128644745168      -2.461449912843E-003  9.908396274351E-004
  0.290119212075        1.14565485975       -70.0000000000       0.133317776265      -4.935147031140E-004  2.935131390028E-003
  0.435178818113        1.71848228962       -70.0000000000       0.133251705961       1.090318230428E-003  3.105841437930E-003
  0.580238424151        2.29130971949       -70.0000000000       0.128689473973       8.048138083945E-004  2.328045978204E-003
  0.725298030189        2.86413714937       -70.0000000000       0.133465106637       7.755253125607E-003  3.344759633822E-004
  0.870357636226        3.43696457924       -70.0000000000       0.126756137751      -1.531902534537E-002 -7.615837519031E-004
   1.01541724226        4.00979200911       -70.0000000000       0.126799017529      -1.954643662584E-002 -5.791622161930E-004
   1.16047684830        4.58261943899       -70.0000000000       0.111970598296      -4.055902374024E-002 -3.692876009968E-004
   1.30553645434        5.15544686886       -70.0000000000       9.592334640374E-002 -5.355515594409E-002 -5.856085412540E-004
   1.45059606038        5.72827429873       -70.0000000000       5.844583952796E-002 -5.745599429704E-002 -4.243639146282E-004
   1.59565566642        6.30110172861       -70.0000000000       3.097420972871E-002 -4.038375398141E-002 -1.343358069101E-004
   0.00000000000        0.00000000000       -70.0000000000       0.141064051165       3.296083318082E-003  1.014216249738E-003
 -4.879688596092E-002  0.588890836777       -70.0000000000       0.130602883987      -1.387465513258E-003  1.475348237290E-003
 -9.759377192185E-002   1.17778167355       -70.0000000000       0.133763873541       1.220004168066E-004  3.060836242843E-003
 -0.146390657883        1.76667251033       -70.0000000000       0.133375777087       1.847852688894E-003  3.185131030716E-003
 -0.195187543844        2.35556334711       -70.0000000000       0.133144352622       2.758125122359E-003  3.233320300822E-003
 -0.243984429805        2.94445418388       -70.0000000000       0.132709358933       4.636045747588E-004  6.052258667954E-004
 -0.292781315766        3.53334502066       -70.0000000000       0.126635312561      -5.654858608152E-003  8.636291638416E-004
 -0.341578201726        4.12223585744       -70.0000000000       0.112671116016       1.175123002141E-003  6.887067854311E-004
 -0.390375087687        4.71112669421       -70.0000000000       0.102704266400       9.375702254440E-003  6.021764016810E-004
 -0.439171973648        5.30001753099       -70.0000000000       8.436857017990E-002  1.399526857966E-002  4.365713211391E-004
 -0.487968859609        5.88890836777       -70.0000000000       6.239396927000E-002  1.562930351147E-002  3.722433401394E-004
 -0.536765745570        6.47779920454       -70.0000000000       5.133992847595E-002  1.692808677165E-002  3.790309478827E-004
   0.00000000000        0.00000000000       -70.0000000000       0.141064051165       3.296083318082E-003  1.014216249738E-003
 -0.237365478204       0.541138783933       -70.0000000000       0.133694652591       1.940540749517E-004  1.909886041094E-003
 -0.474730956408        1.08227756787       -70.0000000000       0.133995440320       7.839720310254E-004  3.127131166905E-003
 -0.712096434612        1.62341635180       -70.0000000000       0.133530348800       1.813858516944E-003  3.196928999491E-003
 -0.949461912816        2.16455513573       -70.0000000000       0.133379696746       2.145803205678E-003  3.219514765475E-003
  -1.18682739102        2.70569391966       -70.0000000000       0.138010528444       5.885709664830E-003  1.942788648450E-003
  -1.42419286922        3.24683270360       -70.0000000000       0.137921712120       9.226247591664E-003  1.599555660546E-003
  -1.66155834743        3.78797148753       -70.0000000000       0.148795032929       1.700513025709E-002  1.363748561711E-003
  -1.89892382563        4.32911027146       -70.0000000000       0.161254986253       4.046737682278E-002  1.278957186557E-003
  -2.13628930384        4.87024905539       -70.0000000000       0.173260826298       9.741504382754E-002  1.167053434969E-003
  -2.37365478204        5.41138783933       -70.0000000000       6.451467929361E-002  9.563069422443E-002  1.140572719020E-003
  -2.61102026024        5.95252662326       -70.0000000000      -6.620248447466E-002  3.237036370124E-002  9.607501872964E-004
   0.00000000000        0.00000000000       -70.0000000000       0.141064051165       3.296083318082E-003  1.014216249738E-003
 -0.400211837779       0.434745947216       -70.0000000000       0.137585009878       2.111726664597E-003  2.247364125256E-003
 -0.800423675558       0.869491894432       -70.0000000000       0.134100388685       1.132725204429E-003  3.186555052860E-003
  -1.20063551334        1.30423784165       -70.0000000000       0.133900849503       1.771410293224E-003  3.215773584752E-003
  -1.60084735112        1.73898378886       -70.0000000000       0.136610255610       5.534488021721E-003  3.920064083869E-003
  -2.00105918889        2.17372973608       -70.0000000000       0.119062070581       4.835393446997E-002  6.515328604888E-003
  -2.40127102667        2.60847568330       -70.0000000000       0.139513501029       3.257246427300E-003  3.358755472121E-003
  -2.80148286445        3.04322163051       -70.0000000000       0.145357138579      -1.751901734128E-002  2.930506464333E-003
  -3.20169470223        3.47796757773       -70.0000000000       0.148115736824      -2.949014967717E-002  2.484659794189E-003
  -3.60190654001        3.91271352494       -70.0000000000       0.150874335070      -4.146128201306E-002  2.038813124045E-003
  -4.00211837779        4.34745947216       -70.0000000000       0.138995090230      -6.429251854872E-002  2.353593204715E-003
  -4.40233021557        4.78220541938       -70.0000000000       0.120373204274      -6.767396222511E-002  6.660710171147E-004
   0.00000000000        0.00000000000       -70.0000000000       0.141064051165       3.296083318082E-003  1.014216249738E-003
 -0.519689034804       0.281241641340       -70.0000000000       0.141852375272       4.157742674835E-003  2.451211502845E-003
  -1.03937806961       0.562483282680       -70.0000000000       0.138820891326       5.553902006548E-003  4.050318023586E-003
  -1.55906710441       0.843724924020       -70.0000000000       0.139340255351       7.473698333551E-003  4.359868204512E-003
  -2.07875613922        1.12496656536       -70.0000000000       0.142498716673       1.132096648040E-002  5.139472425713E-003
  -2.59844517402        1.40620820670       -70.0000000000       0.123587328032       1.114490942716E-002  5.358307270061E-003
  -3.11813420882        1.68744984804       -70.0000000000       0.121801291336       9.457766056286E-004  3.754128944756E-003
  -3.63782324363        1.96869148938       -70.0000000000       0.119025427152      -5.824291600550E-003  3.631269846944E-003
  -4.15751227843        2.24993313072       -70.0000000000       0.114454874724      -6.542239700523E-003  2.333798766760E-003
  -4.67720131323        2.53117477206       -70.0000000000       0.111107916190      -1.512746557481E-002  1.843404971413E-003
  -5.19689034804        2.81241641340       -70.0000000000       0.100552233279      -2.034352135497E-002  1.405559871808E-003
  -5.71657938284        3.09365805474       -70.0000000000       9.038533891189E-002 -2.806176459262E-002  2.757744201415E-003
   0.00000000000        0.00000000000       -70.0000000000       0.141064051165       3.296083318082E-003  1.014216249738E-003
 -0.582849861102       9.726043971134E-002  -70.0000000000       0.146034313517       6.110384523745E-003  2.499338147481E-003
  -1.16569972220       0.194520879423       -70.0000000000       0.145422642050       9.705757302818E-003  4.221355290893E-003
  -1.74854958330       0.291781319134       -70.0000000000       0.145012316043       1.239095633710E-002  5.509401225869E-003
  -2.33139944441       0.389041758845       -70.0000000000       0.147971225156       1.520758514777E-002  6.123163337187E-003
  -2.91424930551       0.486302198557       -70.0000000000       0.109420054187       3.750210751113E-003  5.652814344571E-003
  -3.49709916661       0.583562638268       -70.0000000000       0.113819567922       4.976898185393E-003  4.112474100295E-003
  -4.07994902771       0.680823077979       -70.0000000000       0.108811891262       1.409609267564E-003  3.946858888428E-003
  -4.66279888881       0.778083517691       -70.0000000000       0.105746386635      -1.895930096227E-003  3.485054207301E-003
  -5.24564874991       0.875343957402       -70.0000000000       0.101268528990      -4.217390827845E-003  2.772305660310E-003
  -5.82849861102       0.972604397113       -70.0000000000       9.635623405769E-002 -4.637906212881E-003  2.335536583343E-003
  -6.41134847212        1.06986483682       -70.0000000000       9.188003456085E-002 -5.472935811286E-003  1.555252474431E-003
   0.00000000000        0.00000000000       -70.0000000000       0.141064051165       3.296083318082E-003  1.014216249738E-003
 -0.582849861102      -9.726043971134E-002  -70.0000000000       0.149425533619       7.793330973386E-003  2.397228378696E-003
  -1.16569972220      -0.194520879423       -70.0000000000       0.152161665808       1.307772539999E-002  4.018978331580E-003
  -1.74854958330      -0.291781319134       -70.0000000000       0.150098832155       1.500311266373E-002  6.020858037429E-003
  -2.33139944441      -0.389041758845       -70.0000000000       0.154178279117       1.825736300881E-002  7.019120925465E-003
  -2.91424930551      -0.486302198557       -70.0000000000       0.102440614452      -6.231998412682E-004  5.317384078859E-003
  -3.49709916661      -0.583562638268       -70.0000000000       0.111346212310       6.148745555441E-003  4.027327321327E-003
  -4.07994902771      -0.680823077979       -70.0000000000       0.102574796918       2.712727043607E-005  4.165765050121E-003
  -4.66279888881      -0.778083517691       -70.0000000000       0.101646948687       2.120431399729E-003  3.418446466624E-003
  -5.24564874991      -0.875343957402       -70.0000000000       9.987473928814E-002  2.698735023717E-003  2.737716121517E-003
  -5.82849861102      -0.972604397113       -70.0000000000       9.829354482734E-002  1.548645579881E-003  2.123152489822E-003
  -6.41134847212       -1.06986483682       -70.0000000000       9.133071916721E-002 -4.435088569496E-004  7.268151900351E-004
   0.00000000000        0.00000000000       -70.0000000000       0.141064051165       3.296083318082E-003  1.014216249738E-003
 -0.519689034804      -0.281241641340       -70.0000000000       0.152387563180       8.922198145631E-003  2.125008076021E-003
  -1.03937806961      -0.562483282680       -70.0000000000       0.158098790608       1.515818699795E-002  3.481664498824E-003
  -1.55906710441      -0.843724924020       -70.0000000000       0.158712437340       1.776036297130E-002  5.361162810451E-003
  -2.07875613922       -1.12496656536       -70.0000000000       0.162413956037       1.987246799012E-002  7.947841029204E-003
  -2.59844517402       -1.40620820670       -70.0000000000       0.116555642509      -1.421289267004E-002  3.766263090674E-003
  -3.11813420882       -1.68744984804       -70.0000000000       0.109018696814       1.369550829586E-003  4.320009973167E-003
  -3.63782324363       -1.96869148938       -70.0000000000       0.107346166945       7.816922572243E-003  4.000562200290E-003
  -4.15751227843       -2.24993313072       -70.0000000000       0.108259739092       1.096813953231E-002  3.143071426021E-003
  -4.67720131323       -2.53117477206       -70.0000000000       0.104234722962       1.364906213914E-002  2.599530923144E-003
  -5.19689034804       -2.81241641340       -70.0000000000       9.322753478034E-002  1.924635199540E-002  2.855117994389E-003
  -5.71657938284       -3.09365805474       -70.0000000000       8.483085620935E-002  2.119418641461E-002  3.131864150092E-003
   0.00000000000        0.00000000000       -70.0000000000       0.141064051165       3.296083318082E-003  1.014216249738E-003
 -0.400211837779      -0.434745947216       -70.0000000000       0.153870401416       9.476666282891E-003  1.743115831497E-003
 -0.800423675558      -0.869491894432       -70.0000000000       0.163194682532       1.614448992567E-002  2.619793163767E-003
  -1.20063551334       -1.30423784165       -70.0000000000       0.167193522866       1.955200921204E-002  4.214109905277E-003
  -1.60084735112       -1.73898378886       -70.0000000000       0.176506947342       3.358412554698E-002  1.075989623445E-002
  -2.00105918889       -2.17372973608       -70.0000000000       6.503367091511E-002 -9.732187789207E-002  5.544783056345E-003
  -2.40127102667       -2.60847568330       -70.0000000000       0.122860447671      -1.435402633885E-002  4.862700494653E-003
  -2.80148286445       -3.04322163051       -70.0000000000       0.128878920191       1.327750262882E-003  4.042416890597E-003
  -3.20169470223       -3.47796757773       -70.0000000000       0.134444702350       1.335997004404E-002  3.216326267999E-003
  -3.60190654001       -3.91271352494       -70.0000000000       0.139048873466       3.203476026937E-002  3.084978613084E-003
  -4.00211837779       -4.34745947216       -70.0000000000       0.128165667686       5.475387327001E-002  3.311874606308E-003
  -4.40233021557       -4.78220541938       -70.0000000000       0.109306451074       5.747365592549E-002  2.545791298391E-003
   0.00000000000        0.00000000000       -70.0000000000       0.141064051165       3.296083318082E-003  1.014216249738E-003
 -0.237365478204      -0.541138783933       -70.0000000000       0.153965472892       9.361372354288E-003  1.282236007247E-003
 -0.474730956408       -1.08227756787       -70.0000000000       0.166293076941       1.550695483205E-002  1.574608378796E-003
 -0.712096434612       -1.62341635180       -70.0000000000       0.174310470155       2.074226718716E-002  2.126893942648E-003
 -0.949461912816       -2.16455513573       -70.0000000000       0.196671562635       5.795870417445E-002  1.369234078991E-002
  -1.18682739102       -2.70569391966       -70.0000000000       0.149035173236      -2.137432205389E-002  5.922921401375E-004
  -1.42419286922       -3.24683270360       -70.0000000000       0.139821985291      -3.485087434784E-002  5.288517189350E-003
  -1.66155834743       -3.78797148753       -70.0000000000       0.141746200359      -4.720464058403E-002  7.571112251097E-003
  -1.89892382563       -4.32911027146       -70.0000000000       0.157393001264      -6.029887537321E-002  3.910269485505E-003
  -2.13628930384       -4.87024905539       -70.0000000000       0.170248805019      -0.124673569276       2.976901304371E-003
  -2.37365478204       -5.41138783933       -70.0000000000       1.991311766285E-002 -0.124695637411       2.007797967959E-003
  -2.61102026024       -5.95252662326       -70.0000000000      -6.911666332258E-002 -4.631314742099E-002  1.353271639701E-003
   0.00000000000        0.00000000000       -70.0000000000       0.141064051165       3.296083318082E-003  1.014216249738E-003
 -4.879688596092E-002 -0.588890836777       -70.0000000000       0.152662475138       8.588810245955E-003  7.923120835166E-004
 -9.759377192185E-002  -1.17778167355       -70.0000000000       0.163165623151       1.275080615381E-002  4.017905563415E-004
 -0.146390657883       -1.76667251033       -70.0000000000       0.175357685848       1.746385723400E-002  1.699880834422E-004
 -0.195187543844       -2.35556334711       -70.0000000000       0.218512988652       8.543734549407E-002  1.843490699496E-002
 -0.243984429805       -2.94445418388       -70.0000000000       0.154908542156      -1.358594156923E-002 -3.300924878318E-003
 -0.292781315766       -3.53334502066       -70.0000000000       0.147992907052      -2.166504118288E-002 -5.752882325137E-005
 -0.341578201726       -4.12223585744       -70.0000000000       0.135498786220      -2.370797863472E-002  8.574255114588E-005
 -0.390375087687       -4.71112669421       -70.0000000000       0.119626144058      -1.973052677593E-002  5.758498684142E-004
 -0.439171973648       -5.30001753099       -70.0000000000       9.468130568817E-002 -2.018514408779E-002  9.073110180115E-004
 -0.487968859609       -5.88890836777       -70.0000000000       7.546723977891E-002 -2.213994754477E-002  7.766048403901E-004
 -0.536765745570       -6.47779920454       -70.0000000000       5.781962528362E-002 -2.438101442938E-002  5.145509941096E-004
   0.00000000000        0.00000000000       -70.0000000000       0.141064051165       3.296083318082E-003  1.014216249738E-003
  0.145059606038      -0.572827429873       -70.0000000000       0.144113546271       1.059765865787E-003 -5.955791210746E-004
  0.290119212075       -1.14565485975       -70.0000000000       0.148716034457       1.091395494013E-005 -1.915602650586E-003
  0.435178818113       -1.71848228962       -70.0000000000       0.175674142747       1.401408465682E-003 -1.777693873139E-003
  0.580238424151       -2.29130971949       -70.0000000000       0.184922523327      -3.810291067062E-002 -5.922395812932E-003
  0.725298030189       -2.86413714937       -70.0000000000       0.174500970439       8.508584214810E-002 -2.127512074723E-003
  0.870357636226       -3.43696457924       -70.0000000000       0.144331137756       2.065800053680E-002 -5.624464001711E-003
   1.01541724226       -4.00979200911       -70.0000000000       0.133189972960       3.414173097055E-002 -4.276119565228E-003
   1.16047684830       -4.58261943899       -70.0000000000       0.121478253594       4.713753254548E-002 -3.031146987535E-003
   1.30553645434       -5.15544686886       -70.0000000000       0.101905320119       5.894711364134E-002 -2.151260710867E-003
   1.45059606038       -5.72827429873       -70.0000000000       6.342239845207E-002  5.761008517061E-002 -1.979650349544E-003
   1.59565566642       -6.30110172861       -70.0000000000       2.933437882666E-002  4.272376540277E-002 -1.688460723148E-003
   0.00000000000        0.00000000000       -70.0000000000       0.141064051165       3.296083318082E-003  1.014216249738E-003
  0.323196638891      -0.494689282610       -70.0000000000       0.134728008592      -6.749472003580E-003 -1.886945438672E-003
  0.646393277781      -0.989378565219       -70.0000000000       0.148136375526      -3.518531333235E-003 -2.158135731013E-003
  0.969589916672       -1.48406784783       -70.0000000000       0.170706637437      -1.262900248835E-002 -3.308152871823E-003
   1.29278655556       -1.97875713044       -70.0000000000       0.170011129878      -4.874895276354E-002 -8.546095275038E-003
   1.61598319445       -2.47344641305       -70.0000000000       0.129538262653       7.324623854873E-003 -4.878760405111E-003
   1.93917983334       -2.96813569566       -70.0000000000       0.129611270124       9.330268824698E-003 -5.913217020774E-003
   2.26237647223       -3.46282497827       -70.0000000000       0.145386652156       1.035736819466E-002 -4.422573742784E-003
   2.58557311112       -3.95751426088       -70.0000000000       0.171440526386       4.559424691611E-003 -4.147636023213E-003
   2.90876975001       -4.45220354349       -70.0000000000       0.207235791145      -2.107818990174E-002 -3.653301882365E-003
   3.23196638891       -4.94689282610       -70.0000000000       0.206200967179      -0.148826435820      -2.760844564556E-003
   3.55516302780       -5.44158210871       -70.0000000000       7.718205927677E-002 -0.120160933084      -2.162385170652E-003
   0.00000000000        0.00000000000       -70.0000000000       0.141064051165       3.296083318082E-003  1.014216249738E-003
  0.466310301007      -0.362943875680       -70.0000000000       0.126320662900      -1.316909580357E-002 -2.819036696724E-003
  0.932620602014      -0.725887751361       -70.0000000000       0.140621079538      -9.902081269447E-003 -2.787939301604E-003
   1.39893090302       -1.08883162704       -70.0000000000       0.163089004743      -1.691548185365E-002 -3.502416031094E-003
   1.86524120403       -1.45177550272       -70.0000000000       0.166886410688      -4.926681462830E-002 -7.893021179521E-003
   2.33155150503       -1.81471937840       -70.0000000000       0.118099841696      -1.052189283772E-003 -3.513704909667E-003
   2.79786180604       -2.17766325408       -70.0000000000       0.128037468551      -1.464711160737E-002 -4.240352522593E-003
   3.26417210705       -2.54060712976       -70.0000000000       0.128853358202      -2.429932695487E-002 -4.337468840956E-003
   3.73048240806       -2.90355100544       -70.0000000000       0.125582560489      -2.881106529438E-002 -4.051786427869E-003
   4.19679270906       -3.26649488112       -70.0000000000       0.120515470553      -3.519025304842E-002 -3.802503158380E-003
   4.66310301007       -3.62943875680       -70.0000000000       0.114955929635      -4.525453102999E-002 -3.997141057892E-003
   5.12941331108       -3.99238263248       -70.0000000000       0.105716940605      -4.548313269292E-002 -3.636671345313E-003
   0.00000000000        0.00000000000       -70.0000000000       0.141064051165       3.296083318082E-003  1.014216249738E-003
  0.558892006459      -0.191867868166       -70.0000000000       0.119802575555      -1.750343968471E-002 -3.290846344533E-003
   1.11778401292      -0.383735736333       -70.0000000000       0.125662634042      -1.848941082587E-002 -3.791269305595E-003
   1.67667601938      -0.575603604499       -70.0000000000       0.152526206592      -1.261480580121E-002 -2.569478151413E-003
   2.23556802584      -0.767471472666       -70.0000000000       0.159940689460      -3.467124665752E-002 -5.482882555526E-003
   2.79446003230      -0.959339340832       -70.0000000000       0.116405534030      -9.217579557850E-003 -4.217779998567E-003
   3.35335203876       -1.15120720900       -70.0000000000       0.114659124302      -1.488279305777E-002 -4.523367512343E-003
   3.91224404522       -1.34307507716       -70.0000000000       0.111833402934      -1.451497884529E-002 -4.589767106298E-003
   4.47113605168       -1.53494294533       -70.0000000000       0.108562020958      -1.443234051191E-002 -4.561505121199E-003
   5.03002805814       -1.72681081350       -70.0000000000       0.106081727627      -1.492710338465E-002 -4.596816021303E-003
   5.58892006459       -1.91867868166       -70.0000000000       0.102150117953      -1.532312088460E-002 -4.551797524769E-003
   6.14781207105       -2.11054654983       -70.0000000000       9.124544347479E-002 -9.824159606316E-003 -3.819771499602E-003
   0.00000000000        0.00000000000       -70.0000000000       0.141064051165       3.296083318082E-003  1.014216249738E-003
  0.590909090909        0.00000000000       -70.0000000000       0.115880082458      -1.928281023323E-002 -3.251246485879E-003
   1.18181818182      -1.172487511250E-015  -70.0000000000       0.105458073604      -2.833189475043E-002 -5.035647524716E-003
   1.77272727273        0.00000000000       -70.0000000000       0.121863238496      -2.661794823603E-002 -4.403145167261E-003
   2.36363636364        0.00000000000       -70.0000000000       0.146001933161      -1.897224276131E-002 -3.134101331794E-003
   2.95454545455        0.00000000000       -70.0000000000       0.120446620427      -7.871983635743E-003 -3.526029410970E-003
   3.54545454545        0.00000000000       -70.0000000000       0.118388978609      -6.932789232097E-003 -3.498115853989E-003
   4.13636363636        0.00000000000       -70.0000000000       0.115438103503      -5.961973640165E-003 -3.349427735780E-003
   4.72727272727        0.00000000000       -70.0000000000       0.112487228397      -4.991158048232E-003 -3.200739617571E-003
   5.31818181818        0.00000000000       -70.0000000000       0.109082584099      -4.189032042248E-003 -3.064233989752E-003
   5.90909090909        0.00000000000       -70.0000000000       0.105106482205      -5.227582600785E-003 -2.980481743442E-003
   6.50000000000        0.00000000000       -70.0000000000       0.100744761981      -2.226138634306E-003 -1.969633355549E-003
