 12 20 1 1
 1 X [LENGU]
 2 Y [LENGU]
 3 Z [LENGU]
 4 Hx [FIELU]
 5 Hy [FIELU]
 6 Hz [FIELU]
 0
   0.00000000000        0.00000000000        2.16000000000        3.12177988721      -1.432897425646E-002 -4.477721406807E-003
  0.590909090909        0.00000000000        2.16000000000        3.13652459480      -1.013104981644E-002 -1.308250893515E-003
   1.18181818182        0.00000000000        2.16000000000        3.14506023897      -5.511565437277E-003  7.569576801794E-004
   1.77272727273        0.00000000000        2.16000000000        3.11810941753       7.302831232934E-004 -2.698970803131E-003
   2.36363636364        0.00000000000        2.16000000000        3.12488256969      -4.593896638123E-003 -3.316517488993E-003
   2.95454545455        0.00000000000        2.16000000000        3.06086223456       1.348413531415E-002  1.548959429147E-002
   3.54545454545        0.00000000000        2.16000000000        2.92039717702       1.520716331159E-002  3.805315050936E-002
   4.13636363636        0.00000000000        2.16000000000        2.77680019894       4.920309874309E-003  5.390419534012E-002
   4.72727272727        0.00000000000        2.16000000000        2.62463244045       2.366841575139E-002  9.071665917586E-002
   5.31818181818        0.00000000000        2.16000000000        2.46193569443       6.050611414668E-002  0.154622321798     
   5.90909090909        0.00000000000        2.16000000000        2.27673616844      -1.785196770144E-002  0.214046832290     
   6.50000000000        0.00000000000        2.16000000000        1.92641492875       6.829221061675E-004  0.161837113527     
   0.00000000000        0.00000000000        2.16000000000        3.12177988721      -1.432897425646E-002 -4.477721406807E-003
  0.558892006459       0.191867868166        2.16000000000        3.14761287701      -7.833964771816E-003  3.808135935772E-006
   1.11778401292       0.383735736333        2.16000000000        3.15782681460      -3.449955087350E-004  1.745550212719E-003
   1.67667601938       0.575603604499        2.16000000000        3.12402151361       8.054652851219E-003 -2.912000656172E-003
   2.23556802584       0.767471472666        2.16000000000        3.10446355163       1.789625855548E-002 -6.630989463928E-003
   2.79446003230       0.959339340832        2.16000000000        3.08550407814       6.822210059941E-002 -3.926235058572E-003
   3.35335203876        1.15120720900        2.16000000000        3.00060482105       0.198816356902       7.696969240962E-003
   3.91224404522        1.34307507716        2.16000000000        2.91042697778       0.233593733702       3.015833425020E-002
   4.47113605168        1.53494294533        2.16000000000        2.69913995418       0.318205817312       4.755530950901E-002
   5.03002805814        1.72681081350        2.16000000000        2.51283874654       0.381644317184       7.844584090052E-002
   5.58892006459        1.91867868166        2.16000000000        2.28204070786       0.400042429759       0.121235990907     
   6.14781207105        2.11054654983        2.16000000000        1.95067144075       0.381344827097       0.139501483769     
   0.00000000000        0.00000000000        2.16000000000        3.12177988721      -1.432897425646E-002 -4.477721406807E-003
  0.466310301007       0.362943875680        2.16000000000        3.15590175394      -6.240714785314E-003  8.302239013346E-004
  0.932620602014       0.725887751361        2.16000000000        3.17061638260       3.160934682062E-003  2.689084561794E-003
   1.39893090302        1.08883162704        2.16000000000        3.14009710193       1.240742418008E-002 -1.652224763921E-003
   1.86524120403        1.45177550272        2.16000000000        3.10780505193       3.232908235403E-002 -6.884040891629E-003
   2.33155150503        1.81471937840        2.16000000000        3.39935373776       5.615826589844E-002 -1.988270803774E-003
   2.79786180604        2.17766325408        2.16000000000        3.37610662909       0.100785187371       9.849244753784E-003
   3.26417210705        2.54060712976        2.16000000000        3.37471841076       0.348350780903       1.623813444078E-002
   3.73048240806        2.90355100544        2.16000000000        3.21037946794       0.713065989412       1.850098047179E-002
   4.19679270906        3.26649488112        2.16000000000        3.05499098249        1.02913367949       9.643929650117E-002
   4.66310301007        3.62943875680        2.16000000000        2.79838909931        1.33638591901       0.122931766780     
   5.12941331108        3.99238263248        2.16000000000        2.18563689066        1.38305655915       0.355384922503     
   0.00000000000        0.00000000000        2.16000000000        3.12177988721      -1.432897425646E-002 -4.477721406807E-003
  0.323196638891       0.494689282610        2.16000000000        3.16049299716      -5.523953214787E-003  1.081441431339E-003
  0.646393277781       0.989378565219        2.16000000000        3.17956003601       4.614923834259E-003  3.146613771078E-003
  0.969589916672        1.48406784783        2.16000000000        3.16319533974       2.002100108865E-002  3.643508588901E-004
   1.29278655556        1.97875713044        2.16000000000        3.13813762175       2.770654238123E-002 -3.395241819872E-003
   1.61598319445        2.47344641305        2.16000000000        3.52988394114      -3.301223510939E-002 -2.787143643513E-003
   1.93917983334        2.96813569566        2.16000000000        3.69199129590      -0.111031490554       8.244168413135E-003
   2.26237647223        3.46282497827        2.16000000000        3.92474116269      -0.103459171620       1.857910156110E-002
   2.58557311112        3.95751426088        2.16000000000        4.52957817707      -1.480424957426E-002  4.010328518875E-002
   2.90876975001        4.45220354349        2.16000000000        5.84266505514       0.929073107425       6.963412536775E-002
   3.23196638891        4.94689282610        2.16000000000        5.54977507203        5.48686266516       0.109233623402     
   3.55516302780        5.44158210871        2.16000000000        1.33795847291        4.36644167184       0.142394241980     
   0.00000000000        0.00000000000        2.16000000000        3.12177988721      -1.432897425646E-002 -4.477721406807E-003
  0.145059606038       0.572827429873        2.16000000000        3.16088907421      -5.761352298103E-003  7.302374085311E-004
  0.290119212075        1.14565485975        2.16000000000        3.17258397774       7.533565113061E-003  1.560315250369E-003
  0.435178818113        1.71848228962        2.16000000000        3.17478329562       2.063593736119E-002  1.076020954950E-003
  0.580238424151        2.29130971949        2.16000000000        3.18389379951       1.840546260803E-002  2.021357943071E-003
  0.725298030189        2.86413714937        2.16000000000        3.53921781006      -8.625030869388E-002  1.795847298099E-003
  0.870357636226        3.43696457924        2.16000000000        3.43968773066      -0.325561058880       1.350061066596E-002
   1.01541724226        4.00979200911        2.16000000000        3.32519512204      -0.302110947710       1.914043945702E-002
   1.16047684830        4.58261943899        2.16000000000        3.18885512631       -1.13684974194       2.371017426520E-002
   1.30553645434        5.15544686886        2.16000000000        2.19529301669       -1.68786868863       3.172485445397E-002
   1.45059606038        5.72827429873        2.16000000000       0.989660653459       -1.80288176328       4.449554988899E-002
   1.59565566642        6.30110172861        2.16000000000       0.212285336619       -1.29055371385       5.891066910360E-002
   0.00000000000        0.00000000000        2.16000000000        3.12177988721      -1.432897425646E-002 -4.477721406807E-003
 -4.879688596092E-002  0.588890836777        2.16000000000        3.15704706402      -6.927186160959E-003 -1.853297617258E-004
 -9.759377192185E-002   1.17778167355        2.16000000000        3.16405367035       7.136250139365E-003  5.814870610664E-005
 -0.146390657883        1.76667251033        2.16000000000        3.17777763326       7.756064165205E-003  1.073449314725E-003
 -0.195187543844        2.35556334711        2.16000000000        3.19312365586       1.690849747311E-002  3.795517497149E-003
 -0.243984429805        2.94445418388        2.16000000000        3.49064190906       2.136900431570E-002  1.872237427239E-003
 -0.292781315766        3.53334502066        2.16000000000        3.07309909703       3.576308829415E-003  5.833605293516E-003
 -0.341578201726        4.12223585744        2.16000000000        2.80906813980       5.647456440999E-002  6.367361454186E-003
 -0.390375087687        4.71112669421        2.16000000000        2.46062197823       0.361586006912       4.354978189279E-003
 -0.439171973648        5.30001753099        2.16000000000        1.90406271481       0.513961359651       1.464711664299E-004
 -0.487968859609        5.88890836777        2.16000000000        1.17581597239       0.569335505604      -1.838124910945E-003
 -0.536765745570        6.47779920454        2.16000000000       0.809346451518       0.269352511958       4.504907606113E-003
   0.00000000000        0.00000000000        2.16000000000        3.12177988721      -1.432897425646E-002 -4.477721406807E-003
 -0.237365478204       0.541138783933        2.16000000000        3.14857420863      -8.587217081135E-003 -1.539943801019E-003
 -0.474730956408        1.08227756787        2.16000000000        3.16699824649      -5.718085094788E-004  5.629302440059E-004
 -0.712096434612        1.62341635180        2.16000000000        3.17267883617       2.775906772028E-003  4.404514683298E-004
 -0.949461912816        2.16455513573        2.16000000000        3.16955503954       5.155195773338E-002  2.572755395467E-003
  -1.18682739102        2.70569391966        2.16000000000        3.47110905565       8.529550291532E-002  1.257921311600E-002
  -1.42419286922        3.24683270360        2.16000000000        3.57532144190       0.242805825001       9.167447702177E-003
  -1.66155834743        3.78797148753        2.16000000000        3.81134250167       0.529577910167      -7.007387701029E-003
  -1.89892382563        4.32911027146        2.16000000000        4.23689559161       0.282617902291      -9.138200058559E-003
  -2.13628930384        4.87024905539        2.16000000000        4.83266009019        3.21890770337      -2.534561493532E-002
  -2.37365478204        5.41138783933        2.16000000000        1.57323398000        5.60365436787      -3.812356451702E-002
  -2.61102026024        5.95252662326        2.16000000000       -3.44131454504       0.852826261053      -4.612870143160E-002
   0.00000000000        0.00000000000        2.16000000000        3.12177988721      -1.432897425646E-002 -4.477721406807E-003
 -0.400211837779       0.434745947216        2.16000000000        3.13730195409      -1.090910253066E-002 -3.216272366443E-003
 -0.800423675558       0.869491894432        2.16000000000        3.15025365753      -6.511082890420E-003 -1.871907137752E-003
  -1.20063551334        1.30423784165        2.16000000000        3.16320536098      -2.113063250182E-003 -5.275419090618E-004
  -1.60084735112        1.73898378886        2.16000000000        3.16748832634       2.056269930460E-002  1.016419078555E-003
  -2.00105918889        2.17372973608        2.16000000000        3.38025580979       9.526132679971E-002  2.522524804138E-003
  -2.40127102667        2.60847568330        2.16000000000        3.52327501129      -0.206481796573      -1.999434789593E-003
  -2.80148286445        3.04322163051        2.16000000000        3.81126548820      -0.476459134843      -4.537575119366E-002
  -3.20169470223        3.47796757773        2.16000000000        3.96498276486       -1.05799922223      -4.940857442181E-002
  -3.60190654001        3.91271352494        2.16000000000        3.75728519472       -1.38140122608      -5.161567162229E-002
  -4.00211837779        4.34745947216        2.16000000000        3.30835461396       -2.08574050214      -0.155258050038     
  -4.40233021557        4.78220541938        2.16000000000        2.54469158265       -2.22038678762      -0.192157514467     
   0.00000000000        0.00000000000        2.16000000000        3.12177988721      -1.432897425646E-002 -4.477721406807E-003
 -0.519689034804       0.281241641340        2.16000000000        3.12462618152      -1.370758165050E-002 -5.038283764371E-003
  -1.03937806961       0.562483282680        2.16000000000        3.12576024919      -1.165194557207E-002 -5.408283805718E-003
  -1.55906710441       0.843724924020        2.16000000000        3.13430406911      -1.205216081993E-002 -4.468629455638E-003
  -2.07875613922        1.12496656536        2.16000000000        3.12893151625      -1.272240415126E-002 -5.387387459921E-003
  -2.59844517402        1.40620820670        2.16000000000        3.28566619749      -6.970917999961E-002 -4.347009677815E-003
  -3.11813420882        1.68744984804        2.16000000000        3.21692188163      -0.330543148584      -1.046582036507E-002
  -3.63782324363        1.96869148938        2.16000000000        3.06244621698      -0.439221310745      -1.271815318294E-002
  -4.15751227843        2.24993313072        2.16000000000        2.87025720975      -0.546618092471      -2.899911018550E-002
  -4.67720131323        2.53117477206        2.16000000000        2.72741718603      -0.648277672834      -4.958363638746E-002
  -5.19689034804        2.81241641340        2.16000000000        2.44766714620      -0.774383875845      -9.370366227911E-002
  -5.71657938284        3.09365805474        2.16000000000        2.03795440381      -0.914237956092      -0.149650217856     
   0.00000000000        0.00000000000        2.16000000000        3.12177988721      -1.432897425646E-002 -4.477721406807E-003
 -0.582849861102       9.726043971134E-002   2.16000000000        3.11596850787      -1.452790322130E-002 -6.300746800232E-003
  -1.16569972220       0.194520879423        2.16000000000        3.12163582117      -1.852116671727E-002 -5.508105463638E-003
  -1.74854958330       0.291781319134        2.16000000000        3.13246236757      -1.242097303719E-002 -4.606641226538E-003
  -2.33139944441       0.389041758845        2.16000000000        3.11201501982      -5.427185966149E-003 -6.750276773746E-003
  -2.91424930551       0.486302198557        2.16000000000        3.10611811746      -5.176378699406E-002 -1.067358217161E-002
  -3.49709916661       0.583562638268        2.16000000000        2.96152873827      -7.325999716370E-002  2.478175488383E-003
  -4.07994902771       0.680823077979        2.16000000000        2.84660760920      -8.523203738397E-002  2.792428080339E-002
  -4.66279888881       0.778083517691        2.16000000000        2.73060417286      -0.105461454419       4.985576957039E-002
  -5.24564874991       0.875343957402        2.16000000000        2.58138176323      -0.144940300375       5.303254241275E-002
  -5.82849861102       0.972604397113        2.16000000000        2.33695788072      -9.556517696253E-002  5.212998263753E-002
  -6.41134847212        1.06986483682        2.16000000000        2.12128636346      -4.645054548609E-003  0.158921456959     
   0.00000000000        0.00000000000        2.16000000000        3.12177988721      -1.432897425646E-002 -4.477721406807E-003
 -0.582849861102      -9.726043971134E-002   2.16000000000        3.10946293192      -1.477158848782E-002 -7.218616904698E-003
  -1.16569972220      -0.194520879423        2.16000000000        3.13121266766      -3.527870574696E-002 -2.730565671243E-003
  -1.74854958330      -0.291781319134        2.16000000000        3.13634199741      -1.978320285283E-002 -3.748929273527E-003
  -2.33139944441      -0.389041758845        2.16000000000        3.11882351539      -1.651040961168E-003 -5.818283251155E-003
  -2.91424930551      -0.486302198557        2.16000000000        3.11429818020       4.496069712744E-002 -9.283159200631E-003
  -3.49709916661      -0.583562638268        2.16000000000        2.98489277286       6.579148764645E-002 -5.767639740854E-003
  -4.07994902771      -0.680823077979        2.16000000000        2.86545279785       8.576976931815E-002  8.684794186107E-003
  -4.66279888881      -0.778083517691        2.16000000000        2.72401761405       0.119062926213       3.033928195083E-002
  -5.24564874991      -0.875343957402        2.16000000000        2.55258460691       0.166161204229       3.738437068762E-002
  -5.82849861102      -0.972604397113        2.16000000000        2.44454641070       0.108471661277       3.974911077767E-002
  -6.41134847212       -1.06986483682        2.16000000000        2.46421434768       8.791279415450E-002  0.261522105430     
   0.00000000000        0.00000000000        2.16000000000        3.12177988721      -1.432897425646E-002 -4.477721406807E-003
 -0.519689034804      -0.281241641340        2.16000000000        3.10421034260      -1.492197207526E-002 -7.834371106024E-003
  -1.03937806961      -0.562483282680        2.16000000000        3.13068952579      -4.371206742115E-002 -2.025770122035E-003
  -1.55906710441      -0.843724924020        2.16000000000        3.14575300857      -3.117136679032E-002 -1.112980508910E-003
  -2.07875613922       -1.12496656536        2.16000000000        3.14927534330       6.942412190578E-003 -1.944130740798E-003
  -2.59844517402       -1.40620820670        2.16000000000        3.26464603415       7.959693723632E-002 -1.167959724830E-002
  -3.11813420882       -1.68744984804        2.16000000000        3.18425536837       0.249727853641      -9.805292401125E-003
  -3.63782324363       -1.96869148938        2.16000000000        3.06889477218       0.393950940786      -1.301140596889E-002
  -4.15751227843       -2.24993313072        2.16000000000        2.91024357220       0.506101743022      -2.250676226860E-002
  -4.67720131323       -2.53117477206        2.16000000000        2.73723843483       0.637801167541      -3.922774058844E-002
  -5.19689034804       -2.81241641340        2.16000000000        2.42722643109       0.761633567481      -6.036590818071E-002
  -5.71657938284       -3.09365805474        2.16000000000        2.05443113344       0.844854957880      -9.371629864078E-002
   0.00000000000        0.00000000000        2.16000000000        3.12177988721      -1.432897425646E-002 -4.477721406807E-003
 -0.400211837779      -0.434745947216        2.16000000000        3.10301370480      -1.347067664421E-002 -7.708863868241E-003
 -0.800423675558      -0.869491894432        2.16000000000        3.12496311447      -1.459382144875E-002 -4.319497962136E-003
  -1.20063551334       -1.30423784165        2.16000000000        3.16613431021      -3.606920035441E-002  3.632455764414E-003
  -1.60084735112       -1.73898378886        2.16000000000        3.17530337230       1.942349204588E-003  1.950296685523E-003
  -2.00105918889       -2.17372973608        2.16000000000        3.32138375194      -0.123410067753       4.573884751357E-003
  -2.40127102667       -2.60847568330        2.16000000000        3.49352622101       0.120446744542      -1.169193010735E-002
  -2.80148286445       -3.04322163051        2.16000000000        3.63035863127       0.384194146352      -2.403796542463E-002
  -3.20169470223       -3.47796757773        2.16000000000        4.00191977073       0.896645986809      -4.911034788128E-002
  -3.60190654001       -3.91271352494        2.16000000000        3.92597898077        1.35121063373      -9.227806926212E-002
  -4.00211837779       -4.34745947216        2.16000000000        3.35269076597        2.06752342151      -0.191324007384     
  -4.40233021557       -4.78220541938        2.16000000000        2.60673713857        2.44005778160      -0.297975944734     
   0.00000000000        0.00000000000        2.16000000000        3.12177988721      -1.432897425646E-002 -4.477721406807E-003
 -0.237365478204      -0.541138783933        2.16000000000        3.10968073792      -9.607243567287E-003 -6.491741808904E-003
 -0.474730956408       -1.08227756787        2.16000000000        3.12605843471       7.501737498808E-003 -4.886986619337E-003
 -0.712096434612       -1.62341635180        2.16000000000        3.15614595288      -6.294138513139E-003  7.613319181194E-004
 -0.949461912816       -2.16455513573        2.16000000000        3.19071286180      -1.779788003212E-002  6.897795644903E-003
  -1.18682739102       -2.70569391966        2.16000000000        3.43961458058      -0.114712551878      -1.316478351691E-003
  -1.42419286922       -3.24683270360        2.16000000000        3.52578329209      -0.361936021424      -4.334018323099E-003
  -1.66155834743       -3.78797148753        2.16000000000        3.66637194261      -0.572654025937      -9.463535391607E-003
  -1.89892382563       -4.32911027146        2.16000000000        4.02192852677       -1.30681730947      -2.545652849458E-002
  -2.13628930384       -4.87024905539        2.16000000000        4.72137469808       -3.16154036289      -4.732157300884E-002
  -2.37365478204       -5.41138783933        2.16000000000       9.887123157065E-002  -3.88902098372      -6.409901935040E-002
  -2.61102026024       -5.95252662326        2.16000000000       -3.58089144059       -1.03904737237      -7.025659970163E-002
   0.00000000000        0.00000000000        2.16000000000        3.12177988721      -1.432897425646E-002 -4.477721406807E-003
 -4.879688596092E-002 -0.588890836777        2.16000000000        3.11457299346      -7.597834062065E-003 -5.448519874699E-003
 -9.759377192185E-002  -1.17778167355        2.16000000000        3.13217270850       2.060499427100E-003 -3.900656026364E-003
 -0.146390657883       -1.76667251033        2.16000000000        3.14472603949       1.088612361808E-002 -2.029801330597E-003
 -0.195187543844       -2.35556334711        2.16000000000        3.16668426114      -2.443558117717E-002  3.572789438574E-003
 -0.243984429805       -2.94445418388        2.16000000000        3.42849595190      -4.907251164845E-002  3.114914475610E-003
 -0.292781315766       -3.53334502066        2.16000000000        3.10846788014       2.397167354486E-002  5.545062033357E-003
 -0.341578201726       -4.12223585744        2.16000000000        2.91833545490      -0.147463942777       3.310984888738E-003
 -0.390375087687       -4.71112669421        2.16000000000        2.68363614257      -0.323614475083       4.122598863076E-003
 -0.439171973648       -5.30001753099        2.16000000000        1.88968285596      -0.563844673777      -2.813073541996E-003
 -0.487968859609       -5.88890836777        2.16000000000        1.22283704424      -0.556991118136      -1.643345848366E-002
 -0.536765745570       -6.47779920454        2.16000000000       0.561667357278      -0.348701908432      -2.564979066553E-002
   0.00000000000        0.00000000000        2.16000000000        3.12177988721      -1.432897425646E-002 -4.477721406807E-003
  0.145059606038      -0.572827429873        2.16000000000        3.11716031964      -7.660198827641E-003 -4.692247349454E-003
  0.290119212075       -1.14565485975        2.16000000000        3.13519800010      -3.604219390145E-003 -3.032358225809E-003
  0.435178818113       -1.71848228962        2.16000000000        3.14858608902      -2.127593945610E-003 -1.348096768287E-003
  0.580238424151       -2.29130971949        2.16000000000        3.13502954438      -6.945213601913E-003 -3.813466948014E-003
  0.725298030189       -2.86413714937        2.16000000000        3.53125520263       0.136548323359       6.762067392462E-003
  0.870357636226       -3.43696457924        2.16000000000        3.35397741951       0.308892080110       1.372466232218E-002
   1.01541724226       -4.00979200911        2.16000000000        3.25290317695       0.563670139786       1.586718146948E-002
   1.16047684830       -4.58261943899        2.16000000000        2.90384899443       0.990165164725       2.071641448408E-002
   1.30553645434       -5.15544686886        2.16000000000        2.18951383905        1.73732127053       3.631268040730E-002
   1.45059606038       -5.72827429873        2.16000000000       0.970235435050        1.80467041520       4.313303918048E-002
   1.59565566642       -6.30110172861        2.16000000000       0.174143311073        1.31020288464       3.511016822174E-002
   0.00000000000        0.00000000000        2.16000000000        3.12177988721      -1.432897425646E-002 -4.477721406807E-003
  0.323196638891      -0.494689282610        2.16000000000        3.11716233950      -9.787579673974E-003 -4.304878096055E-003
  0.646393277781      -0.989378565219        2.16000000000        3.13582062502      -6.264574290448E-003 -2.072205607500E-003
  0.969589916672       -1.48406784783        2.16000000000        3.14778843595      -1.765538781882E-002 -1.493485786973E-003
   1.29278655556       -1.97875713044        2.16000000000        3.14706324581      -2.306890430609E-002 -2.919959932019E-003
   1.61598319445       -2.47344641305        2.16000000000        3.48625733349       2.938762725059E-002  1.510288703662E-002
   1.93917983334       -2.96813569566        2.16000000000        3.76206251892      -2.014031560692E-002  1.542382202312E-002
   2.26237647223       -3.46282497827        2.16000000000        3.94136501290       4.259427928780E-002  2.690329274944E-002
   2.58557311112       -3.95751426088        2.16000000000        4.68754511829      -0.103636492839       5.388358542275E-002
   2.90876975001       -4.45220354349        2.16000000000        5.90282564789       -1.00464242213       8.248238987436E-002
   3.23196638891       -4.94689282610        2.16000000000        5.68656619778       -5.00059522713       0.107546269953     
   3.55516302780       -5.44158210871        2.16000000000        1.26721071279       -4.53889455705       0.111878959082     
   0.00000000000        0.00000000000        2.16000000000        3.12177988721      -1.432897425646E-002 -4.477721406807E-003
  0.466310301007      -0.362943875680        2.16000000000        3.11566254625      -1.328178895037E-002 -4.190601056313E-003
  0.932620602014      -0.725887751361        2.16000000000        3.13397311219      -5.632274540700E-003 -1.124245605936E-003
   1.39893090302       -1.08883162704        2.16000000000        3.14444660569      -2.050847899309E-002 -5.940087020051E-004
   1.86524120403       -1.45177550272        2.16000000000        3.12835160532      -3.643581462100E-002 -2.138123216507E-003
   2.33155150503       -1.81471937840        2.16000000000        3.35811234550      -4.619361252507E-002  2.285830094486E-002
   2.79786180604       -2.17766325408        2.16000000000        3.31130417805      -0.184671397311       2.799986178119E-002
   3.26417210705       -2.54060712976        2.16000000000        3.42116476220      -0.567337188981       4.648323953188E-002
   3.73048240806       -2.90355100544        2.16000000000        3.37255327638      -0.830807455213       7.140151902292E-002
   4.19679270906       -3.26649488112        2.16000000000        3.18180382483      -0.998681062209       0.108874485128     
   4.66310301007       -3.62943875680        2.16000000000        2.76633435770       -1.29428678198       0.152572895806     
   5.12941331108       -3.99238263248        2.16000000000        2.32377519359       -1.43576448184       0.216117395451     
   0.00000000000        0.00000000000        2.16000000000        3.12177988721      -1.432897425646E-002 -4.477721406807E-003
  0.558892006459      -0.191867868166        2.16000000000        3.12383849472      -1.288304511164E-002 -2.963771232483E-003
   1.11778401292      -0.383735736333        2.16000000000        3.13303790607      -1.298876284090E-002 -9.298399432560E-004
   1.67667601938      -0.575603604499        2.16000000000        3.13727005980      -1.456610123195E-002 -4.194755479245E-004
   2.23556802584      -0.767471472666        2.16000000000        3.06580146109      -2.166562973039E-002 -4.111108909097E-003
   2.79446003230      -0.959339340832        2.16000000000        3.12174470639      -5.407381355287E-002  1.740241688634E-002
   3.35335203876       -1.15120720900        2.16000000000        2.98745230227      -0.139544347402       2.754785786908E-002
   3.91224404522       -1.34307507716        2.16000000000        2.83979055419      -0.209215987456       3.980014269312E-002
   4.47113605168       -1.53494294533        2.16000000000        2.66709252078      -0.322175715658       6.337531919964E-002
   5.03002805814       -1.72681081350        2.16000000000        2.48577500736      -0.365997837254       9.829361970026E-002
   5.58892006459       -1.91867868166        2.16000000000        2.26916527600      -0.405133961119       0.128614375606     
   6.14781207105       -2.11054654983        2.16000000000        1.99448004142      -0.433011849564       0.147929032638     
   0.00000000000        0.00000000000        2.16000000000        3.12177988721      -1.432897425646E-002 -4.477721406807E-003
  0.590909090909        0.00000000000        2.16000000000        3.13652459480      -1.013104981644E-002 -1.308250893515E-003
   1.18181818182      -1.172487511250E-015   2.16000000000        3.14506023897      -5.511565437277E-003  7.569576801794E-004
   1.77272727273        0.00000000000        2.16000000000        3.11810941753       7.302831232934E-004 -2.698970803131E-003
   2.36363636364        0.00000000000        2.16000000000        3.12488256969      -4.593896638123E-003 -3.316517488993E-003
   2.95454545455        0.00000000000        2.16000000000        3.06086223456       1.348413531415E-002  1.548959429147E-002
   3.54545454545        0.00000000000        2.16000000000        2.92039717702       1.520716331159E-002  3.805315050936E-002
   4.13636363636        0.00000000000        2.16000000000        2.77680019894       4.920309874309E-003  5.390419534012E-002
   4.72727272727        0.00000000000        2.16000000000        2.62463244045       2.366841575139E-002  9.071665917586E-002
   5.31818181818        0.00000000000        2.16000000000        2.46193569443       6.050611414668E-002  0.154622321798     
   5.90909090909        0.00000000000        2.16000000000        2.27673616844      -1.785196770144E-002  0.214046832290     
   6.50000000000        0.00000000000        2.16000000000        1.92641492875       6.829221061675E-004  0.161837113527     
