 12 20 1 1
 1 X [LENGU]
 2 Y [LENGU]
 3 Z [LENGU]
 4 Hx [FIELU]
 5 Hy [FIELU]
 6 Hz [FIELU]
 0
   0.00000000000        0.00000000000        70.0000000000        6.20549647831      -0.117282687117      -1.035313415987E-002
  0.590909090909        0.00000000000        70.0000000000        6.18670798090      -0.114077794452      -1.104925478072E-002
   1.18181818182        0.00000000000        70.0000000000        6.18447451691      -8.476085889231E-002 -9.160526290286E-003
   1.77272727273        0.00000000000        70.0000000000        6.20403545515      -5.947585654147E-002 -4.943235716237E-003
   2.36363636364        0.00000000000        70.0000000000        6.22931558127      -3.261405838110E-002  1.829305190273E-004
   2.95454545455        0.00000000000        70.0000000000        6.42633053279      -1.425836628551E-002  2.089187263596E-002
   3.54545454545        0.00000000000        70.0000000000        6.17893397260      -5.628345820486E-003  1.944595142196E-002
   4.13636363636        0.00000000000        70.0000000000        5.93177199521      -2.038246780303E-003  1.729717920733E-002
   4.72727272727        0.00000000000        70.0000000000        5.70143672907      -2.360216387023E-003  1.494300727275E-002
   5.31818181818        0.00000000000        70.0000000000        5.39886398261      -1.366866651099E-002  1.870444471660E-002
   5.90909090909        0.00000000000        70.0000000000        5.10364675849      -1.335592442557E-002  1.672134743237E-002
   6.50000000000        0.00000000000        70.0000000000        4.80842953438      -1.304318234014E-002  1.473825014813E-002
   0.00000000000        0.00000000000        70.0000000000        6.20549647831      -0.117282687117      -1.035313415987E-002
  0.558892006459       0.191867868166        70.0000000000        6.18886325478      -0.105326315016      -1.035818094109E-002
   1.11778401292       0.383735736333        70.0000000000        6.20092059988      -6.934721641470E-002 -6.283179824411E-003
   1.67667601938       0.575603604499        70.0000000000        6.22596461633      -3.620236369032E-002 -6.376180979441E-004
   2.23556802584       0.767471472666        70.0000000000        6.23846928552      -2.619537639366E-002  6.923193618435E-004
   2.79446003230       0.959339340832        70.0000000000        6.55828093199       0.141487909085       1.643673201211E-002
   3.35335203876        1.15120720900        70.0000000000        6.38145361198       0.444305667171       2.103088994726E-002
   3.91224404522        1.34307507716        70.0000000000        6.22982862619       0.644288987397       2.314034597034E-002
   4.47113605168        1.53494294533        70.0000000000        6.06207747893       0.850204269256       2.363017106542E-002
   5.03002805814        1.72681081350        70.0000000000        5.45561395715       0.945935681432       2.111898279729E-002
   5.58892006459        1.91867868166        70.0000000000        4.95156465339       0.909314585664       3.978929149742E-002
   6.14781207105        2.11054654983        70.0000000000        4.49733535742       0.956335740590       9.159861712843E-002
   0.00000000000        0.00000000000        70.0000000000        6.20549647831      -0.117282687117      -1.035313415987E-002
  0.466310301007       0.362943875680        70.0000000000        6.19134025646      -0.100754070580      -9.908073134264E-003
  0.932620602014       0.725887751361        70.0000000000        6.21181889011      -6.122612666065E-002 -4.650578668629E-003
   1.39893090302        1.08883162704        70.0000000000        6.22668555990      -3.822199065469E-002 -9.469107023980E-004
   1.86524120403        1.45177550272        70.0000000000        6.23148242262      -2.716230994461E-002  6.540136210115E-004
   2.33155150503        1.81471937840        70.0000000000        7.04343782941       0.132246175331       1.390513943691E-002
   2.79786180604        2.17766325408        70.0000000000        6.93470395112       0.543091761787       2.000077738112E-002
   3.26417210705        2.54060712976        70.0000000000        6.88482476317       0.885957043442       2.236408849091E-002
   3.73048240806        2.90355100544        70.0000000000        6.81171864676        1.70040531921       2.142106296044E-002
   4.19679270906        3.26649488112        70.0000000000        6.65755360214        2.55963539644      -3.783299764872E-002
   4.66310301007        3.62943875680        70.0000000000        6.28747150440        3.43942880045      -7.852936203667E-002
   5.12941331108        3.99238263248        70.0000000000        5.18484460779        3.34369034195      -6.742543845978E-002
   0.00000000000        0.00000000000        70.0000000000        6.20549647831      -0.117282687117      -1.035313415987E-002
  0.323196638891       0.494689282610        70.0000000000        6.19387056435      -0.100856534774      -9.747707525243E-003
  0.646393277781       0.989378565219        70.0000000000        6.21598838873      -6.127763571670E-002 -4.439640490586E-003
  0.969589916672        1.48406784783        70.0000000000        6.22642296391      -4.422172274304E-002 -1.780775823910E-003
   1.29278655556        1.97875713044        70.0000000000        6.23301528196      -3.772623887776E-002 -3.555574695652E-004
   1.61598319445        2.47344641305        70.0000000000        7.29964423950      -9.710527943908E-002  7.385037548393E-003
   1.93917983334        2.96813569566        70.0000000000        7.70303703334      -0.178863687743       4.245380759875E-003
   2.26237647223        3.46282497827        70.0000000000        8.46086363939      -0.188078625696      -1.915453284733E-003
   2.58557311112        3.95751426088        70.0000000000        10.1506925030       0.250270602443      -4.559279668171E-003
   2.90876975001        4.45220354349        70.0000000000        12.3787668000        1.92539886431       1.722072203597E-002
   3.23196638891        4.94689282610        70.0000000000        11.5767396325        11.0067943386       7.897772560865E-003
   3.55516302780        5.44158210871        70.0000000000        3.60462586232        8.89725279123       1.006458009097E-003
   0.00000000000        0.00000000000        70.0000000000        6.20549647831      -0.117282687117      -1.035313415987E-002
  0.145059606038       0.572827429873        70.0000000000        6.19617998035      -0.105622604012      -9.894462216098E-003
  0.290119212075        1.14565485975        70.0000000000        6.21297726589      -6.949616177739E-002 -5.673223714916E-003
  0.435178818113        1.71848228962        70.0000000000        6.22520528472      -5.355139588815E-002 -3.048851237814E-003
  0.580238424151        2.29130971949        70.0000000000        6.23212508426      -7.940173319124E-002 -4.297625161544E-003
  0.725298030189        2.86413714937        70.0000000000        7.28575863473      -0.314337849290      -2.137726022289E-004
  0.870357636226        3.43696457924        70.0000000000        7.50871290410      -0.534342477153      -4.220112006393E-003
   1.01541724226        4.00979200911        70.0000000000        6.75646406178       -1.27026150413      -1.401710185922E-002
   1.16047684830        4.58261943899        70.0000000000        6.17379312679       -2.34691529919      -2.454076891254E-003
   1.30553645434        5.15544686886        70.0000000000        4.84254372986       -3.60854104280      -2.628693763167E-002
   1.45059606038        5.72827429873        70.0000000000        2.29058139893       -3.71024268567      -5.895267079744E-002
   1.59565566642        6.30110172861        70.0000000000       4.026627851795E-002  -2.66817758539      -3.034988175086E-002
   0.00000000000        0.00000000000        70.0000000000        6.20549647831      -0.117282687117      -1.035313415987E-002
 -4.879688596092E-002  0.588890836777        70.0000000000        6.19801824339      -0.114535800740      -1.033243405894E-002
 -9.759377192185E-002   1.17778167355        70.0000000000        6.20420431901      -8.517918969584E-002 -8.083045926689E-003
 -0.146390657883        1.76667251033        70.0000000000        6.22316447676      -6.519999523997E-002 -4.613721296796E-003
 -0.195187543844        2.35556334711        70.0000000000        6.22825437765      -0.103815011514      -7.213822902032E-003
 -0.243984429805        2.94445418388        70.0000000000        7.33588203277       0.122203002025      -1.322255513057E-002
 -0.292781315766        3.53334502066        70.0000000000        7.61278426478       0.402330446582      -2.980998126136E-003
 -0.341578201726        4.12223585744        70.0000000000        6.71871355364       0.427082798232      -3.504149849393E-003
 -0.390375087687        4.71112669421        70.0000000000        5.68123811793       0.795081063369      -8.635906972499E-005
 -0.439171973648        5.30001753099        70.0000000000        4.15195984513       0.979914397923       2.674361724079E-003
 -0.487968859609        5.88890836777        70.0000000000        2.73865034359        1.25057438790       1.239233732929E-002
 -0.536765745570        6.47779920454        70.0000000000        1.67343198701        1.13104541333       1.258725453530E-002
   0.00000000000        0.00000000000        70.0000000000        6.20549647831      -0.117282687117      -1.035313415987E-002
 -0.237365478204       0.541138783933        70.0000000000        6.20815714314      -0.109160228984      -9.550967295869E-003
 -0.474730956408        1.08227756787        70.0000000000        6.21081780797      -0.101037770852      -8.748800431873E-003
 -0.712096434612        1.62341635180        70.0000000000        6.21389411191      -9.210590179850E-002 -7.878841643913E-003
 -0.949461912816        2.16455513573        70.0000000000        6.22353514233      -8.601197739086E-002 -6.860594812880E-003
  -1.18682739102        2.70569391966        70.0000000000        7.30838619074       0.207849460328      -1.605908405438E-002
  -1.42419286922        3.24683270360        70.0000000000        7.60318874183       0.653827832135      -8.001968013254E-003
  -1.66155834743        3.78797148753        70.0000000000        7.94639078155        1.16483598094      -9.674702640047E-004
  -1.89892382563        4.32911027146        70.0000000000        8.76992932086        2.52862885301       1.733597719964E-003
  -2.13628930384        4.87024905539        70.0000000000        10.5936714779        6.86360046921       3.488021558931E-003
  -2.37365478204        5.41138783933        70.0000000000        2.68112366397        11.0118645048       5.343456382857E-003
  -2.61102026024        5.95252662326        70.0000000000       -6.45832052109        1.98523955276       8.300061782428E-003
   0.00000000000        0.00000000000        70.0000000000        6.20549647831      -0.117282687117      -1.035313415987E-002
 -0.400211837779       0.434745947216        70.0000000000        6.22281821622      -9.529694260214E-002 -8.071821870953E-003
 -0.800423675558       0.869491894432        70.0000000000        6.24013995413      -7.331119808713E-002 -5.790509582041E-003
  -1.20063551334        1.30423784165        70.0000000000        6.25746169205      -5.132545357212E-002 -3.509197293128E-003
  -1.60084735112        1.73898378886        70.0000000000        6.25686769036      -4.871921538438E-002 -2.963882913950E-003
  -2.00105918889        2.17372973608        70.0000000000        6.86745189281       0.390672741944       4.582026383189E-004
  -2.40127102667        2.60847568330        70.0000000000        7.47523158847      -0.357357745506      -2.293296398080E-002
  -2.80148286445        3.04322163051        70.0000000000        7.61056787419      -0.829243193015      -2.018398437761E-002
  -3.20169470223        3.47796757773        70.0000000000        8.13041807517       -1.52488721569      -3.206624053639E-002
  -3.60190654001        3.91271352494        70.0000000000        8.29427723499       -3.14442681958       5.206747435049E-004
  -4.00211837779        4.34745947216        70.0000000000        7.73068688773       -4.85944002377       2.317619913010E-002
  -4.40233021557        4.78220541938        70.0000000000        6.18862204618       -4.88443131906       1.906199063995E-002
   0.00000000000        0.00000000000        70.0000000000        6.20549647831      -0.117282687117      -1.035313415987E-002
 -0.519689034804       0.281241641340        70.0000000000        6.24096346635      -7.667785215976E-002 -5.967655743364E-003
  -1.03937806961       0.562483282680        70.0000000000        6.28306855320      -2.723465099883E-002 -5.022082793369E-004
  -1.55906710441       0.843724924020        70.0000000000        6.31517405692       1.008963359051E-002  3.651220230704E-003
  -2.07875613922        1.12496656536        70.0000000000        6.30898767125      -2.266543210551E-003  2.614217456643E-003
  -2.59844517402        1.40620820670        70.0000000000        6.79176064086      -0.159451626195      -2.005405420908E-002
  -3.11813420882        1.68744984804        70.0000000000        6.57205065478      -0.535617520804      -1.153658810554E-002
  -3.63782324363        1.96869148938        70.0000000000        6.35234066870      -0.911783415413      -3.019122002008E-003
  -4.15751227843        2.24993313072        70.0000000000        6.13263068262       -1.28794931002       5.498344101527E-003
  -4.67720131323        2.53117477206        70.0000000000        5.90023955387       -1.55810281346       9.170126388561E-003
  -5.19689034804        2.81241641340        70.0000000000        5.25534171146       -1.96052153273       2.060115043182E-002
  -5.71657938284        3.09365805474        70.0000000000        4.60667566896       -2.36209026917      -2.249250510972E-003
   0.00000000000        0.00000000000        70.0000000000        6.20549647831      -0.117282687117      -1.035313415987E-002
 -0.582849861102       9.726043971134E-002   70.0000000000        6.26284453130      -5.236750268878E-002 -3.105642911654E-003
  -1.16569972220       0.194520879423        70.0000000000        6.32713438230       1.513034232271E-002  5.278975528738E-003
  -1.74854958330       0.291781319134        70.0000000000        6.35639898186       4.321163148554E-002  9.060099126311E-003
  -2.33139944441       0.389041758845        70.0000000000        6.37510974636       6.399989331180E-002  1.101014789110E-002
  -2.91424930551       0.486302198557        70.0000000000        6.44105062135      -0.120777522453      -1.927419287651E-002
  -3.49709916661       0.583562638268        70.0000000000        6.18332365935      -0.232353166140      -1.661698881302E-002
  -4.07994902771       0.680823077979        70.0000000000        5.92559669736      -0.343928809826      -1.395978474952E-002
  -4.66279888881       0.778083517691        70.0000000000        5.66657819546      -0.404159350058      -1.413617110820E-002
  -5.24564874991       0.875343957402        70.0000000000        5.35697630596      -0.393601743556      -1.636132060217E-002
  -5.82849861102       0.972604397113        70.0000000000        5.02421533805      -0.395102407113      -1.736311020995E-002
  -6.41134847212        1.06986483682        70.0000000000        4.63802288684      -0.389095706824      -2.048474583141E-002
   0.00000000000        0.00000000000        70.0000000000        6.20549647831      -0.117282687117      -1.035313415987E-002
 -0.582849861102      -9.726043971134E-002   70.0000000000        6.27784244155      -3.709460823384E-002 -1.136490455399E-003
  -1.16569972220      -0.194520879423        70.0000000000        6.35340196328      -3.510478732869E-004  8.836587031200E-003
  -1.74854958330      -0.291781319134        70.0000000000        6.37854360159       2.127649758575E-002  1.188176192730E-002
  -2.33139944441      -0.389041758845        70.0000000000        6.40737157822       7.689993392284E-002  1.597210678430E-002
  -2.91424930551      -0.486302198557        70.0000000000        6.46431637019       0.101502390940      -8.080866509477E-003
  -3.49709916661      -0.583562638268        70.0000000000        6.22347737259       0.203296951648      -7.927280220373E-003
  -4.07994902771      -0.680823077979        70.0000000000        5.97865102713       0.247324439370      -8.614481324455E-003
  -4.66279888881      -0.778083517691        70.0000000000        5.71317468470       0.321344036908      -1.044737564766E-002
  -5.24564874991      -0.875343957402        70.0000000000        5.44014867091       0.384066239537      -1.159508884125E-002
  -5.82849861102      -0.972604397113        70.0000000000        5.11642990017       0.442698338119      -1.666902673463E-002
  -6.41134847212       -1.06986483682        70.0000000000        4.63121856517       0.454668578505      -3.017504002661E-002
   0.00000000000        0.00000000000        70.0000000000        6.20549647831      -0.117282687117      -1.035313415987E-002
 -0.519689034804      -0.281241641340        70.0000000000        6.28506864022      -4.768902416756E-002 -1.349350240246E-004
  -1.03937806961      -0.562483282680        70.0000000000        6.36549603672      -1.887009471416E-002  9.223803170029E-003
  -1.55906710441      -0.843724924020        70.0000000000        6.40116722162       9.421544975670E-004  1.270308742652E-002
  -2.07875613922       -1.12496656536        70.0000000000        6.41852035162       4.455256408896E-002  1.763429183684E-002
  -2.59844517402       -1.40620820670        70.0000000000        6.77114810327       0.167095687665      -3.295766338889E-003
  -3.11813420882       -1.68744984804        70.0000000000        6.56878298355       0.359282829225      -2.158704386357E-003
  -3.63782324363       -1.96869148938        70.0000000000        6.33231480305       0.706908718447       2.886373573880E-003
  -4.15751227843       -2.24993313072        70.0000000000        6.11229693306        1.06945098676       7.842559479474E-003
  -4.67720131323       -2.53117477206        70.0000000000        5.85372306049        1.53958906138       6.407513727515E-003
  -5.19689034804       -2.81241641340        70.0000000000        5.22717035414        1.92498417821      -3.277783952379E-002
  -5.71657938284       -3.09365805474        70.0000000000        4.28265385527        2.31395018869      -8.188403319627E-002
   0.00000000000        0.00000000000        70.0000000000        6.20549647831      -0.117282687117      -1.035313415987E-002
 -0.400211837779      -0.434745947216        70.0000000000        6.28269271821      -6.142922787193E-002 -4.066265123277E-004
 -0.800423675558      -0.869491894432        70.0000000000        6.38053657444      -2.553261882313E-002  9.279476362850E-003
  -1.20063551334       -1.30423784165        70.0000000000        6.41491941586      -2.437169655680E-002  1.138059070183E-002
  -1.60084735112       -1.73898378886        70.0000000000        6.42570093081       3.835822234249E-003  1.310046888397E-002
  -2.00105918889       -2.17372973608        70.0000000000        6.96665362444      -8.262635443350E-002 -1.965977043590E-003
  -2.40127102667       -2.60847568330        70.0000000000        7.65746332903       0.509788322181       1.433543169330E-003
  -2.80148286445       -3.04322163051        70.0000000000        7.99115092538        1.07171766219       1.326551860106E-003
  -3.20169470223       -3.47796757773        70.0000000000        8.31999985031        1.55420102383       2.168547712831E-003
  -3.60190654001       -3.91271352494        70.0000000000        8.31273294195        3.12877006571       3.537966881856E-002
  -4.00211837779       -4.34745947216        70.0000000000        7.55329000727        4.64344838097       0.155720834100     
  -4.40233021557       -4.78220541938        70.0000000000        6.55337649712        4.97588291015       1.756072744686E-002
   0.00000000000        0.00000000000        70.0000000000        6.20549647831      -0.117282687117      -1.035313415987E-002
 -0.237365478204      -0.541138783933        70.0000000000        6.27097214353      -7.682625507434E-002 -1.922122931823E-003
 -0.474730956408       -1.08227756787        70.0000000000        6.34143554490      -0.182315311227       6.044071765289E-003
 -0.712096434612       -1.62341635180        70.0000000000        6.39683915417      -0.121534390932       7.950155087226E-003
 -0.949461912816       -2.16455513573        70.0000000000        6.36990608833      -0.334732659206      -7.024844616884E-003
  -1.18682739102       -2.70569391966        70.0000000000        7.21934717975      -0.192010904752       1.614580085742E-003
  -1.42419286922       -3.24683270360        70.0000000000        7.50173058671      -0.338788597993      -5.222514461804E-003
  -1.66155834743       -3.78797148753        70.0000000000        7.81002173759       -1.20591985286      -3.028973282949E-003
  -1.89892382563       -4.32911027146        70.0000000000        8.53706581424       -2.06421977118       1.783593489081E-003
  -2.13628930384       -4.87024905539        70.0000000000        10.0859142303       -6.77883850691       3.742479929105E-005
  -2.37365478204       -5.41138783933        70.0000000000       0.809670469668       -16.4949193137      -4.444726646774E-003
  -2.61102026024       -5.95252662326        70.0000000000       -6.19573099130       -1.94928469015      -7.690291672560E-003
   0.00000000000        0.00000000000        70.0000000000        6.20549647831      -0.117282687117      -1.035313415987E-002
 -4.879688596092E-002 -0.588890836777        70.0000000000        6.25117702232      -9.221159896793E-002 -4.517196730108E-003
 -9.759377192185E-002  -1.17778167355        70.0000000000        6.25924379101      -0.448796885746       2.137971636214E-004
 -0.146390657883       -1.76667251033        70.0000000000        6.27805652634      -0.485107873132       2.608840040866E-004
 -0.195187543844       -2.35556334711        70.0000000000        6.29860009664      -0.718376234993      -3.718638904823E-002
 -0.243984429805       -2.94445418388        70.0000000000        7.24340519933      -8.559012741487E-002  1.354503633228E-003
 -0.292781315766       -3.53334502066        70.0000000000        7.24803657584       0.114766422290      -3.256959660802E-003
 -0.341578201726       -4.12223585744        70.0000000000        6.60875942604      -0.420707345302      -3.002442901989E-003
 -0.390375087687       -4.71112669421        70.0000000000        5.52867235234      -0.607133165857      -4.368330731673E-003
 -0.439171973648       -5.30001753099        70.0000000000        4.11193578646       -1.02057066202       2.113955189130E-002
 -0.487968859609       -5.88890836777        70.0000000000        2.69006389725       -1.28391860600       2.103937710722E-002
 -0.536765745570       -6.47779920454        70.0000000000        1.51982184299      -0.889979102910       3.775604289172E-002
   0.00000000000        0.00000000000        70.0000000000        6.20549647831      -0.117282687117      -1.035313415987E-002
  0.145059606038      -0.572827429873        70.0000000000        6.22545246310      -0.105918018814      -7.910631394420E-003
  0.290119212075       -1.14565485975        70.0000000000        6.19236588799      -0.582414103113      -3.722127534442E-003
  0.435178818113       -1.71848228962        70.0000000000        6.14933891107      -0.592906371575       1.178869150589E-003
  0.580238424151       -2.29130971949        70.0000000000        6.20081993374      -0.444174054226      -1.323570468138E-002
  0.725298030189       -2.86413714937        70.0000000000        7.44159474427       0.195755828799      -4.708015606458E-003
  0.870357636226       -3.43696457924        70.0000000000        7.34518876777       0.898602214372       1.144983253195E-002
   1.01541724226       -4.00979200911        70.0000000000        7.33993025103        1.61515706819      -1.454049660633E-004
   1.16047684830       -4.58261943899        70.0000000000        6.51925686424        1.98200268567      -2.381175809843E-003
   1.30553645434       -5.15544686886        70.0000000000        4.71623962573        3.50142207553      -5.204314753253E-003
   1.45059606038       -5.72827429873        70.0000000000        2.25641455105        3.70260690087       2.220806308497E-002
   1.59565566642       -6.30110172861        70.0000000000       0.204457843564        2.76347835601       1.291161164900E-002
   0.00000000000        0.00000000000        70.0000000000        6.20549647831      -0.117282687117      -1.035313415987E-002
  0.323196638891      -0.494689282610        70.0000000000        6.19724557422      -0.130043865905      -1.161058228852E-002
  0.646393277781      -0.989378565219        70.0000000000        6.21775980639      -0.231254053508      -8.150455690621E-003
  0.969589916672       -1.48406784783        70.0000000000        6.17076565036      -0.325555273980      -7.401886811936E-003
   1.29278655556       -1.97875713044        70.0000000000        6.13276532860      -0.143984254526      -8.371524451580E-003
   1.61598319445       -2.47344641305        70.0000000000        7.39076001984       2.019759277243E-002  2.549565049279E-002
   1.93917983334       -2.96813569566        70.0000000000        7.77474228978      -0.416185438760       1.754098117279E-002
   2.26237647223       -3.46282497827        70.0000000000        8.07856642839      -0.483170206250       9.164179989766E-003
   2.58557311112       -3.95751426088        70.0000000000        9.63692994583      -6.891326060132E-002  9.543713346016E-003
   2.90876975001       -4.45220354349        70.0000000000        12.4619967165       -2.19885972251       3.373566841787E-002
   3.23196638891       -4.94689282610        70.0000000000        12.2514575667       -9.63082023872       5.338225790323E-002
   3.55516302780       -5.44158210871        70.0000000000        4.03111849094       -9.18264449984       6.852205963113E-002
   0.00000000000        0.00000000000        70.0000000000        6.20549647831      -0.117282687117      -1.035313415987E-002
  0.466310301007      -0.362943875680        70.0000000000        6.18423667221      -0.139974908369      -1.283674919416E-002
  0.932620602014      -0.725887751361        70.0000000000        6.17860627487      -0.136560448907      -1.305962598952E-002
   1.39893090302       -1.08883162704        70.0000000000        6.18238937636      -0.131476226777      -1.179959859895E-002
   1.86524120403       -1.45177550272        70.0000000000        6.13621979448      -9.700247743289E-002 -5.482370525471E-003
   2.33155150503       -1.81471937840        70.0000000000        7.13952986508      -0.119391436430       2.667704563867E-002
   2.79786180604       -2.17766325408        70.0000000000        7.28300986003      -0.518614284328       2.428360564955E-002
   3.26417210705       -2.54060712976        70.0000000000        7.21057229562      -0.930312437458       2.781205327828E-002
   3.73048240806       -2.90355100544        70.0000000000        6.95236829214       -1.46875867702       3.570210216672E-002
   4.19679270906       -3.26649488112        70.0000000000        6.73056841223       -2.57172555557       5.994872971885E-002
   4.66310301007       -3.62943875680        70.0000000000        6.22249782379       -3.31143168861       8.470493864287E-002
   5.12941331108       -3.99238263248        70.0000000000        5.12473348650       -3.42241583826       9.476452142887E-002
   0.00000000000        0.00000000000        70.0000000000        6.20549647831      -0.117282687117      -1.035313415987E-002
  0.558892006459      -0.191867868166        70.0000000000        6.18510799217      -0.126060150296      -1.190640607951E-002
   1.11778401292      -0.383735736333        70.0000000000        6.17838381658      -0.108227888809      -1.123098996782E-002
   1.67667601938      -0.575603604499        70.0000000000        6.18505172504      -9.382385641636E-002 -1.033715267508E-002
   2.23556802584      -0.767471472666        70.0000000000        6.18384545616      -6.613334591200E-002 -4.805549666265E-003
   2.79446003230      -0.959339340832        70.0000000000        6.56644669858      -0.187837881507       2.198015140091E-002
   3.35335203876       -1.15120720900        70.0000000000        6.37404175077      -0.328167261957       3.121863397132E-002
   3.91224404522       -1.34307507716        70.0000000000        6.54238564054      -0.445084058234       2.182757543396E-002
   4.47113605168       -1.53494294533        70.0000000000        6.22927965160      -0.888447302281       2.720462614064E-002
   5.03002805814       -1.72681081350        70.0000000000        5.50937648721      -0.921415054559       1.707596692720E-002
   5.58892006459       -1.91867868166        70.0000000000        5.02523047336      -0.897185108750       4.474761176091E-002
   6.14781207105       -2.11054654983        70.0000000000        4.45704774209      -0.894484510420       2.766799109601E-002
   0.00000000000        0.00000000000        70.0000000000        6.20549647831      -0.117282687117      -1.035313415987E-002
  0.590909090909        0.00000000000        70.0000000000        6.18670798090      -0.114077794452      -1.104925478072E-002
   1.18181818182      -1.172487511250E-015   70.0000000000        6.18447451691      -8.476085889231E-002 -9.160526290286E-003
   1.77272727273        0.00000000000        70.0000000000        6.20403545515      -5.947585654147E-002 -4.943235716237E-003
   2.36363636364        0.00000000000        70.0000000000        6.22931558127      -3.261405838110E-002  1.829305190273E-004
   2.95454545455        0.00000000000        70.0000000000        6.42633053279      -1.425836628551E-002  2.089187263596E-002
   3.54545454545        0.00000000000        70.0000000000        6.17893397260      -5.628345820486E-003  1.944595142196E-002
   4.13636363636        0.00000000000        70.0000000000        5.93177199521      -2.038246780303E-003  1.729717920733E-002
   4.72727272727        0.00000000000        70.0000000000        5.70143672907      -2.360216387023E-003  1.494300727275E-002
   5.31818181818        0.00000000000        70.0000000000        5.39886398261      -1.366866651099E-002  1.870444471660E-002
   5.90909090909        0.00000000000        70.0000000000        5.10364675849      -1.335592442557E-002  1.672134743237E-002
   6.50000000000        0.00000000000        70.0000000000        4.80842953438      -1.304318234014E-002  1.473825014813E-002
