 12 20 1 1
 1 X [LENGU]
 2 Y [LENGU]
 3 Z [LENGU]
 4 Hx [FIELU]
 5 Hy [FIELU]
 6 Hz [FIELU]
 0
   0.00000000000        0.00000000000       -43.2000000000       7.520642643927E-002  1.680167642165E-003  1.527216944710E-003
  0.590909090909        0.00000000000       -43.2000000000       7.510757919791E-002  1.268759194397E-003  1.526071695358E-003
   1.18181818182        0.00000000000       -43.2000000000       7.500873195655E-002  8.573507466289E-004  1.524926446006E-003
   1.77272727273        0.00000000000       -43.2000000000       7.498879336539E-002  8.597994290801E-004  1.458814016152E-003
   2.36363636364        0.00000000000       -43.2000000000       7.496406390050E-002 -1.375846331537E-004  1.378082514809E-003
   2.95454545455        0.00000000000       -43.2000000000       8.805284084458E-002 -1.742344243766E-003  5.115107438358E-004
   3.54545454545        0.00000000000       -43.2000000000       8.647792462776E-002 -1.878471453185E-003  3.835365761148E-004
   4.13636363636        0.00000000000       -43.2000000000       8.430074977550E-002 -2.160795008239E-003  2.097109648626E-004
   4.72727272727        0.00000000000       -43.2000000000       8.215673298385E-002 -2.321617412236E-003  1.374796003717E-004
   5.31818181818        0.00000000000       -43.2000000000       8.001271619220E-002 -2.482439816232E-003  6.524823588078E-005
   5.90909090909        0.00000000000       -43.2000000000       7.786869940055E-002 -2.643262220229E-003 -6.983128610122E-006
   6.50000000000        0.00000000000       -43.2000000000       7.572468260890E-002 -2.804084624225E-003 -7.921449310102E-005
   0.00000000000        0.00000000000       -43.2000000000       7.520642643927E-002  1.680167642165E-003  1.527216944710E-003
  0.558892006459       0.191867868166       -43.2000000000       7.500577780612E-002  1.666455534830E-003  1.510825754962E-003
   1.11778401292       0.383735736333       -43.2000000000       7.480512917297E-002  1.652743427494E-003  1.494434565215E-003
   1.67667601938       0.575603604499       -43.2000000000       7.467154558846E-002  1.627642129908E-003  1.473186278341E-003
   2.23556802584       0.767471472666       -43.2000000000       7.453968090571E-002  1.609780891516E-003  1.464794154295E-003
   2.79446003230       0.959339340832       -43.2000000000       8.772943753270E-002  1.719198067981E-003  6.119190958826E-004
   3.35335203876        1.15120720900       -43.2000000000       8.612486489352E-002  3.299570841485E-003  6.360780787833E-004
   3.91224404522        1.34307507716       -43.2000000000       8.417246468293E-002  3.535696886451E-003  4.344476469678E-004
   4.47113605168        1.53494294533       -43.2000000000       8.202179151118E-002  3.921945393302E-003  4.886397962635E-004
   5.03002805814        1.72681081350       -43.2000000000       8.006380034131E-002  4.656129648278E-003  4.610860125012E-004
   5.58892006459        1.91867868166       -43.2000000000       7.641684623857E-002  2.659115041339E-003  6.806571075115E-004
   6.14781207105        2.11054654983       -43.2000000000       6.887820736641E-002 -5.214332873194E-004  1.373327906137E-003
   0.00000000000        0.00000000000       -43.2000000000       7.520642643927E-002  1.680167642165E-003  1.527216944710E-003
  0.466310301007       0.362943875680       -43.2000000000       7.483276533111E-002  1.847471659453E-003  1.516283055853E-003
  0.932620602014       0.725887751361       -43.2000000000       7.453708884938E-002  2.568667242437E-003  1.540464034720E-003
   1.39893090302        1.08883162704       -43.2000000000       7.423666152294E-002  2.871846434147E-003  1.515300554163E-003
   1.86524120403        1.45177550272       -43.2000000000       7.404459269056E-002  3.609335303688E-003  1.528978535180E-003
   2.33155150503        1.81471937840       -43.2000000000       8.762081320730E-002  3.749711807946E-003  8.398218831837E-004
   2.79786180604        2.17766325408       -43.2000000000       8.678315598112E-002  7.104952166599E-003  7.914371930631E-004
   3.26417210705        2.54060712976       -43.2000000000       8.611402411866E-002  1.044593341883E-002  6.883548048047E-004
   3.73048240806        2.90355100544       -43.2000000000       8.745862184739E-002  1.427652692712E-002  6.463250640220E-004
   4.19679270906        3.26649488112       -43.2000000000       8.732011695897E-002  1.913001997794E-002  5.344213072730E-004
   4.66310301007        3.62943875680       -43.2000000000       8.280780854604E-002  2.502777688329E-002  9.490919915278E-004
   5.12941331108        3.99238263248       -43.2000000000       7.540482492849E-002  2.621915294962E-002  2.531789190446E-004
   0.00000000000        0.00000000000       -43.2000000000       7.520642643927E-002  1.680167642165E-003  1.527216944710E-003
  0.323196638891       0.494689282610       -43.2000000000       7.471855087508E-002  2.140377797908E-003  1.531168045227E-003
  0.646393277781       0.989378565219       -43.2000000000       7.434008864711E-002  3.377704250583E-003  1.584385712817E-003
  0.969589916672        1.48406784783       -43.2000000000       7.399912624392E-002  4.318162718875E-003  1.617367059265E-003
   1.29278655556        1.97875713044       -43.2000000000       7.348006883480E-002  5.755680275680E-003  1.611839289194E-003
   1.61598319445        2.47344641305       -43.2000000000       8.517967002493E-002  5.613025862869E-004  1.180612022189E-003
   1.93917983334        2.96813569566       -43.2000000000       9.056466049766E-002  2.550207611896E-004  8.869411255009E-004
   2.26237647223        3.46282497827       -43.2000000000       9.764603525872E-002 -9.451244408648E-004  7.573945764579E-004
   2.58557311112        3.95751426088       -43.2000000000       0.112312290688       4.173972509901E-003  1.077193951289E-003
   2.90876975001        4.45220354349       -43.2000000000       0.132246658672       1.844234188429E-002  9.984912189634E-004
   3.23196638891        4.94689282610       -43.2000000000       0.128490733656       7.852738826970E-002  1.044063735765E-003
   3.55516302780        5.44158210871       -43.2000000000       6.056632854323E-002  7.340661517401E-002  1.153389959536E-003
   0.00000000000        0.00000000000       -43.2000000000       7.520642643927E-002  1.680167642165E-003  1.527216944710E-003
  0.145059606038       0.572827429873       -43.2000000000       7.466106302880E-002  2.410812781735E-003  1.547361924234E-003
  0.290119212075        1.14565485975       -43.2000000000       7.422511295454E-002  3.918574218238E-003  1.616773470833E-003
  0.435178818113        1.71848228962       -43.2000000000       7.425571585592E-002  3.630457459024E-003  1.612073350744E-003
  0.580238424151        2.29130971949       -43.2000000000       7.386617030310E-002  4.462871349455E-003  1.597413463750E-003
  0.725298030189        2.86413714937       -43.2000000000       7.842005432660E-002 -1.159464788762E-002  6.420892870516E-004
  0.870357636226        3.43696457924       -43.2000000000       7.934581896783E-002 -6.720699503376E-003  1.292821822589E-003
   1.01541724226        4.00979200911       -43.2000000000       7.735290286995E-002 -1.579590321500E-002  8.825279062980E-004
   1.16047684830        4.58261943899       -43.2000000000       7.929766709829E-002 -2.022211707110E-002  1.433430052525E-004
   1.30553645434        5.15544686886       -43.2000000000       6.557526203736E-002 -2.979996118678E-002  5.547217815475E-004
   1.45059606038        5.72827429873       -43.2000000000       4.509445014411E-002 -3.521034646599E-002  1.835052191027E-003
   1.59565566642        6.30110172861       -43.2000000000       3.040368572096E-002 -2.886144045011E-002  2.748260120588E-003
   0.00000000000        0.00000000000       -43.2000000000       7.520642643927E-002  1.680167642165E-003  1.527216944710E-003
 -4.879688596092E-002  0.588890836777       -43.2000000000       7.465081713752E-002  2.517858418588E-003  1.556033985137E-003
 -9.759377192185E-002   1.17778167355       -43.2000000000       7.429363152438E-002  3.790042554365E-003  1.619978350339E-003
 -0.146390657883        1.76667251033       -43.2000000000       7.441880155068E-002  3.205520119414E-003  1.607300804971E-003
 -0.195187543844        2.35556334711       -43.2000000000       7.467261742123E-002  1.749144513011E-003  1.520648711729E-003
 -0.243984429805        2.94445418388       -43.2000000000       8.473635486380E-002 -5.544988174483E-003  2.044851383981E-003
 -0.292781315766        3.53334502066       -43.2000000000       7.925770786362E-002 -1.259394988387E-003  1.142690828036E-003
 -0.341578201726        4.12223585744       -43.2000000000       7.529230312252E-002  7.100758287816E-003  5.080243787166E-004
 -0.390375087687        4.71112669421       -43.2000000000       7.212399802041E-002  4.197172868453E-003 -8.527074415027E-004
 -0.439171973648        5.30001753099       -43.2000000000       6.160544795174E-002  3.797312545170E-003 -1.493522038933E-003
 -0.487968859609        5.88890836777       -43.2000000000       4.923053557660E-002  5.306218222320E-003 -2.178898265418E-003
 -0.536765745570        6.47779920454       -43.2000000000       3.933019193147E-002  7.357490300570E-003 -2.723115208610E-003
   0.00000000000        0.00000000000       -43.2000000000       7.520642643927E-002  1.680167642165E-003  1.527216944710E-003
 -0.237365478204       0.541138783933       -43.2000000000       7.468892350255E-002  2.449914652730E-003  1.556244475575E-003
 -0.474730956408        1.08227756787       -43.2000000000       7.437522709175E-002  3.633435145879E-003  1.619544270663E-003
 -0.712096434612        1.62341635180       -43.2000000000       7.459119634818E-002  2.884149482111E-003  1.601378047400E-003
 -0.949461912816        2.16455513573       -43.2000000000       7.578141236226E-002 -1.885097036043E-003  1.393070777609E-003
  -1.18682739102        2.70569391966       -43.2000000000       8.768836740782E-002 -6.606050707178E-003  2.379828448894E-003
  -1.42419286922        3.24683270360       -43.2000000000       8.962772022867E-002 -5.616115933030E-003  1.554112890925E-003
  -1.66155834743        3.78797148753       -43.2000000000       9.606150674624E-002  4.175650615910E-004  8.228208866183E-004
  -1.89892382563        4.32911027146       -43.2000000000       0.107167758930       1.334473134067E-002 -5.509371984594E-004
  -2.13628930384        4.87024905539       -43.2000000000       0.111390432956       4.864606242269E-002 -1.627512211716E-003
  -2.37365478204        5.41138783933       -43.2000000000       3.191229956555E-002  8.116775878993E-002 -2.299340509321E-003
  -2.61102026024        5.95252662326       -43.2000000000      -3.017234405104E-002  1.327097611067E-002 -2.620814363916E-003
   0.00000000000        0.00000000000       -43.2000000000       7.520642643927E-002  1.680167642165E-003  1.527216944710E-003
 -0.400211837779       0.434745947216       -43.2000000000       7.477125270796E-002  2.214344245447E-003  1.547970585643E-003
 -0.800423675558       0.869491894432       -43.2000000000       7.444549231287E-002  3.525637145661E-003  1.617990793650E-003
  -1.20063551334        1.30423784165       -43.2000000000       7.464569517350E-002  2.888823285964E-003  1.606388493926E-003
  -1.60084735112        1.73898378886       -43.2000000000       7.541131302690E-002  1.519046480158E-004  1.490855414260E-003
  -2.00105918889        2.17372973608       -43.2000000000       8.720744227604E-002 -1.209637503915E-003  1.714706747029E-003
  -2.40127102667        2.60847568330       -43.2000000000       9.223345243510E-002 -1.161341796176E-002  1.898651600950E-003
  -2.80148286445        3.04322163051       -43.2000000000       9.027149747827E-002 -1.812122840408E-002  1.348966272264E-003
  -3.20169470223        3.47796757773       -43.2000000000       0.100960408176      -2.141322208251E-002  7.870885620724E-004
  -3.60190654001        3.91271352494       -43.2000000000       0.101646544148      -3.285691350986E-002  2.141388737798E-004
  -4.00211837779        4.34745947216       -43.2000000000       9.302415158102E-002 -4.515691104200E-002 -5.603075609589E-004
  -4.40233021557        4.78220541938       -43.2000000000       8.410896045432E-002 -4.769869360827E-002 -7.133915494477E-004
   0.00000000000        0.00000000000       -43.2000000000       7.520642643927E-002  1.680167642165E-003  1.527216944710E-003
 -0.519689034804       0.281241641340       -43.2000000000       7.492566606195E-002  2.097928559215E-003  1.548671525191E-003
  -1.03937806961       0.562483282680       -43.2000000000       7.468075311069E-002  2.770298466007E-003  1.586267461760E-003
  -1.55906710441       0.843724924020       -43.2000000000       7.461669862034E-002  3.149339646761E-003  1.617539694179E-003
  -2.07875613922        1.12496656536       -43.2000000000       7.496811856723E-002  2.268936437616E-003  1.591376391724E-003
  -2.59844517402        1.40620820670       -43.2000000000       9.098324040963E-002 -5.381513046644E-003  1.516888947486E-003
  -3.11813420882        1.68744984804       -43.2000000000       9.108746989106E-002 -8.386606450851E-003  1.362302236011E-003
  -3.63782324363        1.96869148938       -43.2000000000       9.047389580940E-002 -1.178131463096E-002  9.674074886401E-004
  -4.15751227843        2.24993313072       -43.2000000000       8.806404003439E-002 -1.491443251301E-002  7.235785929803E-004
  -4.67720131323        2.53117477206       -43.2000000000       8.489884467442E-002 -1.805839192548E-002  2.003203739066E-004
  -5.19689034804        2.81241641340       -43.2000000000       7.966239793922E-002 -2.076986483176E-002  6.561557286661E-004
  -5.71657938284        3.09365805474       -43.2000000000       7.226156771775E-002 -2.474035563091E-002  1.420370096424E-003
   0.00000000000        0.00000000000       -43.2000000000       7.520642643927E-002  1.680167642165E-003  1.527216944710E-003
 -0.582849861102       9.726043971134E-002  -43.2000000000       7.511335257830E-002  1.956473101872E-003  1.548330112345E-003
  -1.16569972220       0.194520879423       -43.2000000000       7.502027871733E-002  2.232778561580E-003  1.569443279980E-003
  -1.74854958330       0.291781319134       -43.2000000000       7.492720485636E-002  2.509084021287E-003  1.590556447616E-003
  -2.33139944441       0.389041758845       -43.2000000000       7.483413099539E-002  2.785389480994E-003  1.611669615251E-003
  -2.91424930551       0.486302198557       -43.2000000000       8.907654034211E-002 -2.947738281194E-003  1.374084795699E-003
  -3.49709916661       0.583562638268       -43.2000000000       8.666000967053E-002 -3.510011901721E-003  1.454681759052E-003
  -4.07994902771       0.680823077979       -43.2000000000       8.664989959304E-002 -4.278385411165E-003  1.304006089371E-003
  -4.66279888881       0.778083517691       -43.2000000000       8.282026698328E-002 -6.054251884214E-003  8.808914051132E-004
  -5.24564874991       0.875343957402       -43.2000000000       8.122269764106E-002 -6.886447687774E-003  2.338448256153E-004
  -5.82849861102       0.972604397113       -43.2000000000       7.838204859564E-002 -6.652211774836E-003  1.975597879780E-004
  -6.41134847212        1.06986483682       -43.2000000000       7.523962600977E-002 -6.615398377280E-003  1.156994828795E-004
   0.00000000000        0.00000000000       -43.2000000000       7.520642643927E-002  1.680167642165E-003  1.527216944710E-003
 -0.582849861102      -9.726043971134E-002  -43.2000000000       7.531112509168E-002  1.785075660650E-003  1.545700760181E-003
  -1.16569972220      -0.194520879423       -43.2000000000       7.541582374409E-002  1.889983679134E-003  1.564184575653E-003
  -1.74854958330      -0.291781319134       -43.2000000000       7.552052239650E-002  1.994891697619E-003  1.582668391124E-003
  -2.33139944441      -0.389041758845       -43.2000000000       7.562522104891E-002  2.099799716103E-003  1.601152206596E-003
  -2.91424930551      -0.486302198557       -43.2000000000       8.710106771292E-002  4.842328780913E-004  1.376118807215E-003
  -3.49709916661      -0.583562638268       -43.2000000000       8.529227732781E-002  1.328327418030E-003  1.471000783301E-003
  -4.07994902771      -0.680823077979       -43.2000000000       8.505382678946E-002  1.187214958313E-003  1.145993846448E-003
  -4.66279888881      -0.778083517691       -43.2000000000       8.154260192920E-002  1.039655534718E-003  9.529066920258E-004
  -5.24564874991      -0.875343957402       -43.2000000000       7.930379733145E-002  1.092324879496E-003  5.939592759640E-004
  -5.82849861102      -0.972604397113       -43.2000000000       7.586844227324E-002  1.155774609070E-003  8.464108386823E-004
  -6.41134847212       -1.06986483682       -43.2000000000       7.180072871062E-002  4.852860366927E-004  7.070179065411E-004
   0.00000000000        0.00000000000       -43.2000000000       7.520642643927E-002  1.680167642165E-003  1.527216944710E-003
 -0.519689034804      -0.281241641340       -43.2000000000       7.541419159937E-002  1.406661449795E-003  1.558041871728E-003
  -1.03937806961      -0.562483282680       -43.2000000000       7.562195675946E-002  1.133155257426E-003  1.588866798746E-003
  -1.55906710441      -0.843724924020       -43.2000000000       7.582972191956E-002  8.596490650558E-004  1.619691725764E-003
  -2.07875613922       -1.12496656536       -43.2000000000       7.640191121469E-002  1.738455475182E-003  1.654730183405E-003
  -2.59844517402       -1.40620820670       -43.2000000000       8.548420532086E-002  2.907055095333E-003  1.469611022490E-003
  -3.11813420882       -1.68744984804       -43.2000000000       8.405893536066E-002  3.071881878458E-003  1.858700845493E-003
  -3.63782324363       -1.96869148938       -43.2000000000       8.511361227194E-002  7.060460498534E-003  1.446432807542E-003
  -4.15751227843       -2.24993313072       -43.2000000000       8.335286188036E-002  1.060058046726E-002  8.832505237504E-004
  -4.67720131323       -2.53117477206       -43.2000000000       8.085880165202E-002  1.109039799189E-002  8.933454183153E-004
  -5.19689034804       -2.81241641340       -43.2000000000       7.581258778037E-002  1.360368726823E-002  3.460238237584E-004
  -5.71657938284       -3.09365805474       -43.2000000000       6.607801588021E-002  1.902576126980E-002  8.203163193137E-005
   0.00000000000        0.00000000000       -43.2000000000       7.520642643927E-002  1.680167642165E-003  1.527216944710E-003
 -0.400211837779      -0.434745947216       -43.2000000000       7.546015647552E-002  9.767093294222E-004  1.574085095101E-003
 -0.800423675558      -0.869491894432       -43.2000000000       7.576156482538E-002  1.697442546895E-004  1.590002250395E-003
  -1.20063551334       -1.30423784165       -43.2000000000       7.627339416471E-002  3.626770840556E-004  1.631172054342E-003
  -1.60084735112       -1.73898378886       -43.2000000000       7.709087165322E-002  1.763847114232E-003  1.718874033041E-003
  -2.00105918889       -2.17372973608       -43.2000000000       7.764062482550E-002 -4.578596219793E-003  2.588520963055E-003
  -2.40127102667       -2.60847568330       -43.2000000000       8.782055398197E-002  3.691152818295E-003  1.768615925215E-003
  -2.80148286445       -3.04322163051       -43.2000000000       8.964138523998E-002  6.229517442752E-003  1.176795722693E-003
  -3.20169470223       -3.47796757773       -43.2000000000       9.357412349234E-002  1.325575557339E-002  8.887063666033E-004
  -3.60190654001       -3.91271352494       -43.2000000000       9.714916868599E-002  2.487263172313E-002  7.171815746386E-004
  -4.00211837779       -4.34745947216       -43.2000000000       9.251691729144E-002  3.624382404962E-002 -4.761070912487E-004
  -4.40233021557       -4.78220541938       -43.2000000000       8.155858343970E-002  3.754627558202E-002 -2.888079362676E-004
   0.00000000000        0.00000000000       -43.2000000000       7.520642643927E-002  1.680167642165E-003  1.527216944710E-003
 -0.237365478204      -0.541138783933       -43.2000000000       7.547862576521E-002  6.229878325152E-004  1.585049427145E-003
 -0.474730956408       -1.08227756787       -43.2000000000       7.590865455709E-002 -6.774452811667E-004  1.526100947759E-003
 -0.712096434612       -1.62341635180       -43.2000000000       7.662134555766E-002 -1.152145712486E-005  1.612464355208E-003
 -0.949461912816       -2.16455513573       -43.2000000000       7.678936687122E-002  5.425522234070E-004  1.621584349131E-003
  -1.18682739102       -2.70569391966       -43.2000000000       8.332997389203E-002 -2.520839039665E-003  1.913160060494E-003
  -1.42419286922       -3.24683270360       -43.2000000000       8.532710336976E-002 -5.586583975724E-003  1.645633559433E-003
  -1.66155834743       -3.78797148753       -43.2000000000       9.288524427134E-002 -1.094424022733E-002  1.094437678651E-003
  -1.89892382563       -4.32911027146       -43.2000000000       0.100571104738      -2.416335860093E-002  6.703236980181E-004
  -2.13628930384       -4.87024905539       -43.2000000000       0.108783161879      -6.056931977349E-002  3.298547411172E-004
  -2.37365478204       -5.41138783933       -43.2000000000       3.859450547412E-002 -8.020857829818E-002  2.579523611501E-004
  -2.61102026024       -5.95252662326       -43.2000000000      -3.877725342412E-002 -2.123226865084E-002  2.212683491557E-004
   0.00000000000        0.00000000000       -43.2000000000       7.520642643927E-002  1.680167642165E-003  1.527216944710E-003
 -4.879688596092E-002 -0.588890836777       -43.2000000000       7.547958767508E-002  3.577993801598E-004  1.581963481698E-003
 -9.759377192185E-002  -1.17778167355       -43.2000000000       7.595110899703E-002 -1.201451345576E-003  1.480018337012E-003
 -0.146390657883       -1.76667251033       -43.2000000000       7.644787041637E-002 -1.035626957800E-003  1.520609499201E-003
 -0.195187543844       -2.35556334711       -43.2000000000       7.695615025134E-002 -1.022940788205E-003  1.416778907847E-003
 -0.243984429805       -2.94445418388       -43.2000000000       8.562043105715E-002 -5.053557627637E-003  1.407180982565E-003
 -0.292781315766       -3.53334502066       -43.2000000000       7.966233348281E-002 -9.106962057498E-003  8.187839534082E-004
 -0.341578201726       -4.12223585744       -43.2000000000       7.667199117575E-002 -1.334792630776E-002  5.106977832377E-004
 -0.390375087687       -4.71112669421       -43.2000000000       7.211491207120E-002 -1.019551509602E-002  3.695864546606E-004
 -0.439171973648       -5.30001753099       -43.2000000000       5.978409008647E-002 -1.120086228088E-002  1.255361388074E-005
 -0.487968859609       -5.88890836777       -43.2000000000       4.785591190011E-002 -1.212714530633E-002 -1.859337230138E-004
 -0.536765745570       -6.47779920454       -43.2000000000       3.843837233211E-002 -1.434039517210E-002 -1.580815264610E-004
   0.00000000000        0.00000000000       -43.2000000000       7.520642643927E-002  1.680167642165E-003  1.527216944710E-003
  0.145059606038      -0.572827429873       -43.2000000000       7.545661446773E-002  2.236091946135E-004  1.569266650505E-003
  0.290119212075       -1.14565485975       -43.2000000000       7.591349257448E-002 -1.519544502355E-003  1.453775680731E-003
  0.435178818113       -1.71848228962       -43.2000000000       7.629933614185E-002 -2.116152380781E-003  1.410404832852E-003
  0.580238424151       -2.29130971949       -43.2000000000       7.689456786329E-002 -2.336051567338E-003  1.253429301538E-003
  0.725298030189       -2.86413714937       -43.2000000000       8.651479395437E-002  3.266754447163E-003  1.698573505896E-003
  0.870357636226       -3.43696457924       -43.2000000000       8.246440864308E-002  7.368151387331E-004  7.579301647368E-004
   1.01541724226       -4.00979200911       -43.2000000000       8.191246111975E-002  6.094697886121E-003  4.854067961133E-004
   1.16047684830       -4.58261943899       -43.2000000000       7.705426816632E-002  1.498050271975E-002  2.185166811279E-004
   1.30553645434       -5.15544686886       -43.2000000000       6.536011424053E-002  2.532313949885E-002  9.995839527634E-005
   1.45059606038       -5.72827429873       -43.2000000000       4.666231081868E-002  2.856212131256E-002  3.512285065203E-005
   1.59565566642       -6.30110172861       -43.2000000000       2.807891762508E-002  2.172780670416E-002 -4.691732838195E-004
   0.00000000000        0.00000000000       -43.2000000000       7.520642643927E-002  1.680167642165E-003  1.527216944710E-003
  0.323196638891      -0.494689282610       -43.2000000000       7.537950464367E-002  3.059290732291E-004  1.569556620413E-003
  0.646393277781      -0.989378565219       -43.2000000000       7.579988161249E-002 -1.597254422245E-003  1.450216777920E-003
  0.969589916672       -1.48406784783       -43.2000000000       7.609371599284E-002 -2.745240978822E-003  1.343774172670E-003
   1.29278655556       -1.97875713044       -43.2000000000       7.641871922368E-002 -3.299868827980E-003  1.173265027025E-003
   1.61598319445       -2.47344641305       -43.2000000000       8.893008828871E-002 -5.773142151823E-003  5.311840134404E-004
   1.93917983334       -2.96813569566       -43.2000000000       9.117271794050E-002 -6.128638571690E-003  4.506045977694E-004
   2.26237647223       -3.46282497827       -43.2000000000       0.100517711607      -4.669987244159E-003  3.406950909840E-004
   2.58557311112       -3.95751426088       -43.2000000000       0.114225595972      -7.484266822261E-003  3.588149497017E-004
   2.90876975001       -4.45220354349       -43.2000000000       0.136259677227      -2.046681158467E-002  3.709562035750E-004
   3.23196638891       -4.94689282610       -43.2000000000       0.129881147595      -8.379599889623E-002  3.570574049552E-004
   3.55516302780       -5.44158210871       -43.2000000000       6.163338097443E-002 -7.693520270702E-002  4.743149389933E-004
   0.00000000000        0.00000000000       -43.2000000000       7.520642643927E-002  1.680167642165E-003  1.527216944710E-003
  0.466310301007      -0.362943875680       -43.2000000000       7.528435592492E-002  5.356128633200E-004  1.564793100174E-003
  0.932620602014      -0.725887751361       -43.2000000000       7.555618823397E-002 -1.029893326542E-003  1.476494725239E-003
   1.39893090302       -1.08883162704       -43.2000000000       7.589998488189E-002 -2.343004774912E-003  1.326265896060E-003
   1.86524120403       -1.45177550272       -43.2000000000       7.597197897012E-002 -2.849578002825E-003  1.246105493437E-003
   2.33155150503       -1.81471937840       -43.2000000000       8.909777408012E-002 -6.973777511638E-003  2.679403223518E-004
   2.79786180604       -2.17766325408       -43.2000000000       9.214193738417E-002 -1.223436210467E-002  3.137874051853E-004
   3.26417210705       -2.54060712976       -43.2000000000       9.033635060578E-002 -1.509984593667E-002  4.014630904974E-004
   3.73048240806       -2.90355100544       -43.2000000000       8.849715512033E-002 -1.907720958925E-002  4.987035769118E-004
   4.19679270906       -3.26649488112       -43.2000000000       8.872572515884E-002 -2.374427952223E-002  2.847254734281E-004
   4.66310301007       -3.62943875680       -43.2000000000       8.559457870672E-002 -3.087920891076E-002  8.623286619460E-004
   5.12941331108       -3.99238263248       -43.2000000000       7.656345346868E-002 -3.077714912517E-002  9.328179376316E-004
   0.00000000000        0.00000000000       -43.2000000000       7.520642643927E-002  1.680167642165E-003  1.527216944710E-003
  0.558892006459      -0.191867868166       -43.2000000000       7.519536840671E-002  8.576180215770E-004  1.546475901148E-003
   1.11778401292      -0.383735736333       -43.2000000000       7.524548046497E-002 -9.772820090700E-005  1.526025500485E-003
   1.67667601938      -0.575603604499       -43.2000000000       7.554326260497E-002 -1.077564719878E-003  1.353887941598E-003
   2.23556802584      -0.767471472666       -43.2000000000       7.559969680645E-002 -2.203287712476E-003  1.269872647522E-003
   2.79446003230      -0.959339340832       -43.2000000000       8.862452871710E-002 -4.903259489376E-003  3.415445428223E-004
   3.35335203876       -1.15120720900       -43.2000000000       8.786252009906E-002 -7.056571781505E-003  2.761903432132E-004
   3.91224404522       -1.34307507716       -43.2000000000       8.520800671348E-002 -7.560166487279E-003  1.170534259671E-004
   4.47113605168       -1.53494294533       -43.2000000000       8.523764483909E-002 -8.158251633773E-003 -3.633193156935E-005
   5.03002805814       -1.72681081350       -43.2000000000       8.089138599651E-002 -7.146842254996E-003  5.407742263174E-004
   5.58892006459       -1.91867868166       -43.2000000000       7.679347797644E-002 -6.548034664795E-003  9.524269443888E-004
   6.14781207105       -2.11054654983       -43.2000000000       7.178642529620E-002 -5.724497967045E-003  8.284583085575E-004
   0.00000000000        0.00000000000       -43.2000000000       7.520642643927E-002  1.680167642165E-003  1.527216944710E-003
  0.590909090909        0.00000000000       -43.2000000000       7.510757919791E-002  1.268759194397E-003  1.526071695358E-003
   1.18181818182      -1.172487511250E-015  -43.2000000000       7.500873195655E-002  8.573507466289E-004  1.524926446006E-003
   1.77272727273        0.00000000000       -43.2000000000       7.498879336539E-002  8.597994290801E-004  1.458814016152E-003
   2.36363636364        0.00000000000       -43.2000000000       7.496406390050E-002 -1.375846331537E-004  1.378082514809E-003
   2.95454545455        0.00000000000       -43.2000000000       8.805284084458E-002 -1.742344243766E-003  5.115107438358E-004
   3.54545454545        0.00000000000       -43.2000000000       8.647792462776E-002 -1.878471453185E-003  3.835365761148E-004
   4.13636363636        0.00000000000       -43.2000000000       8.430074977550E-002 -2.160795008239E-003  2.097109648626E-004
   4.72727272727        0.00000000000       -43.2000000000       8.215673298385E-002 -2.321617412236E-003  1.374796003717E-004
   5.31818181818        0.00000000000       -43.2000000000       8.001271619220E-002 -2.482439816232E-003  6.524823588078E-005
   5.90909090909        0.00000000000       -43.2000000000       7.786869940055E-002 -2.643262220229E-003 -6.983128610122E-006
   6.50000000000        0.00000000000       -43.2000000000       7.572468260890E-002 -2.804084624225E-003 -7.921449310102E-005
