 12 20 1 1
 1 X [LENGU]
 2 Y [LENGU]
 3 Z [LENGU]
 4 Hx [FIELU]
 5 Hy [FIELU]
 6 Hz [FIELU]
 0
   0.00000000000        0.00000000000       -2.16000000000       0.531482479484      -1.826928472836E-003  1.287760845719E-003
  0.590909090909        0.00000000000       -2.16000000000       0.533977632556      -1.976984504385E-003  1.777191749903E-003
   1.18181818182        0.00000000000       -2.16000000000       0.535971297466      -1.193349663752E-003  2.557028610627E-003
   1.77272727273        0.00000000000       -2.16000000000       0.532676098479      -3.852775780240E-004  2.309427209152E-003
   2.36363636364        0.00000000000       -2.16000000000       0.531223158653      -3.359929720446E-004  1.460685148592E-003
   2.95454545455        0.00000000000       -2.16000000000       0.496586042666       8.245330546663E-004  4.597609861411E-003
   3.54545454545        0.00000000000       -2.16000000000       0.475281508398      -7.013808050232E-003  3.052853266078E-003
   4.13636363636        0.00000000000       -2.16000000000       0.453328402759      -5.495480040049E-003  1.929478762140E-003
   4.72727272727        0.00000000000       -2.16000000000       0.430968430992      -2.629457598225E-004  1.180480599832E-003
   5.31818181818        0.00000000000       -2.16000000000       0.406509983340       1.059781887523E-003 -1.374064895832E-004
   5.90909090909        0.00000000000       -2.16000000000       0.383127843463      -1.460157034076E-003 -5.246048307838E-003
   6.50000000000        0.00000000000       -2.16000000000       0.358133140431       3.885450849773E-003 -8.009523568319E-003
   0.00000000000        0.00000000000       -2.16000000000       0.531482479484      -1.826928472836E-003  1.287760845719E-003
  0.558892006459       0.191867868166       -2.16000000000       0.535848942558      -1.597570758615E-003  1.903647048028E-003
   1.11778401292       0.383735736333       -2.16000000000       0.537979265285      -4.052252891260E-004  2.427597671310E-003
   1.67667601938       0.575603604499       -2.16000000000       0.533567475767       7.845306409667E-004  1.750595525175E-003
   2.23556802584       0.767471472666       -2.16000000000       0.528086807614       3.567868678179E-003  7.539267703635E-004
   2.79446003230       0.959339340832       -2.16000000000       0.508518410491       7.991071038911E-003  5.275786403338E-003
   3.35335203876        1.15120720900       -2.16000000000       0.484017459813       3.138719166018E-002  4.037418331566E-003
   3.91224404522        1.34307507716       -2.16000000000       0.465345652215       4.531880373696E-002  2.924828482142E-003
   4.47113605168        1.53494294533       -2.16000000000       0.444814106949       5.606421106580E-002  2.353408067999E-003
   5.03002805814        1.72681081350       -2.16000000000       0.416078062230       6.653331200384E-002  2.032743438941E-003
   5.58892006459        1.91867868166       -2.16000000000       0.382416006823       7.299370907218E-002  9.135438636067E-004
   6.14781207105        2.11054654983       -2.16000000000       0.338783752090       6.639202516252E-002  9.679331449448E-004
   0.00000000000        0.00000000000       -2.16000000000       0.531482479484      -1.826928472836E-003  1.287760845719E-003
  0.466310301007       0.362943875680       -2.16000000000       0.537079297126      -1.231234518228E-003  2.024692543921E-003
  0.932620602014       0.725887751361       -2.16000000000       0.538922747238       4.782058056060E-004  2.207826620576E-003
   1.39893090302        1.08883162704       -2.16000000000       0.535559450025       2.727917678862E-003  1.706183145633E-003
   1.86524120403        1.45177550272       -2.16000000000       0.529355203734       5.557291092597E-003  7.834000271783E-004
   2.33155150503        1.81471937840       -2.16000000000       0.561057468127       1.967453403817E-003  3.646247771270E-003
   2.79786180604        2.17766325408       -2.16000000000       0.564727518385       4.628424384182E-002  5.324202426063E-003
   3.26417210705        2.54060712976       -2.16000000000       0.571327373463       0.118697469827       5.188528922106E-003
   3.73048240806        2.90355100544       -2.16000000000       0.546531712866       0.138904093607       3.814660294715E-003
   4.19679270906        3.26649488112       -2.16000000000       0.512945400022       0.163506299498       9.653009917272E-005
   4.66310301007        3.62943875680       -2.16000000000       0.466243501687       0.215339261327      -4.877566644824E-003
   5.12941331108        3.99238263248       -2.16000000000       0.403075095872       0.249837687589      -1.512763580370E-002
   0.00000000000        0.00000000000       -2.16000000000       0.531482479484      -1.826928472836E-003  1.287760845719E-003
  0.323196638891       0.494689282610       -2.16000000000       0.537517889709      -9.071762209995E-004  2.136602638191E-003
  0.646393277781       0.989378565219       -2.16000000000       0.536905649183       2.045536506474E-003  1.823275627790E-003
  0.969589916672        1.48406784783       -2.16000000000       0.537276734542       4.147122404479E-003  1.779749260811E-003
   1.29278655556        1.97875713044       -2.16000000000       0.535298670020       4.002036685195E-003  1.449514817417E-003
   1.61598319445        2.47344641305       -2.16000000000       0.584574458364      -1.585984854688E-002  2.365695655869E-003
   1.93917983334        2.96813569566       -2.16000000000       0.612032175428      -3.926969425251E-002  4.891603646603E-003
   2.26237647223        3.46282497827       -2.16000000000       0.661939172644      -3.353119183269E-002  6.216748849479E-003
   2.58557311112        3.95751426088       -2.16000000000       0.786260735923       3.848143178592E-003  6.981646431956E-003
   2.90876975001        4.45220354349       -2.16000000000       0.974370915393       0.169326843372       4.598728123779E-003
   3.23196638891        4.94689282610       -2.16000000000       0.916177928993       0.773504060375       3.070251602472E-003
   3.55516302780        5.44158210871       -2.16000000000       0.233295216012       0.736291264587       1.261741877400E-003
   0.00000000000        0.00000000000       -2.16000000000       0.531482479484      -1.826928472836E-003  1.287760845719E-003
  0.145059606038       0.572827429873       -2.16000000000       0.537254799403      -7.431609286119E-004  2.153311014958E-003
  0.290119212075        1.14565485975       -2.16000000000       0.536340999893       2.412817780654E-003  1.838216452706E-003
  0.435178818113        1.71848228962       -2.16000000000       0.539264596232       2.279085444423E-003  1.954172623854E-003
  0.580238424151        2.29130971949       -2.16000000000       0.541293879770       3.472392018110E-003  2.231177105075E-003
  0.725298030189        2.86413714937       -2.16000000000       0.593381890217      -2.675482462806E-002  2.283729446656E-003
  0.870357636226        3.43696457924       -2.16000000000       0.576484337668      -6.235314082578E-002  6.618377658979E-003
   1.01541724226        4.00979200911       -2.16000000000       0.551017878596      -9.220403740443E-002  7.789867619083E-003
   1.16047684830        4.58261943899       -2.16000000000       0.498588140787      -0.225422110444       1.152385906346E-002
   1.30553645434        5.15544686886       -2.16000000000       0.367736506386      -0.276102321243       1.349516243753E-002
   1.45059606038        5.72827429873       -2.16000000000       0.172661172343      -0.291098639737       1.807470826175E-002
   1.59565566642        6.30110172861       -2.16000000000       3.583613338412E-002 -0.184675267681       2.711527275294E-002
   0.00000000000        0.00000000000       -2.16000000000       0.531482479484      -1.826928472836E-003  1.287760845719E-003
 -4.879688596092E-002  0.588890836777       -2.16000000000       0.536318536125      -7.569622429552E-004  2.073007062340E-003
 -9.759377192185E-002   1.17778167355       -2.16000000000       0.536314593761       1.992697664206E-003  1.991172097133E-003
 -0.146390657883        1.76667251033       -2.16000000000       0.539499442979       1.479532724410E-003  2.164331574205E-003
 -0.195187543844        2.35556334711       -2.16000000000       0.541184769329       3.636247556545E-003  2.365691753292E-003
 -0.243984429805        2.94445418388       -2.16000000000       0.589566420243      -3.932817548594E-003  4.046301349367E-003
 -0.292781315766        3.53334502066       -2.16000000000       0.494225087377       5.160702195411E-003  5.759490631318E-003
 -0.341578201726        4.12223585744       -2.16000000000       0.478877502407       5.152005637822E-002  7.528924232944E-003
 -0.390375087687        4.71112669421       -2.16000000000       0.401237158281       6.416239420070E-002  1.407458288629E-002
 -0.439171973648        5.30001753099       -2.16000000000       0.328128158710       8.596890838952E-002  1.748478961951E-002
 -0.487968859609        5.88890836777       -2.16000000000       0.213921727942       8.193263414122E-002  2.263709344750E-002
 -0.536765745570        6.47779920454       -2.16000000000       0.108780372521       9.377881813099E-002  2.546560443238E-002
   0.00000000000        0.00000000000       -2.16000000000       0.531482479484      -1.826928472836E-003  1.287760845719E-003
 -0.237365478204       0.541138783933       -2.16000000000       0.534810558529      -9.470845774710E-004  1.904392959649E-003
 -0.474730956408        1.08227756787       -2.16000000000       0.536705621835       8.880687699831E-004  2.232619991676E-003
 -0.712096434612        1.62341635180       -2.16000000000       0.538192266653       1.488729157469E-003  2.325520418128E-003
 -0.949461912816        2.16455513573       -2.16000000000       0.534522382208       2.123057655628E-002  2.304909501826E-003
  -1.18682739102        2.70569391966       -2.16000000000       0.590187983499       9.705866839727E-003  5.307003533073E-003
  -1.42419286922        3.24683270360       -2.16000000000       0.592657366447       3.374600424860E-002  5.357836185991E-003
  -1.66155834743        3.78797148753       -2.16000000000       0.636883105917       8.247683790838E-002  5.860832159974E-003
  -1.89892382563        4.32911027146       -2.16000000000       0.712804189821       0.171948476328       1.368159559547E-002
  -2.13628930384        4.87024905539       -2.16000000000       0.797920274445       0.576027569164       2.211595985413E-002
  -2.37365478204        5.41138783933       -2.16000000000       7.181744532566E-002  0.617264228760       2.745848052807E-002
  -2.61102026024        5.95252662326       -2.16000000000      -0.559796610103       0.174422529925       3.075123133466E-002
   0.00000000000        0.00000000000       -2.16000000000       0.531482479484      -1.826928472836E-003  1.287760845719E-003
 -0.400211837779       0.434745947216       -2.16000000000       0.532923869315      -1.255436148305E-003  1.667737976255E-003
 -0.800423675558       0.869491894432       -2.16000000000       0.534745818271      -2.017929350624E-004  2.073402780233E-003
  -1.20063551334        1.30423784165       -2.16000000000       0.536169339560       1.847971419432E-003  2.415176105394E-003
  -1.60084735112        1.73898378886       -2.16000000000       0.537808216983       4.823799256894E-003  2.242056627472E-003
  -2.00105918889        2.17372973608       -2.16000000000       0.583014810706       9.412435657035E-003  2.920125755764E-003
  -2.40127102667        2.60847568330       -2.16000000000       0.608282411656      -1.730783615657E-002  6.593393197658E-003
  -2.80148286445        3.04322163051       -2.16000000000       0.633640975451      -4.717361140527E-002  7.262403938468E-003
  -3.20169470223        3.47796757773       -2.16000000000       0.673341795089      -0.110966529419       1.409286806508E-002
  -3.60190654001        3.91271352494       -2.16000000000       0.655228638189      -0.182207407530       1.888131724632E-002
  -4.00211837779        4.34745947216       -2.16000000000       0.530256196713      -0.273805717539       4.564107424630E-002
  -4.40233021557        4.78220541938       -2.16000000000       0.374301745367      -0.320790416643       6.496192070767E-002
   0.00000000000        0.00000000000       -2.16000000000       0.531482479484      -1.826928472836E-003  1.287760845719E-003
 -0.519689034804       0.281241641340       -2.16000000000       0.531520447385      -8.155460339404E-004  1.433070297490E-003
  -1.03937806961       0.562483282680       -2.16000000000       0.533386347478      -1.229794271667E-003  1.936001068729E-003
  -1.55906710441       0.843724924020       -2.16000000000       0.533052859738       4.587611402756E-004  1.867380257109E-003
  -2.07875613922        1.12496656536       -2.16000000000       0.533363485518      -9.515990989217E-004  1.410076019516E-003
  -2.59844517402        1.40620820670       -2.16000000000       0.568385630412      -1.133049741068E-002  6.800584808417E-003
  -3.11813420882        1.68744984804       -2.16000000000       0.568538637649      -3.080011221401E-002  1.548799307221E-003
  -3.63782324363        1.96869148938       -2.16000000000       0.573440281800      -3.072304979094E-002 -3.298540915374E-003
  -4.15751227843        2.24993313072       -2.16000000000       0.530019662430      -1.690912576415E-002 -1.980956710412E-002
  -4.67720131323        2.53117477206       -2.16000000000       0.495741590028      -2.034973103101E-002 -2.521860890072E-002
  -5.19689034804        2.81241641340       -2.16000000000       0.408068459007      -1.365862538363E-002 -1.233787409924E-002
  -5.71657938284        3.09365805474       -2.16000000000       0.321097399626      -1.858807651197E-002  3.507623119031E-003
   0.00000000000        0.00000000000       -2.16000000000       0.531482479484      -1.826928472836E-003  1.287760845719E-003
 -0.582849861102       9.726043971134E-002  -2.16000000000       0.530112911043      -4.852549000458E-004  1.182656084916E-003
  -1.16569972220       0.194520879423       -2.16000000000       0.535242842119      -3.345747604740E-003  2.225456911516E-003
  -1.74854958330       0.291781319134       -2.16000000000       0.533053845069       1.829571329237E-004  1.671781298895E-003
  -2.33139944441       0.389041758845       -2.16000000000       0.531196701115      -4.406088028266E-004  1.193581663467E-003
  -2.91424930551       0.486302198557       -2.16000000000       0.552365762016      -5.717425995592E-003 -1.189901131293E-003
  -3.49709916661       0.583562638268       -2.16000000000       0.586981167257      -6.447780362652E-003 -1.164035935046E-003
  -4.07994902771       0.680823077979       -2.16000000000       0.585953520561       3.969281232815E-003 -6.488806249029E-003
  -4.66279888881       0.778083517691       -2.16000000000       0.581704638934       1.623665035582E-002 -5.157460396814E-002
  -5.24564874991       0.875343957402       -2.16000000000       0.579694032648       3.594276811958E-002 -0.117325591730     
  -5.82849861102       0.972604397113       -2.16000000000       0.540650648627       5.456366514367E-002 -0.176924306570     
  -6.41134847212        1.06986483682       -2.16000000000       0.857875160208       0.153780301012      -0.446249360153     
   0.00000000000        0.00000000000       -2.16000000000       0.531482479484      -1.826928472836E-003  1.287760845719E-003
 -0.582849861102      -9.726043971134E-002  -2.16000000000       0.530284599411      -1.416264827394E-003  1.223559064553E-003
  -1.16569972220      -0.194520879423       -2.16000000000       0.535647312247      -4.470762765810E-003  2.207274151521E-003
  -1.74854958330      -0.291781319134       -2.16000000000       0.533989928325      -1.033225970857E-003  1.637535460530E-003
  -2.33139944441      -0.389041758845       -2.16000000000       0.530960011097       4.377729379285E-004  1.095448231385E-003
  -2.91424930551      -0.486302198557       -2.16000000000       0.545488504972       6.536243820324E-003  5.839828675087E-003
  -3.49709916661      -0.583562638268       -2.16000000000       0.580337508822      -1.864785841767E-003  9.810049917572E-004
  -4.07994902771      -0.680823077979       -2.16000000000       0.603971281412      -2.992638121860E-002 -1.378892037477E-003
  -4.66279888881      -0.778083517691       -2.16000000000       0.618530361520      -4.440227153584E-002 -5.429332567997E-002
  -5.24564874991      -0.875343957402       -2.16000000000       0.597487168709      -4.640151222730E-002 -0.104941049191     
  -5.82849861102      -0.972604397113       -2.16000000000       0.527413523900      -8.192826791734E-002 -0.188568997386     
  -6.41134847212       -1.06986483682       -2.16000000000       0.543754435185      -0.195742011617      -0.409575251380     
   0.00000000000        0.00000000000       -2.16000000000       0.531482479484      -1.826928472836E-003  1.287760845719E-003
 -0.519689034804      -0.281241641340       -2.16000000000       0.530278969786      -2.152243846377E-003  1.211332215748E-003
  -1.03937806961      -0.562483282680       -2.16000000000       0.536169497115      -6.663672477765E-003  2.330684458009E-003
  -1.55906710441      -0.843724924020       -2.16000000000       0.535615538888      -3.196394012720E-003  1.759471994200E-003
  -2.07875613922       -1.12496656536       -2.16000000000       0.535336905395       7.835576720634E-004  1.637998719386E-003
  -2.59844517402       -1.40620820670       -2.16000000000       0.562157801730       1.047868794151E-002  3.247480797684E-003
  -3.11813420882       -1.68744984804       -2.16000000000       0.564428331290       2.479418211232E-002  5.142775514578E-003
  -3.63782324363       -1.96869148938       -2.16000000000       0.558219346560       3.994132060885E-002  3.806624625295E-003
  -4.15751227843       -2.24993313072       -2.16000000000       0.541384547987       5.285040994098E-002 -3.051848344583E-003
  -4.67720131323       -2.53117477206       -2.16000000000       0.526511233374       4.052026645413E-002 -1.789762500371E-002
  -5.19689034804       -2.81241641340       -2.16000000000       0.417723107684       2.767094241371E-002 -1.975679117469E-002
  -5.71657938284       -3.09365805474       -2.16000000000       0.317273097916       1.640216652093E-002 -1.167523930489E-002
   0.00000000000        0.00000000000       -2.16000000000       0.531482479484      -1.826928472836E-003  1.287760845719E-003
 -0.400211837779      -0.434745947216       -2.16000000000       0.529379707739      -2.054297463875E-003  1.007039570712E-003
 -0.800423675558      -0.869491894432       -2.16000000000       0.536726910534      -9.651837871452E-003  2.575135433207E-003
  -1.20063551334       -1.30423784165       -2.16000000000       0.537707345754      -6.028181889963E-003  2.293125527745E-003
  -1.60084735112       -1.73898378886       -2.16000000000       0.539706541168      -2.470786573289E-004  2.299325169756E-003
  -2.00105918889       -2.17372973608       -2.16000000000       0.570015216515      -1.591441635239E-002  3.575197141304E-003
  -2.40127102667       -2.60847568330       -2.16000000000       0.585184049392       1.509595786897E-002  8.719992860359E-003
  -2.80148286445       -3.04322163051       -2.16000000000       0.581400243196       5.213446150451E-002  6.164198671066E-003
  -3.20169470223       -3.47796757773       -2.16000000000       0.616623768429       0.117265897242       1.712267494948E-002
  -3.60190654001       -3.91271352494       -2.16000000000       0.655279450258       0.194828918170       2.352180474100E-002
  -4.00211837779       -4.34745947216       -2.16000000000       0.561796400217       0.285772058244       4.111670832330E-002
  -4.40233021557       -4.78220541938       -2.16000000000       0.395207976614       0.270612258959       5.352024612384E-002
   0.00000000000        0.00000000000       -2.16000000000       0.531482479484      -1.826928472836E-003  1.287760845719E-003
 -0.237365478204      -0.541138783933       -2.16000000000       0.527684262266      -1.133039690226E-003  6.328194074599E-004
 -0.474730956408       -1.08227756787       -2.16000000000       0.533533029097      -6.594516365398E-003  1.833009423683E-003
 -0.712096434612       -1.62341635180       -2.16000000000       0.540016137057      -8.144499731590E-003  3.053530595217E-003
 -0.949461912816       -2.16455513573       -2.16000000000       0.541700708692      -3.689558830960E-003  2.892047377561E-003
  -1.18682739102       -2.70569391966       -2.16000000000       0.584163795784      -1.731697956720E-002  8.015613634860E-003
  -1.42419286922       -3.24683270360       -2.16000000000       0.633678771473      -1.805791138016E-002  1.131352031431E-002
  -1.66155834743       -3.78797148753       -2.16000000000       0.692947629467      -0.115701615665       1.513385576826E-002
  -1.89892382563       -4.32911027146       -2.16000000000       0.697880787184      -0.212267011014       1.855726333128E-002
  -2.13628930384       -4.87024905539       -2.16000000000       0.698798682661      -0.616541898365       2.648315914730E-002
  -2.37365478204       -5.41138783933       -2.16000000000       0.460536892313      -0.652168451085       2.884842822883E-002
  -2.61102026024       -5.95252662326       -2.16000000000      -0.552420496332      -0.171261859973       3.351760384495E-002
   0.00000000000        0.00000000000       -2.16000000000       0.531482479484      -1.826928472836E-003  1.287760845719E-003
 -4.879688596092E-002 -0.588890836777       -2.16000000000       0.527503253798      -1.147097315498E-003  5.453349853996E-004
 -9.759377192185E-002  -1.17778167355       -2.16000000000       0.529556485401       6.367714880738E-004  8.463079430335E-004
 -0.146390657883       -1.76667251033       -2.16000000000       0.534907262402      -1.407295464759E-003  1.863451803936E-003
 -0.195187543844       -2.35556334711       -2.16000000000       0.540782649409      -7.652849998641E-003  3.130307623842E-003
 -0.243984429805       -2.94445418388       -2.16000000000       0.578810739900      -8.829123844523E-003  8.523001843763E-003
 -0.292781315766       -3.53334502066       -2.16000000000       0.530891257817       6.434805893552E-003  1.056468314619E-002
 -0.341578201726       -4.12223585744       -2.16000000000       0.469793639452      -2.872376840810E-002  1.307327690824E-002
 -0.390375087687       -4.71112669421       -2.16000000000       0.408154543962      -6.615333011940E-002  1.542483347093E-002
 -0.439171973648       -5.30001753099       -2.16000000000       0.325118068785      -9.063027197570E-002  1.795822430377E-002
 -0.487968859609       -5.88890836777       -2.16000000000       0.213842755858      -9.718405156974E-002  2.778983853037E-002
 -0.536765745570       -6.47779920454       -2.16000000000       0.141587660399      -8.232985236927E-002  3.295622830479E-002
   0.00000000000        0.00000000000       -2.16000000000       0.531482479484      -1.826928472836E-003  1.287760845719E-003
  0.145059606038      -0.572827429873       -2.16000000000       0.528188132920      -1.400851042292E-003  7.458224400898E-004
  0.290119212075       -1.14565485975       -2.16000000000       0.530071053965       9.534530856179E-004  1.230427545576E-003
  0.435178818113       -1.71848228962       -2.16000000000       0.531717403757       1.181398041686E-003  1.304036552067E-003
  0.580238424151       -2.29130971949       -2.16000000000       0.532332398833      -2.018191510244E-003  1.366089073290E-003
  0.725298030189       -2.86413714937       -2.16000000000       0.590302754107       4.356889828800E-002  5.023925636743E-003
  0.870357636226       -3.43696457924       -2.16000000000       0.565106277894       6.126042041627E-002  9.843867598801E-003
   1.01541724226       -4.00979200911       -2.16000000000       0.531633841059       0.120043135667       1.085837485711E-002
   1.16047684830       -4.58261943899       -2.16000000000       0.489952628398       0.184469939487       1.176175611751E-002
   1.30553645434       -5.15544686886       -2.16000000000       0.371666342854       0.263415534125       1.476366783434E-002
   1.45059606038       -5.72827429873       -2.16000000000       0.172077373948       0.287030928352       1.589654641153E-002
   1.59565566642       -6.30110172861       -2.16000000000       1.724843647372E-002  0.180312039988       2.146691734494E-002
   0.00000000000        0.00000000000       -2.16000000000       0.531482479484      -1.826928472836E-003  1.287760845719E-003
  0.323196638891      -0.494689282610       -2.16000000000       0.529202283980      -1.622075531302E-003  1.040028354466E-003
  0.646393277781      -0.989378565219       -2.16000000000       0.530133764410       1.041062446143E-004  1.576985615388E-003
  0.969589916672       -1.48406784783       -2.16000000000       0.532065303915      -1.386723375974E-003  1.749773502661E-003
   1.29278655556       -1.97875713044       -2.16000000000       0.531453065201      -1.726972810476E-003  1.227569148229E-003
   1.61598319445       -2.47344641305       -2.16000000000       0.579712951607       1.381494346963E-002  6.616812631887E-003
   1.93917983334       -2.96813569566       -2.16000000000       0.633018507480       2.409495379139E-002  6.430475502274E-003
   2.26237647223       -3.46282497827       -2.16000000000       0.694388653510       2.430723342394E-002  6.543876482286E-003
   2.58557311112       -3.95751426088       -2.16000000000       0.769651943509      -8.189086843092E-003  6.175752898422E-003
   2.90876975001       -4.45220354349       -2.16000000000       0.975078193332      -0.167351353614       5.669296552331E-003
   3.23196638891       -4.94689282610       -2.16000000000       0.934934216392      -0.795923135801       6.676179284374E-003
   3.55516302780       -5.44158210871       -2.16000000000       0.261730919764      -0.747866629039       6.744036797812E-003
   0.00000000000        0.00000000000       -2.16000000000       0.531482479484      -1.826928472836E-003  1.287760845719E-003
  0.466310301007      -0.362943875680       -2.16000000000       0.530494000002      -1.952004073226E-003  1.322619329607E-003
  0.932620602014      -0.725887751361       -2.16000000000       0.529272651626      -1.268807343908E-003  1.718337873553E-003
   1.39893090302       -1.08883162704       -2.16000000000       0.531915483638      -1.559016275312E-003  2.338518485948E-003
   1.86524120403       -1.45177550272       -2.16000000000       0.528251147015      -3.533809939967E-003  1.763012326309E-003
   2.33155150503       -1.81471937840       -2.16000000000       0.552070092005       6.121781615844E-004  5.032032903110E-003
   2.79786180604       -2.17766325408       -2.16000000000       0.546928716103      -2.926297238566E-002  3.718879411582E-003
   3.26417210705       -2.54060712976       -2.16000000000       0.545841060745      -6.438644548750E-002  2.659354064525E-003
   3.73048240806       -2.90355100544       -2.16000000000       0.545925081685      -0.105474804789       2.062802246194E-003
   4.19679270906       -3.26649488112       -2.16000000000       0.516431338370      -0.168642465327      -2.567772861550E-003
   4.66310301007       -3.62943875680       -2.16000000000       0.465202139739      -0.224581541655      -1.112027078963E-002
   5.12941331108       -3.99238263248       -2.16000000000       0.404404323154      -0.240728995850      -1.864397649820E-002
   0.00000000000        0.00000000000       -2.16000000000       0.531482479484      -1.826928472836E-003  1.287760845719E-003
  0.558892006459      -0.191867868166       -2.16000000000       0.531923303513      -2.354883791180E-003  1.562972248506E-003
   1.11778401292      -0.383735736333       -2.16000000000       0.532082945857      -2.084568028519E-003  2.193099124728E-003
   1.67667601938      -0.575603604499       -2.16000000000       0.532244485085      -1.811860001293E-003  2.823350478052E-003
   2.23556802584      -0.767471472666       -2.16000000000       0.525261344153      -3.329364767892E-003  1.761441235367E-003
   2.79446003230      -0.959339340832       -2.16000000000       0.508112194751      -4.465086831912E-003  4.612450741722E-003
   3.35335203876       -1.15120720900       -2.16000000000       0.488467947884      -2.634684037951E-002  3.013913624666E-003
   3.91224404522       -1.34307507716       -2.16000000000       0.470755536636      -4.007966090006E-002  1.529041017156E-003
   4.47113605168       -1.53494294533       -2.16000000000       0.451941175274      -5.374371398167E-002  7.952114621161E-004
   5.03002805814       -1.72681081350       -2.16000000000       0.420688874630      -6.521969935662E-002  5.663460734290E-005
   5.58892006459       -1.91867868166       -2.16000000000       0.385826012716      -7.278357430474E-002 -3.933628663758E-004
   6.14781207105       -2.11054654983       -2.16000000000       0.349926036348      -7.702996011738E-002  3.088008434107E-003
   0.00000000000        0.00000000000       -2.16000000000       0.531482479484      -1.826928472836E-003  1.287760845719E-003
  0.590909090909        0.00000000000       -2.16000000000       0.533977632556      -1.976984504385E-003  1.777191749903E-003
   1.18181818182      -1.172487511250E-015  -2.16000000000       0.535971297466      -1.193349663752E-003  2.557028610627E-003
   1.77272727273        0.00000000000       -2.16000000000       0.532676098479      -3.852775780240E-004  2.309427209152E-003
   2.36363636364        0.00000000000       -2.16000000000       0.531223158653      -3.359929720446E-004  1.460685148592E-003
   2.95454545455        0.00000000000       -2.16000000000       0.496586042666       8.245330546663E-004  4.597609861411E-003
   3.54545454545        0.00000000000       -2.16000000000       0.475281508398      -7.013808050232E-003  3.052853266078E-003
   4.13636363636        0.00000000000       -2.16000000000       0.453328402759      -5.495480040049E-003  1.929478762140E-003
   4.72727272727        0.00000000000       -2.16000000000       0.430968430992      -2.629457598225E-004  1.180480599832E-003
   5.31818181818        0.00000000000       -2.16000000000       0.406509983340       1.059781887523E-003 -1.374064895832E-004
   5.90909090909        0.00000000000       -2.16000000000       0.383127843463      -1.460157034076E-003 -5.246048307838E-003
   6.50000000000        0.00000000000       -2.16000000000       0.358133140431       3.885450849773E-003 -8.009523568319E-003
