 12 20 1 1
 1 X [LENGU]
 2 Y [LENGU]
 3 Z [LENGU]
 4 Hx [FIELU]
 5 Hy [FIELU]
 6 Hz [FIELU]
 0
   0.00000000000        0.00000000000       -70.0000000000       7.137001137229E-002  3.121406035883E-003  8.425745486347E-004
  0.590909090909        0.00000000000       -70.0000000000       4.541394718577E-002 -2.027173877782E-002 -3.566735227856E-003
   1.18181818182        0.00000000000       -70.0000000000       3.519711375511E-002 -3.149462241098E-002 -5.462562483054E-003
   1.77272727273        0.00000000000       -70.0000000000       5.220952806917E-002 -2.921839660379E-002 -4.741965478178E-003
   2.36363636364        0.00000000000       -70.0000000000       7.675314380516E-002 -1.950790803861E-002 -3.331649710382E-003
   2.95454545455        0.00000000000       -70.0000000000       4.933170747487E-002 -7.054162930259E-003 -3.480936581571E-003
   3.54545454545        0.00000000000       -70.0000000000       5.075857998113E-002 -5.935828566744E-003 -3.404119642917E-003
   4.13636363636        0.00000000000       -70.0000000000       5.095305565318E-002 -5.037489565711E-003 -3.217616848933E-003
   4.72727272727        0.00000000000       -70.0000000000       5.114753132523E-002 -4.139150564678E-003 -3.031114054949E-003
   5.31818181818        0.00000000000       -70.0000000000       5.080894192110E-002 -3.752768237022E-003 -2.859387637729E-003
   5.90909090909        0.00000000000       -70.0000000000       4.982013838579E-002 -4.446787606248E-003 -2.560245412587E-003
   6.50000000000        0.00000000000       -70.0000000000       4.882551000829E-002 -3.118797509948E-003 -1.755016606827E-003
   0.00000000000        0.00000000000       -70.0000000000       7.137001137229E-002  3.121406035883E-003  8.425745486347E-004
  0.558892006459       0.191867868166       -70.0000000000       4.444855939844E-002 -1.927237892838E-002 -3.016772533475E-003
   1.11778401292       0.383735736333       -70.0000000000       2.143300529648E-002 -3.900697871775E-002 -6.331037146330E-003
   1.67667601938       0.575603604499       -70.0000000000       2.332311873773E-002 -3.827922343277E-002 -6.029567804085E-003
   2.23556802584       0.767471472666       -70.0000000000       3.820469162312E-002 -3.386397520082E-002 -5.501870787240E-003
   2.79446003230       0.959339340832       -70.0000000000       5.361327803497E-002 -4.647942716023E-003 -2.901386502164E-003
   3.35335203876        1.15120720900       -70.0000000000       5.330755187639E-002 -3.905014232049E-003 -2.661475961529E-003
   3.91224404522        1.34307507716       -70.0000000000       5.280811146753E-002 -3.483038382956E-003 -2.410183221368E-003
   4.47113605168        1.53494294533       -70.0000000000       5.240211075798E-002 -2.955983965791E-003 -2.156546477405E-003
   5.03002805814        1.72681081350       -70.0000000000       5.199611004843E-002 -2.428929548626E-003 -1.902909733443E-003
   5.58892006459        1.91867868166       -70.0000000000       4.973326165166E-002 -3.131675236502E-003 -1.844097152277E-003
   6.14781207105        2.11054654983       -70.0000000000       4.632871396550E-002 -5.481112074124E-003 -1.255895948214E-003
   0.00000000000        0.00000000000       -70.0000000000       7.137001137229E-002  3.121406035883E-003  8.425745486347E-004
  0.466310301007       0.362943875680       -70.0000000000       4.669727667624E-002 -1.554291066769E-002 -2.003128453412E-003
  0.932620602014       0.725887751361       -70.0000000000       4.021602034964E-002 -1.981109035290E-002 -2.229809053306E-003
   1.39893090302        1.08883162704       -70.0000000000       4.448416041102E-002 -1.602912064484E-002 -1.335979122821E-003
   1.86524120403        1.45177550272       -70.0000000000       3.056385201509E-002 -2.905000452930E-002 -4.236096862194E-003
   2.33155150503        1.81471937840       -70.0000000000       5.343966198640E-002 -1.285924136992E-003 -2.316339835224E-003
   2.79786180604        2.17766325408       -70.0000000000       5.336903536604E-002  3.692215098533E-004 -1.853906643291E-003
   3.26417210705        2.54060712976       -70.0000000000       5.354738724435E-002  2.210732576826E-003 -1.496242526435E-003
   3.73048240806        2.90355100544       -70.0000000000       5.398321779701E-002  4.041936829005E-003 -1.169577257365E-003
   4.19679270906        3.26649488112       -70.0000000000       5.426543464638E-002  5.845767508248E-003 -8.289566546049E-004
   4.66310301007        3.62943875680       -70.0000000000       5.174990926270E-002  7.704513406009E-003 -6.363028273635E-004
   5.12941331108        3.99238263248       -70.0000000000       4.930796459686E-002  7.642360255017E-003 -6.470970999020E-004
   0.00000000000        0.00000000000       -70.0000000000       7.137001137229E-002  3.121406035883E-003  8.425745486347E-004
  0.323196638891       0.494689282610       -70.0000000000       5.191641560969E-002 -9.487479750462E-003 -6.356470520506E-004
  0.646393277781       0.989378565219       -70.0000000000       5.635229038760E-002 -4.942164786393E-003  1.255543622583E-003
  0.969589916672        1.48406784783       -70.0000000000       5.718051985937E-002 -4.163398411602E-003  1.507321526353E-003
   1.29278655556        1.97875713044       -70.0000000000       5.226492798588E-002 -5.388748790338E-003  6.424539515682E-004
   1.61598319445        2.47344641305       -70.0000000000       5.350906897131E-002 -1.768976831024E-003 -1.578612826234E-003
   1.93917983334        2.96813569566       -70.0000000000       5.476273241838E-002 -9.325257383578E-004 -1.301066281757E-003
   2.26237647223        3.46282497827       -70.0000000000       5.833443272613E-002 -2.116923554365E-003 -1.069993427944E-003
   2.58557311112        3.95751426088       -70.0000000000       6.465552449609E-002 -8.351201382413E-004 -8.348560970398E-004
   2.90876975001        4.45220354349       -70.0000000000       7.215036429819E-002  4.958338246257E-003 -5.965047398146E-004
   3.23196638891        4.94689282610       -70.0000000000       7.192744700689E-002  3.533719498021E-002 -4.059447930325E-004
   3.55516302780        5.44158210871       -70.0000000000       4.193239585808E-002  2.963875693791E-002 -1.947301342348E-004
   0.00000000000        0.00000000000       -70.0000000000       7.137001137229E-002  3.121406035883E-003  8.425745486347E-004
  0.145059606038       0.572827429873       -70.0000000000       5.845590875477E-002 -2.871068419972E-003  7.713415632257E-004
  0.290119212075        1.14565485975       -70.0000000000       6.366636802582E-002 -8.425134039851E-004  2.803239400787E-003
  0.435178818113        1.71848228962       -70.0000000000       6.355666561139E-002  4.385888045184E-004  2.952778960039E-003
  0.580238424151        2.29130971949       -70.0000000000       5.858257913296E-002 -6.573660924365E-004  2.087201587582E-003
  0.725298030189        2.86413714937       -70.0000000000       5.438002903531E-002  1.003538034029E-002  4.070560996606E-004
  0.870357636226        3.43696457924       -70.0000000000       5.205266742199E-002 -5.972337507059E-003 -6.024575631590E-004
   1.01541724226        4.00979200911       -70.0000000000       5.220230321913E-002 -7.047575994992E-003 -4.795477653675E-004
   1.16047684830        4.58261943899       -70.0000000000       4.871154174940E-002 -1.215231300311E-002 -3.126381447534E-004
   1.30553645434        5.15544686886       -70.0000000000       4.458958503020E-002 -1.538027672419E-002 -4.022098880567E-004
   1.45059606038        5.72827429873       -70.0000000000       3.532832122658E-002 -1.620525933002E-002 -3.025084099180E-004
   1.59565566642        6.30110172861       -70.0000000000       2.807580431598E-002 -1.207174553916E-002 -1.372157717108E-004
   0.00000000000        0.00000000000       -70.0000000000       7.137001137229E-002  3.121406035883E-003  8.425745486347E-004
 -4.879688596092E-002  0.588890836777       -70.0000000000       6.055022851123E-002 -1.580799261053E-003  1.290664926186E-003
 -9.759377192185E-002   1.17778167355       -70.0000000000       6.411340816524E-002 -1.694439711493E-004  2.935242543707E-003
 -0.146390657883        1.76667251033       -70.0000000000       6.363692949769E-002  1.216061186795E-003  3.033033529369E-003
 -0.195187543844        2.35556334711       -70.0000000000       6.320285974391E-002  2.014038928946E-003  3.070227504563E-003
 -0.243984429805        2.94445418388       -70.0000000000       5.602526641448E-002 -3.730357646571E-004  7.092247480594E-004
 -0.292781315766        3.53334502066       -70.0000000000       5.481770740793E-002 -1.687884353829E-003  9.146613429522E-004
 -0.341578201726        4.12223585744       -70.0000000000       5.069890594447E-002 -1.589235896829E-004  7.362578390934E-004
 -0.390375087687        4.71112669421       -70.0000000000       4.743393836626E-002  1.646330782759E-003  6.079103510809E-004
 -0.439171973648        5.30001753099       -70.0000000000       4.226373135178E-002  2.711388433299E-003  4.076707425452E-004
 -0.487968859609        5.88890836777       -70.0000000000       3.641565567637E-002  3.249493982549E-003  3.369259833840E-004
 -0.536765745570        6.47779920454       -70.0000000000       3.337022165970E-002  3.660902967924E-003  3.246815727012E-004
   0.00000000000        0.00000000000       -70.0000000000       7.137001137229E-002  3.121406035883E-003  8.425745486347E-004
 -0.237365478204       0.541138783933       -70.0000000000       6.381703962691E-002  2.190268040209E-004  1.761430743900E-003
 -0.474730956408        1.08227756787       -70.0000000000       6.428291184212E-002  4.876898122904E-004  3.002497072608E-003
 -0.712096434612        1.62341635180       -70.0000000000       6.377780093913E-002  1.345950325667E-003  3.053302924557E-003
 -0.949461912816        2.16455513573       -70.0000000000       6.332137898565E-002  1.895445910108E-003  3.075852377246E-003
  -1.18682739102        2.70569391966       -70.0000000000       5.831756840062E-002  3.870121788810E-003  1.976537095508E-003
  -1.42419286922        3.24683270360       -70.0000000000       5.805878858023E-002  3.746348899730E-003  1.609991349510E-003
  -1.66155834743        3.78797148753       -70.0000000000       6.030360983427E-002  4.955384091410E-003  1.349735433897E-003
  -1.89892382563        4.32911027146       -70.0000000000       6.254076474725E-002  1.053572519016E-002  1.234651674557E-003
  -2.13628930384        4.87024905539       -70.0000000000       6.459433536956E-002  2.483671501436E-002  1.115839566175E-003
  -2.37365478204        5.41138783933       -70.0000000000       3.759137804790E-002  2.492919209734E-002  1.008122895675E-003
  -2.61102026024        5.95252662326       -70.0000000000       5.449190319737E-003  9.880130551275E-003  8.022485617806E-004
   0.00000000000        0.00000000000       -70.0000000000       7.137001137229E-002  3.121406035883E-003  8.425745486347E-004
 -0.400211837779       0.434745947216       -70.0000000000       6.790233242764E-002  2.333370693921E-003  2.132624235334E-003
 -0.800423675558       0.869491894432       -70.0000000000       6.435747281107E-002  1.393222790638E-003  3.095764452387E-003
  -1.20063551334        1.30423784165       -70.0000000000       6.412852919010E-002  1.463618424855E-003  3.084099963416E-003
  -1.60084735112        1.73898378886       -70.0000000000       6.686983442075E-002  5.860124157659E-003  3.856633734692E-003
  -2.00105918889        2.17372973608       -70.0000000000       4.230585159782E-002  4.547469856936E-002  6.632705904313E-003
  -2.40127102667        2.60847568330       -70.0000000000       5.758748802445E-002  7.221693143430E-003  3.381516140095E-003
  -2.80148286445        3.04322163051       -70.0000000000       5.860179513639E-002  1.004448313506E-003  2.821128741536E-003
  -3.20169470223        3.47796757773       -70.0000000000       5.897376819103E-002 -3.276096515504E-003  2.342849307934E-003
  -3.60190654001        3.91271352494       -70.0000000000       5.934574124568E-002 -7.556641344514E-003  1.864569874333E-003
  -4.00211837779        4.34745947216       -70.0000000000       5.583646738485E-002 -1.283553814873E-002  1.642205242700E-003
  -4.40233021557        4.78220541938       -70.0000000000       5.103397955128E-002 -1.360542380362E-002  8.716567436785E-004
   0.00000000000        0.00000000000       -70.0000000000       7.137001137229E-002  3.121406035883E-003  8.425745486347E-004
 -0.519689034804       0.281241641340       -70.0000000000       7.236340204860E-002  4.533110440751E-003  2.364020826030E-003
  -1.03937806961       0.562483282680       -70.0000000000       6.941606858051E-002  6.696634542216E-003  4.070503371602E-003
  -1.55906710441       0.843724924020       -70.0000000000       6.988069194663E-002  7.923232301674E-003  4.347696146736E-003
  -2.07875613922        1.12496656536       -70.0000000000       7.329715151895E-002  1.241191943147E-002  5.205879787938E-003
  -2.59844517402        1.40620820670       -70.0000000000       4.881875593288E-002  1.294477518405E-002  5.263854860991E-003
  -3.11813420882        1.68744984804       -70.0000000000       4.981253813315E-002  6.922352493203E-003  3.626086624096E-003
  -3.63782324363        1.96869148938       -70.0000000000       4.945782869560E-002  4.822869184342E-003  3.558289864818E-003
  -4.15751227843        2.24993313072       -70.0000000000       4.872608691429E-002  4.183655912867E-003  2.308518465489E-003
  -4.67720131323        2.53117477206       -70.0000000000       4.783320290779E-002  1.410106207089E-003  1.857122324652E-003
  -5.19689034804        2.81241641340       -70.0000000000       4.406942408728E-002 -6.146639666019E-005  1.583063293951E-003
  -5.71657938284        3.09365805474       -70.0000000000       4.171762853140E-002 -2.993914450645E-003  1.640118422134E-003
   0.00000000000        0.00000000000       -70.0000000000       7.137001137229E-002  3.121406035883E-003  8.425745486347E-004
 -0.582849861102       9.726043971134E-002  -70.0000000000       7.671682237574E-002  6.579870110463E-003  2.430545104900E-003
  -1.16569972220       0.194520879423       -70.0000000000       7.630500334732E-002  1.113697781619E-002  4.288911500066E-003
  -1.74854958330       0.291781319134       -70.0000000000       7.594578314073E-002  1.389030643781E-002  5.618464508493E-003
  -2.33139944441       0.389041758845       -70.0000000000       7.901650945466E-002  1.623598260994E-002  6.198434262979E-003
  -2.91424930551       0.486302198557       -70.0000000000       3.853073785232E-002  4.736593303319E-003  5.493803375803E-003
  -3.49709916661       0.583562638268       -70.0000000000       4.492635086081E-002  6.670920641049E-003  3.882942273883E-003
  -4.07994902771       0.680823077979       -70.0000000000       4.340634434098E-002  3.687735604838E-003  3.818122808963E-003
  -4.66279888881       0.778083517691       -70.0000000000       4.327993253556E-002  1.603297055352E-003  3.399435725317E-003
  -5.24564874991       0.875343957402       -70.0000000000       4.241553687789E-002 -5.323130712598E-005  2.681793334729E-003
  -5.82849861102       0.972604397113       -70.0000000000       4.169578079286E-002 -4.726506340843E-004  1.937638673991E-003
  -6.41134847212        1.06986483682       -70.0000000000       4.118539066585E-002 -9.497219446982E-004  1.019998647524E-003
   0.00000000000        0.00000000000       -70.0000000000       7.137001137229E-002  3.121406035883E-003  8.425745486347E-004
 -0.582849861102      -9.726043971134E-002  -70.0000000000       8.023073902744E-002  8.301472768338E-003  2.337200806960E-003
  -1.16569972220      -0.194520879423       -70.0000000000       8.328804585533E-002  1.458872841473E-002  4.104326051050E-003
  -1.74854958330      -0.291781319134       -70.0000000000       8.126311029233E-002  1.677513209562E-002  6.146022484867E-003
  -2.33139944441      -0.389041758845       -70.0000000000       8.529683734495E-002  1.900775566288E-002  7.068330080008E-003
  -2.91424930551      -0.486302198557       -70.0000000000       3.152032876543E-002 -1.597954399922E-003  5.124004079613E-003
  -3.49709916661      -0.583562638268       -70.0000000000       4.241082942704E-002  3.501939384137E-003  3.730583020008E-003
  -4.07994902771      -0.680823077979       -70.0000000000       3.757689533687E-002 -2.415883250498E-003  3.888966847269E-003
  -4.66279888881      -0.778083517691       -70.0000000000       3.942605291802E-002 -2.005633950366E-003  3.398973595453E-003
  -5.24564874991      -0.875343957402       -70.0000000000       4.081885021502E-002 -2.279992804728E-003  2.706394123726E-003
  -5.82849861102      -0.972604397113       -70.0000000000       4.200160327985E-002 -3.281357356807E-003  1.974582819511E-003
  -6.41134847212       -1.06986483682       -70.0000000000       3.966904311845E-002 -5.215323425016E-003  7.638117327268E-004
   0.00000000000        0.00000000000       -70.0000000000       7.137001137229E-002  3.121406035883E-003  8.425745486347E-004
 -0.519689034804      -0.281241641340       -70.0000000000       8.327646063475E-002  9.367869580931E-003  2.058788649291E-003
  -1.03937806961      -0.562483282680       -70.0000000000       8.938725014774E-002  1.649932960055E-002  3.548701532435E-003
  -1.55906710441      -0.843724924020       -70.0000000000       9.007652722931E-002  1.918685345130E-002  5.444731503346E-003
  -2.07875613922       -1.12496656536       -70.0000000000       9.361373684938E-002  2.055060760992E-002  7.944865244817E-003
  -2.59844517402       -1.40620820670       -70.0000000000       4.134319445855E-002 -1.593367198355E-002  3.575795206151E-003
  -3.11813420882       -1.68744984804       -70.0000000000       3.894583424974E-002 -7.845556183162E-003  4.186047411573E-003
  -3.63782324363       -1.96869148938       -70.0000000000       3.736499007742E-002 -4.479926925995E-003  3.911568489188E-003
  -4.15751227843       -2.24993313072       -70.0000000000       3.921095634895E-002 -3.736860063929E-003  3.197256904035E-003
  -4.67720131323       -2.53117477206       -70.0000000000       3.896548061214E-002 -3.400808628352E-003  2.818711169823E-003
  -5.19689034804       -2.81241641340       -70.0000000000       3.597636418307E-002 -2.996339103307E-003  2.388157685483E-003
  -5.71657938284       -3.09365805474       -70.0000000000       3.453308678939E-002 -3.776992385750E-003  1.762428164090E-003
   0.00000000000        0.00000000000       -70.0000000000       7.137001137229E-002  3.121406035883E-003  8.425745486347E-004
 -0.400211837779      -0.434745947216       -70.0000000000       8.477183997799E-002  9.806986378793E-003  1.660793495174E-003
 -0.800423675558      -0.869491894432       -70.0000000000       9.458137448875E-002  1.717791219568E-002  2.647688215292E-003
  -1.20063551334       -1.30423784165       -70.0000000000       9.870949116407E-002  2.056783368721E-002  4.244112016843E-003
  -1.60084735112       -1.73898378886       -70.0000000000       0.107777717346       3.450273737686E-002  1.077487582635E-002
  -2.00105918889       -2.17372973608       -70.0000000000      -1.143580086371E-002 -9.766677673296E-002  5.834575951720E-003
  -2.40127102667       -2.60847568330       -70.0000000000       4.294944668006E-002 -1.949194334363E-002  4.749464045585E-003
  -2.80148286445       -3.04322163051       -70.0000000000       4.420802018792E-002 -1.216055429324E-002  4.010659008824E-003
  -3.20169470223       -3.47796757773       -70.0000000000       4.579923877270E-002 -8.559243907192E-003  3.215915148738E-003
  -3.60190654001       -3.91271352494       -70.0000000000       4.746298305789E-002 -4.137740732472E-003  3.310840197854E-003
  -4.00211837779       -4.34745947216       -70.0000000000       4.492739061225E-002  1.466977045336E-003  2.741736363565E-003
  -4.40233021557       -4.78220541938       -70.0000000000       4.069259591687E-002  2.748590987149E-003  1.829882425749E-003
   0.00000000000        0.00000000000       -70.0000000000       7.137001137229E-002  3.121406035883E-003  8.425745486347E-004
 -0.237365478204      -0.541138783933       -70.0000000000       8.481492324100E-002  9.521616809034E-003  1.174131622224E-003
 -0.474730956408       -1.08227756787       -70.0000000000       9.766785322269E-002  1.603476714009E-002  1.533485140119E-003
 -0.712096434612       -1.62341635180       -70.0000000000       0.106022878288       2.150128774512E-002  2.127948031849E-003
 -0.949461912816       -2.16455513573       -70.0000000000       0.128253939946       5.933423735264E-002  1.380473473060E-002
  -1.18682739102       -2.70569391966       -70.0000000000       7.025948051134E-002 -1.973947603727E-002  6.388282265706E-004
  -1.42419286922       -3.24683270360       -70.0000000000       5.802372866926E-002 -2.878701163486E-002  5.287822014968E-003
  -1.66155834743       -3.78797148753       -70.0000000000       5.563330043977E-002 -3.577154650772E-002  7.568804018763E-003
  -1.89892382563       -4.32911027146       -70.0000000000       6.030896237714E-002 -3.190072904136E-002  3.915604244721E-003
  -2.13628930384       -4.87024905539       -70.0000000000       6.160509156710E-002 -4.431177549294E-002  2.934978737955E-003
  -2.37365478204       -5.41138783933       -70.0000000000       2.441451407570E-002 -4.232224390183E-002  1.896373628916E-003
  -2.61102026024       -5.95252662326       -70.0000000000       2.161907566694E-003 -2.189323864852E-002  1.160239377878E-003
   0.00000000000        0.00000000000       -70.0000000000       7.137001137229E-002  3.121406035883E-003  8.425745486347E-004
 -4.879688596092E-002 -0.588890836777       -70.0000000000       8.340104168374E-002  8.542685092500E-003  6.515403957124E-004
 -9.759377192185E-002  -1.17778167355       -70.0000000000       9.431739640412E-002  1.282432296109E-002  2.897400097528E-004
 -0.146390657883       -1.76667251033       -70.0000000000       0.106987939679       1.774346091346E-002  9.921755056895E-005
 -0.195187543844       -2.35556334711       -70.0000000000       0.150831657143       8.669746067056E-002  1.871937980229E-002
 -0.243984429805       -2.94445418388       -70.0000000000       7.585678159735E-002 -1.250456040128E-002 -3.111020840496E-003
 -0.292781315766       -3.53334502066       -70.0000000000       7.171363693200E-002 -1.433750478100E-002  1.801290195024E-005
 -0.341578201726       -4.12223585744       -70.0000000000       6.660742211852E-002 -1.092659272827E-002  1.058196480681E-004
 -0.390375087687       -4.71112669421       -70.0000000000       6.079225773966E-002 -9.153210550470E-003  5.739827635958E-004
 -0.439171973648       -5.30001753099       -70.0000000000       5.128397232735E-002 -7.810918406630E-003  7.570800366601E-004
 -0.487968859609       -5.88890836777       -70.0000000000       4.404051867665E-002 -8.944260801639E-003  6.629763320746E-004
 -0.536765745570       -6.47779920454       -70.0000000000       3.749824215501E-002 -1.055101057749E-002  4.498651588267E-004
   0.00000000000        0.00000000000       -70.0000000000       7.137001137229E-002  3.121406035883E-003  8.425745486347E-004
  0.145059606038      -0.572827429873       -70.0000000000       7.458827057559E-002  7.446189313904E-004 -7.841135715286E-004
  0.290119212075       -1.14565485975       -70.0000000000       7.956108225289E-002 -7.918520736686E-004 -2.117141967473E-003
  0.435178818113       -1.71848228962       -70.0000000000       0.107480290659       1.276690606070E-003 -1.856537348022E-003
  0.580238424151       -2.29130971949       -70.0000000000       0.116801183233      -3.893263014183E-002 -6.011375949426E-003
  0.725298030189       -2.86413714937       -70.0000000000       9.480658723789E-002  8.228863279683E-002 -2.212378594131E-003
  0.870357636226       -3.43696457924       -70.0000000000       6.784573355827E-002  1.270883952839E-002 -5.485780078412E-003
   1.01541724226       -4.00979200911       -70.0000000000       6.194259532454E-002  1.559304919544E-002 -4.111973985504E-003
   1.16047684830       -4.58261943899       -70.0000000000       5.680242044345E-002  1.898060623608E-002 -2.912973230268E-003
   1.30553645434       -5.15544686886       -70.0000000000       5.038768280730E-002  2.144367543065E-002 -2.123584145858E-003
   1.45059606038       -5.72827429873       -70.0000000000       3.866641291153E-002  1.737557598526E-002 -1.871322899584E-003
   1.59565566642       -6.30110172861       -70.0000000000       2.852045717726E-002  1.317028604379E-002 -1.288289586716E-003
   0.00000000000        0.00000000000       -70.0000000000       7.137001137229E-002  3.121406035883E-003  8.425745486347E-004
  0.323196638891      -0.494689282610       -70.0000000000       6.491163749263E-002 -7.322536217492E-003 -2.122405096589E-003
  0.646393277781      -0.989378565219       -70.0000000000       7.912286030260E-002 -4.764666724877E-003 -2.368950619663E-003
  0.969589916672       -1.48406784783       -70.0000000000       0.102508707469      -1.333320892787E-002 -3.417762578252E-003
   1.29278655556       -1.97875713044       -70.0000000000       0.101850103207      -5.013828843347E-002 -8.698434409916E-003
   1.61598319445       -2.47344641305       -70.0000000000       4.960527265118E-002  7.160448791694E-003 -4.674773704862E-003
   1.93917983334       -2.96813569566       -70.0000000000       4.585353599456E-002  8.333843694671E-003 -5.783929386575E-003
   2.26237647223       -3.46282497827       -70.0000000000       5.118474523823E-002  7.966617286825E-003 -4.363384666943E-003
   2.58557311112       -3.95751426088       -70.0000000000       5.921051812981E-002  7.409582592335E-003 -4.147145835564E-003
   2.90876975001       -4.45220354349       -70.0000000000       6.956096029325E-002  1.804180958265E-003 -3.662382237087E-003
   3.23196638891       -4.94689282610       -70.0000000000       6.951212634224E-002 -2.986954868085E-002 -2.567054207756E-003
   3.55516302780       -5.44158210871       -70.0000000000       3.804648638622E-002 -2.330830627889E-002 -1.703446718008E-003
   0.00000000000        0.00000000000       -70.0000000000       7.137001137229E-002  3.121406035883E-003  8.425745486347E-004
  0.466310301007      -0.362943875680       -70.0000000000       5.623161744594E-002 -1.395453383377E-002 -3.093933825295E-003
  0.932620602014      -0.725887751361       -70.0000000000       7.145149919855E-002 -1.161833463174E-002 -3.036938914745E-003
   1.39893090302       -1.08883162704       -70.0000000000       9.478137664626E-002 -1.814604133616E-002 -3.646669178410E-003
   1.86524120403       -1.45177550272       -70.0000000000       9.875469037036E-002 -5.080250072142E-002 -8.046221905886E-003
   2.33155150503       -1.81471937840       -70.0000000000       4.044995620871E-002  6.999054191164E-004 -3.346622215549E-003
   2.79786180604       -2.17766325408       -70.0000000000       4.638874322970E-002 -5.084969563272E-003 -4.166723220165E-003
   3.26417210705       -2.54060712976       -70.0000000000       4.774007416054E-002 -7.087321489715E-003 -4.264511635947E-003
   3.73048240806       -2.90355100544       -70.0000000000       4.799565833657E-002 -7.782602329205E-003 -3.790172264476E-003
   4.19679270906       -3.26649488112       -70.0000000000       4.719493865299E-002 -8.572063897797E-003 -3.311892828887E-003
   4.66310301007       -3.62943875680       -70.0000000000       4.581040547641E-002 -8.658146238468E-003 -3.155547121803E-003
   5.12941331108       -3.99238263248       -70.0000000000       4.424207242819E-002 -8.094032768912E-003 -2.467326123150E-003
   0.00000000000        0.00000000000       -70.0000000000       7.137001137229E-002  3.121406035883E-003  8.425745486347E-004
  0.558892006459      -0.191867868166       -70.0000000000       4.948882529196E-002 -1.843269406967E-002 -3.593419545070E-003
   1.11778401292      -0.383735736333       -70.0000000000       5.606258883033E-002 -2.090695447750E-002 -4.117091482200E-003
   1.67667601938      -0.575603604499       -70.0000000000       8.397701323449E-002 -1.431636230547E-002 -2.755436083610E-003
   2.23556802584      -0.767471472666       -70.0000000000       9.124540066485E-002 -3.517216324296E-002 -5.630722549856E-003
   2.79446003230      -0.959339340832       -70.0000000000       4.424050679675E-002 -6.815148280561E-003 -4.085046101607E-003
   3.35335203876       -1.15120720900       -70.0000000000       4.568946053060E-002 -9.295233118005E-003 -4.439262896089E-003
   3.91224404522       -1.34307507716       -70.0000000000       4.646574411461E-002 -7.912234589134E-003 -4.308410106819E-003
   4.47113605168       -1.53494294533       -70.0000000000       4.657395492884E-002 -6.467911758829E-003 -4.211930070152E-003
   5.03002805814       -1.72681081350       -70.0000000000       4.726112740880E-002 -5.240134509134E-003 -4.152064177645E-003
   5.58892006459       -1.91867868166       -70.0000000000       4.683111620425E-002 -4.356791500160E-003 -3.955794722908E-003
   6.14781207105       -2.11054654983       -70.0000000000       4.297545180483E-002 -9.462666001413E-004 -2.968207616452E-003
   0.00000000000        0.00000000000       -70.0000000000       7.137001137229E-002  3.121406035883E-003  8.425745486347E-004
  0.590909090909        0.00000000000       -70.0000000000       4.541394718577E-002 -2.027173877782E-002 -3.566735227856E-003
   1.18181818182      -1.172487511250E-015  -70.0000000000       3.519711375511E-002 -3.149462241098E-002 -5.462562483054E-003
   1.77272727273        0.00000000000       -70.0000000000       5.220952806917E-002 -2.921839660379E-002 -4.741965478178E-003
   2.36363636364        0.00000000000       -70.0000000000       7.675314380516E-002 -1.950790803861E-002 -3.331649710382E-003
   2.95454545455        0.00000000000       -70.0000000000       4.933170747487E-002 -7.054162930259E-003 -3.480936581571E-003
   3.54545454545        0.00000000000       -70.0000000000       5.075857998113E-002 -5.935828566744E-003 -3.404119642917E-003
   4.13636363636        0.00000000000       -70.0000000000       5.095305565318E-002 -5.037489565711E-003 -3.217616848933E-003
   4.72727272727        0.00000000000       -70.0000000000       5.114753132523E-002 -4.139150564678E-003 -3.031114054949E-003
   5.31818181818        0.00000000000       -70.0000000000       5.080894192110E-002 -3.752768237022E-003 -2.859387637729E-003
   5.90909090909        0.00000000000       -70.0000000000       4.982013838579E-002 -4.446787606248E-003 -2.560245412587E-003
   6.50000000000        0.00000000000       -70.0000000000       4.882551000829E-002 -3.118797509948E-003 -1.755016606827E-003
