 12 20 1 1
 1 X [LENGU]
 2 Y [LENGU]
 3 Z [LENGU]
 4 Hx [FIELU]
 5 Hy [FIELU]
 6 Hz [FIELU]
 0
   0.00000000000        0.00000000000       -2.16000000000        3.07843879230      -1.050782767208E-002 -4.852588217090E-003
  0.590909090909        0.00000000000       -2.16000000000        3.09151604121      -9.163760842644E-003 -2.258812059314E-003
   1.18181818182        0.00000000000       -2.16000000000        3.10448394028      -4.919452873102E-003  5.925243084354E-004
   1.77272727273        0.00000000000       -2.16000000000        3.08799918302       3.934207473125E-005 -1.064232500130E-003
   2.36363636364        0.00000000000       -2.16000000000        3.07948059234       8.953595295553E-004 -3.259726961117E-003
   2.95454545455        0.00000000000       -2.16000000000        2.95874061495       1.336927452806E-003 -1.416589580226E-002
   3.54545454545        0.00000000000       -2.16000000000        2.83177329332      -4.298059123767E-002 -3.485504498404E-002
   4.13636363636        0.00000000000       -2.16000000000        2.69853715560      -3.360729432496E-002 -5.233327164239E-002
   4.72727272727        0.00000000000       -2.16000000000        2.56185028375      -3.411477336547E-003 -6.617556680720E-002
   5.31818181818        0.00000000000       -2.16000000000        2.39573291239       8.364862744658E-003 -8.216103308792E-002
   5.90909090909        0.00000000000       -2.16000000000        2.22056262616      -1.281018855792E-002 -0.138930373735     
   6.50000000000        0.00000000000       -2.16000000000        2.04644451186       1.739209256040E-002 -0.168089328471     
   0.00000000000        0.00000000000       -2.16000000000        3.07843879230      -1.050782767208E-002 -4.852588217090E-003
  0.558892006459       0.191867868166       -2.16000000000        3.10244447388      -6.899934210557E-003 -9.673092841612E-004
   1.11778401292       0.383735736333       -2.16000000000        3.11796535633       1.753180604793E-004  1.684707356906E-003
   1.67667601938       0.575603604499       -2.16000000000        3.09507375497       7.621205702344E-003 -1.220717744301E-003
   2.23556802584       0.767471472666       -2.16000000000        3.06282088981       2.324232229473E-002 -6.263875566136E-003
   2.79446003230       0.959339340832       -2.16000000000        3.02400111954       6.447038858259E-002 -6.106275225610E-003
   3.35335203876        1.15120720900       -2.16000000000        2.88587287717       0.201403427219      -2.361773656829E-002
   3.91224404522        1.34307507716       -2.16000000000        2.76604236095       0.283194452556      -4.073418115725E-002
   4.47113605168        1.53494294533       -2.16000000000        2.63864502064       0.346897806488      -5.380346412749E-002
   5.03002805814        1.72681081350       -2.16000000000        2.45447783593       0.399196274571      -6.982643778346E-002
   5.58892006459        1.91867868166       -2.16000000000        2.24028311145       0.432836326987      -9.402837921000E-002
   6.14781207105        2.11054654983       -2.16000000000        1.93819063651       0.386972973997      -0.114757967907     
   0.00000000000        0.00000000000       -2.16000000000        3.07843879230      -1.050782767208E-002 -4.852588217090E-003
  0.466310301007       0.362943875680       -2.16000000000        3.10994524838      -5.074637241656E-003 -1.316560809767E-004
  0.932620602014       0.725887751361       -2.16000000000        3.12384941187       5.445641393617E-003  1.697353123300E-003
   1.39893090302        1.08883162704       -2.16000000000        3.10742411795       1.865446382571E-002 -7.119924375984E-004
   1.86524120403        1.45177550272       -2.16000000000        3.07265651951       3.457733219835E-002 -5.839638655130E-003
   2.33155150503        1.81471937840       -2.16000000000        3.34040545795       5.458910298230E-002 -4.088519519305E-003
   2.79786180604        2.17766325408       -2.16000000000        3.35351671483       0.290429513491      -4.609191570041E-003
   3.26417210705        2.54060712976       -2.16000000000        3.40086234777       0.707322165256      -1.172333627428E-002
   3.73048240806        2.90355100544       -2.16000000000        3.24540791704       0.833000044280      -2.827310757744E-002
   4.19679270906        3.26649488112       -2.16000000000        3.03272701579       0.989450606916      -6.532635566387E-002
   4.66310301007        3.62943875680       -2.16000000000        2.72493048185        1.27213334247      -0.121808734321     
   5.12941331108        3.99238263248       -2.16000000000        2.32738069339        1.45571475920      -0.223695195557     
   0.00000000000        0.00000000000       -2.16000000000        3.07843879230      -1.050782767208E-002 -4.852588217090E-003
  0.323196638891       0.494689282610       -2.16000000000        3.11314304383      -3.861820251516E-003  1.597596236711E-004
  0.646393277781       0.989378565219       -2.16000000000        3.11031831601       1.378519638679E-002 -8.873157092441E-004
  0.969589916672        1.48406784783       -2.16000000000        3.11673575578       2.594391940471E-002 -5.048029588730E-004
   1.29278655556        1.97875713044       -2.16000000000        3.10954708967       2.356888241192E-002 -1.656599557842E-003
   1.61598319445        2.47344641305       -2.16000000000        3.47303592613      -3.699397309695E-002 -3.601924700153E-003
   1.93917983334        2.96813569566       -2.16000000000        3.62012254124      -0.213635034310       7.081907568355E-003
   2.26237647223        3.46282497827       -2.16000000000        3.92501363600      -0.189824155973       9.001365037801E-003
   2.58557311112        3.95751426088       -2.16000000000        4.68072966694       4.140536491199E-002 -5.902514721856E-003
   2.90876975001        4.45220354349       -2.16000000000        5.79466374715        1.01300219237      -4.235689522541E-002
   3.23196638891        4.94689282610       -2.16000000000        5.43347994163        4.61793107005      -7.757166167543E-002
   3.55516302780        5.44158210871       -2.16000000000        1.31612437172        4.37195098658      -9.641919458021E-002
   0.00000000000        0.00000000000       -2.16000000000        3.07843879230      -1.050782767208E-002 -4.852588217090E-003
  0.145059606038       0.572827429873       -2.16000000000        3.11218335299      -3.580671863637E-003 -1.417106127222E-004
  0.290119212075        1.14565485975       -2.16000000000        3.10786882788       1.461555555220E-002 -1.575540642368E-003
  0.435178818113        1.71848228962       -2.16000000000        3.12739127324       1.287518135902E-002  3.708272957573E-004
  0.580238424151        2.29130971949       -2.16000000000        3.14404013674       1.895680923888E-002  2.804182106442E-003
  0.725298030189        2.86413714937       -2.16000000000        3.47903822855      -0.100031799561       2.119406793238E-003
  0.870357636226        3.43696457924       -2.16000000000        3.36935976137      -0.359905055924       1.504227905913E-002
   1.01541724226        4.00979200911       -2.16000000000        3.23217159236      -0.519648909542       4.909084750136E-003
   1.16047684830        4.58261943899       -2.16000000000        2.93214150745       -1.33628197464       8.660301446428E-003
   1.30553645434        5.15544686886       -2.16000000000        2.13736959844       -1.66945052505      -4.893730933355E-003
   1.45059606038        5.72827429873       -2.16000000000       0.981536355038       -1.76711374758      -3.574808410949E-003
   1.59565566642        6.30110172861       -2.16000000000       0.134557052560       -1.15995987853       1.035749962945E-002
   0.00000000000        0.00000000000       -2.16000000000        3.07843879230      -1.050782767208E-002 -4.852588217090E-003
 -4.879688596092E-002  0.588890836777       -2.16000000000        3.10717017325      -4.261658868313E-003 -1.003397812251E-003
 -9.759377192185E-002   1.17778167355       -2.16000000000        3.10865107144       1.083963520273E-002 -1.588116605250E-003
 -0.146390657883        1.76667251033       -2.16000000000        3.12899040461       6.368047375255E-003  5.429902066604E-004
 -0.195187543844        2.35556334711       -2.16000000000        3.13928915526       1.853736001964E-002  3.039809319754E-003
 -0.243984429805        2.94445418388       -2.16000000000        3.44568297800       1.443715976923E-002  3.901500182148E-003
 -0.292781315766        3.53334502066       -2.16000000000        2.86962808896       3.180945130275E-002  8.890136910987E-003
 -0.341578201726        4.12223585744       -2.16000000000        2.79045333440       0.340124593662       3.569018452479E-003
 -0.390375087687        4.71112669421       -2.16000000000        2.33552575666       0.391234978558       1.765754422431E-002
 -0.439171973648        5.30001753099       -2.16000000000        1.90564301876       0.493116766737       1.731087764987E-002
 -0.487968859609        5.88890836777       -2.16000000000        1.23435360409       0.460344657494       7.962800403487E-003
 -0.536765745570        6.47779920454       -2.16000000000       0.638977647756       0.488861418057      -2.078184674746E-003
   0.00000000000        0.00000000000       -2.16000000000        3.07843879230      -1.050782767208E-002 -4.852588217090E-003
 -0.237365478204       0.541138783933       -2.16000000000        3.09864676042      -5.830985756985E-003 -2.331924796391E-003
 -0.474730956408        1.08227756787       -2.16000000000        3.11155133548       3.246085264686E-003 -1.087921690898E-003
 -0.712096434612        1.62341635180       -2.16000000000        3.12143815925       5.184550754912E-003 -8.455453644535E-005
 -0.949461912816        2.16455513573       -2.16000000000        3.09852745419       0.118838685048       1.867300885777E-003
  -1.18682739102        2.70569391966       -2.16000000000        3.42649986991       7.749108860759E-002  1.444486775290E-002
  -1.42419286922        3.24683270360       -2.16000000000        3.46585648208       0.189293786826       9.233943383246E-003
  -1.66155834743        3.78797148753       -2.16000000000        3.70195380431       0.483479372358       3.576465536948E-003
  -1.89892382563        4.32911027146       -2.16000000000        4.18965431583        1.00894857481       2.644463352982E-002
  -2.13628930384        4.87024905539       -2.16000000000        4.71963640465        3.38276600160       5.688278819108E-002
  -2.37365478204        5.41138783933       -2.16000000000       0.389348060325        3.60357614343       6.802570817297E-002
  -2.61102026024        5.95252662326       -2.16000000000       -3.38454359725       0.917822098491       6.674588532528E-002
   0.00000000000        0.00000000000       -2.16000000000        3.07843879230      -1.050782767208E-002 -4.852588217090E-003
 -0.400211837779       0.434745947216       -2.16000000000        3.08778311628      -7.987278585008E-003 -3.952451158113E-003
 -0.800423675558       0.869491894432       -2.16000000000        3.10029587235      -3.777899205446E-003 -2.655241780444E-003
  -1.20063551334        1.30423784165       -2.16000000000        3.11028470213       6.155463756327E-003 -1.412460852864E-003
  -1.60084735112        1.73898378886       -2.16000000000        3.11838805927       2.132049471912E-002  5.950562416239E-004
  -2.00105918889        2.17372973608       -2.16000000000        3.34116190372       8.976921739797E-002  2.734246734025E-003
  -2.40127102667        2.60847568330       -2.16000000000        3.51541770484      -0.153822104189      -8.063030015881E-004
  -2.80148286445        3.04322163051       -2.16000000000        3.57876205563      -0.388494983881       1.693222555337E-002
  -3.20169470223        3.47796757773       -2.16000000000        3.80442611720      -0.818962854813       5.768624792028E-002
  -3.60190654001        3.91271352494       -2.16000000000        3.78228840859       -1.32444895649       0.103204375959     
  -4.00211837779        4.34745947216       -2.16000000000        3.14035777055       -1.90715570301       0.216202998601     
  -4.40233021557        4.78220541938       -2.16000000000        2.33649463769       -2.19530485433       0.298770932851     
   0.00000000000        0.00000000000       -2.16000000000        3.07843879230      -1.050782767208E-002 -4.852588217090E-003
 -0.519689034804       0.281241641340       -2.16000000000        3.08123087551      -7.578922812180E-003 -5.003309513461E-003
  -1.03937806961       0.562483282680       -2.16000000000        3.09350022999      -1.147838970631E-002 -3.218702681586E-003
  -1.55906710441       0.843724924020       -2.16000000000        3.08974283567      -6.700489660990E-004 -4.094956440098E-003
  -2.07875613922        1.12496656536       -2.16000000000        3.09149001151      -1.234177878101E-002 -4.184272345132E-003
  -2.59844517402        1.40620820670       -2.16000000000        3.22577040401      -9.401291142217E-002  1.626411932732E-002
  -3.11813420882        1.68744984804       -2.16000000000        3.13898819373      -0.297053557027       1.670386003698E-002
  -3.63782324363        1.96869148938       -2.16000000000        3.03501706538      -0.423241991799       1.710953855591E-002
  -4.15751227843        2.24993313072       -2.16000000000        2.84586310162      -0.509058318656       3.150471742473E-002
  -4.67720131323        2.53117477206       -2.16000000000        2.67807136986      -0.620648850346       5.906599357553E-002
  -5.19689034804        2.81241641340       -2.16000000000        2.36903143702      -0.700940270416       0.107964022312     
  -5.71657938284        3.09365805474       -2.16000000000        2.03254345332      -0.795854561358       0.127371215394     
   0.00000000000        0.00000000000       -2.16000000000        3.07843879230      -1.050782767208E-002 -4.852588217090E-003
 -0.582849861102       9.726043971134E-002  -2.16000000000        3.07437606920      -7.487959327563E-003 -6.037834877666E-003
  -1.16569972220       0.194520879423       -2.16000000000        3.10314710709      -2.264563446365E-002 -1.027969044279E-003
  -1.74854958330       0.291781319134       -2.16000000000        3.08733896879      -5.248180619135E-004 -4.207406569953E-003
  -2.33139944441       0.389041758845       -2.16000000000        3.07482920167      -5.164100116955E-003 -5.527284539273E-003
  -2.91424930551       0.486302198557       -2.16000000000        3.07318886840      -4.377199939334E-002  1.322363728492E-002
  -3.49709916661       0.583562638268       -2.16000000000        2.94097020848      -5.759767668583E-002  1.695262075866E-002
  -4.07994902771       0.680823077979       -2.16000000000        2.81377734179      -9.021806066480E-002  1.423708007575E-002
  -4.66279888881       0.778083517691       -2.16000000000        2.66982859486      -0.115661186511      -7.813134429368E-004
  -5.24564874991       0.875343957402       -2.16000000000        2.51540182663      -0.117822159857      -2.898259781834E-002
  -5.82849861102       0.972604397113       -2.16000000000        2.34902559905      -0.121310946736      -1.053445684544E-002
  -6.41134847212        1.06986483682       -2.16000000000        2.43353928585      -2.335810835636E-002 -0.229214858551     
   0.00000000000        0.00000000000       -2.16000000000        3.07843879230      -1.050782767208E-002 -4.852588217090E-003
 -0.582849861102      -9.726043971134E-002  -2.16000000000        3.07537983944      -1.306914144896E-002 -5.429045677583E-003
  -1.16569972220      -0.194520879423       -2.16000000000        3.10468921161      -2.851324490640E-002 -3.668587729949E-004
  -1.74854958330      -0.291781319134       -2.16000000000        3.09179764742      -6.508035496945E-003 -3.417971186365E-003
  -2.33139944441      -0.389041758845       -2.16000000000        3.06998794673       3.726536040671E-003 -5.629362497642E-003
  -2.91424930551      -0.486302198557       -2.16000000000        3.09064943075       4.558281575363E-002  1.060562371065E-002
  -3.49709916661      -0.583562638268       -2.16000000000        3.02227578122       0.159556667025       1.470811221162E-002
  -4.07994902771      -0.680823077979       -2.16000000000        2.84218013714       0.155877832423       2.192404721588E-002
  -4.66279888881      -0.778083517691       -2.16000000000        2.70150488082       0.141156169763       3.158580981977E-003
  -5.24564874991      -0.875343957402       -2.16000000000        2.55193659272       0.138391326466       2.502100376698E-003
  -5.82849861102      -0.972604397113       -2.16000000000        2.34160348642       9.889488422175E-002 -1.717446779604E-002
  -6.41134847212       -1.06986483682       -2.16000000000        2.14001057240      -1.704350787225E-002 -0.198921371769     
   0.00000000000        0.00000000000       -2.16000000000        3.07843879230      -1.050782767208E-002 -4.852588217090E-003
 -0.519689034804      -0.281241641340       -2.16000000000        3.07512273540      -1.722547098254E-002 -5.082959782935E-003
  -1.03937806961      -0.562483282680       -2.16000000000        3.10724470145      -4.096481483958E-002  1.131473722337E-003
  -1.55906710441      -0.843724924020       -2.16000000000        3.10184174625      -1.885547595674E-002 -1.784198412711E-003
  -2.07875613922       -1.12496656536       -2.16000000000        3.09586323166       7.063351683714E-003 -2.596055127460E-003
  -2.59844517402       -1.40620820670       -2.16000000000        3.23659954760       8.282662152183E-002  7.058097037484E-003
  -3.11813420882       -1.68744984804       -2.16000000000        3.15887012825       0.248400914681       9.610565141089E-003
  -3.63782324363       -1.96869148938       -2.16000000000        3.05834020870       0.416437327390       2.278624232969E-002
  -4.15751227843       -2.24993313072       -2.16000000000        2.91738719093       0.575381914957       5.130583019105E-002
  -4.67720131323       -2.53117477206       -2.16000000000        2.74205923651       0.619660401889       5.796540425856E-002
  -5.19689034804       -2.81241641340       -2.16000000000        2.34384263073       0.733568602271       8.314857173742E-002
  -5.71657938284       -3.09365805474       -2.16000000000        1.95021486666       0.763719380293       8.962593457893E-002
   0.00000000000        0.00000000000       -2.16000000000        3.07843879230      -1.050782767208E-002 -4.852588217090E-003
 -0.400211837779      -0.434745947216       -2.16000000000        3.06991558334      -1.682842230862E-002 -5.796126701481E-003
 -0.800423675558      -0.869491894432       -2.16000000000        3.11038761208      -5.845007432866E-002  3.265520789942E-003
  -1.20063551334       -1.30423784165       -2.16000000000        3.11438105035      -3.532487821092E-002  1.801370275342E-003
  -1.60084735112       -1.73898378886       -2.16000000000        3.12474805232       1.123918386388E-003  1.415278758733E-003
  -2.00105918889       -2.17372973608       -2.16000000000        3.30799029591      -7.675293697084E-002  4.524846800905E-003
  -2.40127102667       -2.60847568330       -2.16000000000        3.27803378378       0.207210285169       9.181627593376E-003
  -2.80148286445       -3.04322163051       -2.16000000000        3.27988000623       0.466004001588       5.263864702268E-002
  -3.20169470223       -3.47796757773       -2.16000000000        3.52929703883       0.882611095041       8.206150883975E-002
  -3.60190654001       -3.91271352494       -2.16000000000        3.78434852088        1.37966473834       0.103948613768     
  -4.00211837779       -4.34745947216       -2.16000000000        3.28958335282        1.97459601629       0.195011815418     
  -4.40233021557       -4.78220541938       -2.16000000000        2.47189294382        2.04489383716       0.238685717933     
   0.00000000000        0.00000000000       -2.16000000000        3.07843879230      -1.050782767208E-002 -4.852588217090E-003
 -0.237365478204      -0.541138783933       -2.16000000000        3.06032265898      -1.192102181186E-002 -7.491263731670E-003
 -0.474730956408       -1.08227756787       -2.16000000000        3.09242539708      -4.147604455238E-002 -3.387922483478E-004
 -0.712096434612       -1.62341635180       -2.16000000000        3.12846805260      -4.797942247725E-002  6.124505771572E-003
 -0.949461912816       -2.16455513573       -2.16000000000        3.14216257530      -1.882246630727E-002  5.984068083392E-003
  -1.18682739102       -2.70569391966       -2.16000000000        3.36671181533      -8.493009419361E-002  1.262290944089E-002
  -1.42419286922       -3.24683270360       -2.16000000000        3.66352136029      -6.896209477869E-002  3.365565449921E-002
  -1.66155834743       -3.78797148753       -2.16000000000        4.02545848508      -0.644532127519       4.029956660996E-002
  -1.89892382563       -4.32911027146       -2.16000000000        4.06212649713       -1.21563469413       4.943153327285E-002
  -2.13628930384       -4.87024905539       -2.16000000000        4.10713354021       -3.59591579822       7.275637602117E-002
  -2.37365478204       -5.41138783933       -2.16000000000        2.71492991181       -3.79464137509       7.641610938069E-002
  -2.61102026024       -5.95252662326       -2.16000000000       -3.33241686689      -0.901049464728       8.285599445981E-002
   0.00000000000        0.00000000000       -2.16000000000        3.07843879230      -1.050782767208E-002 -4.852588217090E-003
 -4.879688596092E-002 -0.588890836777       -2.16000000000        3.05841079442      -1.098022230003E-002 -7.732823201223E-003
 -9.759377192185E-002  -1.17778167355       -2.16000000000        3.07051754727      -4.737878627478E-004 -6.020133574388E-003
 -0.146390657883       -1.76667251033       -2.16000000000        3.10376612907      -9.634834894256E-003  2.271851673785E-004
 -0.195187543844       -2.35556334711       -2.16000000000        3.13919675027      -4.382232486355E-002  7.999181677227E-003
 -0.243984429805       -2.94445418388       -2.16000000000        3.35870000654      -5.567820137419E-002  1.136292029657E-002
 -0.292781315766       -3.53334502066       -2.16000000000        3.07426785954       4.038465570191E-002  1.138381172406E-002
 -0.341578201726       -4.12223585744       -2.16000000000        2.72318176564      -0.160222329687       1.291325134283E-002
 -0.390375087687       -4.71112669421       -2.16000000000        2.36952273262      -0.374403533059       1.435538289403E-002
 -0.439171973648       -5.30001753099       -2.16000000000        1.88387269312      -0.499438756093       1.561918960795E-002
 -0.487968859609       -5.88890836777       -2.16000000000        1.22460954429      -0.517174274901       3.741917413186E-002
 -0.536765745570       -6.47779920454       -2.16000000000       0.795671292607      -0.390140342064       4.948367752818E-002
   0.00000000000        0.00000000000       -2.16000000000        3.07843879230      -1.050782767208E-002 -4.852588217090E-003
  0.145059606038      -0.572827429873       -2.16000000000        3.06153642905      -1.122695919845E-002 -6.985130552432E-003
  0.290119212075       -1.14565485975       -2.16000000000        3.07307433519       2.387689373753E-003 -5.149417533413E-003
  0.435178818113       -1.71848228962       -2.16000000000        3.08739365012       4.686925646433E-003 -3.466629524364E-003
  0.580238424151       -2.29130971949       -2.16000000000        3.09197802379      -1.468539970683E-002 -1.620024948855E-003
  0.725298030189       -2.86413714937       -2.16000000000        3.46399356655       0.193010896270       7.904103266770E-003
  0.870357636226       -3.43696457924       -2.16000000000        3.32129242976       0.360402523648       4.050100489510E-003
   1.01541724226       -4.00979200911       -2.16000000000        3.12425263192       0.719672234000       6.694503351757E-004
   1.16047684830       -4.58261943899       -2.16000000000        2.87805032232        1.11370586198      -2.940477184876E-003
   1.30553645434       -5.15544686886       -2.16000000000        2.17631592915        1.60620674274      -5.256322600508E-004
   1.45059606038       -5.72827429873       -2.16000000000       0.985056913228        1.76906736018      -1.095335882391E-002
   1.59565566642       -6.30110172861       -2.16000000000       6.893220486297E-002   1.16849930091      -9.417751335356E-003
   0.00000000000        0.00000000000       -2.16000000000        3.07843879230      -1.050782767208E-002 -4.852588217090E-003
  0.323196638891      -0.494689282610       -2.16000000000        3.06655240527      -1.116515745236E-002 -5.964116200730E-003
  0.646393277781      -0.989378565219       -2.16000000000        3.07307935833      -1.808006536996E-003 -4.382123319659E-003
  0.969589916672       -1.48406784783       -2.16000000000        3.08661573352      -1.061618287145E-002 -3.601803004711E-003
   1.29278655556       -1.97875713044       -2.16000000000        3.08628030296      -1.309946499949E-002 -4.245784650353E-003
   1.61598319445       -2.47344641305       -2.16000000000        3.42328316420       6.064563920289E-002 -5.286574492631E-003
   1.93917983334       -2.96813569566       -2.16000000000        3.74672259561       0.118719900587      -1.424391035762E-002
   2.26237647223       -3.46282497827       -2.16000000000        4.11767206955       0.122501996883      -2.408265192004E-002
   2.58557311112       -3.95751426088       -2.16000000000        4.57251924358      -6.695587741807E-002 -3.885839942217E-002
   2.90876975001       -4.45220354349       -2.16000000000        5.80999943080       -1.00734274283      -6.335195950095E-002
   3.23196638891       -4.94689282610       -2.16000000000        5.56904702612       -4.76908260488      -7.984358521438E-002
   3.55516302780       -5.44158210871       -2.16000000000        1.52241140144       -4.46162685328      -0.105515855799     
   0.00000000000        0.00000000000       -2.16000000000        3.07843879230      -1.050782767208E-002 -4.852588217090E-003
  0.466310301007      -0.362943875680       -2.16000000000        3.07279192641      -1.128559976203E-002 -4.869065325999E-003
  0.932620602014      -0.725887751361       -2.16000000000        3.06798699555      -9.618123671624E-003 -4.425893512676E-003
   1.39893090302       -1.08883162704       -2.16000000000        3.08383848571      -1.002947172605E-002 -2.241400014393E-003
   1.86524120403       -1.45177550272       -2.16000000000        3.06526975492      -2.202887089807E-002 -3.773737160059E-003
   2.33155150503       -1.81471937840       -2.16000000000        3.27303034636      -2.016400640139E-002 -1.479585407125E-002
   2.79786180604       -2.17766325408       -2.16000000000        3.24465893590      -0.202189987097      -3.261150114448E-002
   3.26417210705       -2.54060712976       -2.16000000000        3.24188672421      -0.413836868331      -4.868311963700E-002
   3.73048240806       -2.90355100544       -2.16000000000        3.24704869849      -0.657679329766      -6.107782191311E-002
   4.19679270906       -3.26649488112       -2.16000000000        3.06969359867       -1.02751836469      -0.114106942093     
   4.66310301007       -3.62943875680       -2.16000000000        2.76438813408       -1.34646414720      -0.197311712709     
   5.12941331108       -3.99238263248       -2.16000000000        2.34678463532       -1.37142799828      -0.288812536107     
   0.00000000000        0.00000000000       -2.16000000000        3.07843879230      -1.050782767208E-002 -4.852588217090E-003
  0.558892006459      -0.191867868166       -2.16000000000        3.07957884354      -1.157523433436E-002 -3.818643681981E-003
   1.11778401292      -0.383735736333       -2.16000000000        3.08131437529      -1.030355800290E-002 -2.356382256145E-003
   1.67667601938      -0.575603604499       -2.16000000000        3.08306567200      -9.023497930327E-003 -8.921485133010E-004
   2.23556802584      -0.767471472666       -2.16000000000        3.04337349326      -1.575437779949E-002 -3.066054098043E-003
   2.79446003230      -0.959339340832       -2.16000000000        3.02489919205      -4.249938682043E-002 -1.535787944492E-002
   3.35335203876       -1.15120720900       -2.16000000000        2.90995183419      -0.175732700479      -3.496754822796E-002
   3.91224404522       -1.34307507716       -2.16000000000        2.80404908554      -0.258381886492      -5.487712269324E-002
   4.47113605168       -1.53494294533       -2.16000000000        2.69152268805      -0.340330596825      -6.666866280798E-002
   5.03002805814       -1.72681081350       -2.16000000000        2.48750358367      -0.409908486204      -8.891898344026E-002
   5.58892006459       -1.91867868166       -2.16000000000        2.25539450526      -0.459838036601      -0.108801079390     
   6.14781207105       -2.11054654983       -2.16000000000        2.00413297880      -0.482574893176      -9.487624092642E-002
   0.00000000000        0.00000000000       -2.16000000000        3.07843879230      -1.050782767208E-002 -4.852588217090E-003
  0.590909090909        0.00000000000       -2.16000000000        3.09151604121      -9.163760842644E-003 -2.258812059314E-003
   1.18181818182      -1.172487511250E-015  -2.16000000000        3.10448394028      -4.919452873102E-003  5.925243084354E-004
   1.77272727273        0.00000000000       -2.16000000000        3.08799918302       3.934207473125E-005 -1.064232500130E-003
   2.36363636364        0.00000000000       -2.16000000000        3.07948059234       8.953595295553E-004 -3.259726961117E-003
   2.95454545455        0.00000000000       -2.16000000000        2.95874061495       1.336927452806E-003 -1.416589580226E-002
   3.54545454545        0.00000000000       -2.16000000000        2.83177329332      -4.298059123767E-002 -3.485504498404E-002
   4.13636363636        0.00000000000       -2.16000000000        2.69853715560      -3.360729432496E-002 -5.233327164239E-002
   4.72727272727        0.00000000000       -2.16000000000        2.56185028375      -3.411477336547E-003 -6.617556680720E-002
   5.31818181818        0.00000000000       -2.16000000000        2.39573291239       8.364862744658E-003 -8.216103308792E-002
   5.90909090909        0.00000000000       -2.16000000000        2.22056262616      -1.281018855792E-002 -0.138930373735     
   6.50000000000        0.00000000000       -2.16000000000        2.04644451186       1.739209256040E-002 -0.168089328471     
