 12 20 1 1
 1 X [LENGU]
 2 Y [LENGU]
 3 Z [LENGU]
 4 Hx [FIELU]
 5 Hy [FIELU]
 6 Hz [FIELU]
 0
   0.00000000000        0.00000000000        70.0000000000        2.92501503830      -6.858922672330E-002 -5.801831252080E-003
  0.590909090909        0.00000000000        70.0000000000        2.92593656794      -6.240527665899E-002 -4.487075485325E-003
   1.18181818182        0.00000000000        70.0000000000        2.93268608121      -4.413398229929E-002 -2.196096002104E-003
   1.77272727273        0.00000000000        70.0000000000        2.94579873723      -2.874712116670E-002  8.344851360326E-004
   2.36363636364        0.00000000000        70.0000000000        2.96029793111      -1.323915231834E-002  3.919633150320E-003
   2.95454545455        0.00000000000        70.0000000000        3.01264855743      -3.277182922278E-003  1.065023775494E-002
   3.54545454545        0.00000000000        70.0000000000        2.89763853235       3.037973328708E-005  9.882217226686E-003
   4.13636363636        0.00000000000        70.0000000000        2.78260821743       7.862958721128E-004  8.783784096048E-003
   4.72727272727        0.00000000000        70.0000000000        2.67536519134      -4.271676298005E-004  7.581633664862E-003
   5.31818181818        0.00000000000        70.0000000000        2.53441929149      -6.267876624696E-003  9.143181682130E-003
   5.90909090909        0.00000000000        70.0000000000        2.39716789344      -6.465730927819E-003  8.018316204882E-003
   6.50000000000        0.00000000000        70.0000000000        2.25991649539      -6.663585230942E-003  6.893450727633E-003
   0.00000000000        0.00000000000        70.0000000000        2.92501503830      -6.858922672330E-002 -5.801831252080E-003
  0.558892006459       0.191867868166        70.0000000000        2.92852520200      -5.765877441449E-002 -4.036263394838E-003
   1.11778401292       0.383735736333        70.0000000000        2.94123904502      -3.613353447705E-002 -7.518720931636E-004
   1.67667601938       0.575603604499        70.0000000000        2.95748847305      -1.635556228513E-002  3.110052649542E-003
   2.23556802584       0.767471472666        70.0000000000        2.96849573494      -1.972187900212E-003  5.242429476463E-003
   2.79446003230       0.959339340832        70.0000000000        3.07147118896       6.402271436742E-002  8.669846679166E-003
   3.35335203876        1.15120720900        70.0000000000        2.98861200028       0.205516939721       1.084910069439E-002
   3.91224404522        1.34307507716        70.0000000000        2.91887770860       0.298158310113       1.176417201418E-002
   4.47113605168        1.53494294533        70.0000000000        2.84162683340       0.393607692055       1.188660919174E-002
   5.03002805814        1.72681081350        70.0000000000        2.55945518432       0.438579167167       1.016624783069E-002
   5.58892006459        1.91867868166        70.0000000000        2.32494643340       0.420192676424       1.865179956156E-002
   6.14781207105        2.11054654983        70.0000000000        2.11299506136       0.441494671853       4.263023968157E-002
   0.00000000000        0.00000000000        70.0000000000        2.92501503830      -6.858922672330E-002 -5.801831252080E-003
  0.466310301007       0.362943875680        70.0000000000        2.93018903976      -5.544513496833E-002 -3.868560833095E-003
  0.932620602014       0.725887751361        70.0000000000        2.94622022023      -3.243734695085E-002 -1.506881317873E-004
   1.39893090302        1.08883162704        70.0000000000        2.95844362476      -1.312443474556E-002  3.225014355539E-003
   1.86524120403        1.45177550272        70.0000000000        2.96610738344       2.464972453755E-003  6.007383189293E-003
   2.33155150503        1.81471937840        70.0000000000        3.30443379566       5.139478007188E-002  7.257990375326E-003
   2.79786180604        2.17766325408        70.0000000000        3.25285481785       0.243037400749       1.019273235517E-002
   3.26417210705        2.54060712976        70.0000000000        3.22842266032       0.403951679508       1.144779387561E-002
   3.73048240806        2.90355100544        70.0000000000        3.19181786750       0.786916382499       1.085498207439E-002
   4.19679270906        3.26649488112        70.0000000000        3.11948404900        1.18860251688      -1.708589516076E-002
   4.66310301007        3.62943875680        70.0000000000        2.94776324924        1.59999858084      -3.642168865985E-002
   5.12941331108        3.99238263248        70.0000000000        2.43300672052        1.55568079127      -3.153723273348E-002
   0.00000000000        0.00000000000        70.0000000000        2.92501503830      -6.858922672330E-002 -5.801831252080E-003
  0.323196638891       0.494689282610        70.0000000000        2.93074777858      -5.600424050266E-002 -4.002140974833E-003
  0.646393277781       0.989378565219        70.0000000000        2.94708981921      -3.344595899141E-002 -4.576917285199E-004
  0.969589916672        1.48406784783        70.0000000000        2.95703034750      -1.560202627124E-002  2.436377371532E-003
   1.29278655556        1.97875713044        70.0000000000        2.96390899948      -6.110960550901E-003  5.186762734470E-003
   1.61598319445        2.47344641305        70.0000000000        3.43311839665      -5.478319444366E-002  4.122327219346E-003
   1.93917983334        2.96813569566        70.0000000000        3.61895698881      -9.358832012794E-002  3.039262122253E-003
   2.26237647223        3.46282497827        70.0000000000        3.97021154659      -9.869729140051E-002 -2.839772273533E-004
   2.58557311112        3.95751426088        70.0000000000        4.75542769379       0.111361123193      -2.051469653255E-003
   2.90876975001        4.45220354349        70.0000000000        5.79346090105       0.893518944946       8.043089737844E-003
   3.23196638891        4.94689282610        70.0000000000        5.41817517310        5.13161997791       3.647577194499E-003
   3.55516302780        5.44158210871        70.0000000000        1.69790127671        4.14802872306       3.240188094810E-004
   0.00000000000        0.00000000000        70.0000000000        2.92501503830      -6.858922672330E-002 -5.801831252080E-003
  0.145059606038       0.572827429873        70.0000000000        2.93014087045      -5.927550325741E-002 -4.422528338986E-003
  0.290119212075        1.14565485975        70.0000000000        2.94375360741      -3.905007183391E-002 -1.639614280004E-003
  0.435178818113        1.71848228962        70.0000000000        2.95340179177      -2.351985137656E-002  8.296027517012E-004
  0.580238424151        2.29130971949        70.0000000000        2.96092641089      -4.241785017065E-002  3.782372158649E-004
  0.725298030189        2.86413714937        70.0000000000        3.44779295338      -0.151761915262      -4.572734911097E-004
  0.870357636226        3.43696457924        70.0000000000        3.53682047685      -0.246409393445      -2.614303197755E-003
   1.01541724226        4.00979200911        70.0000000000        3.18043089543      -0.590488113546      -7.555713113915E-003
   1.16047684830        4.58261943899        70.0000000000        2.90333721764       -1.09286201765      -1.171180163522E-003
   1.30553645434        5.15544686886        70.0000000000        2.27886778011       -1.68196559433      -1.261676088243E-002
   1.45059606038        5.72827429873        70.0000000000        1.08629893229       -1.72877917000      -2.835156105850E-002
   1.59565566642        6.30110172861        70.0000000000       3.468604497030E-002  -1.24280413102      -1.468194238356E-002
   0.00000000000        0.00000000000        70.0000000000        2.92501503830      -6.858922672330E-002 -5.801831252080E-003
 -4.879688596092E-002  0.588890836777        70.0000000000        2.92843408328      -6.490443115423E-002 -5.084167431665E-003
 -9.759377192185E-002   1.17778167355        70.0000000000        2.93687701049      -4.877675957112E-002 -3.519528866112E-003
 -0.146390657883        1.76667251033        70.0000000000        2.94795116790      -3.601989085366E-002 -1.421190542217E-003
 -0.195187543844        2.35556334711        70.0000000000        2.95428944422      -6.538759582919E-002 -3.654640368061E-003
 -0.243984429805        2.94445418388        70.0000000000        3.45191452922       6.784489040298E-002 -8.058661035399E-003
 -0.292781315766        3.53334502066        70.0000000000        3.57868846107       0.197325426156      -2.802541088263E-003
 -0.341578201726        4.12223585744        70.0000000000        3.15776235263       0.209871944890      -3.004028948965E-003
 -0.390375087687        4.71112669421        70.0000000000        2.67132946250       0.381881591114      -1.082226170271E-003
 -0.439171973648        5.30001753099        70.0000000000        1.95625446745       0.466674803732       7.372272435423E-004
 -0.487968859609        5.88890836777        70.0000000000        1.29473577766       0.591465303642       5.604051425533E-003
 -0.536765745570        6.47779920454        70.0000000000       0.796761566103       0.535401106069       5.412808772101E-003
   0.00000000000        0.00000000000        70.0000000000        2.92501503830      -6.858922672330E-002 -5.801831252080E-003
 -0.237365478204       0.541138783933        70.0000000000        2.92911069018      -6.411195373094E-002 -5.359297280875E-003
 -0.474730956408        1.08227756787        70.0000000000        2.93320634205      -5.963468073858E-002 -4.916763309671E-003
 -0.712096434612        1.62341635180        70.0000000000        2.93745480967      -5.477892206640E-002 -4.448466177936E-003
 -0.949461912816        2.16455513573        70.0000000000        2.94436559697      -5.399285022532E-002 -4.247947945717E-003
  -1.18682739102        2.70569391966        70.0000000000        3.42837956482       0.112850133117      -9.283008639897E-003
  -1.42419286922        3.24683270360        70.0000000000        3.56384365201       0.322294821534      -5.568469683183E-003
  -1.66155834743        3.78797148753        70.0000000000        3.72024922859       0.561804549790      -1.880012892176E-003
  -1.89892382563        4.32911027146        70.0000000000        4.10276272685        1.19728776466      -5.635869231677E-005
  -2.13628930384        4.87024905539        70.0000000000        4.95444667044        3.21581753635       6.475557284912E-004
  -2.37365478204        5.41138783933        70.0000000000        1.26236241888        5.14894784940       1.710801776760E-003
  -2.61102026024        5.95252662326        70.0000000000       -3.00164230048       0.936095220478       3.300249865581E-003
   0.00000000000        0.00000000000        70.0000000000        2.92501503830      -6.858922672330E-002 -5.801831252080E-003
 -0.400211837779       0.434745947216        70.0000000000        2.93111211896      -5.942416464902E-002 -5.384206512113E-003
 -0.800423675558       0.869491894432        70.0000000000        2.93720919962      -5.025910257475E-002 -4.966581772147E-003
  -1.20063551334        1.30423784165        70.0000000000        2.94330628028      -4.109404050047E-002 -4.548957032180E-003
  -1.60084735112        1.73898378886        70.0000000000        2.94793666936      -3.829776606218E-002 -3.667549533650E-003
  -2.00105918889        2.17372973608        70.0000000000        3.19210336796       0.212276965205      -2.983401766326E-003
  -2.40127102667        2.60847568330        70.0000000000        3.49224796660      -0.152339044966      -1.245727788417E-002
  -2.80148286445        3.04322163051        70.0000000000        3.55558775747      -0.372834497561      -1.148327431600E-002
  -3.20169470223        3.47796757773        70.0000000000        3.79757888490      -0.697252914607      -1.785966702862E-002
  -3.60190654001        3.91271352494        70.0000000000        3.87424506776       -1.45627865906      -1.728013828063E-003
  -4.00211837779        4.34745947216        70.0000000000        3.61381233192       -2.25770389214       9.514157368735E-003
  -4.40233021557        4.78220541938        70.0000000000        2.89477762696       -2.26938762887       7.881321626209E-003
   0.00000000000        0.00000000000        70.0000000000        2.92501503830      -6.858922672330E-002 -5.801831252080E-003
 -0.519689034804       0.281241641340        70.0000000000        2.93615619716      -5.139838447284E-002 -4.837723031991E-003
  -1.03937806961       0.562483282680        70.0000000000        2.95188271567      -2.884485872668E-002 -3.110104211116E-003
  -1.55906710441       0.843724924020        70.0000000000        2.96361556309      -1.220492994354E-002 -1.858371043862E-003
  -2.07875613922        1.12496656536        70.0000000000        2.96055547133      -2.040462995347E-002 -2.550483278983E-003
  -2.59844517402        1.40620820670        70.0000000000        3.17083654865      -6.808585564819E-002 -1.041088741927E-002
  -3.11813420882        1.68744984804        70.0000000000        3.06843917709      -0.243887730764      -6.776991107845E-003
  -3.63782324363        1.96869148938        70.0000000000        2.96604180552      -0.419689605879      -3.143094796423E-003
  -4.15751227843        2.24993313072        70.0000000000        2.86364443395      -0.595491480994       4.908015149988E-004
  -4.67720131323        2.53117477206        70.0000000000        2.75633073763      -0.720787198938       2.139928640654E-003
  -5.19689034804        2.81241641340        70.0000000000        2.45837997673      -0.908726226412       8.386099732133E-003
  -5.71657938284        3.09365805474        70.0000000000        2.15690434798       -1.09556878729      -1.877510534018E-003
   0.00000000000        0.00000000000        70.0000000000        2.92501503830      -6.858922672330E-002 -5.801831252080E-003
 -0.582849861102       9.726043971134E-002   70.0000000000        2.94522840558      -3.911252244345E-002 -3.523958547909E-003
  -1.16569972220       0.194520879423        70.0000000000        2.97068566245      -6.389794146948E-003 -4.195695073793E-004
  -1.74854958330       0.291781319134        70.0000000000        2.98190848295       6.670660084776E-003  9.957237186859E-004
  -2.33139944441       0.389041758845        70.0000000000        2.98907910923       1.265250741782E-002  1.494703895060E-003
  -2.91424930551       0.486302198557        70.0000000000        3.00555628731      -6.030150994905E-002 -1.006760754370E-002
  -3.49709916661       0.583562638268        70.0000000000        2.88698092756      -0.111604203953      -9.075525249068E-003
  -4.07994902771       0.680823077979        70.0000000000        2.76840556780      -0.162906897957      -8.083442954434E-003
  -4.66279888881       0.778083517691        70.0000000000        2.64883827931      -0.189967838729      -8.282351322555E-003
  -5.24564874991       0.875343957402        70.0000000000        2.50551662817      -0.183913942295      -9.041255512621E-003
  -5.82849861102       0.972604397113        70.0000000000        2.35142577250      -0.184055698202      -9.158949498397E-003
  -6.41134847212        1.06986483682        70.0000000000        2.17240331153      -0.180743974799      -1.024332696955E-002
   0.00000000000        0.00000000000        70.0000000000        2.92501503830      -6.858922672330E-002 -5.801831252080E-003
 -0.582849861102      -9.726043971134E-002   70.0000000000        2.95172330487      -3.095566971779E-002 -2.529249043934E-003
  -1.16569972220      -0.194520879423        70.0000000000        2.98555313424      -6.670753230791E-003  1.696681555649E-003
  -1.74854958330      -0.291781319134        70.0000000000        2.99577549841       2.573133668653E-003  3.025858052826E-003
  -2.33139944441      -0.389041758845        70.0000000000        3.00535833570       2.315116159480E-002  4.279507874595E-003
  -2.91424930551      -0.486302198557        70.0000000000        3.01972758363       3.932034389750E-002 -5.012292941143E-003
  -3.49709916661      -0.583562638268        70.0000000000        2.90818873656       8.806706626675E-002 -5.005676224066E-003
  -4.07994902771      -0.680823077979        70.0000000000        2.79547310585       0.109295069139      -5.482112159558E-003
  -4.66279888881      -0.778083517691        70.0000000000        2.67275677152       0.144521428289      -6.122563599410E-003
  -5.24564874991      -0.875343957402        70.0000000000        2.54647985926       0.174145514211      -6.410336541609E-003
  -5.82849861102      -0.972604397113        70.0000000000        2.39640842551       0.201649583235      -8.542838077663E-003
  -6.41134847212       -1.06986483682        70.0000000000        2.17042284248       0.207484574098      -1.484218290995E-002
   0.00000000000        0.00000000000        70.0000000000        2.92501503830      -6.858922672330E-002 -5.801831252080E-003
 -0.519689034804      -0.281241641340        70.0000000000        2.95653450323      -3.294624215438E-002 -1.808550340998E-003
  -1.03937806961      -0.562483282680        70.0000000000        2.99271731668      -1.297736773144E-002  2.225547683637E-003
  -1.55906710441      -0.843724924020        70.0000000000        3.00805593660      -4.631115955104E-003  3.794992087424E-003
  -2.07875613922       -1.12496656536        70.0000000000        3.01482161027       1.510755511173E-002  5.895961208751E-003
  -2.59844517402       -1.40620820670        70.0000000000        3.16728408616       6.762392943141E-002 -2.987600791376E-003
  -3.11813420882       -1.68744984804        70.0000000000        3.07376183981       0.158119948371      -2.471382683272E-003
  -3.63782324363       -1.96869148938        70.0000000000        2.96349801782       0.320983224043       5.217951009776E-005
  -4.15751227843       -2.24993313072        70.0000000000        2.86080154201       0.490791796430       2.542400250666E-003
  -4.67720131323       -2.53117477206        70.0000000000        2.74000086897       0.710830025101       2.166573264480E-003
  -5.19689034804       -2.81241641340        70.0000000000        2.44843703088       0.890770377526      -1.599310558745E-002
  -5.71657938284       -3.09365805474        70.0000000000        2.00799887222        1.07234777328      -3.874247442431E-002
   0.00000000000        0.00000000000        70.0000000000        2.92501503830      -6.858922672330E-002 -5.801831252080E-003
 -0.400211837779      -0.434745947216        70.0000000000        2.95686962352      -3.756900937520E-002 -1.657243176575E-003
 -0.800423675558      -0.869491894432        70.0000000000        3.00039345840      -1.580702454936E-002  2.370452858552E-003
  -1.20063551334       -1.30423784165        70.0000000000        3.01516687110      -1.627240731305E-002  3.394720738396E-003
  -1.60084735112       -1.73898378886        70.0000000000        3.01913060240      -2.546934027988E-003  4.144623083263E-003
  -2.00105918889       -2.17372973608        70.0000000000        3.25934635171      -5.698746980071E-002 -3.434736432385E-003
  -2.40127102667       -2.60847568330        70.0000000000        3.58411340681       0.226639778036      -6.471921860034E-004
  -2.80148286445       -3.04322163051        70.0000000000        3.73910986323       0.489139859690      -4.531277379841E-004
  -3.20169470223       -3.47796757773        70.0000000000        3.89190703358       0.714623601822       2.157428379719E-004
  -3.60190654001       -3.91271352494        70.0000000000        3.88917599721        1.45083616064       1.589131906319E-002
  -4.00211837779       -4.34745947216        70.0000000000        3.53501314038        2.15842707955       7.210672073695E-002
  -4.40233021557       -4.78220541938        70.0000000000        3.06846697686        2.31382232103       7.639645625565E-003
   0.00000000000        0.00000000000        70.0000000000        2.92501503830      -6.858922672330E-002 -5.801831252080E-003
 -0.237365478204      -0.541138783933        70.0000000000        2.95269235028      -4.432302282226E-002 -2.091724029703E-003
 -0.474730956408       -1.08227756787        70.0000000000        2.97866133531      -0.102639606783       7.019897626432E-004
 -0.712096434612       -1.62341635180        70.0000000000        3.00578045850      -6.772719726023E-002  1.884771024496E-003
 -0.949461912816       -2.16455513573        70.0000000000        2.98658894669      -0.182846662553      -5.496499362331E-003
  -1.18682739102       -2.70569391966        70.0000000000        3.38257066653      -0.100423734021      -1.111972822788E-003
  -1.42419286922       -3.24683270360        70.0000000000        3.51478994491      -0.168720316788      -3.886524406460E-003
  -1.66155834743       -3.78797148753        70.0000000000        3.65839904358      -0.572234299536      -2.225380625222E-003
  -1.89892382563       -4.32911027146        70.0000000000        3.99762479335      -0.972293525662       5.643116640105E-004
  -2.13628930384       -4.87024905539        70.0000000000        4.71949398386       -3.17039553384      -8.912515994707E-004
  -2.37365478204       -5.41138783933        70.0000000000       0.391020830591       -7.70314476640      -2.630662609427E-003
  -2.61102026024       -5.95252662326        70.0000000000       -2.87756043308      -0.916417909328      -4.012866539579E-003
   0.00000000000        0.00000000000        70.0000000000        2.92501503830      -6.858922672330E-002 -5.801831252080E-003
 -4.879688596092E-002 -0.588890836777        70.0000000000        2.94445535586      -5.247638033925E-002 -3.064910158279E-003
 -9.759377192185E-002  -1.17778167355        70.0000000000        2.93376004011      -0.250836362434      -2.395587242690E-003
 -0.146390657883       -1.76667251033        70.0000000000        2.94102100142      -0.270041295299      -2.210272498752E-003
 -0.195187543844       -2.35556334711        70.0000000000        2.94587214418      -0.385387886600      -1.950788678765E-002
 -0.243984429805       -2.94445418388        70.0000000000        3.39671885134      -4.935490017077E-002 -1.031986129241E-003
 -0.292781315766       -3.53334502066        70.0000000000        3.39810252898       4.418352071750E-002 -2.915303610952E-003
 -0.341578201726       -4.12223585744        70.0000000000        3.09938528494      -0.204490715611      -2.430501643208E-003
 -0.390375087687       -4.71112669421        70.0000000000        2.59438752097      -0.290187138887      -2.746438006059E-003
 -0.439171973648       -5.30001753099        70.0000000000        1.93315264870      -0.482776584834       9.242592302024E-003
 -0.487968859609       -5.88890836777        70.0000000000        1.26952496477      -0.605349466142       9.230034254914E-003
 -0.536765745570       -6.47779920454        70.0000000000       0.723200074555      -0.421360808948       1.715750906298E-002
   0.00000000000        0.00000000000        70.0000000000        2.92501503830      -6.858922672330E-002 -5.801831252080E-003
  0.145059606038      -0.572827429873        70.0000000000        2.93305124642      -6.114553912682E-002 -4.471341744735E-003
  0.290119212075       -1.14565485975        70.0000000000        2.89955027215      -0.325300531864      -4.308623457293E-003
  0.435178818113       -1.71848228962        70.0000000000        2.87620965402      -0.331786469963      -1.971334178984E-003
  0.580238424151       -2.29130971949        70.0000000000        2.90935843040      -0.245224001556      -7.642606075837E-003
  0.725298030189       -2.86413714937        70.0000000000        3.49797860567       7.413354313303E-002 -2.600214456770E-003
  0.870357636226       -3.43696457924        70.0000000000        3.44719139752       0.411497569926       4.482274563963E-003
   1.01541724226       -4.00979200911        70.0000000000        3.44332747891       0.744948642688      -1.459045856529E-003
   1.16047684830       -4.58261943899        70.0000000000        3.05966094868       0.917061338474      -2.221577851087E-003
   1.30553645434       -5.15544686886        70.0000000000        2.21668518641        1.62790712440      -3.207198719204E-003
   1.45059606038       -5.72827429873        70.0000000000        1.06855788816        1.72220455644       9.752880171607E-003
   1.59565566642       -6.30110172861        70.0000000000       0.110636048084        1.28493598052       5.489161420379E-003
   0.00000000000        0.00000000000        70.0000000000        2.92501503830      -6.858922672330E-002 -5.801831252080E-003
  0.323196638891      -0.494689282610        70.0000000000        2.92114576769      -7.398718091002E-002 -6.021799294555E-003
  0.646393277781      -0.989378565219        70.0000000000        2.92787782532      -0.127965056282      -4.626800685395E-003
  0.969589916672       -1.48406784783        70.0000000000        2.90061439644      -0.180603995914      -4.285972589872E-003
   1.29278655556       -1.97875713044        70.0000000000        2.89167939792      -7.846921880666E-002 -3.559127170446E-003
   1.61598319445       -2.47344641305        70.0000000000        3.47182569927       8.539953423168E-003  1.226142802352E-002
   1.93917983334       -2.96813569566        70.0000000000        3.64978645531      -0.196263338791       8.112288353698E-003
   2.26237647223       -3.46282497827        70.0000000000        3.79062847375      -0.228180813584       3.836385198729E-003
   2.58557311112       -3.95751426088        70.0000000000        4.51731296090      -3.484077555841E-002  3.513270089365E-003
   2.90876975001       -4.45220354349        70.0000000000        5.83353129060       -1.02764179628       1.508756548957E-002
   3.23196638891       -4.94689282610        70.0000000000        5.73455641976       -4.49505575174       2.432559875099E-002
   3.55516302780       -5.44158210871        70.0000000000        1.89883637231       -4.28570420220       3.145978252052E-002
   0.00000000000        0.00000000000        70.0000000000        2.92501503830      -6.858922672330E-002 -5.801831252080E-003
  0.466310301007      -0.362943875680        70.0000000000        2.91917680309      -7.722070446653E-002 -6.017232926674E-003
  0.932620602014      -0.725887751361        70.0000000000        2.91908615252      -7.377109404213E-002 -5.436115052514E-003
   1.39893090302       -1.08883162704        70.0000000000        2.92130095469      -7.039939397564E-002 -4.645851460137E-003
   1.86524120403       -1.45177550272        70.0000000000        2.90442126951      -5.067278891831E-002 -5.551535457614E-004
   2.33155150503       -1.81471937840        70.0000000000        3.35498954505      -5.135486255852E-002  1.365956588550E-002
   2.79786180604       -2.17766325408        70.0000000000        3.41996788762      -0.238269872706       1.206779961563E-002
   3.26417210705       -2.54060712976        70.0000000000        3.38473526882      -0.431038473738       1.332914380227E-002
   3.73048240806       -2.90355100544        70.0000000000        3.26367693822      -0.683376461270       1.679465016761E-002
   4.19679270906       -3.26649488112        70.0000000000        3.15871370113       -1.19871327228       2.781447917539E-002
   4.66310301007       -3.62943875680        70.0000000000        2.92113342424       -1.54466074958       3.934284086605E-002
   5.12941331108       -3.99238263248        70.0000000000        2.40826916754       -1.59661853632       4.395564360783E-002
   0.00000000000        0.00000000000        70.0000000000        2.92501503830      -6.858922672330E-002 -5.801831252080E-003
  0.558892006459      -0.191867868166        70.0000000000        2.92270365626      -6.917028453406E-002 -5.172144619479E-003
   1.11778401292      -0.383735736333        70.0000000000        2.92541615645      -5.730846633077E-002 -3.695483241741E-003
   1.67667601938      -0.575603604499        70.0000000000        2.93306066631      -4.791222119626E-002 -2.562672478701E-003
   2.23556802584      -0.767471472666        70.0000000000        2.93368656054      -3.212097849659E-002  8.577014475474E-004
   2.79446003230      -0.959339340832        70.0000000000        3.08227348605      -8.166309417524E-002  1.111736150612E-002
   3.35335203876       -1.15120720900        70.0000000000        2.99179165733      -0.147904317247       1.522607053540E-002
   3.91224404522       -1.34307507716        70.0000000000        3.07026077883      -0.205353936798       1.062364781201E-002
   4.47113605168       -1.53494294533        70.0000000000        2.92343448509      -0.413638911209       1.293192165916E-002
   5.03002805814       -1.72681081350        70.0000000000        2.58738198218      -0.427903407342       8.403963287533E-003
   5.58892006459       -1.91867868166        70.0000000000        2.36155760881      -0.416293674805       2.097759219172E-002
   6.14781207105       -2.11054654983        70.0000000000        2.09615064028      -0.414798610044       1.273602031363E-002
   0.00000000000        0.00000000000        70.0000000000        2.92501503830      -6.858922672330E-002 -5.801831252080E-003
  0.590909090909        0.00000000000        70.0000000000        2.92593656794      -6.240527665899E-002 -4.487075485325E-003
   1.18181818182      -1.172487511250E-015   70.0000000000        2.93268608121      -4.413398229929E-002 -2.196096002104E-003
   1.77272727273        0.00000000000        70.0000000000        2.94579873723      -2.874712116670E-002  8.344851360326E-004
   2.36363636364        0.00000000000        70.0000000000        2.96029793111      -1.323915231834E-002  3.919633150320E-003
   2.95454545455        0.00000000000        70.0000000000        3.01264855743      -3.277182922278E-003  1.065023775494E-002
   3.54545454545        0.00000000000        70.0000000000        2.89763853235       3.037973328708E-005  9.882217226686E-003
   4.13636363636        0.00000000000        70.0000000000        2.78260821743       7.862958721128E-004  8.783784096048E-003
   4.72727272727        0.00000000000        70.0000000000        2.67536519134      -4.271676298005E-004  7.581633664862E-003
   5.31818181818        0.00000000000        70.0000000000        2.53441929149      -6.267876624696E-003  9.143181682130E-003
   5.90909090909        0.00000000000        70.0000000000        2.39716789344      -6.465730927819E-003  8.018316204882E-003
   6.50000000000        0.00000000000        70.0000000000        2.25991649539      -6.663585230942E-003  6.893450727633E-003
