 12 20 1 1
 1 X [LENGU]
 2 Y [LENGU]
 3 Z [LENGU]
 4 Hx [FIELU]
 5 Hy [FIELU]
 6 Hz [FIELU]
 0
   0.00000000000        0.00000000000        95.0400000000        6.31021573224       1.126649989546E-002  1.603142816386E-002
  0.590909090909        0.00000000000        95.0400000000        6.30459132752      -3.524535375602E-002  8.251881182940E-003
   1.18181818182        0.00000000000        95.0400000000        6.29639004721      -7.624058318543E-002  1.932286461625E-003
   1.77272727273        0.00000000000        95.0400000000        6.27682743342      -0.126109811758      -6.495390108362E-003
   2.36363636364        0.00000000000        95.0400000000        6.28843446918      -2.903375354177E-002  2.305798258005E-003
   2.95454545455        0.00000000000        95.0400000000        6.03867679815      -3.514580766372E-002  2.575905306613E-002
   3.54545454545        0.00000000000        95.0400000000        5.81221408144      -0.175652909831       1.154840407376E-002
   4.13636363636        0.00000000000        95.0400000000        5.52289465505      -0.126744054845      -4.565286402016E-003
   4.72727272727        0.00000000000        95.0400000000        5.27736699913      -1.714136400314E-002 -3.948391524330E-003
   5.31818181818        0.00000000000        95.0400000000        5.01746067439      -1.256013196042E-003 -1.147063867176E-003
   5.90909090909        0.00000000000        95.0400000000        4.76334728714      -2.090326050202E-002  3.395674638268E-003
   6.50000000000        0.00000000000        95.0400000000        4.46479920629      -4.143437860084E-002 -1.622242373589E-003
   0.00000000000        0.00000000000        95.0400000000        6.31021573224       1.126649989546E-002  1.603142816386E-002
  0.558892006459       0.191867868166        95.0400000000        6.29450002467      -6.970760030798E-002  1.371882227228E-003
   1.11778401292       0.383735736333        95.0400000000        6.30133133153      -6.492346243480E-002  1.816899182250E-004
   1.67667601938       0.575603604499        95.0400000000        6.30872512133      -2.386804757945E-002  3.439158154763E-003
   2.23556802584       0.767471472666        95.0400000000        6.32293485151       4.832762857396E-002  1.000329708241E-002
   2.79446003230       0.959339340832        95.0400000000        6.21334061469      -1.483778343853E-002  1.365013416315E-002
   3.35335203876        1.15120720900        95.0400000000        5.96446585417       0.179161761158       1.108598308717E-002
   3.91224404522        1.34307507716        95.0400000000        5.70011852846       0.455327699818       5.407276572000E-003
   4.47113605168        1.53494294533        95.0400000000        5.50677461259       0.669096489165      -1.528627302260E-003
   5.03002805814        1.72681081350        95.0400000000        5.18060050976       0.754292162418       8.993953984921E-003
   5.58892006459        1.91867868166        95.0400000000        4.66900537692       0.750389886563       5.381366423471E-003
   6.14781207105        2.11054654983        95.0400000000        4.16806318954       0.780856275433       2.991139249311E-003
   0.00000000000        0.00000000000        95.0400000000        6.31021573224       1.126649989546E-002  1.603142816386E-002
  0.466310301007       0.362943875680        95.0400000000        6.29694319667      -4.288730300641E-002  3.318250969139E-003
  0.932620602014       0.725887751361        95.0400000000        6.31107003807       1.152800318312E-002  7.759606343952E-003
   1.39893090302        1.08883162704        95.0400000000        6.32937110817       4.244916860541E-002  1.048273236249E-002
   1.86524120403        1.45177550272        95.0400000000        6.38848799020       0.159864617539       2.134370820428E-002
   2.33155150503        1.81471937840        95.0400000000        6.81812910665      -9.991757317033E-002  1.498274946901E-002
   2.79786180604        2.17766325408        95.0400000000        6.71884762110       0.325228674690       1.899345893971E-002
   3.26417210705        2.54060712976        95.0400000000        6.54081760788       0.835994733100      -4.320269490124E-004
   3.73048240806        2.90355100544        95.0400000000        6.52290703268        1.52162808417      -3.821477030747E-002
   4.19679270906        3.26649488112        95.0400000000        6.50874942451        2.25609432298      -7.212234250693E-002
   4.66310301007        3.62943875680        95.0400000000        6.04519897465        3.21412715809      -0.115603477901     
   5.12941331108        3.99238263248        95.0400000000        5.13588347215        3.20127807405      -0.104869743188     
   0.00000000000        0.00000000000        95.0400000000        6.31021573224       1.126649989546E-002  1.603142816386E-002
  0.323196638891       0.494689282610        95.0400000000        6.30157982517      -4.601177080581E-003  7.278272528852E-003
  0.646393277781       0.989378565219        95.0400000000        6.30528528155       1.237705850340E-002  7.708369193371E-003
  0.969589916672        1.48406784783        95.0400000000        6.34111886018       7.000691883982E-002  1.418797147082E-002
   1.29278655556        1.97875713044        95.0400000000        6.40953120072       0.109213170494       1.887568661798E-002
   1.61598319445        2.47344641305        95.0400000000        7.22462176193      -0.265933432876       2.079593572731E-002
   1.93917983334        2.96813569566        95.0400000000        7.71840307595      -0.271912995447       9.436463251074E-003
   2.26237647223        3.46282497827        95.0400000000        8.28157886900      -0.295836647973      -8.464795256148E-003
   2.58557311112        3.95751426088        95.0400000000        10.0047850651       0.127708154677      -2.474337246061E-002
   2.90876975001        4.45220354349        95.0400000000        12.3959177942        1.92308396964      -2.270057103967E-002
   3.23196638891        4.94689282610        95.0400000000        11.6411295486        9.48672561519      -1.098584556284E-002
   3.55516302780        5.44158210871        95.0400000000        3.38398856474        9.15426222829      -1.651121658552E-002
   0.00000000000        0.00000000000        95.0400000000        6.31021573224       1.126649989546E-002  1.603142816386E-002
  0.145059606038       0.572827429873        95.0400000000        6.29752541621      -6.912894320013E-003  6.982168434779E-003
  0.290119212075        1.14565485975        95.0400000000        6.29974551485       1.163278175273E-002  7.924397658141E-003
  0.435178818113        1.71848228962        95.0400000000        6.32891915984       5.296188805243E-002  1.371455727374E-002
  0.580238424151        2.29130971949        95.0400000000        6.36556496870       5.650158925881E-004  1.482695400581E-002
  0.725298030189        2.86413714937        95.0400000000        7.26393030315      -0.521369589416       6.734556856828E-003
  0.870357636226        3.43696457924        95.0400000000        6.93198791595      -0.648853489317       2.101727190873E-002
   1.01541724226        4.00979200911        95.0400000000        6.75618781524       -1.26758021047       1.018271773569E-002
   1.16047684830        4.58261943899        95.0400000000        5.74846963383       -2.71256454988      -3.507790580598E-003
   1.30553645434        5.15544686886        95.0400000000        4.79886032427       -3.36184839621      -8.483136960876E-003
   1.45059606038        5.72827429873        95.0400000000        2.24643879603       -3.81079713335       1.418701483747E-002
   1.59565566642        6.30110172861        95.0400000000      -8.611984567973E-002  -2.78216253749       2.546264313030E-002
   0.00000000000        0.00000000000        95.0400000000        6.31021573224       1.126649989546E-002  1.603142816386E-002
 -4.879688596092E-002  0.588890836777        95.0400000000        6.29363310427      -1.096124145483E-002  6.690201044495E-003
 -9.759377192185E-002   1.17778167355        95.0400000000        6.29256334682       4.674597325208E-003  7.543964768191E-003
 -0.146390657883        1.76667251033        95.0400000000        6.30474241576       1.850099953767E-002  1.096192078152E-002
 -0.195187543844        2.35556334711        95.0400000000        6.32198714763      -3.176119594619E-002  1.259204728934E-002
 -0.243984429805        2.94445418388        95.0400000000        7.37376356924       0.107317084377       2.598759580708E-002
 -0.292781315766        3.53334502066        95.0400000000        6.74225573916       0.316922201664       2.088470370223E-002
 -0.341578201726        4.12223585744        95.0400000000        5.83143569745       0.411895454381       1.585969999609E-002
 -0.390375087687        4.71112669421        95.0400000000        5.06946409267       0.608920510448       9.127338711309E-003
 -0.439171973648        5.30001753099        95.0400000000        3.91549528632        1.04854840135       5.349729656687E-003
 -0.487968859609        5.88890836777        95.0400000000        2.82698320151        1.23019865727      -5.050128926390E-004
 -0.536765745570        6.47779920454        95.0400000000        1.65725807742        1.32372727250      -8.615921969495E-003
   0.00000000000        0.00000000000        95.0400000000        6.31021573224       1.126649989546E-002  1.603142816386E-002
 -0.237365478204       0.541138783933        95.0400000000        6.29050543634      -1.547803690913E-002  6.524844160868E-003
 -0.474730956408        1.08227756787        95.0400000000        6.28451707680      -7.743467529092E-003  6.608296330172E-003
 -0.712096434612        1.62341635180        95.0400000000        6.28694881726       7.815547513395E-003  8.960227306892E-003
 -0.949461912816        2.16455513573        95.0400000000        6.29043334089      -2.462506459990E-002  8.197146392807E-003
  -1.18682739102        2.70569391966        95.0400000000        7.32155153358       0.262570206005       1.792053032664E-002
  -1.42419286922        3.24683270360        95.0400000000        7.62220485442       0.617803957331       2.779744007438E-002
  -1.66155834743        3.78797148753        95.0400000000        8.11663662048        1.24411973039       2.549173411188E-002
  -1.89892382563        4.32911027146        95.0400000000        8.92655862151        2.81009912746       2.687348811169E-002
  -2.13628930384        4.87024905539        95.0400000000        9.88144606841        6.82756560765       1.878628546152E-002
  -2.37365478204        5.41138783933        95.0400000000        1.81936611431        10.4360152791       2.311738550684E-002
  -2.61102026024        5.95252662326        95.0400000000       -6.70047979023        2.00029091286       1.809211699688E-002
   0.00000000000        0.00000000000        95.0400000000        6.31021573224       1.126649989546E-002  1.603142816386E-002
 -0.400211837779       0.434745947216        95.0400000000        6.28848134376      -1.997381581014E-002  6.504016768016E-003
 -0.800423675558       0.869491894432        95.0400000000        6.27647864302      -2.427572279708E-002  5.218786537735E-003
  -1.20063551334        1.30423784165        95.0400000000        6.26755539234      -3.838384775115E-002  3.921049390534E-003
  -1.60084735112        1.73898378886        95.0400000000        6.25583840044      -9.141547645188E-002 -7.531208379135E-004
  -2.00105918889        2.17372973608        95.0400000000        6.56827046248       0.628740524962       6.636435988281E-003
  -2.40127102667        2.60847568330        95.0400000000        7.34586855422      -0.249980605113       1.321986096369E-002
  -2.80148286445        3.04322163051        95.0400000000        7.44048357687      -0.851639731030       5.650744515038E-002
  -3.20169470223        3.47796757773        95.0400000000        7.87613511717       -1.77094473822       7.747368086409E-002
  -3.60190654001        3.91271352494        95.0400000000        8.04383551447       -3.01184090534       9.815772520649E-002
  -4.00211837779        4.34745947216        95.0400000000        7.54524786181       -4.90292893611       0.114110463310     
  -4.40233021557        4.78220541938        95.0400000000        6.50449671965       -4.83405318595       8.245078898365E-002
   0.00000000000        0.00000000000        95.0400000000        6.31021573224       1.126649989546E-002  1.603142816386E-002
 -0.519689034804       0.281241641340        95.0400000000        6.28778016839      -2.396139075474E-002  6.629975837124E-003
  -1.03937806961       0.562483282680        95.0400000000        6.26974852956      -5.875310852437E-002  2.563898550663E-003
  -1.55906710441       0.843724924020        95.0400000000        6.24745427877      -0.115275355168      -3.863329502618E-003
  -2.07875613922        1.12496656536        95.0400000000        6.24208349801      -7.922890507959E-002 -1.700947350798E-003
  -2.59844517402        1.40620820670        95.0400000000        6.55238125103      -9.789156396160E-002 -1.131726175472E-002
  -3.11813420882        1.68744984804        95.0400000000        6.35158889739      -0.432739928059      -1.741554885075E-003
  -3.63782324363        1.96869148938        95.0400000000        6.10669708758      -0.755267330836       1.509538623942E-002
  -4.15751227843        2.24993313072        95.0400000000        5.84436969207       -1.10203015764       2.993452821584E-002
  -4.67720131323        2.53117477206        95.0400000000        5.62499112050       -1.48815650225       2.904608226666E-002
  -5.19689034804        2.81241641340        95.0400000000        4.98705808967       -1.87276161097       2.116455376422E-002
  -5.71657938284        3.09365805474        95.0400000000        4.20009657235       -2.49066567474       3.838699281393E-002
   0.00000000000        0.00000000000        95.0400000000        6.31021573224       1.126649989546E-002  1.603142816386E-002
 -0.582849861102       9.726043971134E-002   95.0400000000        6.29739123425      -1.044661733794E-002  1.315890147303E-002
  -1.16569972220       0.194520879423        95.0400000000        6.26492358523      -0.105055930501       2.857794621827E-005
  -1.74854958330       0.291781319134        95.0400000000        6.24742869785      -0.107961798118      -3.321478018132E-003
  -2.33139944441       0.389041758845        95.0400000000        6.24799243806      -7.922855471904E-002 -2.141627210461E-003
  -2.91424930551       0.486302198557        95.0400000000        6.16920447103      -0.133626849202      -8.188757431665E-003
  -3.49709916661       0.583562638268        95.0400000000        5.92819443858      -0.149657046468       1.851551231029E-003
  -4.07994902771       0.680823077979        95.0400000000        5.68653827881      -0.241001319949       1.738160811716E-002
  -4.66279888881       0.778083517691        95.0400000000        5.42307406753      -0.308313857166       3.049625447284E-002
  -5.24564874991       0.875343957402        95.0400000000        5.17147183816      -0.403052900722       2.264013250094E-002
  -5.82849861102       0.972604397113        95.0400000000        4.88910887309      -0.433754360969       2.240660540376E-002
  -6.41134847212        1.06986483682        95.0400000000        4.46464001257      -0.287752105348       3.938162869408E-002
   0.00000000000        0.00000000000        95.0400000000        6.31021573224       1.126649989546E-002  1.603142816386E-002
 -0.582849861102      -9.726043971134E-002   95.0400000000        6.30922430384      -2.701546976724E-003  2.082698530308E-002
  -1.16569972220      -0.194520879423        95.0400000000        6.28820191231      -2.853866609940E-002  1.439961785083E-002
  -1.74854958330      -0.291781319134        95.0400000000        6.26347427978      -6.815836903555E-002  2.741149214126E-003
  -2.33139944441      -0.389041758845        95.0400000000        6.28168006817      -5.668934783414E-002  1.161722911295E-003
  -2.91424930551      -0.486302198557        95.0400000000        6.20623793043       3.490069938722E-002 -3.348953335013E-003
  -3.49709916661      -0.583562638268        95.0400000000        5.94963797260       0.250904484322       1.319754151940E-002
  -4.07994902771      -0.680823077979        95.0400000000        5.70681313179       0.395161848263       2.653901386834E-002
  -4.66279888881      -0.778083517691        95.0400000000        5.45384173037       0.414846340340       3.611594987804E-002
  -5.24564874991      -0.875343957402        95.0400000000        5.20502403229       0.418010381083       3.283764152830E-002
  -5.82849861102      -0.972604397113        95.0400000000        4.93086927436       0.473501050689       3.555160194496E-002
  -6.41134847212       -1.06986483682        95.0400000000        4.47595776794       0.472580144160       3.384859276558E-002
   0.00000000000        0.00000000000        95.0400000000        6.31021573224       1.126649989546E-002  1.603142816386E-002
 -0.519689034804      -0.281241641340        95.0400000000        6.30564499941       9.750154135420E-003  2.251241549216E-002
  -1.03937806961      -0.562483282680        95.0400000000        6.30024915530       2.645442036009E-002  2.292176473398E-002
  -1.55906710441      -0.843724924020        95.0400000000        6.29245469056      -4.126364302342E-002  8.682492209189E-003
  -2.07875613922       -1.12496656536        95.0400000000        6.31644536080      -2.902459260160E-002  5.781709171212E-003
  -2.59844517402       -1.40620820670        95.0400000000        6.65813746294       9.154399335317E-002  6.565247280639E-003
  -3.11813420882       -1.68744984804        95.0400000000        6.52053231513       0.560980522577       1.220378090241E-002
  -3.63782324363       -1.96869148938        95.0400000000        6.33355819353       0.976137772647       2.135562674723E-002
  -4.15751227843       -2.24993313072        95.0400000000        6.17884021570        1.16060201365       4.164518432447E-002
  -4.67720131323       -2.53117477206        95.0400000000        5.81346574472        1.42004358737       5.268812453150E-002
  -5.19689034804       -2.81241641340        95.0400000000        5.02680483200        1.71203030536       5.759505065500E-002
  -5.71657938284       -3.09365805474        95.0400000000        4.37367674410        2.28906749707       0.127867866013     
   0.00000000000        0.00000000000        95.0400000000        6.31021573224       1.126649989546E-002  1.603142816386E-002
 -0.400211837779      -0.434745947216        95.0400000000        6.30486975567       3.577125513498E-002  2.460095159102E-002
 -0.800423675558      -0.869491894432        95.0400000000        6.29330935711       2.299602207654E-002  2.211582898912E-002
  -1.20063551334       -1.30423784165        95.0400000000        6.32921763424       1.878820088003E-002  2.175867526949E-002
  -1.60084735112       -1.73898378886        95.0400000000        6.29801753734      -0.151694280700       5.273122788511E-003
  -2.00105918889       -2.17372973608        95.0400000000        6.72317673592      -0.305741528091       6.331408031393E-002
  -2.40127102667       -2.60847568330        95.0400000000        7.68499219401       0.204325611004       1.793705517664E-002
  -2.80148286445       -3.04322163051        95.0400000000        8.15707103315       0.488489667071       3.049262132049E-002
  -3.20169470223       -3.47796757773        95.0400000000        8.05306518838        1.47362694154       4.338280787786E-002
  -3.60190654001       -3.91271352494        95.0400000000        7.92854615887        3.17311417401      -1.739656323877E-002
  -4.00211837779       -4.34745947216        95.0400000000        7.34065443446        4.85041371106      -4.809076196840E-002
  -4.40233021557       -4.78220541938        95.0400000000        6.02969340121        4.94777497004      -1.312027276940E-002
   0.00000000000        0.00000000000        95.0400000000        6.31021573224       1.126649989546E-002  1.603142816386E-002
 -0.237365478204      -0.541138783933        95.0400000000        6.30468987234       4.167200091149E-002  2.517591926472E-002
 -0.474730956408       -1.08227756787        95.0400000000        6.29276784479       2.722861026117E-002  2.264477805674E-002
 -0.712096434612       -1.62341635180        95.0400000000        6.31539370223       2.033438731498E-002  2.174182571233E-002
 -0.949461912816       -2.16455513573        95.0400000000        6.29718754045      -0.215027442569       2.091369775046E-002
  -1.18682739102       -2.70569391966        95.0400000000        7.13893685877      -0.279300084406       1.870183302028E-002
  -1.42419286922       -3.24683270360        95.0400000000        7.09222472478      -0.958244121273       2.176204332181E-002
  -1.66155834743       -3.78797148753        95.0400000000        7.60396870908       -1.26539051929       2.463084874561E-002
  -1.89892382563       -4.32911027146        95.0400000000        8.63432153403       -2.55007307280       1.608940318208E-002
  -2.13628930384       -4.87024905539        95.0400000000        9.63874194999       -7.71831437116      -7.792214248101E-003
  -2.37365478204       -5.41138783933        95.0400000000        5.64895359959       -8.68582415807      -1.953154619275E-002
  -2.61102026024       -5.95252662326        95.0400000000       -6.84213973012       -1.95435681559      -3.521371246962E-002
   0.00000000000        0.00000000000        95.0400000000        6.31021573224       1.126649989546E-002  1.603142816386E-002
 -4.879688596092E-002 -0.588890836777        95.0400000000        6.30526191506       4.519550473119E-002  2.565522334694E-002
 -9.759377192185E-002  -1.17778167355        95.0400000000        6.29928228068       3.923790834798E-002  2.455692878425E-002
 -0.146390657883       -1.76667251033        95.0400000000        6.28800293303       1.882659896947E-002  2.092010822899E-002
 -0.195187543844       -2.35556334711        95.0400000000        6.28387539294      -1.420143633783E-002  1.855431447805E-002
 -0.243984429805       -2.94445418388        95.0400000000        7.24341918297      -0.139926539564       4.170903776042E-002
 -0.292781315766       -3.53334502066        95.0400000000        7.22076698672      -0.786485087215       3.672761236703E-002
 -0.341578201726       -4.12223585744        95.0400000000        6.89204228817      -0.749740751242       2.957485315546E-002
 -0.390375087687       -4.71112669421        95.0400000000        5.54151976675      -0.864273388888       1.433060945613E-002
 -0.439171973648       -5.30001753099        95.0400000000        4.06986917954       -1.16240223947      -1.275678520887E-002
 -0.487968859609       -5.88890836777        95.0400000000        2.66668327185       -1.19149352296      -1.125556684584E-002
 -0.536765745570       -6.47779920454        95.0400000000        1.60842321236       -1.23238594975       9.738025571137E-003
   0.00000000000        0.00000000000        95.0400000000        6.31021573224       1.126649989546E-002  1.603142816386E-002
  0.145059606038      -0.572827429873        95.0400000000        6.30654483176       4.876784959654E-002  2.621302407344E-002
  0.290119212075       -1.14565485975        95.0400000000        6.30334145833       4.971976675679E-002  2.609216756096E-002
  0.435178818113       -1.71848228962        95.0400000000        6.28927992134       3.708763109366E-002  2.376310424007E-002
  0.580238424151       -2.29130971949        95.0400000000        6.26265374286      -1.238577556366E-002  1.561308239176E-002
  0.725298030189       -2.86413714937        95.0400000000        7.34643817966       0.393732068202       4.413649635696E-002
  0.870357636226       -3.43696457924        95.0400000000        7.71591664808       0.358914391019       2.645166393524E-002
   1.01541724226       -4.00979200911        95.0400000000        7.37121136838       0.716279043008       1.847655190164E-002
   1.16047684830       -4.58261943899        95.0400000000        6.16945778577        2.37676123093       3.134117840995E-002
   1.30553645434       -5.15544686886        95.0400000000        4.66947865248        3.47090531921       3.653171202945E-002
   1.45059606038       -5.72827429873        95.0400000000        2.14902800273        3.69967106526       2.204995125440E-002
   1.59565566642       -6.30110172861        95.0400000000       2.815358415457E-002   2.75923764261       3.831879885084E-002
   0.00000000000        0.00000000000        95.0400000000        6.31021573224       1.126649989546E-002  1.603142816386E-002
  0.323196638891      -0.494689282610        95.0400000000        6.30839959852       5.200191651074E-002  2.678887508034E-002
  0.646393277781      -0.989378565219        95.0400000000        6.30517704073       5.814864751823E-002  2.720256029533E-002
  0.969589916672       -1.48406784783        95.0400000000        6.30043453774       4.283251060254E-002  2.440353197533E-002
   1.29278655556       -1.97875713044        95.0400000000        6.26300722653      -5.073922349728E-002  7.466387712218E-003
   1.61598319445       -2.47344641305        95.0400000000        7.26977523087       0.333136909295       6.114979191577E-002
   1.93917983334       -2.96813569566        95.0400000000        7.71583697680       0.591421032328       3.283468276737E-002
   2.26237647223       -3.46282497827        95.0400000000        8.29640957479       0.493735250462       1.442782429212E-002
   2.58557311112       -3.95751426088        95.0400000000        9.83871910766       1.213627684533E-003  1.460030974409E-002
   2.90876975001       -4.45220354349        95.0400000000        12.3295976397       -2.04645155203       2.239837718631E-003
   3.23196638891       -4.94689282610        95.0400000000        10.9004762191       -10.5075106402      -7.058068815121E-003
   3.55516302780       -5.44158210871        95.0400000000        3.38421202969       -9.49871867684       1.298464537900E-002
   0.00000000000        0.00000000000        95.0400000000        6.31021573224       1.126649989546E-002  1.603142816386E-002
  0.466310301007      -0.362943875680        95.0400000000        6.31406028356       5.121634820984E-002  2.604507793271E-002
  0.932620602014      -0.725887751361        95.0400000000        6.29973346328       2.488011717338E-002  2.132965043058E-002
   1.39893090302       -1.08883162704        95.0400000000        6.28720012450      -1.394813186623E-002  1.380248229424E-002
   1.86524120403       -1.45177550272        95.0400000000        6.27237538199      -8.580373736669E-002  1.030212148797E-003
   2.33155150503       -1.81471937840        95.0400000000        6.88255850347       0.162145676693       5.018526949784E-002
   2.79786180604       -2.17766325408        95.0400000000        6.98968301017      -0.185797395260       1.273684501072E-002
   3.26417210705       -2.54060712976        95.0400000000        6.81452162448      -0.649297403040       6.978399031663E-003
   3.73048240806       -2.90355100544        95.0400000000        6.59108825804       -1.18266195311       3.039321168829E-004
   4.19679270906       -3.26649488112        95.0400000000        6.56829208605       -2.04142665804       5.679779135910E-003
   4.66310301007       -3.62943875680        95.0400000000        6.20841937695       -3.25978026608       6.129074761968E-002
   5.12941331108       -3.99238263248        95.0400000000        5.32500427116       -3.41573672230       6.711005619186E-002
   0.00000000000        0.00000000000        95.0400000000        6.31021573224       1.126649989546E-002  1.603142816386E-002
  0.558892006459      -0.191867868166        95.0400000000        6.31440919365       1.202774011702E-002  1.784213214360E-002
   1.11778401292      -0.383735736333        95.0400000000        6.29155164310      -3.625685243801E-002  1.011495438952E-002
   1.67667601938      -0.575603604499        95.0400000000        6.27708224749      -8.105972067467E-002  2.039947171358E-003
   2.23556802584      -0.767471472666        95.0400000000        6.26841139489      -0.118618330499      -6.233652359655E-003
   2.79446003230      -0.959339340832        95.0400000000        6.19295865086      -1.674136653522E-002  4.275855902096E-002
   3.35335203876       -1.15120720900        95.0400000000        5.89455893800      -0.312527528030       3.422561591093E-002
   3.91224404522       -1.34307507716        95.0400000000        5.68151835077      -0.584157830116       1.530135776154E-002
   4.47113605168       -1.53494294533        95.0400000000        5.41779054136      -0.767706103145       1.782360211425E-002
   5.03002805814       -1.72681081350        95.0400000000        5.15414161225      -0.821144695126       2.499134956696E-002
   5.58892006459       -1.91867868166        95.0400000000        4.74378275913      -0.869487476093       3.565230843091E-002
   6.14781207105       -2.11054654983        95.0400000000        4.19233860465      -0.784954928004       3.447808391482E-002
   0.00000000000        0.00000000000        95.0400000000        6.31021573224       1.126649989546E-002  1.603142816386E-002
  0.590909090909        0.00000000000        95.0400000000        6.30459132752      -3.524535375602E-002  8.251881182940E-003
   1.18181818182      -1.172487511250E-015   95.0400000000        6.29639004721      -7.624058318543E-002  1.932286461625E-003
   1.77272727273        0.00000000000        95.0400000000        6.27682743342      -0.126109811758      -6.495390108362E-003
   2.36363636364        0.00000000000        95.0400000000        6.28843446918      -2.903375354177E-002  2.305798258005E-003
   2.95454545455        0.00000000000        95.0400000000        6.03867679815      -3.514580766372E-002  2.575905306613E-002
   3.54545454545        0.00000000000        95.0400000000        5.81221408144      -0.175652909831       1.154840407376E-002
   4.13636363636        0.00000000000        95.0400000000        5.52289465505      -0.126744054845      -4.565286402016E-003
   4.72727272727        0.00000000000        95.0400000000        5.27736699913      -1.714136400314E-002 -3.948391524330E-003
   5.31818181818        0.00000000000        95.0400000000        5.01746067439      -1.256013196042E-003 -1.147063867176E-003
   5.90909090909        0.00000000000        95.0400000000        4.76334728714      -2.090326050202E-002  3.395674638268E-003
   6.50000000000        0.00000000000        95.0400000000        4.46479920629      -4.143437860084E-002 -1.622242373589E-003
