 12 20 1 1
 1 X [LENGU]
 2 Y [LENGU]
 3 Z [LENGU]
 4 Hx [FIELU]
 5 Hy [FIELU]
 6 Hz [FIELU]
 0
   0.00000000000        0.00000000000        36.7200000000        1.75574889952       8.912644933220E-003  9.178716161894E-004
  0.590909090909        0.00000000000        36.7200000000        1.75115969624      -1.135000699852E-003 -2.092328232705E-004
   1.18181818182        0.00000000000        36.7200000000        1.74657049297      -1.118264633292E-002 -1.336337262730E-003
   1.77272727273        0.00000000000        36.7200000000        1.73195837077      -1.127196532815E-002 -5.979801970028E-004
   2.36363636364        0.00000000000        36.7200000000        1.70863728593      -1.966801590323E-003  1.910366181223E-003
   2.95454545455        0.00000000000        36.7200000000        1.78915780257      -6.873935119895E-003  1.885417347718E-003
   3.54545454545        0.00000000000        36.7200000000        1.74688650376       4.524925614915E-003  1.231913266559E-003
   4.13636363636        0.00000000000        36.7200000000        1.66789035523       6.850538901959E-003  1.160540256095E-004
   4.72727272727        0.00000000000        36.7200000000        1.56089866060       4.197744101977E-003 -9.106177764332E-004
   5.31818181818        0.00000000000        36.7200000000        1.50904936801       1.306734730793E-002 -1.959867256180E-003
   5.90909090909        0.00000000000        36.7200000000        1.42325663552       6.325395642411E-003  2.331038040093E-003
   6.50000000000        0.00000000000        36.7200000000        1.33813079637       7.908708374172E-003 -2.020981001118E-003
   0.00000000000        0.00000000000        36.7200000000        1.75574889952       8.912644933220E-003  9.178716161894E-004
  0.558892006459       0.191867868166        36.7200000000        1.75102624565       1.128762892469E-003 -3.115857282623E-004
   1.11778401292       0.383735736333        36.7200000000        1.74630359179      -6.655119148283E-003 -1.541043072714E-003
   1.67667601938       0.575603604499        36.7200000000        1.73234695837      -1.672215669381E-003 -3.297713126312E-004
   2.23556802584       0.767471472666        36.7200000000        1.73048603624      -4.024806983087E-003 -5.599436797587E-004
   2.79446003230       0.959339340832        36.7200000000        1.82034481575       4.449777425017E-002  2.646857812805E-003
   3.35335203876        1.15120720900        36.7200000000        1.78025362693       8.759108796533E-002  1.841674398996E-003
   3.91224404522        1.34307507716        36.7200000000        1.71027036928       0.150769578063       4.562576226973E-005
   4.47113605168        1.53494294533        36.7200000000        1.64044066139       0.205027097661      -1.893670865615E-003
   5.03002805814        1.72681081350        36.7200000000        1.51726427035       0.213871295406       2.711652083902E-003
   5.58892006459        1.91867868166        36.7200000000        1.38720042165       0.235474349763      -7.623887079385E-003
   6.14781207105        2.11054654983        36.7200000000        1.19299278172       0.330869406102      -2.664191154123E-003
   0.00000000000        0.00000000000        36.7200000000        1.75574889952       8.912644933220E-003  9.178716161894E-004
  0.466310301007       0.362943875680        36.7200000000        1.75140456789       4.236030883279E-003 -2.807078529864E-004
  0.932620602014       0.725887751361        36.7200000000        1.74706023626      -4.405831666623E-004 -1.479287322162E-003
   1.39893090302        1.08883162704        36.7200000000        1.73313634744       3.695832783971E-003 -1.792395741116E-003
   1.86524120403        1.45177550272        36.7200000000        1.72917877282       2.140176178835E-003 -2.073278837037E-003
   2.33155150503        1.81471937840        36.7200000000        1.94463526130       5.181448228588E-002  5.561999744792E-003
   2.79786180604        2.17766325408        36.7200000000        1.96029205308       0.146467463954       5.581397807847E-003
   3.26417210705        2.54060712976        36.7200000000        1.92360291542       0.341815604405      -4.138201275668E-004
   3.73048240806        2.90355100544        36.7200000000        2.11357695633       0.445899367864       3.662405829729E-003
   4.19679270906        3.26649488112        36.7200000000        1.91952880721       0.566373918107      -2.108204957149E-003
   4.66310301007        3.62943875680        36.7200000000        1.75172144323       0.902664504873      -1.187554034447E-003
   5.12941331108        3.99238263248        36.7200000000        1.51830191575       0.934833945455      -2.833947601979E-003
   0.00000000000        0.00000000000        36.7200000000        1.75574889952       8.912644933220E-003  9.178716161894E-004
  0.323196638891       0.494689282610        36.7200000000        1.75132770606       7.861339176337E-003 -2.286359048160E-004
  0.646393277781       0.989378565219        36.7200000000        1.74304314091       6.856999225432E-003 -1.828632041305E-003
  0.969589916672        1.48406784783        36.7200000000        1.73641383840       3.714758322178E-003 -2.601512460573E-003
   1.29278655556        1.97875713044        36.7200000000        1.73067162155      -7.355573869088E-004 -2.930161895029E-003
   1.61598319445        2.47344641305        36.7200000000        2.00124999681       3.147147118793E-005  4.497400009496E-003
   1.93917983334        2.96813569566        36.7200000000        2.13085196098       9.130310444647E-003  4.397647078841E-003
   2.26237647223        3.46282497827        36.7200000000        2.18461606125      -7.531167465599E-003  4.875678284314E-003
   2.58557311112        3.95751426088        36.7200000000        2.65677335671       0.187591596901       5.652538237723E-003
   2.90876975001        4.45220354349        36.7200000000        3.53235411798       0.564309360095       5.984458688069E-003
   3.23196638891        4.94689282610        36.7200000000        3.48026244683        2.78560875416       7.407863885474E-003
   3.55516302780        5.44158210871        36.7200000000       0.927285018703        2.35795285609       2.286155531123E-002
   0.00000000000        0.00000000000        36.7200000000        1.75574889952       8.912644933220E-003  9.178716161894E-004
  0.145059606038       0.572827429873        36.7200000000        1.74933616623       1.162967323397E-002 -3.333080621360E-004
  0.290119212075        1.14565485975        36.7200000000        1.74288297756       1.093939554588E-002 -1.536259234903E-003
  0.435178818113        1.71848228962        36.7200000000        1.73529567783       4.686646379426E-003 -2.289241614428E-003
  0.580238424151        2.29130971949        36.7200000000        1.72723510628      -6.049981699306E-004 -2.750849838388E-003
  0.725298030189        2.86413714937        36.7200000000        2.02255604768       5.020392235120E-003 -3.767747373406E-003
  0.870357636226        3.43696457924        36.7200000000        1.91512105912      -0.128903089614       3.102664934345E-003
   1.01541724226        4.00979200911        36.7200000000        1.80886851505      -0.318134456256       2.610637398184E-003
   1.16047684830        4.58261943899        36.7200000000        1.67805316256      -0.597195847238      -1.005543175177E-003
   1.30553645434        5.15544686886        36.7200000000        1.32798091041      -0.982262376160      -3.190307559064E-003
   1.45059606038        5.72827429873        36.7200000000       0.618014116500       -1.06819170762      -7.971578773826E-003
   1.59565566642        6.30110172861        36.7200000000       0.115913886610      -0.803224115575      -2.329156832599E-002
   0.00000000000        0.00000000000        36.7200000000        1.75574889952       8.912644933220E-003  9.178716161894E-004
 -4.879688596092E-002  0.588890836777        36.7200000000        1.74845820182       1.509848564235E-002 -2.532529591679E-004
 -9.759377192185E-002   1.17778167355        36.7200000000        1.74498435122       1.422742454247E-002 -8.628841202781E-004
 -0.146390657883        1.76667251033        36.7200000000        1.74096704262       9.880555482028E-003 -1.314588536414E-003
 -0.195187543844        2.35556334711        36.7200000000        1.73958696520       2.712432905219E-003 -1.090241342408E-003
 -0.243984429805        2.94445418388        36.7200000000        1.94535810170       3.253336122467E-002  1.570977400596E-003
 -0.292781315766        3.53334502066        36.7200000000        1.72162836118      -1.655949716704E-003  1.338268524634E-003
 -0.341578201726        4.12223585744        36.7200000000        1.64811886525       0.144679501849       1.566707719146E-003
 -0.390375087687        4.71112669421        36.7200000000        1.57202766964       0.240416997097       2.071133823017E-003
 -0.439171973648        5.30001753099        36.7200000000        1.10831952239       0.310641039913      -1.955683532292E-003
 -0.487968859609        5.88890836777        36.7200000000       0.713629337325       0.319357460295       1.456057197768E-003
 -0.536765745570        6.47779920454        36.7200000000       0.369999778712       0.299407925179       4.302421116610E-003
   0.00000000000        0.00000000000        36.7200000000        1.75574889952       8.912644933220E-003  9.178716161894E-004
 -0.237365478204       0.541138783933        36.7200000000        1.74878895390       1.789187675286E-002  2.854191498865E-006
 -0.474730956408        1.08227756787        36.7200000000        1.74752980739       1.827617834605E-002 -1.104561213892E-004
 -0.712096434612        1.62341635180        36.7200000000        1.74793161946       1.551262733250E-002  2.737826551017E-005
 -0.949461912816        2.16455513573        36.7200000000        1.75718817859       9.017083361717E-003  1.008649541103E-003
  -1.18682739102        2.70569391966        36.7200000000        1.98331239575       4.643753164607E-002 -2.018095808795E-004
  -1.42419286922        3.24683270360        36.7200000000        2.00123666123       0.118075301139       1.237942403667E-003
  -1.66155834743        3.78797148753        36.7200000000        2.21051685999       0.313159766461      -2.058267252650E-004
  -1.89892382563        4.32911027146        36.7200000000        2.38911655768       0.687381215877      -4.638842351556E-003
  -2.13628930384        4.87024905539        36.7200000000        2.78405917201        1.91035548588      -1.092156366470E-003
  -2.37365478204        5.41138783933        36.7200000000        1.63406537146        2.00267972099       1.871228839259E-003
  -2.61102026024        5.95252662326        36.7200000000       -1.77029829095       0.536256953809       3.368491348780E-003
   0.00000000000        0.00000000000        36.7200000000        1.75574889952       8.912644933220E-003  9.178716161894E-004
 -0.400211837779       0.434745947216        36.7200000000        1.75029258036       1.970713929475E-002  4.072602061776E-004
 -0.800423675558       0.869491894432        36.7200000000        1.74991892156       2.246523493229E-002  6.172317712262E-004
  -1.20063551334        1.30423784165        36.7200000000        1.75824033236       2.061495826675E-002  1.696411338842E-003
  -1.60084735112        1.73898378886        36.7200000000        1.77585717949       1.333673436570E-002  3.592936019074E-003
  -2.00105918889        2.17372973608        36.7200000000        1.88568373353       5.989332811749E-002 -3.693632844696E-003
  -2.40127102667        2.60847568330        36.7200000000        1.98658401687      -0.124292030118      -3.591935220159E-003
  -2.80148286445        3.04322163051        36.7200000000        2.15489141468      -0.270426226841      -3.353090474875E-003
  -3.20169470223        3.47796757773        36.7200000000        2.25531028370      -0.361456132806      -6.889955029312E-003
  -3.60190654001        3.91271352494        36.7200000000        2.26480165137      -0.877815481742      -4.402330408458E-003
  -4.00211837779        4.34745947216        36.7200000000        2.00781394004       -1.29051256911       6.585839835879E-003
  -4.40233021557        4.78220541938        36.7200000000        1.69073151956       -1.45789725702       6.201345523095E-003
   0.00000000000        0.00000000000        36.7200000000        1.75574889952       8.912644933220E-003  9.178716161894E-004
 -0.519689034804       0.281241641340        36.7200000000        1.75280613993       2.034756140490E-002  9.161414181720E-004
  -1.03937806961       0.562483282680        36.7200000000        1.75544197450       2.491045902055E-002  1.565089658941E-003
  -1.55906710441       0.843724924020        36.7200000000        1.77127039798       2.221400012282E-002  3.520649745859E-003
  -2.07875613922        1.12496656536        36.7200000000        1.77855294973       1.629510873186E-002  4.217316651590E-003
  -2.59844517402        1.40620820670        36.7200000000        1.87180050179      -6.261599266513E-002 -1.410562214343E-003
  -3.11813420882        1.68744984804        36.7200000000        1.86819388515      -0.164510439558      -2.507694193833E-003
  -3.63782324363        1.96869148938        36.7200000000        1.84656867045      -0.273648221551      -3.254779510607E-003
  -4.15751227843        2.24993313072        36.7200000000        1.71422658416      -0.354510141189      -6.484817753171E-003
  -4.67720131323        2.53117477206        36.7200000000        1.62403915164      -0.453809484229      -7.026549901311E-003
  -5.19689034804        2.81241641340        36.7200000000        1.46752967862      -0.553235143842      -2.834275880534E-003
  -5.71657938284        3.09365805474        36.7200000000        1.26383838926      -0.649195807812      -1.979084411647E-002
   0.00000000000        0.00000000000        36.7200000000        1.75574889952       8.912644933220E-003  9.178716161894E-004
 -0.582849861102       9.726043971134E-002   36.7200000000        1.75605724944       1.974374341051E-002  1.474352652057E-003
  -1.16569972220       0.194520879423        36.7200000000        1.75807017951       2.527965427821E-002  1.948159967286E-003
  -1.74854958330       0.291781319134        36.7200000000        1.77704775060       2.286064490025E-002  4.313514095349E-003
  -2.33139944441       0.389041758845        36.7200000000        1.77484156781       1.689995568828E-002  3.904549981874E-003
  -2.91424930551       0.486302198557        36.7200000000        1.78500569152      -4.215842403049E-002 -6.220480998688E-004
  -3.49709916661       0.583562638268        36.7200000000        1.71947310207      -5.734615886883E-002 -1.173471419771E-003
  -4.07994902771       0.680823077979        36.7200000000        1.64611845197      -7.842200304318E-002 -9.889915026638E-004
  -4.66279888881       0.778083517691        36.7200000000        1.57642154505      -0.110732027827      -1.291806026454E-003
  -5.24564874991       0.875343957402        36.7200000000        1.49008942773      -0.125558612471      -2.874795413984E-003
  -5.82849861102       0.972604397113        36.7200000000        1.39533078532      -0.116660165027      -2.550153236982E-005
  -6.41134847212        1.06986483682        36.7200000000        1.28393758746      -0.116388783577       1.243927193805E-003
   0.00000000000        0.00000000000        36.7200000000        1.75574889952       8.912644933220E-003  9.178716161894E-004
 -0.582849861102      -9.726043971134E-002   36.7200000000        1.75969360071       1.796111836047E-002  2.021403059101E-003
  -1.16569972220      -0.194520879423        36.7200000000        1.75652539699       2.485409559609E-002  1.700643590120E-003
  -1.74854958330      -0.291781319134        36.7200000000        1.77254637167       2.231829796773E-002  3.699840415632E-003
  -2.33139944441      -0.389041758845        36.7200000000        1.76445323698       1.657691226780E-002  2.503124121312E-003
  -2.91424930551      -0.486302198557        36.7200000000        1.79120953676       3.109009171536E-002  5.214497392015E-004
  -3.49709916661      -0.583562638268        36.7200000000        1.74206427122       0.116070492819      -4.438763021295E-003
  -4.07994902771      -0.680823077979        36.7200000000        1.66072372080       0.134273394809      -2.219385821702E-003
  -4.66279888881      -0.778083517691        36.7200000000        1.57058370980       0.103153235491      -2.192753627685E-003
  -5.24564874991      -0.875343957402        36.7200000000        1.50118710732       9.774167178159E-002 -2.957076284944E-003
  -5.82849861102      -0.972604397113        36.7200000000        1.39867114280       0.108925617125       2.758965064493E-004
  -6.41134847212       -1.06986483682        36.7200000000        1.28200950890       0.120378841770       4.100038373210E-003
   0.00000000000        0.00000000000        36.7200000000        1.75574889952       8.912644933220E-003  9.178716161894E-004
 -0.519689034804      -0.281241641340        36.7200000000        1.75509753685       1.459907852772E-002  2.018681791359E-003
  -1.03937806961      -0.562483282680        36.7200000000        1.76288760218       1.918595599033E-002  2.454260467686E-003
  -1.55906710441      -0.843724924020        36.7200000000        1.76319083369       2.258476357201E-002  2.475543721010E-003
  -2.07875613922       -1.12496656536        36.7200000000        1.76815873809       2.064957851459E-002  3.066028880741E-003
  -2.59844517402       -1.40620820670        36.7200000000        1.88697183148       4.753443607782E-002  1.128388288143E-003
  -3.11813420882       -1.68744984804        36.7200000000        1.89750349952       0.203250154190       9.857321700318E-004
  -3.63782324363       -1.96869148938        36.7200000000        1.78582150333       0.330689482333      -3.876782329273E-003
  -4.15751227843       -2.24993313072        36.7200000000        1.68377296867       0.376028187663      -2.645706935314E-003
  -4.67720131323       -2.53117477206        36.7200000000        1.61433448681       0.444140509786      -7.585073158325E-003
  -5.19689034804       -2.81241641340        36.7200000000        1.44013129878       0.549227579601      -8.815979908226E-003
  -5.71657938284       -3.09365805474        36.7200000000        1.18634070351       0.682722149171       4.005316480010E-002
   0.00000000000        0.00000000000        36.7200000000        1.75574889952       8.912644933220E-003  9.178716161894E-004
 -0.400211837779      -0.434745947216        36.7200000000        1.74742191689       1.034519372299E-002  1.746805576003E-003
 -0.800423675558      -0.869491894432        36.7200000000        1.79059304564      -1.568201267162E-003  4.649254700896E-003
  -1.20063551334       -1.30423784165        36.7200000000        1.78254901656       6.320965367259E-003  3.841001456959E-003
  -1.60084735112       -1.73898378886        36.7200000000        1.77088140457       1.388378805435E-002  2.203738918313E-003
  -2.00105918889       -2.17372973608        36.7200000000        1.89742721483      -6.612440150830E-002 -2.131708728488E-003
  -2.40127102667       -2.60847568330        36.7200000000        2.03059442972       0.124248181225       3.312794716126E-004
  -2.80148286445       -3.04322163051        36.7200000000        2.16194699183       0.192551348872       1.515331055577E-004
  -3.20169470223       -3.47796757773        36.7200000000        2.28686569393       0.385225729109      -6.317307037662E-004
  -3.60190654001       -3.91271352494        36.7200000000        2.29762220608       0.903172503785       7.858977210916E-003
  -4.00211837779       -4.34745947216        36.7200000000        2.03171013057        1.30529586748       2.215527451013E-002
  -4.40233021557       -4.78220541938        36.7200000000        1.72233539111        1.32180060834       7.890837622269E-003
   0.00000000000        0.00000000000        36.7200000000        1.75574889952       8.912644933220E-003  9.178716161894E-004
 -0.237365478204      -0.541138783933        36.7200000000        1.74268611029       6.180664443248E-003  1.435574407452E-003
 -0.474730956408       -1.08227756787        36.7200000000        1.74609845926       8.571803671097E-004  1.788367110679E-003
 -0.712096434612       -1.62341635180        36.7200000000        1.80097951089      -1.280438086303E-002  4.126398227756E-003
 -0.949461912816       -2.16455513573        36.7200000000        1.78012945389      -3.834222088451E-003  7.652905096260E-004
  -1.18682739102       -2.70569391966        36.7200000000        1.97247313878      -4.901438632027E-002  7.381351158823E-004
  -1.42419286922       -3.24683270360        36.7200000000        1.92089845228      -0.103452697521       9.793962800374E-005
  -1.66155834743       -3.78797148753        36.7200000000        1.98959957049      -0.271191864038       1.056910311299E-003
  -1.89892382563       -4.32911027146        36.7200000000        2.36345755349      -0.685562448687      -4.012235067136E-003
  -2.13628930384       -4.87024905539        36.7200000000        2.73490811413       -1.77597313774       1.362023302147E-003
  -2.37365478204       -5.41138783933        36.7200000000      -0.159560203362       -4.68551686703       8.608943959455E-004
  -2.61102026024       -5.95252662326        36.7200000000       -1.73379595865      -0.599296642724      -2.658060015472E-003
   0.00000000000        0.00000000000        36.7200000000        1.75574889952       8.912644933220E-003  9.178716161894E-004
 -4.879688596092E-002 -0.588890836777        36.7200000000        1.74140331518       2.556782055286E-003  1.118715012068E-003
 -9.759377192185E-002  -1.17778167355        36.7200000000        1.73732477719      -2.437125036862E-003  3.768728363680E-004
 -0.146390657883       -1.76667251033        36.7200000000        1.77699374580      -2.660015127378E-002 -2.611434069307E-004
 -0.195187543844       -2.35556334711        36.7200000000        1.79801390032      -4.930797672995E-002 -4.780513769631E-003
 -0.243984429805       -2.94445418388        36.7200000000        1.97342936266      -2.592536225522E-002 -2.035684192583E-003
 -0.292781315766       -3.53334502066        36.7200000000        1.97673333094      -3.632958945139E-002  9.953695425419E-005
 -0.341578201726       -4.12223585744        36.7200000000        1.66794179552      -5.978076888867E-002  1.202065608749E-004
 -0.390375087687       -4.71112669421        36.7200000000        1.42721845427      -0.151043667479       1.896373947469E-004
 -0.439171973648       -5.30001753099        36.7200000000        1.10093167561      -0.297226519489      -1.857473229360E-003
 -0.487968859609       -5.88890836777        36.7200000000       0.713163072510      -0.303194000041      -4.733267079089E-004
 -0.536765745570       -6.47779920454        36.7200000000       0.358208950980      -0.285266339113       2.528480594581E-003
   0.00000000000        0.00000000000        36.7200000000        1.75574889952       8.912644933220E-003  9.178716161894E-004
  0.145059606038      -0.572827429873        36.7200000000        1.74371254232      -1.337495538333E-004  8.305640219222E-004
  0.290119212075       -1.14565485975        36.7200000000        1.74105712409      -7.928509273628E-003 -1.848911049676E-004
  0.435178818113       -1.71848228962        36.7200000000        1.74462780831      -4.519968872800E-002 -7.209226336972E-003
  0.580238424151       -2.29130971949        36.7200000000        1.82157955762      -0.103442661133      -1.242298619788E-002
  0.725298030189       -2.86413714937        36.7200000000        2.01277618469      -3.654629943956E-002 -6.153648547250E-003
  0.870357636226       -3.43696457924        36.7200000000        2.00840472519       0.153435217258       1.200260947443E-003
   1.01541724226       -4.00979200911        36.7200000000        1.87802266574       0.165912866039       2.011964797324E-003
   1.16047684830       -4.58261943899        36.7200000000        1.71334712168       0.530470321279      -1.546410523466E-004
   1.30553645434       -5.15544686886        36.7200000000        1.29194535059       0.950418652890      -8.527066675180E-003
   1.45059606038       -5.72827429873        36.7200000000       0.626720111013        1.06295287791      -1.263468165856E-002
   1.59565566642       -6.30110172861        36.7200000000       0.146414281675       0.810036924665      -2.468469768074E-002
   0.00000000000        0.00000000000        36.7200000000        1.75574889952       8.912644933220E-003  9.178716161894E-004
  0.323196638891      -0.494689282610        36.7200000000        1.74936355111      -1.599369536361E-003  6.023470679190E-004
  0.646393277781      -0.989378565219        36.7200000000        1.74437446948      -1.185384678333E-002 -5.103234230364E-004
  0.969589916672       -1.48406784783        36.7200000000        1.74950517947      -4.929775767488E-002 -7.343866497189E-003
   1.29278655556       -1.97875713044        36.7200000000        1.78076047901      -0.140813457574      -2.712910127094E-002
   1.61598319445       -2.47344641305        36.7200000000        2.00378178403       2.521434743575E-003  8.175802746097E-005
   1.93917983334       -2.96813569566        36.7200000000        1.97032767878       9.767317814277E-002  3.149277092716E-003
   2.26237647223       -3.46282497827        36.7200000000        2.25799351602       1.128756746981E-002  4.177508711372E-003
   2.58557311112       -3.95751426088        36.7200000000        2.68786207862      -9.852333216408E-002  1.264594190366E-003
   2.90876975001       -4.45220354349        36.7200000000        3.40760857980      -0.625860951908      -1.598554977661E-003
   3.23196638891       -4.94689282610        36.7200000000        3.38958662923       -2.88457739807      -3.753224312927E-003
   3.55516302780       -5.44158210871        36.7200000000       0.992564914109       -2.52125588607      -3.486173220900E-003
   0.00000000000        0.00000000000        36.7200000000        1.75574889952       8.912644933220E-003  9.178716161894E-004
  0.466310301007      -0.362943875680        36.7200000000        1.75285017873      -2.268749403072E-003  3.375635423686E-004
  0.932620602014      -0.725887751361        36.7200000000        1.74691732751      -1.378776633890E-002 -5.641584765727E-004
   1.39893090302       -1.08883162704        36.7200000000        1.75259738028      -3.909646463113E-002 -4.836971533163E-003
   1.86524120403       -1.45177550272        36.7200000000        1.73635275935      -6.878751780499E-002 -1.301707605004E-002
   2.33155150503       -1.81471937840        36.7200000000        1.95191578322      -4.144300234658E-002  2.115644133620E-003
   2.79786180604       -2.17766325408        36.7200000000        1.88513219589      -4.724636790246E-002  2.005516182518E-003
   3.26417210705       -2.54060712976        36.7200000000        1.98837425297      -0.232550604777      -1.192090044582E-003
   3.73048240806       -2.90355100544        36.7200000000        1.94674287384      -0.452336760221       5.794868055640E-003
   4.19679270906       -3.26649488112        36.7200000000        1.85555641094      -0.673783571683       9.661577930983E-003
   4.66310301007       -3.62943875680        36.7200000000        1.74565357271      -0.899377581873      -1.371154570226E-002
   5.12941331108       -3.99238263248        36.7200000000        1.50651660512      -0.953530430087      -1.400670520660E-002
   0.00000000000        0.00000000000        36.7200000000        1.75574889952       8.912644933220E-003  9.178716161894E-004
  0.558892006459      -0.191867868166        36.7200000000        1.75179045822      -2.309945982543E-003  1.525933656410E-005
   1.11778401292      -0.383735736333        36.7200000000        1.74783201691      -1.353253689831E-002 -8.873529430612E-004
   1.67667601938      -0.575603604499        36.7200000000        1.75087507267      -4.175668630233E-002 -6.408537043983E-003
   2.23556802584      -0.767471472666        36.7200000000        1.72141488182      -2.337838286932E-002 -1.198563315563E-003
   2.79446003230      -0.959339340832        36.7200000000        1.81546596269      -4.583434522266E-002  6.941579047865E-004
   3.35335203876       -1.15120720900        36.7200000000        1.77040327402      -0.103408362529       1.444975079249E-003
   3.91224404522       -1.34307507716        36.7200000000        1.72708403695      -0.145814185540       1.734601577249E-003
   4.47113605168       -1.53494294533        36.7200000000        1.63911878185      -0.221764255724       2.164613115033E-004
   5.03002805814       -1.72681081350        36.7200000000        1.50104740259      -0.244552392019       2.076539955649E-003
   5.58892006459       -1.91867868166        36.7200000000        1.36272463790      -0.244225831347       2.195832589812E-003
   6.14781207105       -2.11054654983        36.7200000000        1.22578478955      -0.234251870023      -6.207470853088E-003
   0.00000000000        0.00000000000        36.7200000000        1.75574889952       8.912644933220E-003  9.178716161894E-004
  0.590909090909        0.00000000000        36.7200000000        1.75115969624      -1.135000699852E-003 -2.092328232705E-004
   1.18181818182      -1.172487511250E-015   36.7200000000        1.74657049297      -1.118264633292E-002 -1.336337262730E-003
   1.77272727273        0.00000000000        36.7200000000        1.73195837077      -1.127196532815E-002 -5.979801970028E-004
   2.36363636364        0.00000000000        36.7200000000        1.70863728593      -1.966801590323E-003  1.910366181223E-003
   2.95454545455        0.00000000000        36.7200000000        1.78915780257      -6.873935119895E-003  1.885417347718E-003
   3.54545454545        0.00000000000        36.7200000000        1.74688650376       4.524925614915E-003  1.231913266559E-003
   4.13636363636        0.00000000000        36.7200000000        1.66789035523       6.850538901959E-003  1.160540256095E-004
   4.72727272727        0.00000000000        36.7200000000        1.56089866060       4.197744101977E-003 -9.106177764332E-004
   5.31818181818        0.00000000000        36.7200000000        1.50904936801       1.306734730793E-002 -1.959867256180E-003
   5.90909090909        0.00000000000        36.7200000000        1.42325663552       6.325395642411E-003  2.331038040093E-003
   6.50000000000        0.00000000000        36.7200000000        1.33813079637       7.908708374172E-003 -2.020981001118E-003
