 12 20 1 1
 1 X [LENGU]
 2 Y [LENGU]
 3 Z [LENGU]
 4 Hx [FIELU]
 5 Hy [FIELU]
 6 Hz [FIELU]
 0
   0.00000000000        0.00000000000       -2.16000000000        2.85373739751      -9.741002187716E-003 -4.309892971750E-003
  0.590909090909        0.00000000000       -2.16000000000        2.86588089311      -8.528803253722E-003 -1.901783053296E-003
   1.18181818182        0.00000000000       -2.16000000000        2.87788027361      -4.589972388926E-003  7.666373067229E-004
   1.77272727273        0.00000000000       -2.16000000000        2.86255916146       2.533261592707E-006 -7.658340141775E-004
   2.36363636364        0.00000000000       -2.16000000000        2.85466329114       7.873831324106E-004 -2.842439243683E-003
   2.95454545455        0.00000000000       -2.16000000000        2.74152653453       1.289872316204E-003 -1.251277099370E-002
   3.54545454545        0.00000000000       -2.16000000000        2.62388024326      -3.980939625614E-002 -3.151487466912E-002
   4.13636363636        0.00000000000       -2.16000000000        2.50046074397      -3.112961223750E-002 -4.755210068552E-002
   4.72727272727        0.00000000000       -2.16000000000        2.37385897186      -3.136924033695E-003 -6.024079768112E-002
   5.31818181818        0.00000000000       -2.16000000000        2.22023399784       7.718305648320E-003 -7.493390002056E-002
   5.90909090909        0.00000000000       -2.16000000000        2.05844756952      -1.181180947020E-002 -0.127149401805     
   6.50000000000        0.00000000000       -2.16000000000        1.89748085525       1.619730180423E-002 -0.153981496626     
   0.00000000000        0.00000000000       -2.16000000000        2.85373739751      -9.741002187716E-003 -4.309892971750E-003
  0.558892006459       0.191867868166       -2.16000000000        2.87601009051      -6.431271162461E-003 -7.130604286310E-004
   1.11778401292       0.383735736333       -2.16000000000        2.89034931844       1.247737488014E-004  1.751116288522E-003
   1.67667601938       0.575603604499       -2.16000000000        2.86908804019       7.018622945635E-003 -9.576804182656E-004
   2.23556802584       0.767471472666       -2.16000000000        2.83919664456       2.150721412740E-002 -5.643868235147E-003
   2.79446003230       0.959339340832       -2.16000000000        2.80208068899       5.948973444819E-002 -5.102734293828E-003
   3.35335203876        1.15120720900       -2.16000000000        2.67397775897       0.186404917613      -2.118043315939E-002
   3.91224404522        1.34307507716       -2.16000000000        2.56306957546       0.262208044691      -3.688668726956E-002
   4.47113605168        1.53494294533       -2.16000000000        2.44509897353       0.321238596549      -4.885485825173E-002
   5.03002805814        1.72681081350       -2.16000000000        2.27464144228       0.369844596703      -6.349493132179E-002
   5.58892006459        1.91867868166       -2.16000000000        2.07637104268       0.401086046093      -8.566348551827E-002
   6.14781207105        2.11054654983       -2.16000000000        1.79707314568       0.358686016688      -0.104563122212     
   0.00000000000        0.00000000000       -2.16000000000        2.85373739751      -9.741002187716E-003 -4.309892971750E-003
  0.466310301007       0.362943875680       -2.16000000000        2.88295747441      -4.734699022294E-003  5.951933551749E-005
  0.932620602014       0.725887751361       -2.16000000000        2.89579738740       5.008080538547E-003  1.743310609269E-003
   1.39893090302        1.08883162704       -2.16000000000        2.88052437705       1.724999997236E-002 -4.977484575238E-004
   1.86524120403        1.45177550272       -2.16000000000        2.84827655159       3.201778985138E-002 -5.254462096924E-003
   2.33155150503        1.81471937840       -2.16000000000        3.09520852148       4.995204432506E-002 -3.406502684371E-003
   2.79786180604        2.17766325408       -2.16000000000        3.10748078374       0.268891043419      -3.732021306120E-003
   3.26417210705        2.54060712976       -2.16000000000        3.15123181600       0.655387877371      -1.023040498914E-002
   3.73048240806        2.90355100544       -2.16000000000        3.00730306926       0.771759969293      -2.544309647440E-002
   4.19679270906        3.26649488112       -2.16000000000        2.81042067034       0.916576808019      -5.955839479191E-002
   4.66310301007        3.62943875680       -2.16000000000        2.52565584067        1.17888806748      -0.111500037360     
   5.12941331108        3.99238263248       -2.16000000000        2.15760413491        1.34931433551      -0.205307920981     
   0.00000000000        0.00000000000       -2.16000000000        2.85373739751      -9.741002187716E-003 -4.309892971750E-003
  0.323196638891       0.494689282610       -2.16000000000        2.88591165754      -3.600264592014E-003  3.350358255492E-004
  0.646393277781       0.989378565219       -2.16000000000        2.88328205180       1.275035405173E-002 -6.472762693681E-004
  0.969589916672        1.48406784783       -2.16000000000        2.88916588732       2.402172651804E-002 -3.023820224201E-004
   1.29278655556        1.97875713044       -2.16000000000        2.88243676071       2.184349401017E-002 -1.381726246607E-003
   1.61598319445        2.47344641305       -2.16000000000        3.21821159320      -3.512396417549E-002 -3.075321012691E-003
   1.93917983334        2.96813569566       -2.16000000000        3.35474169080      -0.198242446834       6.890142855326E-003
   2.26237647223        3.46282497827       -2.16000000000        3.63701707344      -0.176163158455       8.735624222257E-003
   2.58557311112        3.95751426088       -2.16000000000        4.33710463612       3.810954996260E-002 -4.728711308127E-003
   2.90876975001        4.45220354349       -2.16000000000        5.36938701048       0.938564329417      -3.821314461475E-002
   3.23196638891        4.94689282610       -2.16000000000        5.03493916230        4.27873196983      -7.045702302725E-002
   3.55516302780        5.44158210871       -2.16000000000        1.22060063168        4.05116985363      -8.777165415400E-002
   0.00000000000        0.00000000000       -2.16000000000        2.85373739751      -9.741002187716E-003 -4.309892971750E-003
  0.145059606038       0.572827429873       -2.16000000000        2.88501331446      -3.329397850213E-003  6.158368082111E-005
  0.290119212075        1.14565485975       -2.16000000000        2.88099864314       1.353996894742E-002 -1.273564766793E-003
  0.435178818113        1.71848228962       -2.16000000000        2.89905662531       1.194141467171E-002  5.113620147557E-004
  0.580238424151        2.29130971949       -2.16000000000        2.91441545768       1.759167450920E-002  2.754438734877E-003
  0.725298030189        2.86413714937       -2.16000000000        3.22445498758      -9.355968410976E-002  2.134516348834E-003
  0.870357636226        3.43696457924       -2.16000000000        3.12296316595      -0.333661323825       1.430086392487E-002
   1.01541724226        4.00979200911       -2.16000000000        2.99562670938      -0.481867737423       5.122370218676E-003
   1.16047684830        4.58261943899       -2.16000000000        2.71746473278       -1.23832793419       8.912793965152E-003
   1.30553645434        5.15544686886       -2.16000000000        1.98125648015       -1.54651917911      -3.266160185910E-003
   1.45059606038        5.72827429873       -2.16000000000       0.910189053113       -1.63688803703      -1.657452473324E-003
   1.59565566642        6.30110172861       -2.16000000000       0.125868399612       -1.07391357974       1.184650942172E-002
   0.00000000000        0.00000000000       -2.16000000000        2.85373739751      -9.741002187716E-003 -4.309892971750E-003
 -4.879688596092E-002  0.588890836777       -2.16000000000        2.88035979459      -3.951451411297E-003 -7.312043157383E-004
 -9.759377192185E-002   1.17778167355       -2.16000000000        2.88170933662       1.006019473842E-002 -1.271644066996E-003
 -0.146390657883        1.76667251033       -2.16000000000        2.90053516668       5.937960817679E-003  6.867621531522E-004
 -0.195187543844        2.35556334711       -2.16000000000        2.91007396065       1.722379688856E-002  2.981138967335E-003
 -0.243984429805        2.94445418388       -2.16000000000        3.19370929558       1.281281997065E-002  3.915789975092E-003
 -0.292781315766        3.53334502066       -2.16000000000        2.66006312831       2.969752077410E-002  8.599922653981E-003
 -0.341578201726        4.12223585744       -2.16000000000        2.58652585307       0.314863617921       3.912720412080E-003
 -0.390375087687        4.71112669421       -2.16000000000        2.16488439922       0.362372589575       1.734592341341E-002
 -0.439171973648        5.30001753099       -2.16000000000        1.76647952481       0.457189736119       1.733246388130E-002
 -0.487968859609        5.88890836777       -2.16000000000        1.14434069150       0.426953443616       9.267613803350E-003
 -0.536765745570        6.47779920454       -2.16000000000       0.592214928191       0.454002972908       3.647874278825E-004
   0.00000000000        0.00000000000       -2.16000000000        2.85373739751      -9.741002187716E-003 -4.309892971750E-003
 -0.237365478204       0.541138783933       -2.16000000000        2.87245537902      -5.399016119766E-003 -1.957417283329E-003
 -0.474730956408        1.08227756787       -2.16000000000        2.88438805861       3.039180434876E-003 -7.943723511206E-004
 -0.712096434612        1.62341635180       -2.16000000000        2.89353363496       4.859730812022E-003  1.286549140990E-004
 -0.949461912816        2.16455513573       -2.16000000000        2.87232077286       0.110227895284       1.906671454561E-003
  -1.18682739102        2.70569391966       -2.16000000000        3.17627476447       7.150442136118E-002  1.364091484715E-002
  -1.42419286922        3.24683270360       -2.16000000000        3.21241788455       0.174956010749       8.893366420577E-003
  -1.66155834743        3.78797148753       -2.16000000000        3.43153321066       0.448102627285       3.772364410546E-003
  -1.89892382563        4.32911027146       -2.16000000000        3.88296049174       0.935097462800       2.530183273610E-002
  -2.13628930384        4.87024905539       -2.16000000000        4.37363058013        3.13518614970       5.382172680052E-002
  -2.37365478204        5.41138783933       -2.16000000000       0.361347437408        3.34009290314       6.445483684566E-002
  -2.61102026024        5.95252662326       -2.16000000000       -3.13529630199       0.852234120125       6.356271225466E-002
   0.00000000000        0.00000000000       -2.16000000000        2.85373739751      -9.741002187716E-003 -4.309892971750E-003
 -0.400211837779       0.434745947216       -2.16000000000        2.86238386856      -7.392200750439E-003 -3.455849116197E-003
 -0.800423675558       0.869491894432       -2.16000000000        2.87395282900      -3.461160525753E-003 -2.237490041826E-003
  -1.20063551334        1.30423784165       -2.16000000000        2.88318548085       5.776692773623E-003 -1.074356992534E-003
  -1.60084735112        1.73898378886       -2.16000000000        2.89071886084       1.986581481733E-002  7.410350237727E-004
  -2.00105918889        2.17372973608       -2.16000000000        3.09783597804       8.266959093191E-002  2.750832506063E-003
  -2.40127102667        2.60847568330       -2.16000000000        3.25895447709      -0.141764545589      -1.047547962706E-004
  -2.80148286445        3.04322163051       -2.16000000000        3.31892983619      -0.358414342822       1.605939831045E-002
  -3.20169470223        3.47796757773       -2.16000000000        3.52813580157      -0.756472516586       5.385634679394E-002
  -3.60190654001        3.91271352494       -2.16000000000        3.50639838922       -1.22367086003       9.576914290469E-002
  -4.00211837779        4.34745947216       -2.16000000000        2.91007130816       -1.76304552033       0.201165588694     
  -4.40233021557        4.78220541938       -2.16000000000        2.16336393086       -2.02991775907       0.278158217867     
   0.00000000000        0.00000000000       -2.16000000000        2.85373739751      -9.741002187716E-003 -4.309892971750E-003
 -0.519689034804       0.281241641340       -2.16000000000        2.85628612020      -6.981233971806E-003 -4.434660708322E-003
  -1.03937806961       0.562483282680       -2.16000000000        2.86763701472      -1.057295911202E-002 -2.763334913245E-003
  -1.55906710441       0.843724924020       -2.16000000000        2.86418126893      -5.690569986642E-004 -3.568415563825E-003
  -2.07875613922        1.12496656536       -2.16000000000        2.86580221210      -1.133576448499E-002 -3.689940648529E-003
  -2.59844517402        1.40620820670       -2.16000000000        2.99133243246      -8.672250160300E-002  1.542996905377E-002
  -3.11813420882        1.68744984804       -2.16000000000        2.91221397124      -0.273564446499       1.536723529560E-002
  -3.63782324363        1.96869148938       -2.16000000000        2.81784327997      -0.388611425242       1.530885172780E-002
  -4.15751227843        2.24993313072       -2.16000000000        2.64154412363      -0.465638430184       2.697793992535E-002
  -4.67720131323        2.53117477206       -2.16000000000        2.48552961024      -0.567688221785       5.163142226810E-002
  -5.19689034804        2.81241641340       -2.16000000000        2.19602194314      -0.640303632596       9.738183206758E-002
  -5.71657938284        3.09365805474       -2.16000000000        1.88154039902      -0.727275089643       0.116445371505     
   0.00000000000        0.00000000000       -2.16000000000        2.85373739751      -9.741002187716E-003 -4.309892971750E-003
 -0.582849861102       9.726043971134E-002  -2.16000000000        2.84991217819      -6.869330901584E-003 -5.399951780220E-003
  -1.16569972220       0.194520879423       -2.16000000000        2.87659651532      -2.094146121407E-002 -7.403182303000E-004
  -1.74854958330       0.291781319134       -2.16000000000        2.86198976928      -4.610028067302E-004 -3.688081821409E-003
  -2.33139944441       0.389041758845       -2.16000000000        2.85041990019      -4.745857330863E-003 -4.933564572976E-003
  -2.91424930551       0.486302198557       -2.16000000000        2.85079710292      -4.041438785147E-002  1.195280565765E-002
  -3.49709916661       0.583562638268       -2.16000000000        2.73329186056      -5.308523176351E-002  1.535468447686E-002
  -4.07994902771       0.680823077979       -2.16000000000        2.61722757874      -8.190847857311E-002  1.240730876512E-002
  -4.66279888881       0.778083517691       -2.16000000000        2.48559927849      -0.104024097392      -5.264390992035E-003
  -5.24564874991       0.875343957402       -2.16000000000        2.34461418963      -0.104256781644      -3.677923962929E-002
  -5.82849861102       0.972604397113       -2.16000000000        2.18946631981      -0.105795246936      -2.521747550918E-002
  -6.41134847212        1.06986483682       -2.16000000000        2.29450665225      -7.734191949214E-003 -0.248368031430     
   0.00000000000        0.00000000000       -2.16000000000        2.85373739751      -9.741002187716E-003 -4.309892971750E-003
 -0.582849861102      -9.726043971134E-002  -2.16000000000        2.85084264260      -1.204023825711E-002 -4.841229004851E-003
  -1.16569972220      -0.194520879423       -2.16000000000        2.87803843216      -2.639064348306E-002 -1.390539585804E-004
  -1.74854958330      -0.291781319134       -2.16000000000        2.86613790011      -6.023666686075E-003 -2.971204024467E-003
  -2.33139944441      -0.389041758845       -2.16000000000        2.84598509686       3.437794580434E-003 -5.035213815900E-003
  -2.91424930551      -0.486302198557       -2.16000000000        2.86611358204       4.214101366532E-002  1.018566237951E-002
  -3.49709916661      -0.583562638268       -2.16000000000        2.80683938017       0.145315646917       1.349629530876E-002
  -4.07994902771      -0.680823077979       -2.16000000000        2.64471402675       0.139485987917       1.986695207941E-002
  -4.66279888881      -0.778083517691       -2.16000000000        2.51772952799       0.124787408998      -1.911814050766E-003
  -5.24564874991      -0.875343957402       -2.16000000000        2.37949535891       0.122091549619      -6.979165448012E-003
  -5.82849861102      -0.972604397113       -2.16000000000        2.18153213901       8.294712790682E-002 -3.229808035896E-002
  -6.41134847212       -1.06986483682       -2.16000000000        1.99916336710      -3.279939485758E-002 -0.217509688625     
   0.00000000000        0.00000000000       -2.16000000000        2.85373739751      -9.741002187716E-003 -4.309892971750E-003
 -0.519689034804      -0.281241641340       -2.16000000000        2.85060786871      -1.589481772404E-002 -4.526705118615E-003
  -1.03937806961      -0.562483282680       -2.16000000000        2.88041476049      -3.793709087785E-002  1.238058247482E-003
  -1.55906710441      -0.843724924020       -2.16000000000        2.87543953329      -1.747258388524E-002 -1.470713895726E-003
  -2.07875613922       -1.12496656536       -2.16000000000        2.86996366028       6.510575278081E-003 -2.221656685595E-003
  -2.59844517402       -1.40620820670       -2.16000000000        3.00065897285       7.645045109272E-002  6.722601523212E-003
  -3.11813420882       -1.68744984804       -2.16000000000        2.92998374860       0.228676953560       9.216095377446E-003
  -3.63782324363       -1.96869148938       -2.16000000000        2.83777149761       0.383222005107       2.111148369325E-002
  -4.15751227843       -2.24993313072       -2.16000000000        2.70776496902       0.529280648475       4.651133903505E-002
  -4.67720131323       -2.53117477206       -2.16000000000        2.54659034542       0.568566240822       5.127399364547E-002
  -5.19689034804       -2.81241641340       -2.16000000000        2.17391747929       0.671293044140       7.407228231343E-002
  -5.71657938284       -3.09365805474       -2.16000000000        1.80613739432       0.697787032362       8.068959563402E-002
   0.00000000000        0.00000000000       -2.16000000000        2.85373739751      -9.741002187716E-003 -4.309892971750E-003
 -0.400211837779      -0.434745947216       -2.16000000000        2.84578104045      -1.552427716590E-002 -5.194900864888E-003
 -0.800423675558      -0.869491894432       -2.16000000000        2.88332981755      -5.414326166778E-002  3.205467479643E-003
  -1.20063551334       -1.30423784165       -2.16000000000        2.88705729061      -3.273874488846E-002  1.845646068205E-003
  -1.60084735112       -1.73898378886       -2.16000000000        2.89668570110       1.004188594504E-003  1.494126405656E-003
  -2.00105918889       -2.17372973608       -2.16000000000        3.06644515066      -7.137614310499E-002  4.441262871915E-003
  -2.40127102667       -2.60847568330       -2.16000000000        3.04046478657       0.190261432605       9.139239415574E-003
  -2.80148286445       -3.04322163051       -2.16000000000        3.04181027019       0.429486440773       4.853930046084E-002
  -3.20169470223       -3.47796757773       -2.16000000000        3.27233027731       0.815082645627       7.633378771261E-002
  -3.60190654001       -3.91271352494       -2.16000000000        3.50829001273        1.27512488007       9.685498202309E-002
  -4.00211837779       -4.34745947216       -2.16000000000        3.04893072027        1.82558880254       0.181439669810     
  -4.40233021557       -4.78220541938       -2.16000000000        2.28866943159        1.88832894569       0.222358314214     
   0.00000000000        0.00000000000       -2.16000000000        2.85373739751      -9.741002187716E-003 -4.309892971750E-003
 -0.237365478204      -0.541138783933       -2.16000000000        2.83688521956      -1.096877040170E-002 -6.773406866435E-003
 -0.474730956408       -1.08227756787       -2.16000000000        2.86667118215      -3.839753845495E-002 -1.461608625788E-004
 -0.712096434612       -1.62341635180       -2.16000000000        2.90010525566      -4.446353465923E-002  5.854449666840E-003
 -0.949461912816       -2.16455513573       -2.16000000000        2.91274020231      -1.748600448131E-002  5.712187225695E-003
  -1.18682739102       -2.70569391966       -2.16000000000        3.12122993144      -7.896762956632E-002  1.221534657141E-002
  -1.42419286922       -3.24683270360       -2.16000000000        3.39621923519      -6.447708487761E-002  3.168398011428E-002
  -1.66155834743       -3.78797148753       -2.16000000000        3.73145190114      -0.597881950054       3.807810758068E-002
  -1.89892382563       -4.32911027146       -2.16000000000        3.76532053972       -1.12711638265       4.670583086349E-002
  -2.13628930384       -4.87024905539       -2.16000000000        3.80639987814       -3.33304896708       6.867126708837E-002
  -2.37365478204       -5.41138783933       -2.16000000000        2.51604716846       -3.51738991433       7.221513004733E-002
  -2.61102026024       -5.95252662326       -2.16000000000       -3.08711492766      -0.836669574956       7.848805861624E-002
   0.00000000000        0.00000000000       -2.16000000000        2.85373739751      -9.741002187716E-003 -4.309892971750E-003
 -4.879688596092E-002 -0.588890836777       -2.16000000000        2.83512618343      -1.011224468405E-002 -7.001320807856E-003
 -9.759377192185E-002  -1.17778167355       -2.16000000000        2.84634594614      -3.755390519451E-004 -5.413175206989E-003
 -0.146390657883       -1.76667251033       -2.16000000000        2.87713291718      -8.908307385726E-003  3.726388592008E-004
 -0.195187543844       -2.35556334711       -2.16000000000        2.90995525973      -4.062999125595E-002  7.570555177848E-003
 -0.243984429805       -2.94445418388       -2.16000000000        3.11345234674      -5.155442515410E-002  1.111041826967E-002
 -0.292781315766       -3.53334502066       -2.16000000000        2.84988778561       3.737933055259E-002  1.130804144676E-002
 -0.341578201726       -4.12223585744       -2.16000000000        2.52438799362      -0.148630231540       1.292246291250E-002
 -0.390375087687       -4.71112669421       -2.16000000000        2.19649453339      -0.347216722823       1.444354268565E-002
 -0.439171973648       -5.30001753099       -2.16000000000        1.74636736473      -0.463378147774       1.581771041408E-002
 -0.487968859609       -5.88890836777       -2.16000000000        1.13545280591      -0.480126376687       3.655659572149E-002
 -0.536765745570       -6.47779920454       -2.16000000000       0.737983892450      -0.362986485017       4.800969583272E-002
   0.00000000000        0.00000000000       -2.16000000000        2.85373739751      -9.741002187716E-003 -4.309892971750E-003
  0.145059606038      -0.572827429873       -2.16000000000        2.83803637963      -1.035953783048E-002 -6.301934550555E-003
  0.290119212075       -1.14565485975       -2.16000000000        2.84872237443       2.261433653456E-003 -4.585488643690E-003
  0.435178818113       -1.71848228962       -2.16000000000        2.86192385857       4.377808718188E-003 -3.044580260344E-003
  0.580238424151       -2.29130971949       -2.16000000000        2.86615754536      -1.356766646441E-002 -1.355485284940E-003
  0.725298030189       -2.86413714937       -2.16000000000        3.21047112802       0.179806491157       7.650219235769E-003
  0.870357636226       -3.43696457924       -2.16000000000        3.07813809118       0.333997241844       4.556609185327E-003
   1.01541724226       -4.00979200911       -2.16000000000        2.89553004762       0.666755416255       1.562118830751E-003
   1.16047684830       -4.58261943899       -2.16000000000        2.66737279212        1.03170847263      -1.651154950603E-003
   1.30553645434       -5.15544686886       -2.16000000000        2.01711643134        1.48772335790       8.126205671424E-004
   1.45059606038       -5.72827429873       -2.16000000000       0.913349505487        1.63833355426      -8.598788635637E-003
   1.59565566642       -6.30110172861       -2.16000000000       6.439686752791E-002   1.08131308957      -6.712436258460E-003
   0.00000000000        0.00000000000       -2.16000000000        2.85373739751      -9.741002187716E-003 -4.309892971750E-003
  0.323196638891      -0.494689282610       -2.16000000000        2.84269908667      -1.032260316583E-002 -5.345106370758E-003
  0.646393277781      -0.989378565219       -2.16000000000        2.84873231005      -1.638927098785E-003 -3.855414170357E-003
  0.969589916672       -1.48406784783       -2.16000000000        2.86124468795      -9.801844921640E-003 -3.128670103568E-003
   1.29278655556       -1.97875713044       -2.16000000000        2.86088493591      -1.209641109978E-002 -3.761829860028E-003
   1.61598319445       -2.47344641305       -2.16000000000        3.17242004001       5.650244136224E-002 -4.240206207330E-003
   1.93917983334       -2.96813569566       -2.16000000000        3.47202580792       0.110358657144      -1.242550214682E-002
   2.26237647223       -3.46282497827       -2.16000000000        3.81566083335       0.113825910736      -2.138859655499E-002
   2.58557311112       -3.95751426088       -2.16000000000        4.23701720480      -6.178326232748E-002 -3.489633657333E-002
   2.90876975001       -4.45220354349       -2.16000000000        5.38343732442      -0.933247738787      -5.725403688852E-002
   3.23196638891       -4.94689282610       -2.16000000000        5.16020715152       -4.41853908327      -7.223291497873E-002
   3.55516302780       -5.44158210871       -2.16000000000        1.41120578806       -4.13396299807      -9.564090882758E-002
   0.00000000000        0.00000000000       -2.16000000000        2.85373739751      -9.741002187716E-003 -4.309892971750E-003
  0.466310301007      -0.362943875680       -2.16000000000        2.84850184094      -1.046137958449E-002 -4.321792311822E-003
  0.932620602014      -0.725887751361       -2.16000000000        2.84401317521      -8.881005603380E-003 -3.882920226162E-003
   1.39893090302       -1.08883162704       -2.16000000000        2.85869897563      -9.281801596754E-003 -1.836532795583E-003
   1.86524120403       -1.45177550272       -2.16000000000        2.84144500926      -2.039704976357E-002 -3.284356671101E-003
   2.33155150503       -1.81471937840       -2.16000000000        3.03298453002      -1.833980195123E-002 -1.305078652248E-002
   2.79786180604       -2.17766325408       -2.16000000000        3.00666227911      -0.186943183234      -2.941309385844E-002
   3.26417210705       -2.54060712976       -2.16000000000        3.00403837804      -0.383016668868      -4.416274240217E-002
   3.73048240806       -2.90355100544       -2.16000000000        3.00875201973      -0.608970543637      -5.551870043999E-002
   4.19679270906       -3.26649488112       -2.16000000000        2.84444152240      -0.951752161590      -0.104285082093     
   4.66310301007       -3.62943875680       -2.16000000000        2.56155124245       -1.24749091239      -0.180913535048     
   5.12941331108       -3.99238263248       -2.16000000000        2.17541196428       -1.27165809569      -0.265020144681     
   0.00000000000        0.00000000000       -2.16000000000        2.85373739751      -9.741002187716E-003 -4.309892971750E-003
  0.558892006459      -0.191867868166       -2.16000000000        2.85481582398      -1.076082850817E-002 -3.342884330386E-003
   1.11778401292      -0.383735736333       -2.16000000000        2.85641217372      -9.577587088493E-003 -1.954195831181E-003
   1.67667601938      -0.575603604499       -2.16000000000        2.85802306499      -8.386491183076E-003 -5.636979977446E-004
   2.23556802584      -0.767471472666       -2.16000000000        2.82121612182      -1.465745407541E-002 -2.639355831529E-003
   2.79446003230      -0.959339340832       -2.16000000000        2.80286603769      -3.914880316206E-002 -1.359942449850E-002
   3.35335203876       -1.15120720900       -2.16000000000        2.69632626741      -0.162558738885      -3.162250329926E-002
   3.91224404522       -1.34307507716       -2.16000000000        2.59820329994      -0.239128528005      -4.990879679368E-002
   4.47113605168       -1.53494294533       -2.16000000000        2.49394383179      -0.315053384603      -6.072617704237E-002
   5.03002805814       -1.72681081350       -2.16000000000        2.30516203918      -0.379506130027      -8.108243779531E-002
   5.58892006459       -1.91867868166       -2.16000000000        2.09044831186      -0.425699637214      -9.925380990472E-002
   6.14781207105       -2.11054654983       -2.16000000000        1.85817798376      -0.446804258672      -8.625147960746E-002
   0.00000000000        0.00000000000       -2.16000000000        2.85373739751      -9.741002187716E-003 -4.309892971750E-003
  0.590909090909        0.00000000000       -2.16000000000        2.86588089311      -8.528803253722E-003 -1.901783053296E-003
   1.18181818182      -1.172487511250E-015  -2.16000000000        2.87788027361      -4.589972388926E-003  7.666373067229E-004
   1.77272727273        0.00000000000       -2.16000000000        2.86255916146       2.533261592707E-006 -7.658340141775E-004
   2.36363636364        0.00000000000       -2.16000000000        2.85466329114       7.873831324106E-004 -2.842439243683E-003
   2.95454545455        0.00000000000       -2.16000000000        2.74152653453       1.289872316204E-003 -1.251277099370E-002
   3.54545454545        0.00000000000       -2.16000000000        2.62388024326      -3.980939625614E-002 -3.151487466912E-002
   4.13636363636        0.00000000000       -2.16000000000        2.50046074397      -3.112961223750E-002 -4.755210068552E-002
   4.72727272727        0.00000000000       -2.16000000000        2.37385897186      -3.136924033695E-003 -6.024079768112E-002
   5.31818181818        0.00000000000       -2.16000000000        2.22023399784       7.718305648320E-003 -7.493390002056E-002
   5.90909090909        0.00000000000       -2.16000000000        2.05844756952      -1.181180947020E-002 -0.127149401805     
   6.50000000000        0.00000000000       -2.16000000000        1.89748085525       1.619730180423E-002 -0.153981496626     
