 12 20 1 1
 1 X [LENGU]
 2 Y [LENGU]
 3 Z [LENGU]
 4 Hx [FIELU]
 5 Hy [FIELU]
 6 Hz [FIELU]
 0
   0.00000000000        0.00000000000        70.0000000000        2.82757500196      -6.714276571766E-002 -5.668078067842E-003
  0.590909090909        0.00000000000        70.0000000000        2.82908217063      -6.087023759947E-002 -4.293593431559E-003
   1.18181818182        0.00000000000        70.0000000000        2.83609865856      -4.292696880165E-002 -1.990671263902E-003
   1.77272727273        0.00000000000        70.0000000000        2.84901996018      -2.783404281073E-002  1.004660239785E-003
   2.36363636364        0.00000000000        70.0000000000        2.86319908815      -1.266319112394E-002  4.029191352321E-003
   2.95454545455        0.00000000000        70.0000000000        2.91124715398      -2.951296589592E-003  1.034602492790E-002
   3.54545454545        0.00000000000        70.0000000000        2.80016863500       1.981862051691E-004  9.598240901996E-003
   4.13636363636        0.00000000000        70.0000000000        2.68906231394       8.699704903689E-004  8.531114438578E-003
   4.72727272727        0.00000000000        70.0000000000        2.58547481650      -3.699336707579E-004  7.363269801309E-003
   5.31818181818        0.00000000000        70.0000000000        2.44932959904      -6.048709393977E-003  8.859112334050E-003
   5.90909090909        0.00000000000        70.0000000000        2.31677009951      -6.261857688555E-003  7.759635164699E-003
   6.50000000000        0.00000000000        70.0000000000        2.18421059997      -6.475005983132E-003  6.660157995348E-003
   0.00000000000        0.00000000000        70.0000000000        2.82757500196      -6.714276571766E-002 -5.668078067842E-003
  0.558892006459       0.191867868166        70.0000000000        2.83168368776      -5.624267752896E-002 -3.849923931801E-003
   1.11778401292       0.383735736333        70.0000000000        2.84441719853      -3.514668371276E-002 -5.890257896354E-004
   1.67667601938       0.575603604499        70.0000000000        2.86040557342      -1.576567444539E-002  3.219912221135E-003
   2.23556802584       0.767471472666        70.0000000000        2.87136865245      -1.252135313754E-003  5.376136380764E-003
   2.79446003230       0.959339340832        70.0000000000        2.96789774675       6.172124019072E-002  8.439137567309E-003
   3.35335203876        1.15120720900        70.0000000000        2.88782939572       0.198423732703       1.054684096694E-002
   3.91224404522        1.34307507716        70.0000000000        2.82052715580       0.287876682593       1.142659288777E-002
   4.47113605168        1.53494294533        70.0000000000        2.74596413898       0.380044882458       1.153828834224E-002
   5.03002805814        1.72681081350        70.0000000000        2.47342551614       0.423509451689       9.841698550928E-003
   5.58892006459        1.91867868166        70.0000000000        2.24692260840       0.405666152877       1.802527538586E-002
   6.14781207105        2.11054654983        70.0000000000        2.04216827195       0.426204913271       4.117786941487E-002
   0.00000000000        0.00000000000        70.0000000000        2.82757500196      -6.714276571766E-002 -5.668078067842E-003
  0.466310301007       0.362943875680        70.0000000000        2.83332336538      -5.409908691900E-002 -3.690614459415E-003
  0.932620602014       0.725887751361        70.0000000000        2.84922260592      -3.158191337147E-002 -1.848674587821E-005
   1.39893090302        1.08883162704        70.0000000000        2.86136768768      -1.237852970730E-002  3.347471175893E-003
   1.86524120403        1.45177550272        70.0000000000        2.86911681781       3.345564407397E-003  6.164934524495E-003
   2.33155150503        1.81471937840        70.0000000000        3.19337084761       4.899154789523E-002  7.060549998971E-003
   2.79786180604        2.17766325408        70.0000000000        3.14348949220       0.234123225543       9.901596502150E-003
   3.26417210705        2.54060712976        70.0000000000        3.11981301641       0.389633188125       1.112391578576E-002
   3.73048240806        2.90355100544        70.0000000000        3.08429230048       0.759782072236       1.054171667907E-002
   4.19679270906        3.26649488112        70.0000000000        3.01438929859        1.14787781667      -1.646878717013E-002
   4.66310301007        3.62943875680        70.0000000000        2.84856075636        1.54536109352      -3.516961536766E-002
   5.12941331108        3.99238263248        70.0000000000        2.35126595585        1.50257115722      -3.046954829367E-002
   0.00000000000        0.00000000000        70.0000000000        2.82757500196      -6.714276571766E-002 -5.668078067842E-003
  0.323196638891       0.494689282610        70.0000000000        2.83382351898      -5.467175707340E-002 -3.832928667674E-003
  0.646393277781       0.989378565219        70.0000000000        2.84999414029      -3.261895595737E-002 -3.408808908466E-004
  0.969589916672        1.48406784783        70.0000000000        2.85992016999      -1.475149294171E-002  2.560172055120E-003
   1.29278655556        1.97875713044        70.0000000000        2.86680751494      -5.171309317765E-003  5.349911668849E-003
   1.61598319445        2.47344641305        70.0000000000        3.31826940848      -5.352824197931E-002  4.025385339926E-003
   1.93917983334        2.96813569566        70.0000000000        3.49764563408      -9.105778257676E-002  3.003874151565E-003
   2.26237647223        3.46282497827        70.0000000000        3.83682362057      -9.605712859404E-002 -2.354239816909E-004
   2.58557311112        3.95751426088        70.0000000000        4.59516993709       0.107225910947      -1.976832073189E-003
   2.90876975001        4.45220354349        70.0000000000        5.59785541776       0.862868153273       7.771102242730E-003
   3.23196638891        4.94689282610        70.0000000000        5.23524511867        4.95710965678       3.521276015789E-003
   3.55516302780        5.44158210871        70.0000000000        1.64126286564        4.00696311483       3.033944238011E-004
   0.00000000000        0.00000000000        70.0000000000        2.82757500196      -6.714276571766E-002 -5.668078067842E-003
  0.145059606038       0.572827429873        70.0000000000        2.83312994915      -5.789863029505E-002 -4.261444603882E-003
  0.290119212075        1.14565485975        70.0000000000        2.84664819392      -3.814543181492E-002 -1.521271816473E-003
  0.435178818113        1.71848228962        70.0000000000        2.85621988135      -2.262741676185E-002  9.433309347550E-004
  0.580238424151        2.29130971949        70.0000000000        2.86376266790      -4.131882088207E-002  5.156262041161E-004
  0.725298030189        2.86413714937        70.0000000000        3.33379364728      -0.146937228077      -4.642499514726E-004
  0.870357636226        3.43696457924        70.0000000000        3.41884301197      -0.237859612938      -2.566663865172E-003
   1.01541724226        4.00979200911        70.0000000000        3.07421187127      -0.570272203751      -7.363625426131E-003
   1.16047684830        4.58261943899        70.0000000000        2.80619496231       -1.05559770851      -1.133228938396E-003
   1.30553645434        5.15544686886        70.0000000000        2.20271871733       -1.62474127430      -1.221102263030E-002
   1.45059606038        5.72827429873        70.0000000000        1.05052815644       -1.66992444964      -2.744312410923E-002
   1.59565566642        6.30110172861        70.0000000000       3.452054334379E-002  -1.20046637787      -1.421732715298E-002
   0.00000000000        0.00000000000        70.0000000000        2.82757500196      -6.714276571766E-002 -5.668078067842E-003
 -4.879688596092E-002  0.588890836777        70.0000000000        2.83131781494      -6.343002480028E-002 -4.929725917240E-003
 -9.759377192185E-002   1.17778167355        70.0000000000        2.83982782387      -4.769523282926E-002 -3.385445664189E-003
 -0.146390657883        1.76667251033        70.0000000000        2.85066780546      -3.515282261427E-002 -1.327842361935E-003
 -0.195187543844        2.35556334711        70.0000000000        2.85704332729      -6.424580519684E-002 -3.550430145761E-003
 -0.243984429805        2.94445418388        70.0000000000        3.33654964461       6.622767565218E-002 -7.905574196243E-003
 -0.292781315766        3.53334502066        70.0000000000        3.45886422344       0.191233566715      -2.797406387884E-003
 -0.341578201726        4.12223585744        70.0000000000        3.05199224384       0.203417896067      -2.989394729636E-003
 -0.390375087687        4.71112669421        70.0000000000        2.58192706759       0.369606536619      -1.112122436703E-003
 -0.439171973648        5.30001753099        70.0000000000        1.89103629498       0.451428983468       6.790923739061E-004
 -0.487968859609        5.88890836777        70.0000000000        1.25184827286       0.571886951299       5.401669820722E-003
 -0.536765745570        6.47779920454        70.0000000000       0.770722981516       0.517707990427       5.198878684793E-003
   0.00000000000        0.00000000000        70.0000000000        2.82757500196      -6.714276571766E-002 -5.668078067842E-003
 -0.237365478204       0.541138783933        70.0000000000        2.83171328389      -6.277372249175E-002 -5.236240092839E-003
 -0.474730956408        1.08227756787        70.0000000000        2.83585156582      -5.840467926583E-002 -4.804402117836E-003
 -0.712096434612        1.62341635180        70.0000000000        2.84013485565      -5.366995095548E-002 -4.348049533398E-003
 -0.949461912816        2.16455513573        70.0000000000        2.84696455160      -5.304150997284E-002 -4.171839954838E-003
  -1.18682739102        2.70569391966        70.0000000000        3.31313336105       0.110025524830      -9.082097359967E-003
  -1.42419286922        3.24683270360        70.0000000000        3.44386468879       0.312444618760      -5.496474330807E-003
  -1.66155834743        3.78797148753        70.0000000000        3.59472206708       0.543890226535      -1.907346405663E-003
  -1.89892382563        4.32911027146        70.0000000000        3.96413583074        1.15774081961      -1.098983158906E-004
  -2.13628930384        4.87024905539        70.0000000000        4.78694680584        3.10746593834       5.625965757386E-004
  -2.37365478204        5.41138783933        70.0000000000        1.22022298329        4.97480059564       1.602151972188E-003
  -2.61102026024        5.95252662326        70.0000000000       -2.89896669120       0.904931636191       3.150877389800E-003
   0.00000000000        0.00000000000        70.0000000000        2.82757500196      -6.714276571766E-002 -5.668078067842E-003
 -0.400211837779       0.434745947216        70.0000000000        2.83333858912      -5.835853087248E-002 -5.305824975120E-003
 -0.800423675558       0.869491894432        70.0000000000        2.83910217628      -4.957429602730E-002 -4.943571882397E-003
  -1.20063551334        1.30423784165        70.0000000000        2.84486576345      -4.079006118213E-002 -4.581318789675E-003
  -1.60084735112        1.73898378886        70.0000000000        2.84965120523      -3.798811971881E-002 -3.689948516507E-003
  -2.00105918889        2.17372973608        70.0000000000        3.08293670490       0.206975066568      -3.085604807253E-003
  -2.40127102667        2.60847568330        70.0000000000        3.37394391289      -0.146252135318      -1.214646554963E-002
  -2.80148286445        3.04322163051        70.0000000000        3.43514526071      -0.359280393163      -1.122518907616E-002
  -3.20169470223        3.47796757773        70.0000000000        3.66888322447      -0.672672165802      -1.743805740377E-002
  -3.60190654001        3.91271352494        70.0000000000        3.74295973066       -1.40613775886      -1.795434177908E-003
  -4.00211837779        4.34745947216        70.0000000000        3.49153181149       -2.18042649528       9.107552987764E-003
  -4.40233021557        4.78220541938        70.0000000000        2.79694384446       -2.19171473654       7.548336751130E-003
   0.00000000000        0.00000000000        70.0000000000        2.82757500196      -6.714276571766E-002 -5.668078067842E-003
 -0.519689034804       0.281241641340        70.0000000000        2.83799348277      -5.064743658406E-002 -4.805605524564E-003
  -1.03937806961       0.562483282680        70.0000000000        2.85293640550      -2.889263330626E-002 -3.189018482637E-003
  -1.55906710441       0.843724924020        70.0000000000        2.86406399706      -1.286712319763E-002 -2.023485817012E-003
  -2.07875613922        1.12496656536        70.0000000000        2.86109648538      -2.094341379132E-002 -2.705380965106E-003
  -2.59844517402        1.40620820670        70.0000000000        3.06328668379      -6.537457148722E-002 -1.012481277979E-002
  -3.11813420882        1.68744984804        70.0000000000        2.96437397794      -0.235225171079      -6.636019242129E-003
  -3.63782324363        1.96869148938        70.0000000000        2.86546127209      -0.405075770672      -3.147225704465E-003
  -4.15751227843        2.24993313072        70.0000000000        2.76654856624      -0.574926370264       3.415678331995E-004
  -4.67720131323        2.53117477206        70.0000000000        2.66295011153      -0.695919619128       1.930593344717E-003
  -5.19689034804        2.81241641340        70.0000000000        2.37530557641      -0.877488515020       8.022536983650E-003
  -5.71657938284        3.09365805474        70.0000000000        2.08414323125       -1.05795290048      -1.867357401590E-003
   0.00000000000        0.00000000000        70.0000000000        2.82757500196      -6.714276571766E-002 -5.668078067842E-003
 -0.582849861102       9.726043971134E-002   70.0000000000        2.84668526569      -3.871873263086E-002 -3.537819499152E-003
  -1.16569972220       0.194520879423        70.0000000000        2.87098903057      -7.028953480520E-003 -5.902683367864E-004
  -1.74854958330       0.291781319134        70.0000000000        2.88167572612       5.585273223081E-003  7.547386989146E-004
  -2.33139944441       0.389041758845        70.0000000000        2.88850345091       1.112734952677E-002  1.210604949007E-003
  -2.91424930551       0.486302198557        70.0000000000        2.90351364524      -5.850708483820E-002 -9.794316226173E-003
  -3.49709916661       0.583562638268        70.0000000000        2.78907121388      -0.108019809816      -8.851685521116E-003
  -4.07994902771       0.680823077979        70.0000000000        2.67462878252      -0.157532534794      -7.909054816059E-003
  -4.66279888881       0.778083517691        70.0000000000        2.55920334517      -0.183608575231      -8.108626526859E-003
  -5.24564874991       0.875343957402        70.0000000000        2.42082057283      -0.177689010606      -8.823959316674E-003
  -5.82849861102       0.972604397113        70.0000000000        2.27203664272      -0.177791090864      -8.915345829226E-003
  -6.41134847212        1.06986483682        70.0000000000        2.09916787969      -0.174560111632      -9.939247084509E-003
   0.00000000000        0.00000000000        70.0000000000        2.82757500196      -6.714276571766E-002 -5.668078067842E-003
 -0.582849861102      -9.726043971134E-002   70.0000000000        2.85292763832      -3.077324277754E-002 -2.572045162995E-003
  -1.16569972220      -0.194520879423        70.0000000000        2.88551786721      -6.858478530347E-003  1.483176602879E-003
  -1.74854958330      -0.291781319134        70.0000000000        2.89529685628       2.017534693139E-003  2.761371469278E-003
  -2.33139944441      -0.389041758845        70.0000000000        2.90430803872       2.155466958478E-002  3.930757462116E-003
  -2.91424930551      -0.486302198557        70.0000000000        2.91741401494       3.747251928815E-002 -4.921144044308E-003
  -3.49709916661      -0.583562638268        70.0000000000        2.80971553760       8.464333395232E-002 -4.918885307343E-003
  -4.07994902771      -0.680823077979        70.0000000000        2.70092363261       0.105193940821      -5.389025444793E-003
  -4.66279888881      -0.778083517691        70.0000000000        2.58244731162       0.139267897768      -5.994027814970E-003
  -5.24564874991      -0.875343957402        70.0000000000        2.46052889410       0.167908712721      -6.256214866876E-003
  -5.82849861102      -0.972604397113        70.0000000000        2.31561497576       0.194488037463      -8.301255076381E-003
  -6.41134847212       -1.06986483682        70.0000000000        2.09732925412       0.200140774754      -1.438643974453E-002
   0.00000000000        0.00000000000        70.0000000000        2.82757500196      -6.714276571766E-002 -5.668078067842E-003
 -0.519689034804      -0.281241641340        70.0000000000        2.85766711559      -3.250827715656E-002 -1.859684661054E-003
  -1.03937806961      -0.562483282680        70.0000000000        2.89253557272      -1.280236614692E-002  2.016342251758E-003
  -1.55906710441      -0.843724924020        70.0000000000        2.90727004827      -4.796709743458E-003  3.529113214541E-003
  -2.07875613922       -1.12496656536        70.0000000000        2.91372130043       1.423292696046E-002  5.545878548322E-003
  -2.59844517402       -1.40620820670        70.0000000000        3.06023890000       6.466937987837E-002 -2.978266556127E-003
  -3.11813420882       -1.68744984804        70.0000000000        2.96994933268       0.152144826809      -2.480462113740E-003
  -3.63782324363       -1.96869148938        70.0000000000        2.86343402614       0.309520048379      -3.176939838031E-005
  -4.15751227843       -2.24993313072        70.0000000000        2.76422221777       0.473603798268       2.385233685786E-003
  -4.67720131323       -2.53117477206        70.0000000000        2.64751365328       0.686213124113       2.040931947039E-003
  -5.19689034804       -2.81241641340        70.0000000000        2.36589986407       0.860050643526      -1.549401110023E-002
  -5.71657938284       -3.09365805474        70.0000000000        1.94043478915        1.03546769594      -3.746030447519E-002
   0.00000000000        0.00000000000        70.0000000000        2.82757500196      -6.714276571766E-002 -5.668078067842E-003
 -0.400211837779      -0.434745947216        70.0000000000        2.85808278101      -3.686023865187E-002 -1.695809556899E-003
 -0.800423675558      -0.869491894432        70.0000000000        2.89999300425      -1.551813851873E-002  2.164007144641E-003
  -1.20063551334       -1.30423784165        70.0000000000        2.91418366281      -1.603187603811E-002  3.156473941085E-003
  -1.60084735112       -1.73898378886        70.0000000000        2.91794497478      -2.736436613554E-003  3.877378772698E-003
  -2.00105918889       -2.17372973608        70.0000000000        3.14922958457      -5.622403420826E-002 -3.478197250726E-003
  -2.40127102667       -2.60847568330        70.0000000000        3.46312254180       0.218230193280      -7.086176949650E-004
  -2.80148286445       -3.04322163051        70.0000000000        3.61281115091       0.471836295315      -5.055293148088E-004
  -3.20169470223       -3.47796757773        70.0000000000        3.76037888230       0.689686348252       1.582775871152E-004
  -3.60190654001       -3.91271352494        70.0000000000        3.75778212688        1.40099703473       1.531306272136E-002
  -4.00211837779       -4.34745947216        70.0000000000        3.41565644573        2.08461471491       6.962365547905E-002
  -4.40233021557       -4.78220541938        70.0000000000        2.96495237693        2.23475134507       7.345873974982E-003
   0.00000000000        0.00000000000        70.0000000000        2.82757500196      -6.714276571766E-002 -5.668078067842E-003
 -0.237365478204      -0.541138783933        70.0000000000        2.85412959079      -4.335752470782E-002 -2.098178260850E-003
 -0.474730956408       -1.08227756787        70.0000000000        2.87877681045      -0.100273091097       5.420979225758E-004
 -0.712096434612       -1.62341635180        70.0000000000        2.90505546907      -6.612905043863E-002  1.703729522316E-003
 -0.949461912816       -2.16455513573        70.0000000000        2.88609401230      -0.178335296392      -5.452333827283E-003
  -1.18682739102       -2.70569391966        70.0000000000        3.26860681846      -9.770209771278E-002 -1.192568230392E-003
  -1.42419286922       -3.24683270360        70.0000000000        3.39636573133      -0.163667468703      -3.846200458798E-003
  -1.66155834743       -3.78797148753        70.0000000000        3.53508316588      -0.553410513146      -2.200908589076E-003
  -1.89892382563       -4.32911027146        70.0000000000        3.86278940164      -0.939858573552       5.286835488396E-004
  -2.13628930384       -4.87024905539        70.0000000000        4.56009461120       -3.06321211564      -9.058520308862E-004
  -2.37365478204       -5.41138783933        70.0000000000       0.378584735525       -7.44200072239      -2.576029689269E-003
  -2.61102026024       -5.95252662326        70.0000000000       -2.77900193591      -0.885735926137      -3.902783194804E-003
   0.00000000000        0.00000000000        70.0000000000        2.82757500196      -6.714276571766E-002 -5.668078067842E-003
 -4.879688596092E-002 -0.588890836777        70.0000000000        2.84623593441      -5.129605356446E-002 -3.023187880440E-003
 -9.759377192185E-002  -1.17778167355        70.0000000000        2.83498316864      -0.244956634186      -2.474378997472E-003
 -0.146390657883       -1.76667251033        70.0000000000        2.84190066865      -0.263653530197      -2.284675524940E-003
 -0.195187543844       -2.35556334711        70.0000000000        2.84628580760      -0.375497587001      -1.898405429672E-002
 -0.243984429805       -2.94445418388        70.0000000000        3.28246041992      -4.827710395955E-002 -1.102440513375E-003
 -0.292781315766       -3.53334502066        70.0000000000        3.28374768812       4.208860855546E-002 -2.904754959206E-003
 -0.341578201726       -4.12223585744        70.0000000000        2.99514602227      -0.198066747785      -2.413076670557E-003
 -0.390375087687       -4.71112669421        70.0000000000        2.50723013053      -0.280771188860      -2.697775147716E-003
 -0.439171973648       -5.30001753099        70.0000000000        1.86843599160      -0.466800817005       8.889806628190E-003
 -0.487968859609       -5.88890836777        70.0000000000        1.22733050886      -0.585192216961       8.879897113995E-003
 -0.536765745570       -6.47779920454        70.0000000000       0.699538032994      -0.407439717177       1.654638299887E-002
   0.00000000000        0.00000000000        70.0000000000        2.82757500196      -6.714276571766E-002 -5.668078067842E-003
  0.145059606038      -0.572827429873        70.0000000000        2.83525721205      -5.981556244121E-002 -4.370599270382E-003
  0.290119212075       -1.14565485975        70.0000000000        2.80174381674      -0.317663848584      -4.327467594414E-003
  0.435178818113       -1.71848228962        70.0000000000        2.77898772922      -0.324030817005      -2.066319624866E-003
  0.580238424151       -2.29130971949        70.0000000000        2.81159209966      -0.239314773256      -7.477884500419E-003
  0.725298030189       -2.86413714937        70.0000000000        3.38084077175       7.052351611166E-002 -2.537423877204E-003
  0.870357636226       -3.43696457924        70.0000000000        3.33140858170       0.397030798980       4.275707611248E-003
   1.01541724226       -4.00979200911        70.0000000000        3.32758615269       0.719102571879      -1.497685913616E-003
   1.16047684830       -4.58261943899        70.0000000000        2.95690004828       0.885431148537      -2.216436859597E-003
   1.30553645434       -5.15544686886        70.0000000000        2.14244050145        1.57225975272      -3.147408291934E-003
   1.45059606038       -5.72827429873        70.0000000000        1.03327458302        1.66338225700       9.383467758413E-003
   1.59565566642       -6.30110172861        70.0000000000       0.107848928165        1.24102036223       5.269262906435E-003
   0.00000000000        0.00000000000        70.0000000000        2.82757500196      -6.714276571766E-002 -5.668078067842E-003
  0.323196638891      -0.494689282610        70.0000000000        2.82383593549      -7.232201641235E-002 -5.857214428504E-003
  0.646393277781      -0.989378565219        70.0000000000        2.83015878354      -0.124897002691      -4.523541113858E-003
  0.969589916672       -1.48406784783        70.0000000000        2.80348111800      -0.176298519133      -4.194811479626E-003
   1.29278655556       -1.97875713044        70.0000000000        2.79540960370      -7.652302803710E-002 -3.417568331996E-003
   1.61598319445       -2.47344641305        70.0000000000        3.35542038391       8.195015624902E-003  1.186867330920E-002
   1.93917983334       -2.96813569566        70.0000000000        3.52726167772      -0.189729779311       7.832504310211E-003
   2.26237647223       -3.46282497827        70.0000000000        3.66326258730      -0.220605654300       3.678339529869E-003
   2.58557311112       -3.95751426088        70.0000000000        4.36524370355      -3.382730275475E-002  3.334260928587E-003
   2.90876975001       -4.45220354349        70.0000000000        5.63664524202      -0.992851908927       1.453385628447E-002
   3.23196638891       -4.94689282610        70.0000000000        5.54098434006       -4.34250717460       2.346279215054E-002
   3.55516302780       -5.44158210871        70.0000000000        1.83550070173       -4.14024938650       3.035925139094E-002
   0.00000000000        0.00000000000        70.0000000000        2.82757500196      -6.714276571766E-002 -5.668078067842E-003
  0.466310301007      -0.362943875680        70.0000000000        2.82219495723      -7.535655956991E-002 -5.816093842492E-003
  0.932620602014      -0.725887751361        70.0000000000        2.82226894962      -7.190588728798E-002 -5.211086285376E-003
   1.39893090302       -1.08883162704        70.0000000000        2.82443723779      -6.858496843401E-002 -4.434756924281E-003
   1.86524120403       -1.45177550272        70.0000000000        2.80842750508      -4.929635334854E-002 -4.101968763804E-004
   2.33155150503       -1.81471937840        70.0000000000        3.24257519091      -4.933299962052E-002  1.327311439115E-002
   2.79786180604       -2.17766325408        70.0000000000        3.30522136479      -0.229942058678       1.170523898551E-002
   3.26417210705       -2.54060712976        70.0000000000        3.27109375429      -0.416208129545       1.289933086427E-002
   3.73048240806       -2.90355100544        70.0000000000        3.15410969299      -0.660048392372       1.623333338531E-002
   4.19679270906       -3.26649488112        70.0000000000        3.05261709346       -1.15793125258       2.686028699812E-002
   4.66310301007       -3.62943875680        70.0000000000        2.82307207461       -1.49218298085       3.799547580391E-002
   5.12941331108       -3.99238263248        70.0000000000        2.32758178707       -1.54238765536       4.244633994493E-002
   0.00000000000        0.00000000000        70.0000000000        2.82757500196      -6.714276571766E-002 -5.668078067842E-003
  0.558892006459      -0.191867868166        70.0000000000        2.82580072874      -6.748029919290E-002 -4.973544484148E-003
   1.11778401292      -0.383735736333        70.0000000000        2.82879365147      -5.579578161449E-002 -3.473082798005E-003
   1.67667601938      -0.575603604499        70.0000000000        2.83646737572      -4.654819428665E-002 -2.333165500224E-003
   2.23556802584      -0.767471472666        70.0000000000        2.83714756148      -3.111030734738E-002  1.024510259855E-003
   2.79446003230      -0.959339340832        70.0000000000        2.97877931669      -7.850916439448E-002  1.079475622900E-002
   3.35335203876       -1.15120720900        70.0000000000        2.89132422451      -0.142549842497       1.475144548901E-002
   3.91224404522       -1.34307507716        70.0000000000        2.96712334385      -0.198233028865       1.029127468083E-002
   4.47113605168       -1.53494294533        70.0000000000        2.82523642287      -0.399536038372       1.250824695685E-002
   5.03002805814       -1.72681081350        70.0000000000        2.50058551397      -0.413246498939       8.146891433116E-003
   5.58892006459       -1.91867868166        70.0000000000        2.28243363764      -0.402014463254       2.027129631004E-002
   6.14781207105       -2.11054654983        70.0000000000        2.02602217278      -0.400557017537       1.229253161853E-002
   0.00000000000        0.00000000000        70.0000000000        2.82757500196      -6.714276571766E-002 -5.668078067842E-003
  0.590909090909        0.00000000000        70.0000000000        2.82908217063      -6.087023759947E-002 -4.293593431559E-003
   1.18181818182      -1.172487511250E-015   70.0000000000        2.83609865856      -4.292696880165E-002 -1.990671263902E-003
   1.77272727273        0.00000000000        70.0000000000        2.84901996018      -2.783404281073E-002  1.004660239785E-003
   2.36363636364        0.00000000000        70.0000000000        2.86319908815      -1.266319112394E-002  4.029191352321E-003
   2.95454545455        0.00000000000        70.0000000000        2.91124715398      -2.951296589592E-003  1.034602492790E-002
   3.54545454545        0.00000000000        70.0000000000        2.80016863500       1.981862051691E-004  9.598240901996E-003
   4.13636363636        0.00000000000        70.0000000000        2.68906231394       8.699704903689E-004  8.531114438578E-003
   4.72727272727        0.00000000000        70.0000000000        2.58547481650      -3.699336707579E-004  7.363269801309E-003
   5.31818181818        0.00000000000        70.0000000000        2.44932959904      -6.048709393977E-003  8.859112334050E-003
   5.90909090909        0.00000000000        70.0000000000        2.31677009951      -6.261857688555E-003  7.759635164699E-003
   6.50000000000        0.00000000000        70.0000000000        2.18421059997      -6.475005983132E-003  6.660157995348E-003
