 12 20 1 1
 1 X [LENGU]
 2 Y [LENGU]
 3 Z [LENGU]
 4 Hx [FIELU]
 5 Hy [FIELU]
 6 Hz [FIELU]
 0
   0.00000000000        0.00000000000       -43.2000000000        2.42000471709       2.472648395575E-002  2.456542843239E-004
  0.590909090909        0.00000000000       -43.2000000000        2.41877289779       2.826607605495E-002 -2.651927650496E-005
   1.18181818182        0.00000000000       -43.2000000000        2.41754107849       3.180566815416E-002 -2.986928373338E-004
   1.77272727273        0.00000000000       -43.2000000000        2.42558988828       3.108615324596E-002  1.518853393002E-003
   2.36363636364        0.00000000000       -43.2000000000        2.42149098212       2.326293465679E-002  4.791669085665E-004
   2.95454545455        0.00000000000       -43.2000000000        2.46060591960      -1.004095075597E-002 -9.091876225224E-004
   3.54545454545        0.00000000000       -43.2000000000        2.35344964103       1.302966049268E-002 -4.711248199812E-004
   4.13636363636        0.00000000000       -43.2000000000        2.23913702546       3.356761863854E-002 -2.989849983660E-003
   4.72727272727        0.00000000000       -43.2000000000        2.13368751085       2.651844777939E-002 -2.821694476300E-003
   5.31818181818        0.00000000000       -43.2000000000        2.02823799625       1.946927692024E-002 -2.653538968941E-003
   5.90909090909        0.00000000000       -43.2000000000        1.92278848164       1.242010606109E-002 -2.485383461581E-003
   6.50000000000        0.00000000000       -43.2000000000        1.81733896704       5.370935201940E-003 -2.317227954222E-003
   0.00000000000        0.00000000000       -43.2000000000        2.42000471709       2.472648395575E-002  2.456542843239E-004
  0.558892006459       0.191867868166       -43.2000000000        2.42012332379       2.962468299672E-002  5.157971905797E-004
   1.11778401292       0.383735736333       -43.2000000000        2.42024193049       3.452288203770E-002  7.859400968354E-004
   1.67667601938       0.575603604499       -43.2000000000        2.42195748404       3.766555998662E-002  1.254790441884E-003
   2.23556802584       0.767471472666       -43.2000000000        2.42931157912       3.655128153282E-002  1.934672061957E-003
   2.79446003230       0.959339340832       -43.2000000000        2.51477496834       6.549755136077E-002  1.481473341977E-003
   3.35335203876        1.15120720900       -43.2000000000        2.40279675100       0.175993439167       4.313075320010E-003
   3.91224404522        1.34307507716       -43.2000000000        2.29202587949       0.220581282786       2.615132555184E-003
   4.47113605168        1.53494294533       -43.2000000000        2.18112725286       0.281445307128       1.129260882639E-002
   5.03002805814        1.72681081350       -43.2000000000        2.08053957162       0.336204044508       1.507841001075E-002
   5.58892006459        1.91867868166       -43.2000000000        1.94273337423       0.332351683199       3.032895867363E-002
   6.14781207105        2.11054654983       -43.2000000000        1.69342331653       0.296568264586       5.279447529601E-002
   0.00000000000        0.00000000000       -43.2000000000        2.42000471709       2.472648395575E-002  2.456542843239E-004
  0.466310301007       0.362943875680       -43.2000000000        2.42296685127       2.705319032158E-002  5.093125095479E-004
  0.932620602014       0.725887751361       -43.2000000000        2.42329197092       4.166800467597E-002  1.171248057352E-003
   1.39893090302        1.08883162704       -43.2000000000        2.42974193840       4.076199934707E-002  2.004495316668E-003
   1.86524120403        1.45177550272       -43.2000000000        2.42589079700       6.866503557332E-002  2.452094484862E-003
   2.33155150503        1.81471937840       -43.2000000000        2.69540472420       6.849607685443E-002  3.119026075927E-003
   2.79786180604        2.17766325408       -43.2000000000        2.63272266997       0.241018079884       3.225324151647E-003
   3.26417210705        2.54060712976       -43.2000000000        2.57724364103       0.408677878510       5.104119142210E-003
   3.73048240806        2.90355100544       -43.2000000000        2.59410803261       0.625728056456       1.356979588230E-002
   4.19679270906        3.26649488112       -43.2000000000        2.55559944800       0.883748569189       1.734514014306E-002
   4.66310301007        3.62943875680       -43.2000000000        2.39078024463        1.20679473552       3.888292941441E-002
   5.12941331108        3.99238263248       -43.2000000000        2.06016290436        1.26877551751       1.181630861494E-002
   0.00000000000        0.00000000000       -43.2000000000        2.42000471709       2.472648395575E-002  2.456542843239E-004
  0.323196638891       0.494689282610       -43.2000000000        2.42487037516       2.711406215189E-002  5.677476235687E-004
  0.646393277781       0.989378565219       -43.2000000000        2.42603627125       4.674199851159E-002  1.448628670091E-003
  0.969589916672        1.48406784783       -43.2000000000        2.42944818955       5.939673355202E-002  2.263459432850E-003
   1.29278655556        1.97875713044       -43.2000000000        2.42556262796       9.522807460966E-002  2.996017478277E-003
   1.61598319445        2.47344641305       -43.2000000000        2.75379470988      -1.168596036993E-002  6.266311426425E-004
   1.93917983334        2.96813569566       -43.2000000000        2.92965896272      -6.965793891685E-002  2.573579062080E-003
   2.26237647223        3.46282497827       -43.2000000000        3.22447605760      -0.133837592545       4.263557634329E-003
   2.58557311112        3.95751426088       -43.2000000000        3.82892243016       0.117142363973       7.881094068148E-003
   2.90876975001        4.45220354349       -43.2000000000        4.73677179921       0.860306031768       9.755828924958E-003
   3.23196638891        4.94689282610       -43.2000000000        4.57967359052        3.67206133044       1.683598635718E-002
   3.55516302780        5.44158210871       -43.2000000000        1.46613897207        3.47401572088       2.384193735559E-002
   0.00000000000        0.00000000000       -43.2000000000        2.42000471709       2.472648395575E-002  2.456542843239E-004
  0.145059606038       0.572827429873       -43.2000000000        2.42611618239       2.752406760631E-002  6.109808002697E-004
  0.290119212075        1.14565485975       -43.2000000000        2.42852788572       4.756200942044E-002  1.535095023493E-003
  0.435178818113        1.71848228962       -43.2000000000        2.43723626723       3.996788295169E-002  1.504035692008E-003
  0.580238424151        2.29130971949       -43.2000000000        2.44272532076       4.942634124436E-002  2.178218053420E-003
  0.725298030189        2.86413714937       -43.2000000000        2.73048944451      -6.849959789382E-002  2.186843661787E-004
  0.870357636226        3.43696457924       -43.2000000000        2.58447702731      -0.179416248025      -4.235281205745E-003
   1.01541724226        4.00979200911       -43.2000000000        2.46669101634      -0.596313896318      -2.256242630339E-003
   1.16047684830        4.58261943899       -43.2000000000        2.45849834140      -0.802259319084      -5.565433806108E-003
   1.30553645434        5.15544686886       -43.2000000000        1.77392583997       -1.24774057870       1.884321741478E-004
   1.45059606038        5.72827429873       -43.2000000000       0.823929934624       -1.48821784287       4.148671835217E-003
   1.59565566642        6.30110172861       -43.2000000000       0.174724477577       -1.11516148200      -1.894819052824E-003
   0.00000000000        0.00000000000       -43.2000000000        2.42000471709       2.472648395575E-002  2.456542843239E-004
 -4.879688596092E-002  0.588890836777       -43.2000000000        2.42710064415       2.576265114448E-002  5.540718617749E-004
 -9.759377192185E-002   1.17778167355       -43.2000000000        2.43169810806       3.876744903270E-002  1.239046319272E-003
 -0.146390657883        1.76667251033       -43.2000000000        2.44280552559       2.320425001225E-002  9.364944403826E-004
 -0.195187543844        2.35556334711       -43.2000000000        2.47132305701      -2.411662671709E-002  1.398065363641E-004
 -0.243984429805        2.94445418388       -43.2000000000        2.73171690801       3.226387709002E-002 -3.102387892169E-003
 -0.292781315766        3.53334502066       -43.2000000000        2.52106742697       0.105660604119      -3.691239684259E-003
 -0.341578201726        4.12223585744       -43.2000000000        2.29697347784       0.498940164056       1.562883592888E-003
 -0.390375087687        4.71112669421       -43.2000000000        2.05695370348       0.404748765587      -2.192649682686E-004
 -0.439171973648        5.30001753099       -43.2000000000        1.52674680588       0.394487288643      -2.494489857927E-003
 -0.487968859609        5.88890836777       -43.2000000000       0.961320861203       0.400748522474      -7.573448222623E-003
 -0.536765745570        6.47779920454       -43.2000000000       0.507472601544       0.388555164618      -7.763198390998E-003
   0.00000000000        0.00000000000       -43.2000000000        2.42000471709       2.472648395575E-002  2.456542843239E-004
 -0.237365478204       0.541138783933       -43.2000000000        2.42771707872       2.202068957121E-002  4.031877746033E-004
 -0.474730956408        1.08227756787       -43.2000000000        2.43300362489       3.096472194330E-002  9.262578661630E-004
 -0.712096434612        1.62341635180       -43.2000000000        2.45159367304       5.797149915392E-003  3.534835695874E-004
 -0.949461912816        2.16455513573       -43.2000000000        2.50469251741      -0.106651438497      -2.997933226745E-003
  -1.18682739102        2.70569391966       -43.2000000000        2.71732129373       3.880159306471E-002 -1.130883961101E-003
  -1.42419286922        3.24683270360       -43.2000000000        2.80268159978       0.141812005500      -3.257985713314E-003
  -1.66155834743        3.78797148753       -43.2000000000        3.08538345091       0.330344421297      -7.289163888409E-003
  -1.89892382563        4.32911027146       -43.2000000000        3.57829006616       0.887163480225      -7.412857580366E-003
  -2.13628930384        4.87024905539       -43.2000000000        3.74212577326        2.47894424729      -5.790713615630E-003
  -2.37365478204        5.41138783933       -43.2000000000       0.160727198226        3.89237257773      -6.276668666909E-003
  -2.61102026024        5.95252662326       -43.2000000000       -2.63475381909       0.695550559099      -1.776904753766E-003
   0.00000000000        0.00000000000       -43.2000000000        2.42000471709       2.472648395575E-002  2.456542843239E-004
 -0.400211837779       0.434745947216       -43.2000000000        2.42789868586       1.670368248549E-002  1.746791708078E-004
 -0.800423675558       0.869491894432       -43.2000000000        2.43209289265       2.592123917879E-002  6.624917645696E-004
  -1.20063551334        1.30423784165       -43.2000000000        2.44782478398       2.010756219101E-003  6.523470704164E-005
  -1.60084735112        1.73898378886       -43.2000000000        2.49556819076      -7.655879817906E-002 -2.071842582919E-003
  -2.00105918889        2.17372973608       -43.2000000000        2.60974320268       9.687967018166E-002  1.545546017580E-003
  -2.40127102667        2.60847568330       -43.2000000000        2.82550118263      -0.224777557888       2.747178504643E-003
  -2.80148286445        3.04322163051       -43.2000000000        2.69380078238      -0.507789416664       1.319500437815E-003
  -3.20169470223        3.47796757773       -43.2000000000        3.12214247822      -0.662055935562      -1.065372148519E-003
  -3.60190654001        3.91271352494       -43.2000000000        3.14115993147       -1.26002061960      -9.382951193206E-003
  -4.00211837779        4.34745947216       -43.2000000000        2.73462086321       -1.85222582775      -3.533095752102E-002
  -4.40233021557        4.78220541938       -43.2000000000        2.31159749228       -1.99909379129      -3.392004449751E-002
   0.00000000000        0.00000000000       -43.2000000000        2.42000471709       2.472648395575E-002  2.456542843239E-004
 -0.519689034804       0.281241641340       -43.2000000000        2.42638198679       1.618373354501E-002  8.116369392664E-005
  -1.03937806961       0.562483282680       -43.2000000000        2.43154709216       1.328949442165E-002  9.975042952580E-005
  -1.55906710441       0.843724924020       -43.2000000000        2.43741286619       7.658162288465E-003  1.122668148045E-005
  -2.07875613922        1.12496656536       -43.2000000000        2.46861651349      -3.136858680223E-002 -9.646345089877E-004
  -2.59844517402        1.40620820670       -43.2000000000        2.59845151789      -8.392514103906E-002  4.967778241123E-003
  -3.11813420882        1.68744984804       -43.2000000000        2.55702364858      -0.179823467413       8.888098046101E-003
  -3.63782324363        1.96869148938       -43.2000000000        2.50908355412      -0.339169233384       7.070515652918E-003
  -4.15751227843        2.24993313072       -43.2000000000        2.40803272781      -0.450955653239      -5.233276300248E-004
  -4.67720131323        2.53117477206       -43.2000000000        2.24272005637      -0.592842607893      -5.416325470736E-003
  -5.19689034804        2.81241641340       -43.2000000000        2.04158306554      -0.748922825993       8.793366198345E-003
  -5.71657938284        3.09365805474       -43.2000000000        1.73551321214      -0.927499619289       4.384077104473E-002
   0.00000000000        0.00000000000       -43.2000000000        2.42000471709       2.472648395575E-002  2.456542843239E-004
 -0.582849861102       9.726043971134E-002  -43.2000000000        2.42407789361       1.703835212537E-002  2.002056012227E-005
  -1.16569972220       0.194520879423       -43.2000000000        2.42815107013       9.350220294985E-003 -2.056131640794E-004
  -1.74854958330       0.291781319134       -43.2000000000        2.43222424664       1.662088464604E-003 -4.312468882810E-004
  -2.33139944441       0.389041758845       -43.2000000000        2.43629742316      -6.026043365777E-003 -6.568806124826E-004
  -2.91424930551       0.486302198557       -43.2000000000        2.48441228533      -5.802491045127E-002  4.496923918393E-003
  -3.49709916661       0.583562638268       -43.2000000000        2.41306564337      -0.127211754391       2.151836179559E-003
  -4.07994902771       0.680823077979       -43.2000000000        2.31589085171      -0.114573271281       4.038275679076E-003
  -4.66279888881       0.778083517691       -43.2000000000        2.17214804645      -0.150454775603      -2.455526016152E-003
  -5.24564874991       0.875343957402       -43.2000000000        2.09031224541      -0.174828599938      -6.454740203424E-003
  -5.82849861102       0.972604397113       -43.2000000000        1.96946880103      -0.164476626305      -3.061382745000E-003
  -6.41134847212        1.06986483682       -43.2000000000        1.84143654263      -0.160939113338      -1.102944472218E-003
   0.00000000000        0.00000000000       -43.2000000000        2.42000471709       2.472648395575E-002  2.456542843239E-004
 -0.582849861102      -9.726043971134E-002  -43.2000000000        2.42133240855       1.872609908320E-002 -1.667165859690E-005
  -1.16569972220      -0.194520879423       -43.2000000000        2.42266010001       1.272571421065E-002 -2.789976015177E-004
  -1.74854958330      -0.291781319134       -43.2000000000        2.42398779146       6.725329338098E-003 -5.413235444385E-004
  -2.33139944441      -0.389041758845       -43.2000000000        2.42531548292       7.249444655480E-004 -8.036494873593E-004
  -2.91424930551      -0.486302198557       -43.2000000000        2.47674194561       3.986489190182E-002  2.945404727475E-003
  -3.49709916661      -0.583562638268       -43.2000000000        2.39339162349       7.375046510719E-002  3.458110096633E-003
  -4.07994902771      -0.680823077979       -43.2000000000        2.33070712325       0.126515108588       1.600934867013E-003
  -4.66279888881      -0.778083517691       -43.2000000000        2.18715896543       0.132943430299      -3.687664317273E-003
  -5.24564874991      -0.875343957402       -43.2000000000        2.07164622099       0.166589624220       8.284910927173E-003
  -5.82849861102      -0.972604397113       -43.2000000000        1.93390710574       0.190481316000       2.156725241712E-002
  -6.41134847212       -1.06986483682       -43.2000000000        1.77590120928       0.183346818560       1.769658692990E-002
   0.00000000000        0.00000000000       -43.2000000000        2.42000471709       2.472648395575E-002  2.456542843239E-004
 -0.519689034804      -0.281241641340       -43.2000000000        2.41979356645       1.801563249261E-002 -4.908413592243E-004
  -1.03937806961      -0.562483282680       -43.2000000000        2.41958241581       1.130478102947E-002 -1.227337002772E-003
  -1.55906710441      -0.843724924020       -43.2000000000        2.41937126517       4.593929566339E-003 -1.963832646321E-003
  -2.07875613922       -1.12496656536       -43.2000000000        2.42342799505       2.697080719670E-003 -1.532717269074E-003
  -2.59844517402       -1.40620820670       -43.2000000000        2.62684255690       8.935492991426E-002 -2.460140755306E-003
  -3.11813420882       -1.68744984804       -43.2000000000        2.53712292096       0.150755827757      -6.994008762881E-004
  -3.63782324363       -1.96869148938       -43.2000000000        2.48589204479       0.321257119207       5.016016607853E-003
  -4.15751227843       -2.24993313072       -43.2000000000        2.37201149854       0.526262805181      -1.724460640931E-003
  -4.67720131323       -2.53117477206       -43.2000000000        2.24110813524       0.570658437206       7.304826331142E-003
  -5.19689034804       -2.81241641340       -43.2000000000        2.03535642262       0.737231606660       2.021161331903E-003
  -5.71657938284       -3.09365805474       -43.2000000000        1.63095321635        1.00972113118       4.674820498350E-002
   0.00000000000        0.00000000000       -43.2000000000        2.42000471709       2.472648395575E-002  2.456542843239E-004
 -0.400211837779      -0.434745947216       -43.2000000000        2.41883795022       1.676755769203E-002 -1.078509005606E-003
 -0.800423675558      -0.869491894432       -43.2000000000        2.41753547653       7.088296390480E-003 -2.224306676484E-003
  -1.20063551334       -1.30423784165       -43.2000000000        2.41965283430       3.049565684742E-003 -2.643179296723E-003
  -1.60084735112       -1.73898378886       -43.2000000000        2.42841605248       4.183225211861E-003 -1.728850112603E-003
  -2.00105918889       -2.17372973608       -43.2000000000        2.63729925438      -2.795626930993E-002  1.982454604918E-003
  -2.40127102667       -2.60847568330       -43.2000000000        2.82931043222       0.198629671193      -7.656464457442E-004
  -2.80148286445       -3.04322163051       -43.2000000000        2.84380682032       0.338303021622      -2.438997810635E-003
  -3.20169470223       -3.47796757773       -43.2000000000        3.00930196577       0.674809894822      -3.205053883998E-003
  -3.60190654001       -3.91271352494       -43.2000000000        3.13540879926        1.21904468569      -6.501497385012E-003
  -4.00211837779       -4.34745947216       -43.2000000000        2.89103551983        1.75724996703      -3.639625026493E-002
  -4.40233021557       -4.78220541938       -43.2000000000        2.38681681464        1.83102041764      -1.833024614546E-002
   0.00000000000        0.00000000000       -43.2000000000        2.42000471709       2.472648395575E-002  2.456542843239E-004
 -0.237365478204      -0.541138783933       -43.2000000000        2.41800877129       1.638195604758E-002 -1.522683013014E-003
 -0.474730956408       -1.08227756787       -43.2000000000        2.41589538444       2.930508275486E-003 -2.587001924883E-003
 -0.712096434612       -1.62341635180       -43.2000000000        2.41999940566       3.240417731817E-003 -2.896167291031E-003
 -0.949461912816       -2.16455513573       -43.2000000000        2.42378113229      -4.282339609576E-002 -4.436226089033E-003
  -1.18682739102       -2.70569391966       -43.2000000000        2.71380132392      -4.715401746345E-002 -3.735843496227E-003
  -1.42419286922       -3.24683270360       -43.2000000000        2.75030282545      -0.190698814483      -1.984593510734E-003
  -1.66155834743       -3.78797148753       -43.2000000000        3.05423616040      -0.420847736680      -2.798697470205E-004
  -1.89892382563       -4.32911027146       -43.2000000000        3.36600418124       -1.01630711202       1.755812381534E-005
  -2.13628930384       -4.87024905539       -43.2000000000        3.71618705874       -2.64193199379      -2.567911105647E-003
  -2.37365478204       -5.41138783933       -43.2000000000       0.521568851131       -3.50297478457      -3.481025409059E-003
  -2.61102026024       -5.95252662326       -43.2000000000       -2.99924911932      -0.789344769521      -2.021030531331E-003
   0.00000000000        0.00000000000       -43.2000000000        2.42000471709       2.472648395575E-002  2.456542843239E-004
 -4.879688596092E-002 -0.588890836777       -43.2000000000        2.41736175793       1.646800172255E-002 -1.730376726125E-003
 -9.759377192185E-002  -1.17778167355       -43.2000000000        2.41480101017       2.198349083775E-003 -2.742930546191E-003
 -0.146390657883       -1.76667251033       -43.2000000000        2.41637571822      -1.251035475764E-002 -3.935899168961E-003
 -0.195187543844       -2.35556334711       -43.2000000000        2.39465508073       4.715375721905E-002 -1.945003873984E-003
 -0.243984429805       -2.94445418388       -43.2000000000        2.72200573904      -4.451008259318E-002 -5.109657403293E-003
 -0.292781315766       -3.53334502066       -43.2000000000        2.49503165148      -0.247619774183      -2.094309266335E-003
 -0.341578201726       -4.12223585744       -43.2000000000        2.35585480398      -0.444540945716      -3.977346761816E-003
 -0.390375087687       -4.71112669421       -43.2000000000        2.13134990680      -0.313251755950      -6.107200229834E-003
 -0.439171973648       -5.30001753099       -43.2000000000        1.55653055368      -0.373712095976      -9.769398045503E-003
 -0.487968859609       -5.88890836777       -43.2000000000        1.00622289262      -0.423755787838      -1.513864018636E-002
 -0.536765745570       -6.47779920454       -43.2000000000       0.579198814489      -0.529775184820      -1.365856565475E-002
   0.00000000000        0.00000000000       -43.2000000000        2.42000471709       2.472648395575E-002  2.456542843239E-004
  0.145059606038      -0.572827429873       -43.2000000000        2.41698502267       1.724453565616E-002 -1.702739659212E-003
  0.290119212075       -1.14565485975       -43.2000000000        2.41391823946       3.263755318594E-003 -2.692638470112E-003
  0.435178818113       -1.71848228962       -43.2000000000        2.41351285039      -9.219081986285E-003 -3.824904840426E-003
  0.580238424151       -2.29130971949       -43.2000000000        2.39172145729       7.419811086417E-002 -9.572191100046E-005
  0.725298030189       -2.86413714937       -43.2000000000        2.76434863676       0.139320022058       2.058842632849E-003
  0.870357636226       -3.43696457924       -43.2000000000        2.60400581216       0.245665381038      -3.849844528532E-003
   1.01541724226       -4.00979200911       -43.2000000000        2.58148880424       0.457922763122      -3.883315726083E-003
   1.16047684830       -4.58261943899       -43.2000000000        2.32018105407       0.867002501019      -5.078202346329E-003
   1.30553645434       -5.15544686886       -43.2000000000        1.77212710658        1.31190818713      -6.525241427456E-003
   1.45059606038       -5.72827429873       -43.2000000000       0.917884973117        1.42549970891      -9.304576387365E-003
   1.59565566642       -6.30110172861       -43.2000000000       8.381859289110E-002   1.07168156339      -2.497531297947E-002
   0.00000000000        0.00000000000       -43.2000000000        2.42000471709       2.472648395575E-002  2.456542843239E-004
  0.323196638891      -0.494689282610       -43.2000000000        2.41701243903       1.980696931635E-002 -1.565064477794E-003
  0.646393277781      -0.989378565219       -43.2000000000        2.41334273422       6.011273682921E-003 -2.441575623451E-003
  0.969589916672       -1.48406784783       -43.2000000000        2.41163725445      -3.762558838802E-004 -3.242403326544E-003
   1.29278655556       -1.97875713044       -43.2000000000        2.42162343982      -1.082057470392E-002 -1.230485783395E-003
   1.61598319445       -2.47344641305       -43.2000000000        2.72470053011      -2.695822736119E-003 -5.163450948212E-003
   1.93917983334       -2.96813569566       -43.2000000000        2.84327669280       1.364328798569E-003 -4.474114581026E-003
   2.26237647223       -3.46282497827       -43.2000000000        3.23148324277       6.039516831785E-002 -2.163676360306E-003
   2.58557311112       -3.95751426088       -43.2000000000        3.83160244126      -0.112449954164       5.314876252333E-003
   2.90876975001       -4.45220354349       -43.2000000000        4.82430755581      -0.787541319998       2.024435163906E-003
   3.23196638891       -4.94689282610       -43.2000000000        4.53824389449       -3.72110097744       1.173825064590E-003
   3.55516302780       -5.44158210871       -43.2000000000        1.40704572223       -3.44580726939       6.486743408437E-003
   0.00000000000        0.00000000000       -43.2000000000        2.42000471709       2.472648395575E-002  2.456542843239E-004
  0.466310301007      -0.362943875680       -43.2000000000        2.41736207489       2.287664453480E-002 -1.228488204111E-003
  0.932620602014      -0.725887751361       -43.2000000000        2.41416752693       1.403037852612E-002 -1.977235968823E-003
   1.39893090302       -1.08883162704       -43.2000000000        2.41491608634       4.053573395751E-003 -1.673159004313E-003
   1.86524120403       -1.45177550272       -43.2000000000        2.42585458719      -1.432192417455E-002  7.512101024004E-004
   2.33155150503       -1.81471937840       -43.2000000000        2.67527679756      -6.890275267573E-002 -4.821120920780E-003
   2.79786180604       -2.17766325408       -43.2000000000        2.73781275170      -0.343035454062       7.335541513342E-004
   3.26417210705       -2.54060712976       -43.2000000000        2.62602318267      -0.450135285599       3.167449188452E-003
   3.73048240806       -2.90355100544       -43.2000000000        2.54590752287      -0.643961914934       1.343932454392E-002
   4.19679270906       -3.26649488112       -43.2000000000        2.52262159055      -0.890036504009       4.864441172286E-003
   4.66310301007       -3.62943875680       -43.2000000000        2.40789862794       -1.27708708475       2.669446392517E-002
   5.12941331108       -3.99238263248       -43.2000000000        1.98283118487       -1.29446264855       2.864335156915E-002
   0.00000000000        0.00000000000       -43.2000000000        2.42000471709       2.472648395575E-002  2.456542843239E-004
  0.558892006459      -0.191867868166       -43.2000000000        2.41795650876       2.561976048093E-002 -6.775240910901E-004
   1.11778401292      -0.383735736333       -43.2000000000        2.41573419196       2.430588992941E-002 -1.371863812393E-003
   1.67667601938      -0.575603604499       -43.2000000000        2.41981338581       1.528279819506E-002  4.886451338817E-005
   2.23556802584      -0.767471472666       -43.2000000000        2.42024615399       2.720114184132E-003 -2.090499561163E-004
   2.79446003230      -0.959339340832       -43.2000000000        2.49942153448      -7.726699369856E-002 -3.715471173605E-003
   3.35335203876       -1.15120720900       -43.2000000000        2.41789527782      -0.193525696766      -1.604478977679E-003
   3.91224404522       -1.34307507716       -43.2000000000        2.27649069240      -0.227796094389      -1.818352006896E-003
   4.47113605168       -1.53494294533       -43.2000000000        2.20534221996      -0.258654848306       8.292726694150E-004
   5.03002805814       -1.72681081350       -43.2000000000        2.03829248054      -0.256506298600       1.645690616084E-002
   5.58892006459       -1.91867868166       -43.2000000000        1.87968994549      -0.266963886423       2.668122452916E-002
   6.14781207105       -2.11054654983       -43.2000000000        1.69183760688      -0.266222853562       2.362100639837E-002
   0.00000000000        0.00000000000       -43.2000000000        2.42000471709       2.472648395575E-002  2.456542843239E-004
  0.590909090909        0.00000000000       -43.2000000000        2.41877289779       2.826607605495E-002 -2.651927650496E-005
   1.18181818182      -1.172487511250E-015  -43.2000000000        2.41754107849       3.180566815416E-002 -2.986928373338E-004
   1.77272727273        0.00000000000       -43.2000000000        2.42558988828       3.108615324596E-002  1.518853393002E-003
   2.36363636364        0.00000000000       -43.2000000000        2.42149098212       2.326293465679E-002  4.791669085665E-004
   2.95454545455        0.00000000000       -43.2000000000        2.46060591960      -1.004095075597E-002 -9.091876225224E-004
   3.54545454545        0.00000000000       -43.2000000000        2.35344964103       1.302966049268E-002 -4.711248199812E-004
   4.13636363636        0.00000000000       -43.2000000000        2.23913702546       3.356761863854E-002 -2.989849983660E-003
   4.72727272727        0.00000000000       -43.2000000000        2.13368751085       2.651844777939E-002 -2.821694476300E-003
   5.31818181818        0.00000000000       -43.2000000000        2.02823799625       1.946927692024E-002 -2.653538968941E-003
   5.90909090909        0.00000000000       -43.2000000000        1.92278848164       1.242010606109E-002 -2.485383461581E-003
   6.50000000000        0.00000000000       -43.2000000000        1.81733896704       5.370935201940E-003 -2.317227954222E-003
