 12 20 1 1
 1 X [LENGU]
 2 Y [LENGU]
 3 Z [LENGU]
 4 Hx [FIELU]
 5 Hy [FIELU]
 6 Hz [FIELU]
 0
   0.00000000000        0.00000000000        95.0400000000        1.27804692242      -4.792143610508E-002  2.412590970416E-002
  0.590909090909        0.00000000000        95.0400000000        1.27745836958      -3.044045550957E-002  2.895479746808E-002
   1.18181818182        0.00000000000        95.0400000000        1.27572088409       2.772888434603E-003  3.413817042816E-002
   1.77272727273        0.00000000000        95.0400000000        1.27730446076       4.286293250780E-002  3.872659302155E-002
   2.36363636364        0.00000000000        95.0400000000        1.30814102078       3.788130909593E-002  3.498626388998E-002
   2.95454545455        0.00000000000        95.0400000000       0.620620036256       1.973302525471E-002  5.604391282724E-002
   3.54545454545        0.00000000000        95.0400000000       0.588755173042      -3.656886746834E-002  4.545973409236E-002
   4.13636363636        0.00000000000        95.0400000000       0.568258136395      -4.915990937985E-002  3.377295497024E-002
   4.72727272727        0.00000000000        95.0400000000       0.537249860599      -1.390057075513E-002  1.955821462346E-002
   5.31818181818        0.00000000000        95.0400000000       0.507067045756      -4.988253243317E-003  1.596740234389E-002
   5.90909090909        0.00000000000        95.0400000000       0.483264896831      -2.658588679792E-003  1.472019867937E-002
   6.50000000000        0.00000000000        95.0400000000       0.457673706730      -3.866674784389E-003  1.251479771310E-002
   0.00000000000        0.00000000000        95.0400000000        1.27804692242      -4.792143610508E-002  2.412590970416E-002
  0.558892006459       0.191867868166        95.0400000000        1.27604422448      -3.252480469351E-002  2.675478997943E-002
   1.11778401292       0.383735736333        95.0400000000        1.28291223368      -1.763091597106E-002  2.918170547694E-002
   1.67667601938       0.575603604499        95.0400000000        1.29987965592      -3.685327729703E-003  3.053146343819E-002
   2.23556802584       0.767471472666        95.0400000000        1.33498497112       3.005327595835E-002  3.300464397421E-002
   2.79446003230       0.959339340832        95.0400000000       0.657760184515      -0.130306982899       4.879096748123E-002
   3.35335203876        1.15120720900        95.0400000000       0.627958479773      -9.232927709645E-002  4.496227780682E-002
   3.91224404522        1.34307507716        95.0400000000       0.586888601870      -3.465165896933E-002  3.843426769782E-002
   4.47113605168        1.53494294533        95.0400000000       0.572755484555       7.959049204189E-003  2.228582568746E-002
   5.03002805814        1.72681081350        95.0400000000       0.547646450124       1.510463547436E-002  1.494420186571E-002
   5.58892006459        1.91867868166        95.0400000000       0.500705523251       2.931284186207E-002  1.160149497014E-002
   6.14781207105        2.11054654983        95.0400000000       0.451775991915       5.753052217953E-002  9.433115221902E-003
   0.00000000000        0.00000000000        95.0400000000        1.27804692242      -4.792143610508E-002  2.412590970416E-002
  0.466310301007       0.362943875680        95.0400000000        1.28473795208      -4.513046678454E-002  2.339852727777E-002
  0.932620602014       0.725887751361        95.0400000000        1.30312257791      -4.723768121085E-002  2.267707080065E-002
   1.39893090302        1.08883162704        95.0400000000        1.31807849119      -3.326427865886E-002  2.528035839115E-002
   1.86524120403        1.45177550272        95.0400000000        1.36695573834      -5.292345715791E-003  2.693184451321E-002
   2.33155150503        1.81471937840        95.0400000000       0.878419252299      -0.284581266706       4.885019264268E-002
   2.79786180604        2.17766325408        95.0400000000       0.870231717674      -0.216952902697       4.672881711216E-002
   3.26417210705        2.54060712976        95.0400000000       0.850095559423      -0.129607086842       3.401949899922E-002
   3.73048240806        2.90355100544        95.0400000000       0.830571432999       4.189064290427E-003  1.366600299256E-002
   4.19679270906        3.26649488112        95.0400000000       0.802869136169       0.139879373912      -6.746169097378E-003
   4.66310301007        3.62943875680        95.0400000000       0.759355322249       0.312125699954      -1.402267839680E-002
   5.12941331108        3.99238263248        95.0400000000       0.630002697414       0.326933509704      -8.771177346678E-003
   0.00000000000        0.00000000000        95.0400000000        1.27804692242      -4.792143610508E-002  2.412590970416E-002
  0.323196638891       0.494689282610        95.0400000000        1.29436009400      -6.013027336781E-002  1.992774660498E-002
  0.646393277781       0.989378565219        95.0400000000        1.30202240113      -6.215717665993E-002  2.073139670382E-002
  0.969589916672        1.48406784783        95.0400000000        1.32938083441      -4.731062101039E-002  2.295131834893E-002
   1.29278655556        1.97875713044        95.0400000000        1.38000111110      -4.914670381354E-002  2.160094360535E-002
   1.61598319445        2.47344641305        95.0400000000        1.13118153436      -0.311949256798       4.136302448927E-002
   1.93917983334        2.96813569566        95.0400000000        1.18721145358      -0.348600202939       3.511604473724E-002
   2.26237647223        3.46282497827        95.0400000000        1.19248230154      -0.294305627165       1.971859102283E-002
   2.58557311112        3.95751426088        95.0400000000        1.39319724460      -0.199965048762       5.837927385490E-003
   2.90876975001        4.45220354349        95.0400000000        1.72012263403       0.114103608095       4.684941504018E-004
   3.23196638891        4.94689282610        95.0400000000        1.61337691636        1.21286548204       2.245388471262E-003
   3.55516302780        5.44158210871        95.0400000000       0.438797795253        1.18140387186       4.669703914519E-004
   0.00000000000        0.00000000000        95.0400000000        1.27804692242      -4.792143610508E-002  2.412590970416E-002
  0.145059606038       0.572827429873        95.0400000000        1.29320692394      -7.109774501807E-002  1.843265181676E-002
  0.290119212075        1.14565485975        95.0400000000        1.29931306565      -7.280517254311E-002  1.901146527693E-002
  0.435178818113        1.71848228962        95.0400000000        1.32414816521      -6.486118674722E-002  2.086087776719E-002
  0.580238424151        2.29130971949        95.0400000000        1.36098755957      -9.962662912347E-002  1.897438651441E-002
  0.725298030189        2.86413714937        95.0400000000        1.42747444164      -0.308156531502       3.362250156532E-002
  0.870357636226        3.43696457924        95.0400000000        1.21714331572      -0.234849997551       2.534337173407E-002
   1.01541724226        4.00979200911        95.0400000000        1.13506896243      -0.305676792796       1.319411672541E-002
   1.16047684830        4.58261943899        95.0400000000       0.943810494092      -0.489768468031       1.469397494344E-003
   1.30553645434        5.15544686886        95.0400000000       0.762379844393      -0.569105588833      -6.549061600669E-003
   1.45059606038        5.72827429873        95.0400000000       0.380566566239      -0.621723143626       4.870628641074E-003
   1.59565566642        6.30110172861        95.0400000000       2.518246824029E-002 -0.464662262968       5.612335078853E-003
   0.00000000000        0.00000000000        95.0400000000        1.27804692242      -4.792143610508E-002  2.412590970416E-002
 -4.879688596092E-002  0.588890836777        95.0400000000        1.29118535542      -7.959752067357E-002  1.715258292533E-002
 -9.759377192185E-002   1.17778167355        95.0400000000        1.29527348493      -8.750870506228E-002  1.669548057350E-002
 -0.146390657883        1.76667251033        95.0400000000        1.30908932160      -8.440060812070E-002  1.833356076196E-002
 -0.195187543844        2.35556334711        95.0400000000        1.33299851328      -0.118841828024       1.709595453113E-002
 -0.243984429805        2.94445418388        95.0400000000        1.30723276514       1.522767048855E-002  1.913768136882E-002
 -0.292781315766        3.53334502066        95.0400000000        1.17474282916       3.716504078624E-002  1.348352332361E-002
 -0.341578201726        4.12223585744        95.0400000000        1.01001905376       5.929511735104E-002  1.132007969830E-002
 -0.390375087687        4.71112669421        95.0400000000       0.860652917942       9.153416779779E-002  7.539586961894E-003
 -0.439171973648        5.30001753099        95.0400000000       0.660762680752       0.142944547321       5.991850946024E-003
 -0.487968859609        5.88890836777        95.0400000000       0.478353038346       0.170245686158       4.281261592566E-003
 -0.536765745570        6.47779920454        95.0400000000       0.291699103055       0.184742347373       3.362023034003E-004
   0.00000000000        0.00000000000        95.0400000000        1.27804692242      -4.792143610508E-002  2.412590970416E-002
 -0.237365478204       0.541138783933        95.0400000000        1.28872460406      -8.476766381844E-002  1.618495006413E-002
 -0.474730956408        1.08227756787        95.0400000000        1.29034141024      -0.104674418320       1.403441547236E-002
 -0.712096434612        1.62341635180        95.0400000000        1.29491486708      -0.104382816002       1.430990851404E-002
 -0.949461912816        2.16455513573        95.0400000000        1.31077945976      -0.103658659766       1.502175506154E-002
  -1.18682739102        2.70569391966        95.0400000000        1.20579309313       0.152558231788       4.520933504474E-003
  -1.42419286922        3.24683270360        95.0400000000        1.22889421106       0.212484097667      -2.204060736019E-003
  -1.66155834743        3.78797148753        95.0400000000        1.26419958032       0.273275270862       1.809317254467E-003
  -1.89892382563        4.32911027146        95.0400000000        1.33086179573       0.488052495821       3.315571635821E-003
  -2.13628930384        4.87024905539        95.0400000000        1.42994177282        1.03528356555       6.816961155673E-004
  -2.37365478204        5.41138783933        95.0400000000       0.282080136052        1.53359441155       7.189523000382E-004
  -2.61102026024        5.95252662326        95.0400000000      -0.926021463627       0.330856177047       6.720623535609E-004
   0.00000000000        0.00000000000        95.0400000000        1.27804692242      -4.792143610508E-002  2.412590970416E-002
 -0.400211837779       0.434745947216        95.0400000000        1.28609133043      -8.604790921991E-002  1.563461126805E-002
 -0.800423675558       0.869491894432        95.0400000000        1.28505130838      -0.122442140932       1.131663766788E-002
  -1.20063551334        1.30423784165        95.0400000000        1.28511138864      -0.122631463505       1.048424520740E-002
  -1.60084735112        1.73898378886        95.0400000000        1.29131957775      -0.114195586602       1.047728252381E-002
  -2.00105918889        2.17372973608        95.0400000000       0.845199262464       0.460445752162      -2.239683811707E-002
  -2.40127102667        2.60847568330        95.0400000000        1.04425405848       0.148890177619      -1.753822651272E-002
  -2.80148286445        3.04322163051        95.0400000000        1.05044585405       4.490341768760E-002 -5.505496770744E-003
  -3.20169470223        3.47796757773        95.0400000000        1.08471516422      -0.118217422331       4.452605062709E-003
  -3.60190654001        3.91271352494        95.0400000000        1.09072808852      -0.318003994861       1.013831933779E-002
  -4.00211837779        4.34745947216        95.0400000000        1.04039164350      -0.611648351642       1.105552996902E-002
  -4.40233021557        4.78220541938        95.0400000000       0.890372310475      -0.608163518830       6.644501228527E-003
   0.00000000000        0.00000000000        95.0400000000        1.27804692242      -4.792143610508E-002  2.412590970416E-002
 -0.519689034804       0.281241641340        95.0400000000        1.28357089061      -8.329952242367E-002  1.556120428503E-002
  -1.03937806961       0.562483282680        95.0400000000        1.28111686436      -0.111515551477       1.136400971176E-002
  -1.55906710441       0.843724924020        95.0400000000        1.27958454164      -0.134562476071       7.397607728181E-003
  -2.07875613922        1.12496656536        95.0400000000        1.27297886981      -0.106874810462       9.305748844813E-003
  -2.59844517402        1.40620820670        95.0400000000       0.845693855568       8.224993435028E-002 -2.860465141901E-002
  -3.11813420882        1.68744984804        95.0400000000       0.812677119685       3.888256890358E-002 -2.802811516965E-002
  -3.63782324363        1.96869148938        95.0400000000       0.778018633880      -1.200670958588E-002 -2.091694007876E-002
  -4.15751227843        2.24993313072        95.0400000000       0.739500170677      -7.210311377742E-002 -1.099662553424E-002
  -4.67720131323        2.53117477206        95.0400000000       0.699239745072      -0.132662964072      -5.450124941321E-003
  -5.19689034804        2.81241641340        95.0400000000       0.639439688416      -0.204324028504      -2.339502399559E-003
  -5.71657938284        3.09365805474        95.0400000000       0.547441053054      -0.291644822652       1.219824179803E-003
   0.00000000000        0.00000000000        95.0400000000        1.27804692242      -4.792143610508E-002  2.412590970416E-002
 -0.582849861102       9.726043971134E-002   95.0400000000        1.27786476053      -6.597669827641E-002  1.861930578853E-002
  -1.16569972220       0.194520879423        95.0400000000        1.27770910837      -8.464277825564E-002  1.344452393012E-002
  -1.74854958330       0.291781319134        95.0400000000        1.27102515928      -9.496769224276E-002  1.055916784043E-002
  -2.33139944441       0.389041758845        95.0400000000        1.26014373352      -0.111920597200       7.304193771258E-003
  -2.91424930551       0.486302198557        95.0400000000       0.747907852836      -3.283605141586E-002 -3.369000261964E-002
  -3.49709916661       0.583562638268        95.0400000000       0.707079381341      -1.558438056265E-002 -3.006816814400E-002
  -4.07994902771       0.680823077979        95.0400000000       0.679877039264      -3.200315177337E-002 -2.343451122846E-002
  -4.66279888881       0.778083517691        95.0400000000       0.656565259766      -3.807421732843E-002 -1.356077543119E-002
  -5.24564874991       0.875343957402        95.0400000000       0.623573107997      -5.086939697056E-002 -8.028366864271E-003
  -5.82849861102       0.972604397113        95.0400000000       0.594846264210      -5.180361280826E-002 -6.057509322021E-003
  -6.41134847212        1.06986483682        95.0400000000       0.555278151568      -3.603948308095E-002  1.893476735514E-004
   0.00000000000        0.00000000000        95.0400000000        1.27804692242      -4.792143610508E-002  2.412590970416E-002
 -0.582849861102      -9.726043971134E-002   95.0400000000        1.27191980922      -3.800096321717E-002  2.332840154038E-002
  -1.16569972220      -0.194520879423        95.0400000000        1.26539836774      -3.811113005047E-002  2.073793213205E-002
  -1.74854958330      -0.291781319134        95.0400000000        1.25719990595      -5.455306850344E-002  1.431306005615E-002
  -2.33139944441      -0.389041758845        95.0400000000        1.24773887375      -8.817170939639E-002  8.425328934685E-003
  -2.91424930551      -0.486302198557        95.0400000000       0.790115913461      -8.478590672645E-002 -2.825902610700E-002
  -3.49709916661      -0.583562638268        95.0400000000       0.747460768551      -2.155997089703E-002 -2.261165509527E-002
  -4.07994902771      -0.680823077979        95.0400000000       0.705595545280       2.287891931258E-002 -1.851883745379E-002
  -4.66279888881      -0.778083517691        95.0400000000       0.681478954678       2.549907931931E-002 -9.340845942873E-003
  -5.24564874991      -0.875343957402        95.0400000000       0.651881912566       2.263797339306E-002 -3.844322355477E-003
  -5.82849861102      -0.972604397113        95.0400000000       0.625787528218       2.942143996126E-002 -1.246469773332E-003
  -6.41134847212       -1.06986483682        95.0400000000       0.576468766305       4.502080623686E-002  7.029197705591E-004
   0.00000000000        0.00000000000        95.0400000000        1.27804692242      -4.792143610508E-002  2.412590970416E-002
 -0.519689034804      -0.281241641340        95.0400000000        1.26930688201      -1.451153170909E-002  2.627409832858E-002
  -1.03937806961      -0.562483282680        95.0400000000        1.25852770555      -7.434806893355E-003  2.539276780830E-002
  -1.55906710441      -0.843724924020        95.0400000000        1.23526499726      -3.499278095237E-002  1.422435411679E-002
  -2.07875613922       -1.12496656536        95.0400000000        1.24127851844      -5.731883230440E-002  1.059712334528E-002
  -2.59844517402       -1.40620820670        95.0400000000       0.936915347996      -0.114523192994      -1.776617985967E-002
  -3.11813420882       -1.68744984804        95.0400000000       0.893316994104      -3.114491272114E-002 -1.601854400774E-002
  -3.63782324363       -1.96869148938        95.0400000000       0.849840852977       4.307832509824E-002 -1.288208308175E-002
  -4.15751227843       -2.24993313072        95.0400000000       0.823580574938       8.638248743774E-002 -5.407213740896E-003
  -4.67720131323       -2.53117477206        95.0400000000       0.782315532415       0.129212767657       3.194049067879E-003
  -5.19689034804       -2.81241641340        95.0400000000       0.682859094943       0.180000622563       6.036914711209E-003
  -5.71657938284       -3.09365805474        95.0400000000       0.596620254222       0.273042489117       1.649756601842E-002
   0.00000000000        0.00000000000        95.0400000000        1.27804692242      -4.792143610508E-002  2.412590970416E-002
 -0.400211837779      -0.434745947216        95.0400000000        1.26756813151       4.624937896318E-003  2.878342079964E-002
 -0.800423675558      -0.869491894432        95.0400000000        1.25861816291      -7.299023506829E-003  2.572181052753E-002
  -1.20063551334       -1.30423784165        95.0400000000        1.21962881163      -1.032639409738E-003  1.887480710356E-002
  -1.60084735112       -1.73898378886        95.0400000000        1.22634845909      -7.216710335428E-002  1.037575364689E-002
  -2.00105918889       -2.17372973608        95.0400000000        1.06377341930      -0.244877114203      -6.338753184979E-004
  -2.40127102667       -2.60847568330        95.0400000000        1.13037099083      -9.875227879880E-002 -2.652684947123E-003
  -2.80148286445       -3.04322163051        95.0400000000        1.16830245123      -2.965085514670E-002  2.727054836754E-003
  -3.20169470223       -3.47796757773        95.0400000000        1.14351395152       0.120745015103       5.027629754880E-003
  -3.60190654001       -3.91271352494        95.0400000000        1.12021862542       0.379476521217      -5.593755414983E-003
  -4.00211837779       -4.34745947216        95.0400000000        1.03939391075       0.631755340747      -9.469607475311E-003
  -4.40233021557       -4.78220541938        95.0400000000       0.851256183811       0.650361308221      -3.953361445043E-003
   0.00000000000        0.00000000000        95.0400000000        1.27804692242      -4.792143610508E-002  2.412590970416E-002
 -0.237365478204      -0.541138783933        95.0400000000        1.26881126938       9.204109418202E-003  2.947962391187E-002
 -0.474730956408       -1.08227756787        95.0400000000        1.26107101350      -4.447819765769E-003  2.662799899093E-002
 -0.712096434612       -1.62341635180        95.0400000000        1.22879229010       6.371339069024E-004  2.132456814381E-002
 -0.949461912816       -2.16455513573        95.0400000000        1.21286786893      -7.257958283349E-002  1.902117967301E-002
  -1.18682739102       -2.70569391966        95.0400000000        1.16346030763      -8.524657134614E-002  5.241795056683E-003
  -1.42419286922       -3.24683270360        95.0400000000        1.12072603895      -0.179404800617       1.004024301055E-002
  -1.66155834743       -3.78797148753        95.0400000000        1.16320684898      -0.221624022582       1.452744657501E-002
  -1.89892382563       -4.32911027146        95.0400000000        1.29665144245      -0.406160999485       1.186199341598E-002
  -2.13628930384       -4.87024905539        95.0400000000        1.41231996840       -1.12074713256       1.267684524468E-003
  -2.37365478204       -5.41138783933        95.0400000000       0.833790327481       -1.25015419877      -1.202350634949E-003
  -2.61102026024       -5.95252662326        95.0400000000      -0.931727511208      -0.292628339550      -3.693824928656E-003
   0.00000000000        0.00000000000        95.0400000000        1.27804692242      -4.792143610508E-002  2.412590970416E-002
 -4.879688596092E-002 -0.588890836777        95.0400000000        1.27093676046       1.254403370500E-002  3.023936100383E-002
 -9.759377192185E-002  -1.17778167355        95.0400000000        1.26565441865       6.193676522104E-004  2.799686417847E-002
 -0.146390657883       -1.76667251033        95.0400000000        1.25078523082      -2.072300455972E-003  2.551178464791E-002
 -0.195187543844       -2.35556334711        95.0400000000        1.23872999316      -1.147509553823E-002  2.388758528283E-002
 -0.243984429805       -2.94445418388        95.0400000000        1.21597370994       3.885988753751E-002  2.949935621507E-002
 -0.292781315766       -3.53334502066        95.0400000000        1.17622114701      -5.135847761482E-002  2.933543156025E-002
 -0.341578201726       -4.12223585744        95.0400000000        1.08552843888      -6.509193512328E-002  2.349142291234E-002
 -0.390375087687       -4.71112669421        95.0400000000       0.872980750300      -9.101244419581E-002  1.440793566091E-002
 -0.439171973648       -5.30001753099        95.0400000000       0.646969260459      -0.136723465218       1.001091358147E-003
 -0.487968859609       -5.88890836777        95.0400000000       0.437030661288      -0.138134939508       9.152051649937E-004
 -0.536765745570       -6.47779920454        95.0400000000       0.274748878443      -0.144337096482       5.118026214272E-003
   0.00000000000        0.00000000000        95.0400000000        1.27804692242      -4.792143610508E-002  2.412590970416E-002
  0.145059606038      -0.572827429873        95.0400000000        1.27341415099       1.639288965434E-002  3.127848301802E-002
  0.290119212075       -1.14565485975        95.0400000000        1.27137238505       1.015333642595E-002  2.991923570221E-002
  0.435178818113       -1.71848228962        95.0400000000        1.26744162785       3.029475939977E-003  2.907130612802E-002
  0.580238424151       -2.29130971949        95.0400000000        1.26059754662      -3.488175301935E-003  2.875009543211E-002
  0.725298030189       -2.86413714937        95.0400000000        1.27394646145       0.290448490713       4.653412206908E-002
  0.870357636226       -3.43696457924        95.0400000000        1.22426183558       0.175666054741       2.972569692056E-002
   1.01541724226       -4.00979200911        95.0400000000        1.12808890591       0.215765435172       2.368313161082E-002
   1.16047684830       -4.58261943899        95.0400000000       0.943603106890       0.443489214578       2.847238699797E-002
   1.30553645434       -5.15544686886        95.0400000000       0.720173450012       0.581140768336       2.627727549190E-002
   1.45059606038       -5.72827429873        95.0400000000       0.342782434961       0.596149173974       1.514773837721E-002
   1.59565566642       -6.30110172861        95.0400000000       3.106890300127E-002  0.459217771216       1.251527625224E-002
   0.00000000000        0.00000000000        95.0400000000        1.27804692242      -4.792143610508E-002  2.412590970416E-002
  0.323196638891      -0.494689282610        95.0400000000        1.27597497724       2.033359400294E-002  3.248438496056E-002
  0.646393277781      -0.989378565219        95.0400000000        1.27764336245       2.290739691718E-002  3.216855456206E-002
  0.969589916672       -1.48406784783        95.0400000000        1.27662725076       1.590892723604E-002  3.225176053819E-002
   1.29278655556       -1.97875713044        95.0400000000        1.27142863334       7.344206124717E-003  3.333855735635E-002
   1.61598319445       -2.47344641305        95.0400000000        1.12381975337       0.266676495431       5.535774529275E-002
   1.93917983334       -2.96813569566        95.0400000000        1.14180772374       0.294954491932       4.190398345829E-002
   2.26237647223       -3.46282497827        95.0400000000        1.18564492575       0.271768585631       3.287284866916E-002
   2.58557311112       -3.95751426088        95.0400000000        1.38192315963       0.181299465608       3.141541422407E-002
   2.90876975001       -4.45220354349        95.0400000000        1.72481641358      -0.146050900690       2.301661632825E-002
   3.23196638891       -4.94689282610        95.0400000000        1.51742196434       -1.36734838919       1.188652181995E-002
   3.55516302780       -5.44158210871        95.0400000000       0.444421113342       -1.24091531218       8.558194487843E-003
   0.00000000000        0.00000000000        95.0400000000        1.27804692242      -4.792143610508E-002  2.412590970416E-002
  0.466310301007      -0.362943875680        95.0400000000        1.27796273330       1.040084827385E-002  3.233070308079E-002
  0.932620602014      -0.725887751361        95.0400000000        1.28080330164       2.726932868796E-002  3.491626603020E-002
   1.39893090302       -1.08883162704        95.0400000000        1.28256496614       2.848584840632E-002  3.621430196908E-002
   1.86524120403       -1.45177550272        95.0400000000        1.27589087349       2.807244146649E-002  3.661106713066E-002
   2.33155150503       -1.81471937840        95.0400000000       0.930255958885       0.268902771154       6.006469060445E-002
   2.79786180604       -2.17766325408        95.0400000000       0.898210806340       0.188989300289       4.426299222912E-002
   3.26417210705       -2.54060712976        95.0400000000       0.868473182142       0.114234426485       3.703490162261E-002
   3.73048240806       -2.90355100544        95.0400000000       0.845209221687       2.408908482209E-002  2.672462982264E-002
   4.19679270906       -3.26649488112        95.0400000000       0.832606622160      -0.125926610010       2.106415959428E-002
   4.66310301007       -3.62943875680        95.0400000000       0.795293574853      -0.334741333586       2.281573406602E-002
   5.12941331108       -3.99238263248        95.0400000000       0.667276535293      -0.365081914056       1.965155420809E-002
   0.00000000000        0.00000000000        95.0400000000        1.27804692242      -4.792143610508E-002  2.412590970416E-002
  0.558892006459      -0.191867868166        95.0400000000        1.27763750809      -1.583635034929E-002  3.103196946590E-002
   1.11778401292      -0.383735736333        95.0400000000        1.28163014031       1.727156268131E-002  3.658476671024E-002
   1.67667601938      -0.575603604499        95.0400000000        1.28082969733       4.120798267875E-002  3.883060523092E-002
   2.23556802584      -0.767471472666        95.0400000000        1.28061647021       5.073352936904E-002  3.859160484156E-002
   2.79446003230      -0.959339340832        95.0400000000       0.699138813117       0.153444727369       6.131958556371E-002
   3.35335203876       -1.15120720900        95.0400000000       0.634396410938       8.901954744797E-002  5.427369865599E-002
   3.91224404522       -1.34307507716        95.0400000000       0.614046158784       2.329298257105E-002  4.077633023458E-002
   4.47113605168       -1.53494294533        95.0400000000       0.581774095968      -2.616568776753E-002  3.010268515223E-002
   5.03002805814       -1.72681081350        95.0400000000       0.551067876608      -2.885843700367E-002  2.169822300547E-002
   5.58892006459       -1.91867868166        95.0400000000       0.514163369616      -4.549267425463E-002  1.901859106836E-002
   6.14781207105       -2.11054654983        95.0400000000       0.455778716003      -6.730179211504E-002  1.441046629182E-002
   0.00000000000        0.00000000000        95.0400000000        1.27804692242      -4.792143610508E-002  2.412590970416E-002
  0.590909090909        0.00000000000        95.0400000000        1.27745836958      -3.044045550957E-002  2.895479746808E-002
   1.18181818182      -1.172487511250E-015   95.0400000000        1.27572088409       2.772888434603E-003  3.413817042816E-002
   1.77272727273        0.00000000000        95.0400000000        1.27730446076       4.286293250780E-002  3.872659302155E-002
   2.36363636364        0.00000000000        95.0400000000        1.30814102078       3.788130909593E-002  3.498626388998E-002
   2.95454545455        0.00000000000        95.0400000000       0.620620036256       1.973302525471E-002  5.604391282724E-002
   3.54545454545        0.00000000000        95.0400000000       0.588755173042      -3.656886746834E-002  4.545973409236E-002
   4.13636363636        0.00000000000        95.0400000000       0.568258136395      -4.915990937985E-002  3.377295497024E-002
   4.72727272727        0.00000000000        95.0400000000       0.537249860599      -1.390057075513E-002  1.955821462346E-002
   5.31818181818        0.00000000000        95.0400000000       0.507067045756      -4.988253243317E-003  1.596740234389E-002
   5.90909090909        0.00000000000        95.0400000000       0.483264896831      -2.658588679792E-003  1.472019867937E-002
   6.50000000000        0.00000000000        95.0400000000       0.457673706730      -3.866674784389E-003  1.251479771310E-002
