 12 20 1 1
 1 X [LENGU]
 2 Y [LENGU]
 3 Z [LENGU]
 4 Hx [FIELU]
 5 Hy [FIELU]
 6 Hz [FIELU]
 0
   0.00000000000        0.00000000000       -97.2000000000       0.657083008102      -9.670358661316E-002 -1.598581413393E-002
  0.590909090909        0.00000000000       -97.2000000000       0.664970353139      -0.116806961985      -2.157074680516E-002
   1.18181818182        0.00000000000       -97.2000000000       0.673222301241      -0.134604807707      -2.615886037801E-002
   1.77272727273        0.00000000000       -97.2000000000       0.673646933752      -0.135320398606      -2.703896238869E-002
   2.36363636364        0.00000000000       -97.2000000000       0.676602048083      -0.116069307480      -2.371622946624E-002
   2.95454545455        0.00000000000       -97.2000000000      -5.867180495944E-003 -7.476322606247E-002 -0.158490027895     
   3.54545454545        0.00000000000       -97.2000000000      -3.965732095312E-002 -4.265862290867E-002 -0.115263196829     
   4.13636363636        0.00000000000       -97.2000000000      -5.488293429389E-002 -2.079410609916E-002 -6.904292643229E-002
   4.72727272727        0.00000000000       -97.2000000000      -4.069158305641E-002 -7.414885012545E-003 -2.861761433835E-002
   5.31818181818        0.00000000000       -97.2000000000      -4.284086064863E-002 -3.119818792912E-002 -2.917447861712E-002
   5.90909090909        0.00000000000       -97.2000000000      -3.529192204212E-002 -2.528022186711E-002 -2.252958301275E-002
   6.50000000000        0.00000000000       -97.2000000000      -2.774298343562E-002 -1.936225580510E-002 -1.588468740838E-002
   0.00000000000        0.00000000000       -97.2000000000       0.657083008102      -9.670358661316E-002 -1.598581413393E-002
  0.558892006459       0.191867868166       -97.2000000000       0.663138277056      -0.122176687859      -2.128372427961E-002
   1.11778401292       0.383735736333       -97.2000000000       0.666530400323      -0.147665644918      -2.756527621505E-002
   1.67667601938       0.575603604499       -97.2000000000       0.654744510591      -0.144344798994      -2.915674169341E-002
   2.23556802584       0.767471472666       -97.2000000000       0.660427424291      -0.125848905490      -2.645645606898E-002
   2.79446003230       0.959339340832       -97.2000000000       0.105427625876      -0.165593430297      -0.142370731968     
   3.35335203876        1.15120720900       -97.2000000000       4.511710528116E-002 -0.136186665587      -0.112701756221     
   3.91224404522        1.34307507716       -97.2000000000       1.671293587496E-002 -0.114807101566      -7.041145080416E-002
   4.47113605168        1.53494294533       -97.2000000000      -4.290657797647E-003 -8.491876077678E-002 -3.595795581863E-002
   5.03002805814        1.72681081350       -97.2000000000      -1.786615508884E-002 -7.779303516351E-002 -2.645090169493E-002
   5.58892006459        1.91867868166       -97.2000000000       5.390078089511E-003 -4.715260736110E-002 -1.751173892993E-002
   6.14781207105        2.11054654983       -97.2000000000       1.602262590852E-002 -3.343562542419E-002 -1.161492325531E-002
   0.00000000000        0.00000000000       -97.2000000000       0.657083008102      -9.670358661316E-002 -1.598581413393E-002
  0.466310301007       0.362943875680       -97.2000000000       0.662615265066      -0.131477291905      -2.234451450849E-002
  0.932620602014       0.725887751361       -97.2000000000       0.653063700738      -0.147597489658      -2.656262411446E-002
   1.39893090302        1.08883162704       -97.2000000000       0.649585705461      -0.142215268616      -2.682327993231E-002
   1.86524120403        1.45177550272       -97.2000000000       0.646399910006      -0.121350390029      -2.515040593640E-002
   2.33155150503        1.81471937840       -97.2000000000       0.269198150310      -0.217186454434      -0.116851702947     
   2.79786180604        2.17766325408       -97.2000000000       0.154453401485      -0.157177482155      -5.123217852959E-002
   3.26417210705        2.54060712976       -97.2000000000       0.113384021731      -0.126517916540      -3.389601903067E-002
   3.73048240806        2.90355100544       -97.2000000000       0.115135139583      -0.101994251794      -2.397712920328E-002
   4.19679270906        3.26649488112       -97.2000000000       0.134304409479      -6.974899786456E-002 -1.268321403097E-002
   4.66310301007        3.62943875680       -97.2000000000       0.112652013184      -1.356097232523E-002 -6.267855993031E-003
   5.12941331108        3.99238263248       -97.2000000000       8.657640237229E-002  2.259427746565E-003 -3.719830067126E-003
   0.00000000000        0.00000000000       -97.2000000000       0.657083008102      -9.670358661316E-002 -1.598581413393E-002
  0.323196638891       0.494689282610       -97.2000000000       0.679483883159      -8.362861903354E-002 -1.278887610021E-002
  0.646393277781       0.989378565219       -97.2000000000       0.631507530965      -0.131198611737      -2.135191297612E-002
  0.969589916672        1.48406784783       -97.2000000000       0.608488166271      -0.119326549375      -1.962166528133E-002
   1.29278655556        1.97875713044       -97.2000000000       0.624530165256      -0.123340159412      -2.327267480398E-002
   1.61598319445        2.47344641305       -97.2000000000       0.375519489073      -0.185983554094      -9.526989629162E-002
   1.93917983334        2.96813569566       -97.2000000000       0.337333416725      -0.188810413861      -5.563423057787E-002
   2.26237647223        3.46282497827       -97.2000000000       0.287898882821      -0.145443857327      -2.269608858645E-002
   2.58557311112        3.95751426088       -97.2000000000       0.302619254046      -0.131592613768      -1.775776583768E-002
   2.90876975001        4.45220354349       -97.2000000000       0.359322309453      -5.650298166639E-002 -9.888273794817E-003
   3.23196638891        4.94689282610       -97.2000000000       0.328457495078       0.186056926742      -7.153151340080E-003
   3.55516302780        5.44158210871       -97.2000000000       9.307984026010E-002  0.160180188720      -5.030850559264E-003
   0.00000000000        0.00000000000       -97.2000000000       0.657083008102      -9.670358661316E-002 -1.598581413393E-002
  0.145059606038       0.572827429873       -97.2000000000       0.693193570475      -2.219517761466E-002 -5.496113288725E-004
  0.290119212075        1.14565485975       -97.2000000000       0.637352985984      -5.202626215923E-002 -4.657384507550E-003
  0.435178818113        1.71848228962       -97.2000000000       0.581512401493      -8.185734670380E-002 -8.765157686227E-003
  0.580238424151        2.29130971949       -97.2000000000       0.598158476471      -0.104781258819      -1.607826117194E-002
  0.725298030189        2.86413714937       -97.2000000000       0.541703575783      -0.171685385516       2.163132953527E-003
  0.870357636226        3.43696457924       -97.2000000000       0.376405839959      -7.199277450378E-002 -1.459436857837E-002
   1.01541724226        4.00979200911       -97.2000000000       0.328430048458      -7.565889798407E-002 -7.418454035664E-003
   1.16047684830        4.58261943899       -97.2000000000       0.268935000385      -8.865603605191E-002 -8.016352762693E-004
   1.30553645434        5.15544686886       -97.2000000000       0.206941581221      -0.117857903386      -1.891733675590E-003
   1.45059606038        5.72827429873       -97.2000000000       0.117927927498      -0.114620661988       7.939471405117E-004
   1.59565566642        6.30110172861       -97.2000000000       4.658050355590E-002 -8.019832516037E-002  2.566127932602E-003
   0.00000000000        0.00000000000       -97.2000000000       0.657083008102      -9.670358661316E-002 -1.598581413393E-002
 -4.879688596092E-002  0.588890836777       -97.2000000000       0.690702279615      -2.346101648412E-002  3.097658286904E-003
 -9.759377192185E-002   1.17778167355       -97.2000000000       0.632370404264      -5.455793989815E-002  2.637154724003E-003
 -0.146390657883        1.76667251033       -97.2000000000       0.573256579180      -9.207278910775E-002 -7.229917911562E-004
 -0.195187543844        2.35556334711       -97.2000000000       0.602380792717      -0.107907517915      -3.774538529821E-003
 -0.243984429805        2.94445418388       -97.2000000000       0.416855586452       5.910123374421E-002  3.894307012875E-002
 -0.292781315766        3.53334502066       -97.2000000000       0.350412019559       7.028159705812E-002  1.108781480669E-002
 -0.341578201726        4.12223585744       -97.2000000000       0.286809875168       8.206585680014E-002  1.295154878023E-002
 -0.390375087687        4.71112669421       -97.2000000000       0.247667512576       7.826863560836E-002  1.040139476238E-002
 -0.439171973648        5.30001753099       -97.2000000000       0.182880077455       7.165865820596E-002  9.335322585698E-003
 -0.487968859609        5.88890836777       -97.2000000000       0.126227600508       7.091464392056E-002  3.700117568476E-003
 -0.536765745570        6.47779920454       -97.2000000000       9.658171703689E-002  7.344740182666E-002  3.606365905718E-003
   0.00000000000        0.00000000000       -97.2000000000       0.657083008102      -9.670358661316E-002 -1.598581413393E-002
 -0.237365478204       0.541138783933       -97.2000000000       0.694532152562      -2.135702118319E-002  6.794830609169E-003
 -0.474730956408        1.08227756787       -97.2000000000       0.639274547934      -5.568369974677E-002  7.659339203814E-003
 -0.712096434612        1.62341635180       -97.2000000000       0.601616522887      -9.753962430433E-002 -1.253480493576E-003
 -0.949461912816        2.16455513573       -97.2000000000       0.617876070983      -0.104443274215      -2.543858626392E-003
  -1.18682739102        2.70569391966       -97.2000000000       0.343830488886       0.167857046455       9.044856140010E-002
  -1.42419286922        3.24683270360       -97.2000000000       0.316436560125       0.183572292345       2.196174370889E-002
  -1.66155834743        3.78797148753       -97.2000000000       0.262387902197       0.174981833210       2.439733663071E-002
  -1.89892382563        4.32911027146       -97.2000000000       0.273776100947       0.202930736304       1.615658111208E-002
  -2.13628930384        4.87024905539       -97.2000000000       0.290366850217       0.287212150927       1.212024660685E-002
  -2.37365478204        5.41138783933       -97.2000000000       7.766925957586E-002  0.529736611334       9.835700626027E-003
  -2.61102026024        5.95252662326       -97.2000000000      -0.161865787244       0.130901836671       6.594292529910E-003
   0.00000000000        0.00000000000       -97.2000000000       0.657083008102      -9.670358661316E-002 -1.598581413393E-002
 -0.400211837779       0.434745947216       -97.2000000000       0.692144950212      -2.193179776864E-003  7.745889951066E-003
 -0.800423675558       0.869491894432       -97.2000000000       0.656390612328      -6.182259856235E-002  6.955836234438E-003
  -1.20063551334        1.30423784165       -97.2000000000       0.634000367362      -9.809835923665E-002 -6.313139859131E-004
  -1.60084735112        1.73898378886       -97.2000000000       0.630907442995      -8.185074421719E-002 -1.217570174054E-003
  -2.00105918889        2.17372973608       -97.2000000000       0.219650547782       0.346919547950       6.848555555188E-002
  -2.40127102667        2.60847568330       -97.2000000000       0.188700599109       0.199554381415       6.888322741469E-002
  -2.80148286445        3.04322163051       -97.2000000000       0.172514670736       0.190931224358       3.521425129013E-002
  -3.20169470223        3.47796757773       -97.2000000000       0.170532487611       0.145411232289       2.718886944388E-002
  -3.60190654001        3.91271352494       -97.2000000000       0.176952629533       5.752482354117E-002  2.137796573618E-002
  -4.00211837779        4.34745947216       -97.2000000000       0.152058802036       7.083399859089E-003  1.642031479143E-002
  -4.40233021557        4.78220541938       -97.2000000000       0.104942518677      -1.067560190454E-002  1.232379341532E-002
   0.00000000000        0.00000000000       -97.2000000000       0.657083008102      -9.670358661316E-002 -1.598581413393E-002
 -0.519689034804       0.281241641340       -97.2000000000       0.670619739138      -2.997260204007E-002 -6.652121721552E-004
  -1.03937806961       0.562483282680       -97.2000000000       0.674451095923      -3.178232133602E-002  1.061490407992E-002
  -1.55906710441       0.843724924020       -97.2000000000       0.644483931163      -5.791147102629E-002  2.613438913957E-003
  -2.07875613922        1.12496656536       -97.2000000000       0.623719640439      -2.583594911580E-002  1.703145059816E-003
  -2.59844517402        1.40620820670       -97.2000000000       0.111028032510       0.150503724533       0.126026056286     
  -3.11813420882        1.68744984804       -97.2000000000       6.454334088797E-002  0.145821480037       7.266120999007E-002
  -3.63782324363        1.96869148938       -97.2000000000       3.535639657781E-002  0.130727585504       4.813435327551E-002
  -4.15751227843        2.24993313072       -97.2000000000       2.496467328784E-002  0.109784128237       4.342838446624E-002
  -4.67720131323        2.53117477206       -97.2000000000       3.563842304595E-002  9.152043195530E-002  3.527817415322E-002
  -5.19689034804        2.81241641340       -97.2000000000       3.163930663288E-002  5.922091503853E-002  2.579805304606E-002
  -5.71657938284        3.09365805474       -97.2000000000       2.788451943756E-002  4.279058723243E-002  1.737059543939E-002
   0.00000000000        0.00000000000       -97.2000000000       0.657083008102      -9.670358661316E-002 -1.598581413393E-002
 -0.582849861102       9.726043971134E-002  -97.2000000000       0.647757173839      -7.730896110655E-002 -9.669345993248E-003
  -1.16569972220       0.194520879423       -97.2000000000       0.679790054172       4.607483889281E-002  1.644657611752E-002
  -1.74854958330       0.291781319134       -97.2000000000       0.650053096868       1.899730464172E-002  1.002506571056E-002
  -2.33139944441       0.389041758845       -97.2000000000       0.630660244033      -4.458615904961E-003  1.973011351290E-003
  -2.91424930551       0.486302198557       -97.2000000000       2.867013648951E-002  6.147789608175E-002  0.133995541408     
  -3.49709916661       0.583562638268       -97.2000000000      -2.145012315257E-002  2.641823130945E-002  6.763870880444E-002
  -4.07994902771       0.680823077979       -97.2000000000      -4.161301333756E-002  4.687603905642E-003  4.565928684932E-002
  -4.66279888881       0.778083517691       -97.2000000000      -4.967827514951E-002 -9.030316189544E-004  3.705507652219E-002
  -5.24564874991       0.875343957402       -97.2000000000      -5.235947826386E-002  1.458350521059E-002  3.052206290659E-002
  -5.82849861102       0.972604397113       -97.2000000000      -3.675501499255E-002  1.400862752327E-002  2.453348176279E-002
  -6.41134847212        1.06986483682       -97.2000000000      -1.575188541832E-002  1.271982477538E-002  1.711476056880E-002
   0.00000000000        0.00000000000       -97.2000000000       0.657083008102      -9.670358661316E-002 -1.598581413393E-002
 -0.582849861102      -9.726043971134E-002  -97.2000000000       0.650849298504      -7.643982905064E-002 -1.128475933659E-002
  -1.16569972220      -0.194520879423       -97.2000000000       0.654219863162      -2.852351484746E-002 -1.486774001400E-003
  -1.74854958330      -0.291781319134       -97.2000000000       0.672835502184       6.257811057962E-002  1.537420476895E-002
  -2.33139944441      -0.389041758845       -97.2000000000       0.644833010429       1.600743890857E-002  3.706852118297E-003
  -2.91424930551      -0.486302198557       -97.2000000000       1.333105391070E-002 -5.554756506771E-002  0.126390899271     
  -3.49709916661      -0.583562638268       -97.2000000000      -1.484430090879E-002 -5.358317501182E-002  4.213362581147E-002
  -4.07994902771      -0.680823077979       -97.2000000000      -3.348697375930E-002 -4.394090161001E-002  2.629873278450E-002
  -4.66279888881      -0.778083517691       -97.2000000000      -3.537949008993E-002 -3.299270877753E-002  2.204070216662E-002
  -5.24564874991      -0.875343957402       -97.2000000000      -3.734605651019E-002 -2.157632667844E-002  1.640091166038E-002
  -5.82849861102      -0.972604397113       -97.2000000000      -3.073027243159E-002 -2.390380795969E-002  1.018716560924E-002
  -6.41134847212       -1.06986483682       -97.2000000000      -1.444244728539E-002 -1.948951119106E-002  7.867666902713E-003
   0.00000000000        0.00000000000       -97.2000000000       0.657083008102      -9.670358661316E-002 -1.598581413393E-002
 -0.519689034804      -0.281241641340       -97.2000000000       0.654616942330      -7.776658955122E-002 -1.340960491160E-002
  -1.03937806961      -0.562483282680       -97.2000000000       0.652282202792      -5.799916467242E-002 -1.047435181061E-002
  -1.55906710441      -0.843724924020       -97.2000000000       0.669554389597       1.994372310511E-002  4.493104711397E-003
  -2.07875613922       -1.12496656536       -97.2000000000       0.669589761390       4.868511799068E-002  9.245824742895E-003
  -2.59844517402       -1.40620820670       -97.2000000000       8.859613970798E-002 -0.171453432425       0.111905249004     
  -3.11813420882       -1.68744984804       -97.2000000000       2.455286159941E-002 -0.131258874266       4.207526116676E-002
  -3.63782324363       -1.96869148938       -97.2000000000       1.533877955952E-003 -0.105742738073       3.090744688643E-002
  -4.15751227843       -2.24993313072       -97.2000000000      -3.129945827613E-003 -9.719489121309E-002  2.655686430176E-002
  -4.67720131323       -2.53117477206       -97.2000000000      -6.064481978311E-003 -8.580072282144E-002  1.745585180657E-002
  -5.19689034804       -2.81241641340       -97.2000000000       2.500960136953E-002 -6.081530634605E-002  1.003193000479E-002
  -5.71657938284       -3.09365805474       -97.2000000000       2.709303505887E-002 -4.324282622151E-002  4.648645562433E-004
   0.00000000000        0.00000000000       -97.2000000000       0.657083008102      -9.670358661316E-002 -1.598581413393E-002
 -0.400211837779      -0.434745947216       -97.2000000000       0.659093809675      -7.835060841395E-002 -1.460523708354E-002
 -0.800423675558      -0.869491894432       -97.2000000000       0.663786193702      -6.199126507969E-002 -1.108383945051E-002
  -1.20063551334       -1.30423784165       -97.2000000000       0.660915588591      -5.003463868432E-002 -9.969105089155E-003
  -1.60084735112       -1.73898378886       -97.2000000000       0.687202952775       6.264843850627E-002  1.382030578227E-002
  -2.00105918889       -2.17372973608       -97.2000000000       0.188140499263      -0.394367870521       5.644735688940E-002
  -2.40127102667       -2.60847568330       -97.2000000000       0.187059320897      -0.250362752142       3.833774242343E-002
  -2.80148286445       -3.04322163051       -97.2000000000       0.146721070222      -0.202752738748       2.598028434454E-002
  -3.20169470223       -3.47796757773       -97.2000000000       0.158339622425      -0.149029866719       1.524219674536E-002
  -3.60190654001       -3.91271352494       -97.2000000000       0.145693381631      -9.772149558725E-002  5.888286379745E-003
  -4.00211837779       -4.34745947216       -97.2000000000       0.121865856750      -3.185653182727E-002 -4.524878437443E-003
  -4.40233021557       -4.78220541938       -97.2000000000       7.808114841666E-002  8.092660760356E-003 -1.773474636026E-002
   0.00000000000        0.00000000000       -97.2000000000       0.657083008102      -9.670358661316E-002 -1.598581413393E-002
 -0.237365478204      -0.541138783933       -97.2000000000       0.664029466069      -7.664447443768E-002 -1.410041464090E-002
 -0.474730956408       -1.08227756787       -97.2000000000       0.674290961881      -6.984484466416E-002 -1.252525251904E-002
 -0.712096434612       -1.62341635180       -97.2000000000       0.683988107494      -6.601591062489E-002 -1.173207629731E-002
 -0.949461912816       -2.16455513573       -97.2000000000       0.664609088213      -4.671388174052E-002 -5.184390247153E-003
  -1.18682739102       -2.70569391966       -97.2000000000       0.423392938757      -0.184561871586       4.166193734852E-002
  -1.42419286922       -3.24683270360       -97.2000000000       0.367713552182      -0.212371005049       2.867303081515E-002
  -1.66155834743       -3.78797148753       -97.2000000000       0.305862005860      -0.196957270243       3.974777317878E-003
  -1.89892382563       -4.32911027146       -97.2000000000       0.294593244785      -0.227195485524       2.618833465396E-003
  -2.13628930384       -4.87024905539       -97.2000000000       0.284916740532      -0.300059548335       1.057910820173E-003
  -2.37365478204       -5.41138783933       -97.2000000000       5.285632376093E-002 -0.560342065365      -1.371695195776E-003
  -2.61102026024       -5.95252662326       -97.2000000000      -0.165004802236      -0.129570804954      -3.065250742435E-003
   0.00000000000        0.00000000000       -97.2000000000       0.657083008102      -9.670358661316E-002 -1.598581413393E-002
 -4.879688596092E-002 -0.588890836777       -97.2000000000       0.668006956201      -7.841094380175E-002 -1.436149156426E-002
 -9.759377192185E-002  -1.17778167355       -97.2000000000       0.682530254472      -7.843420789910E-002 -1.414750908456E-002
 -0.146390657883       -1.76667251033       -97.2000000000       0.697102836619      -7.933397352499E-002 -1.412422295823E-002
 -0.195187543844       -2.35556334711       -97.2000000000       0.711675418765      -8.023373915088E-002 -1.410093683191E-002
 -0.243984429805       -2.94445418388       -97.2000000000       0.521349700503      -5.122413146751E-002 -2.599724605975E-003
 -0.292781315766       -3.53334502066       -97.2000000000       0.438576869678      -4.539502989360E-002  1.508442945256E-002
 -0.341578201726       -4.12223585744       -97.2000000000       0.335851203275      -5.036702509238E-002  3.819653247508E-003
 -0.390375087687       -4.71112669421       -97.2000000000       0.286481091989      -5.978485814606E-002 -8.553627815478E-003
 -0.439171973648       -5.30001753099       -97.2000000000       0.220121323321      -5.097904127736E-002 -6.815886265174E-003
 -0.487968859609       -5.88890836777       -97.2000000000       0.130686133518      -3.319641880475E-002 -4.517418989155E-003
 -0.536765745570       -6.47779920454       -97.2000000000       8.237204628454E-002 -1.469147818803E-002 -3.763419672113E-003
   0.00000000000        0.00000000000       -97.2000000000       0.657083008102      -9.670358661316E-002 -1.598581413393E-002
  0.145059606038      -0.572827429873       -97.2000000000       0.670595257296      -8.345859214097E-002 -1.536017611793E-002
  0.290119212075       -1.14565485975       -97.2000000000       0.687611216279      -8.682856400030E-002 -1.577481247629E-002
  0.435178818113       -1.71848228962       -97.2000000000       0.704724279329      -9.192550767679E-002 -1.656517804584E-002
  0.580238424151       -2.29130971949       -97.2000000000       0.751943841910      -0.121663285197      -1.664271671406E-002
  0.725298030189       -2.86413714937       -97.2000000000       0.613390830755       0.488939252854      -3.036587369004E-002
  0.870357636226       -3.43696457924       -97.2000000000       0.417216442874       0.143905473234      -7.999593989862E-003
   1.01541724226       -4.00979200911       -97.2000000000       0.351838722778       0.156963993546      -1.119906315613E-002
   1.16047684830       -4.58261943899       -97.2000000000       0.282850496139       0.173741111682      -1.976864443140E-002
   1.30553645434       -5.15544686886       -97.2000000000       0.200492531436       0.195277637428      -1.947116363047E-002
   1.45059606038       -5.72827429873       -97.2000000000       0.121261172087       0.179394371207      -8.070688663153E-003
   1.59565566642       -6.30110172861       -97.2000000000       4.729606756808E-002  0.133528688305      -9.177348327203E-004
   0.00000000000        0.00000000000       -97.2000000000       0.657083008102      -9.670358661316E-002 -1.598581413393E-002
  0.323196638891      -0.494689282610       -97.2000000000       0.671513886769      -9.124042843546E-002 -1.698824533435E-002
  0.646393277781      -0.989378565219       -97.2000000000       0.688983246250      -9.411825423235E-002 -1.723081912154E-002
  0.969589916672       -1.48406784783       -97.2000000000       0.708867142285      -0.103883140682      -1.862903321171E-002
   1.29278655556       -1.97875713044       -97.2000000000       0.780810592467      -0.155673766489      -1.873426563621E-002
   1.61598319445       -2.47344641305       -97.2000000000       0.347868467481       0.227929665791      -9.803053602084E-002
   1.93917983334       -2.96813569566       -97.2000000000       0.303400176663       0.266824731200      -3.709201875507E-002
   2.26237647223       -3.46282497827       -97.2000000000       0.262116583348       0.239533507813      -3.670644458401E-002
   2.58557311112       -3.95751426088       -97.2000000000       0.266618159200       0.188701155375      -3.379955178267E-002
   2.90876975001       -4.45220354349       -97.2000000000       0.321111703137       8.779602000698E-002 -2.356390726688E-002
   3.23196638891       -4.94689282610       -97.2000000000       0.292541866112      -0.129792947537      -1.168078287642E-002
   3.55516302780       -5.44158210871       -97.2000000000       5.782440089816E-002 -0.132859277661      -7.239226538537E-003
   0.00000000000        0.00000000000       -97.2000000000       0.657083008102      -9.670358661316E-002 -1.598581413393E-002
  0.466310301007      -0.362943875680       -97.2000000000       0.670663296864      -0.100913169975      -1.906927265182E-002
  0.932620602014      -0.725887751361       -97.2000000000       0.686497663649      -9.951332754740E-002 -1.835774810801E-002
   1.39893090302       -1.08883162704       -97.2000000000       0.707226922847      -0.113000485640      -2.019907959814E-002
   1.86524120403       -1.45177550272       -97.2000000000       0.769599610661      -0.149790128171      -1.976178624022E-002
   2.33155150503       -1.81471937840       -97.2000000000       0.160350949324       0.240551434553      -0.148338739405     
   2.79786180604       -2.17766325408       -97.2000000000       0.148892398376       0.245137044494      -9.469390792564E-002
   3.26417210705       -2.54060712976       -97.2000000000       9.825951532575E-002  0.233933505611      -4.317514977668E-002
   3.73048240806       -2.90355100544       -97.2000000000       7.191505514284E-002  0.169224010824      -3.025949256743E-002
   4.19679270906       -3.26649488112       -97.2000000000       5.908397639647E-002  0.121962071379      -1.700206009209E-002
   4.66310301007       -3.62943875680       -97.2000000000       7.076555827957E-002  6.425369408991E-002 -1.531869586626E-002
   5.12941331108       -3.99238263248       -97.2000000000       3.753505262984E-002  5.328341759951E-002 -1.433305356904E-002
   0.00000000000        0.00000000000       -97.2000000000       0.657083008102      -9.670358661316E-002 -1.598581413393E-002
  0.558892006459      -0.191867868166       -97.2000000000       0.668135662194      -0.111428625126      -2.137774647002E-002
   1.11778401292      -0.383735736333       -97.2000000000       0.681083843236      -0.114167495643      -2.158733765587E-002
   1.67667601938      -0.575603604499       -97.2000000000       0.694032024279      -0.116906366159      -2.179692884173E-002
   2.23556802584      -0.767471472666       -97.2000000000       0.717345691881      -0.130973744348      -2.230077994503E-002
   2.79446003230      -0.959339340832       -97.2000000000      -1.079219633329E-002  6.806166111368E-002 -0.173768155824     
   3.35335203876       -1.15120720900       -97.2000000000      -5.460390649605E-002  4.344016780285E-002 -0.131109840988     
   3.91224404522       -1.34307507716       -97.2000000000      -6.015719280268E-002  4.291072394715E-002 -7.495023076507E-002
   4.47113605168       -1.53494294533       -97.2000000000      -4.483596505646E-002  7.199572046562E-002 -3.311074340220E-002
   5.03002805814       -1.72681081350       -97.2000000000      -4.269526051087E-002  2.055798019090E-002 -1.899292116554E-002
   5.58892006459       -1.91867868166       -97.2000000000      -3.261688087429E-002  1.370566272029E-002 -1.482412610361E-002
   6.14781207105       -2.11054654983       -97.2000000000      -2.349051030975E-002  1.500222497484E-002 -1.075444494531E-002
   0.00000000000        0.00000000000       -97.2000000000       0.657083008102      -9.670358661316E-002 -1.598581413393E-002
  0.590909090909        0.00000000000       -97.2000000000       0.664970353139      -0.116806961985      -2.157074680516E-002
   1.18181818182      -1.172487511250E-015  -97.2000000000       0.673222301241      -0.134604807707      -2.615886037801E-002
   1.77272727273        0.00000000000       -97.2000000000       0.673646933752      -0.135320398606      -2.703896238869E-002
   2.36363636364        0.00000000000       -97.2000000000       0.676602048083      -0.116069307480      -2.371622946624E-002
   2.95454545455        0.00000000000       -97.2000000000      -5.867180495944E-003 -7.476322606247E-002 -0.158490027895     
   3.54545454545        0.00000000000       -97.2000000000      -3.965732095312E-002 -4.265862290867E-002 -0.115263196829     
   4.13636363636        0.00000000000       -97.2000000000      -5.488293429389E-002 -2.079410609916E-002 -6.904292643229E-002
   4.72727272727        0.00000000000       -97.2000000000      -4.069158305641E-002 -7.414885012545E-003 -2.861761433835E-002
   5.31818181818        0.00000000000       -97.2000000000      -4.284086064863E-002 -3.119818792912E-002 -2.917447861712E-002
   5.90909090909        0.00000000000       -97.2000000000      -3.529192204212E-002 -2.528022186711E-002 -2.252958301275E-002
   6.50000000000        0.00000000000       -97.2000000000      -2.774298343562E-002 -1.936225580510E-002 -1.588468740838E-002
