 12 20 1 1
 1 X [LENGU]
 2 Y [LENGU]
 3 Z [LENGU]
 4 Hx [FIELU]
 5 Hy [FIELU]
 6 Hz [FIELU]
 0
   0.00000000000        0.00000000000        95.0400000000        3.09282587029      -2.664961672003E-002  2.122323074000E-002
  0.590909090909        0.00000000000        95.0400000000        3.09041660822      -3.225913135986E-002  2.150257796698E-002
   1.18181818182        0.00000000000        95.0400000000        3.08634536382      -2.582517436076E-002  2.253481728217E-002
   1.77272727273        0.00000000000        95.0400000000        3.08029956950      -1.819632571130E-002  2.242632274783E-002
   2.36363636364        0.00000000000        95.0400000000        3.10419415798       1.365496624532E-002  2.321250947552E-002
   2.95454545455        0.00000000000        95.0400000000        2.57410441538      -1.267802290065E-004  4.480721626232E-002
   3.54545454545        0.00000000000        95.0400000000        2.47200374417      -8.684563865300E-002  3.274453434732E-002
   4.13636363636        0.00000000000        95.0400000000        2.35478447961      -7.724951113431E-002  1.938524536318E-002
   4.72727272727        0.00000000000        95.0400000000        2.24663049182      -1.520549548693E-002  1.043484535719E-002
   5.31818181818        0.00000000000        95.0400000000        2.13355885746      -3.764915591108E-003  8.986106852248E-003
   5.90909090909        0.00000000000        95.0400000000        2.02666698366      -9.336597453493E-003  9.678899654477E-003
   6.50000000000        0.00000000000        95.0400000000        1.90261074468      -1.749789004575E-002  6.330287879349E-003
   0.00000000000        0.00000000000        95.0400000000        3.09282587029      -2.664961672003E-002  2.122323074000E-002
  0.558892006459       0.191867868166        95.0400000000        3.08587214353      -4.602877522277E-002  1.761358076238E-002
   1.11778401292       0.383735736333        95.0400000000        3.09272286031      -3.478285183668E-002  1.873526480676E-002
   1.67667601938       0.575603604499        95.0400000000        3.10623265351      -1.105041355614E-002  2.077400937884E-002
   2.23556802584       0.767471472666        95.0400000000        3.13379821951       3.657929866824E-002  2.472489008535E-002
   2.79446003230       0.959339340832        95.0400000000        2.66089798124      -8.869149209395E-002  3.584877131480E-002
   3.35335203876        1.15120720900        95.0400000000        2.55214623582       5.609705235689E-003  3.240042525511E-002
   3.91224404522        1.34307507716        95.0400000000        2.43063915373       0.142133176661       2.610997683854E-002
   4.47113605168        1.53494294533        95.0400000000        2.35214175471       0.246450469693       1.320565928507E-002
   5.03002805814        1.72681081350        95.0400000000        2.21846179673       0.281760283982       1.224433557526E-002
   5.58892006459        1.91867868166        95.0400000000        2.00395701821       0.289442019034       8.762636228213E-003
   6.14781207105        2.11054654983        95.0400000000        1.79202178106       0.318469606702       6.455733044265E-003
   0.00000000000        0.00000000000        95.0400000000        3.09282587029      -2.664961672003E-002  2.122323074000E-002
  0.466310301007       0.362943875680        95.0400000000        3.09231038103      -4.440540556322E-002  1.617114843920E-002
  0.932620602014       0.725887751361        95.0400000000        3.10915375263      -2.611175336152E-002  1.731338042305E-002
   1.39893090302        1.08883162704        95.0400000000        3.12531266787      -6.015817059705E-003  1.996046219158E-002
   1.86524120403        1.45177550272        95.0400000000        3.17788152051       5.424641564361E-002  2.493653773466E-002
   2.33155150503        1.81471937840        95.0400000000        3.02010024982      -0.218008135210       3.643776329644E-002
   2.79786180604        2.17766325408        95.0400000000        2.97916851673      -2.139512838680E-002  3.651844229231E-002
   3.26417210705        2.54060712976        95.0400000000        2.90220861488       0.218708739108       2.137116843309E-002
   3.73048240806        2.90355100544        95.0400000000        2.88332875072       0.551554533674      -5.321370750960E-003
   4.19679270906        3.26649488112        95.0400000000        2.86054773952       0.903193494407      -3.065238720011E-002
   4.66310301007        3.62943875680        95.0400000000        2.66558817047        1.35883146267      -5.100390502073E-002
   5.12941331108        3.99238263248        95.0400000000        2.25495892058        1.36365798245      -4.378518404547E-002
   0.00000000000        0.00000000000        95.0400000000        3.09282587029      -2.664961672003E-002  2.122323074000E-002
  0.323196638891       0.494689282610        95.0400000000        3.10013365869      -4.017411526522E-002  1.538224999820E-002
  0.646393277781       0.989378565219        95.0400000000        3.10636379650      -3.533493942473E-002  1.605200473668E-002
  0.969589916672        1.48406784783        95.0400000000        3.13677725429      -5.036908161194E-003  1.980992373869E-002
   1.29278655556        1.97875713044        95.0400000000        3.19381730330       7.968113042558E-003  2.064003430415E-002
   1.61598319445        2.47344641305        95.0400000000        3.32853132266      -0.295451893867       3.386621539744E-002
   1.93917983334        2.96813569566        95.0400000000        3.54243098793      -0.321060696104       2.579899295554E-002
   2.26237647223        3.46282497827        95.0400000000        3.75300914389      -0.293290933785       8.652638729686E-003
   2.58557311112        3.95751426088        95.0400000000        4.50011247011      -7.889396884336E-002 -5.530007255518E-003
   2.90876975001        4.45220354349        95.0400000000        5.57258154378       0.766032429331      -8.227151654350E-003
   3.23196638891        4.94689282610        95.0400000000        5.22981393723        4.19749599079      -2.661375996806E-003
   3.55516302780        5.44158210871        95.0400000000        1.50089208386        4.05684955568      -5.787699873451E-003
   0.00000000000        0.00000000000        95.0400000000        3.09282587029      -2.664961672003E-002  2.122323074000E-002
  0.145059606038       0.572827429873        95.0400000000        3.09793416301      -4.801612966615E-002  1.432005472173E-002
  0.290119212075        1.14565485975        95.0400000000        3.10263491461      -4.240447863081E-002  1.503116815560E-002
  0.435178818113        1.71848228962        95.0400000000        3.12903385965      -2.239694332408E-002  1.830362012604E-002
  0.580238424151        2.29130971949        95.0400000000        3.16580648240      -6.348204520059E-002  1.750110638771E-002
  0.725298030189        2.86413714937        95.0400000000        3.53226450594      -0.385207086106       2.394614334177E-002
  0.870357636226        3.43696457924        95.0400000000        3.27670241006      -0.387178964625       2.363955640659E-002
   1.01541724226        4.00979200911        95.0400000000        3.16173814765      -0.653925514758       1.207852729487E-002
   1.16047684830        4.58261943899        95.0400000000        2.67649262183       -1.29153236873      -3.607187098688E-004
   1.30553645434        5.15544686886        95.0400000000        2.21802874241       -1.57641555708      -7.288573345275E-003
   1.45059606038        5.72827429873        95.0400000000        1.05304850584       -1.77195739455       8.212232221828E-003
   1.59565566642        6.30110172861        95.0400000000      -1.608773746317E-002  -1.30055765802       1.272140588836E-002
   0.00000000000        0.00000000000        95.0400000000        3.09282587029      -2.664961672003E-002  2.122323074000E-002
 -4.879688596092E-002  0.588890836777        95.0400000000        3.09523858682      -5.490861584545E-002  1.339666160970E-002
 -9.759377192185E-002   1.17778167355        95.0400000000        3.09746356429      -5.431098689590E-002  1.341387057365E-002
 -0.146390657883        1.76667251033        95.0400000000        3.11068880252      -4.731822435359E-002  1.569528994602E-002
 -0.195187543844        2.35556334711        95.0400000000        3.13219616867      -8.743294370581E-002  1.549406636778E-002
 -0.243984429805        2.94445418388        95.0400000000        3.49507213738       4.831723778485E-002  2.161669619781E-002
 -0.292781315766        3.53334502066        95.0400000000        3.18260763325       0.137936825141       1.616000546182E-002
 -0.341578201726        4.12223585744        95.0400000000        2.74880172783       0.186343077090       1.296289433501E-002
 -0.390375087687        4.71112669421        95.0400000000        2.37850027966       0.278019460090       8.113498026627E-003
 -0.439171973648        5.30001753099        95.0400000000        1.83451415665       0.469453757137       5.759090087380E-003
 -0.487968859609        5.88890836777        95.0400000000        1.32531279062       0.552432266164       2.554735070511E-003
 -0.536765745570        6.47779920454        95.0400000000       0.784107700786       0.595440209648      -2.893095546086E-003
   0.00000000000        0.00000000000        95.0400000000        3.09282587029      -2.664961672003E-002  2.122323074000E-002
 -0.237365478204       0.541138783933        95.0400000000        3.09253858072      -5.984315070954E-002  1.271851499945E-002
 -0.474730956408        1.08227756787        95.0400000000        3.09141014158      -6.976420930096E-002  1.137537127879E-002
 -0.712096434612        1.62341635180        95.0400000000        3.09521140501      -6.394952863196E-002  1.240137254451E-002
 -0.949461912816        2.16455513573        95.0400000000        3.10661227924      -7.516634267852E-002  1.258281611660E-002
  -1.18682739102        2.70569391966        95.0400000000        3.41144696790       0.192109588925       9.377577209246E-003
  -1.42419286922        3.24683270360        95.0400000000        3.53455660456       0.358511088455       8.638575507652E-003
  -1.66155834743        3.78797148753        95.0400000000        3.73482334519       0.622582387497       9.752965641358E-003
  -1.89892382563        4.32911027146        95.0400000000        4.07007012178        1.32628443124       1.169491507344E-002
  -2.13628930384        4.87024905539        95.0400000000        4.47801975062        3.12441967809       7.163546401429E-003
  -2.37365478204        5.41138783933        95.0400000000       0.836509200115        4.74423131880       8.828752345196E-003
  -2.61102026024        5.95252662326        95.0400000000       -3.00861572710       0.932979527979       6.992810662524E-003
   0.00000000000        0.00000000000        95.0400000000        3.09282587029      -2.664961672002E-002  2.122323074000E-002
 -0.400211837779       0.434745947216        95.0400000000        3.09012673226      -6.228500083870E-002  1.235910259871E-002
 -0.800423675558       0.869491894432        95.0400000000        3.08513062878      -8.708954941695E-002  9.136573300189E-003
  -1.20063551334        1.30423784165        95.0400000000        3.08195207818      -9.228465193575E-002  8.137978475837E-003
  -1.60084735112        1.73898378886        95.0400000000        3.08169784217      -0.106001890740       6.449290525344E-003
  -2.00105918889        2.17372973608        95.0400000000        2.90930979235       0.520975242997      -1.189071116209E-002
  -2.40127102667        2.60847568330        95.0400000000        3.31700508460       4.911621173360E-003 -6.407068230368E-003
  -2.80148286445        3.04322163051        95.0400000000        3.35509647252      -0.278564595027       1.689693466266E-002
  -3.20169470223        3.47796757773        95.0400000000        3.53412803430      -0.714536062501       3.082758815782E-002
  -3.60190654001        3.91271352494        95.0400000000        3.59847611009       -1.28965701628       4.192018843254E-002
  -4.00211837779        4.34745947216        95.0400000000        3.38649380019       -2.15942678169       4.826422735056E-002
  -4.40233021557        4.78220541938        95.0400000000        2.91523483728       -2.13234977613       3.402522621376E-002
   0.00000000000        0.00000000000        95.0400000000        3.09282587029      -2.664961672003E-002  2.122323074000E-002
 -0.519689034804       0.281241641340        95.0400000000        3.08826440265      -6.196955388222E-002  1.235737231797E-002
  -1.03937806961       0.562483282680        95.0400000000        3.08019210464      -9.254535528334E-002  8.208912552963E-003
  -1.55906710441       0.843724924020        95.0400000000        3.07117201906      -0.127653617139       3.356448854025E-003
  -2.07875613922        1.12496656536        95.0400000000        3.06501774185      -9.694263463925E-002  5.357133338142E-003
  -2.59844517402        1.40620820670        95.0400000000        2.90390306628       1.718924003328E-002 -2.232216338498E-002
  -3.11813420882        1.68744984804        95.0400000000        2.81038729527      -0.131300170692      -1.849901572225E-002
  -3.63782324363        1.96869148938        95.0400000000        2.69991631501      -0.280159231940      -7.880572480783E-003
  -4.15751227843        2.24993313072        95.0400000000        2.58068764481      -0.443646734987       3.811921041123E-003
  -4.67720131323        2.53117477206        95.0400000000        2.47583278285      -0.621623914341       7.035101639813E-003
  -5.19689034804        2.81241641340        95.0400000000        2.20754771034      -0.806148941660       6.173341399315E-003
  -5.71657938284        3.09365805474        95.0400000000        1.86502597626       -1.08485923037       1.464181792829E-002
   0.00000000000        0.00000000000        95.0400000000        3.09282587029      -2.664961672003E-002  2.122323074000E-002
 -0.582849861102       9.726043971134E-002   95.0400000000        3.08808685108      -4.601911193658E-002  1.666774396153E-002
  -1.16569972220       0.194520879423        95.0400000000        3.07627851392      -9.207189463211E-002  8.624199521426E-003
  -1.74854958330       0.291781319134        95.0400000000        3.06569841503      -9.971712212851E-002  5.571648012377E-003
  -2.33139944441       0.389041758845        95.0400000000        3.05894912854      -0.100181928745       3.917303462831E-003
  -2.91424930551       0.486302198557        95.0400000000        2.70320587995      -6.924767271816E-002 -2.443167648703E-002
  -3.49709916661       0.583562638268        95.0400000000        2.59019305159      -6.400095868874E-002 -1.849295206805E-002
  -4.07994902771       0.680823077979        95.0400000000        2.48565674028      -0.107443521484      -8.647895076515E-003
  -4.66279888881       0.778083517691        95.0400000000        2.37574766917      -0.135597667315       2.394524010209E-003
  -5.24564874991       0.875343957402        95.0400000000        2.26392388413      -0.177945652335       3.101827823562E-003
  -5.82849861102       0.972604397113        95.0400000000        2.14371743233      -0.189614258824       4.280068488171E-003
  -6.41134847212        1.06986483682        95.0400000000        1.96533207513      -0.126870728111       1.439656461104E-002
   0.00000000000        0.00000000000        95.0400000000        3.09282587029      -2.664961672003E-002  2.122323074000E-002
 -0.582849861102      -9.726043971134E-002   95.0400000000        3.08855891279      -2.533709932224E-002  2.244475401344E-002
  -1.16569972220      -0.194520879423        95.0400000000        3.07681190750      -3.472906384337E-002  1.847016656716E-002
  -1.74854958330      -0.291781319134        95.0400000000        3.06265540649      -5.953177595806E-002  1.015903290185E-002
  -2.33139944441      -0.389041758845        95.0400000000        3.06317731531      -7.687998361587E-002  5.824525526650E-003
  -2.91424930551      -0.486302198557        95.0400000000        2.74354382156      -4.165303472305E-002 -1.919789135824E-002
  -3.49709916661      -0.583562638268        95.0400000000        2.62373465779       7.666618598976E-002 -9.619886512944E-003
  -4.07994902771      -0.680823077979        95.0400000000        2.50940019645       0.157101496287      -2.189001883756E-003
  -4.66279888881      -0.778083517691        95.0400000000        2.40275952112       0.165881282162       7.135895168507E-003
  -5.24564874991      -0.875343957402        95.0400000000        2.29410821181       0.165195146670       9.474057401634E-003
  -5.82849861102      -0.972604397113        95.0400000000        2.17854549516       0.189547740175       1.211911986657E-002
  -6.41134847212       -1.06986483682        95.0400000000        1.98294057951       0.199173414543       1.276501317468E-002
   0.00000000000        0.00000000000        95.0400000000        3.09282587029      -2.664961672003E-002  2.122323074000E-002
 -0.519689034804      -0.281241641340        95.0400000000        3.08559961620      -5.833045063812E-003  2.493538645043E-002
  -1.03937806961      -0.562483282680        95.0400000000        3.07676868208       4.712875540943E-003  2.451936292610E-002
  -1.55906710441      -0.843724924020        95.0400000000        3.05909303385      -3.731777054735E-002  1.225192232896E-002
  -2.07875613922       -1.12496656536        95.0400000000        3.07158896799      -4.718211898023E-002  8.881711615600E-003
  -2.59844517402       -1.40620820670        95.0400000000        3.00035910628      -4.021742099358E-002 -8.901147526590E-003
  -3.11813420882       -1.68744984804        95.0400000000        2.92286398647       0.182396946766      -5.748720382686E-003
  -3.63782324363       -1.96869148938        95.0400000000        2.82764241707       0.379582071168      -4.407426702516E-004
  -4.15751227843       -2.24993313072        95.0400000000        2.75506447447       0.473801493906       1.165746908877E-002
  -4.67720131323       -2.53117477206        95.0400000000        2.59690253871       0.594757995475       2.114919473657E-002
  -5.19689034804       -2.81241641340        95.0400000000        2.24938334010       0.732528246579       2.475026267265E-002
  -5.71657938284       -3.09365805474        95.0400000000        1.95887980042        1.00011825392       5.679958032513E-002
   0.00000000000        0.00000000000        95.0400000000        3.09282587029      -2.664961672003E-002  2.122323074000E-002
 -0.400211837779      -0.434745947216        95.0400000000        3.08420949487       1.578109949163E-002  2.729221752669E-002
 -0.800423675558      -0.869491894432        95.0400000000        3.07432281655       3.551977074081E-003  2.443886034076E-002
  -1.20063551334       -1.30423784165        95.0400000000        3.06236284005       6.057591069524E-003  1.994526975352E-002
  -1.60084735112       -1.73898378886        95.0400000000        3.05540085006      -0.100908958035       8.561812085106E-003
  -2.00105918889       -2.17372973608        95.0400000000        3.10492818428      -0.266761720461       2.248141193761E-002
  -2.40127102667       -2.60847568330        95.0400000000        3.49436129082       1.058595667543E-002  4.863506327134E-003
  -2.80148286445       -3.04322163051        95.0400000000        3.68887871960       0.157264924153       1.282883878854E-002
  -3.20169470223       -3.47796757773        95.0400000000        3.63552917354       0.608711030763       1.895539054197E-002
  -3.60190654001       -3.91271352494        95.0400000000        3.57572694151        1.38704654808      -9.743239610104E-003
  -4.00211837779       -4.34745947216        95.0400000000        3.31201451101        2.15325605552      -2.327494877509E-002
  -4.40233021557       -4.78220541938        95.0400000000        2.71896479213        2.20026346543      -7.127107007848E-003
   0.00000000000        0.00000000000        95.0400000000        3.09282587029      -2.664961672003E-002  2.122323074000E-002
 -0.237365478204      -0.541138783933        95.0400000000        3.08493860891       2.083536168179E-002  2.794447561357E-002
 -0.474730956408       -1.08227756787        95.0400000000        3.07569381627       6.900212446919E-003  2.520873201238E-002
 -0.712096434612       -1.62341635180        95.0400000000        3.06323063789       7.678324494566E-003  2.150246239077E-002
 -0.949461912816       -2.16455513573        95.0400000000        3.04648698825      -0.124011100571       1.972897882975E-002
  -1.18682739102       -2.70569391966        95.0400000000        3.31853120803      -0.155197477676       1.019012677651E-002
  -1.42419286922       -3.24683270360        95.0400000000        3.27436199840      -0.460247057878       1.434856233717E-002
  -1.66155834743       -3.78797148753        95.0400000000        3.48605253831      -0.597838796781       1.824855771285E-002
  -1.89892382563       -4.32911027146        95.0400000000        3.94163110274       -1.17929814391       1.346340029868E-002
  -2.13628930384       -4.87024905539        95.0400000000        4.37839689282       -3.50016992910      -2.004072333311E-003
  -2.37365478204       -5.41138783933        95.0400000000        2.57038169975       -3.93183140487      -7.704717702858E-003
  -2.61102026024       -5.95252662326        95.0400000000       -3.06338335550      -0.892053806989      -1.494205303230E-002
   0.00000000000        0.00000000000        95.0400000000        3.09282587029      -2.664961672003E-002  2.122323074000E-002
 -4.879688596092E-002 -0.588890836777        95.0400000000        3.08650248370       2.424052884782E-002  2.860289929668E-002
 -9.759377192185E-002  -1.17778167355        95.0400000000        3.08097084280       1.446933519059E-002  2.677325457369E-002
 -0.146390657883       -1.76667251033        95.0400000000        3.06740227439       5.392379651006E-003  2.387600873841E-002
 -0.195187543844       -2.35556334711        95.0400000000        3.05821068190      -1.252828336071E-002  2.198467724865E-002
 -0.243984429805       -2.94445418388        95.0400000000        3.38971715292      -2.556095542544E-002  3.397782109281E-002
 -0.292781315766       -3.53334502066        95.0400000000        3.35613321638      -0.316427825711       3.206125134239E-002
 -0.341578201726       -4.12223585744        95.0400000000        3.17960336734      -0.311944552935       2.573460177048E-002
 -0.390375087687       -4.71112669421        95.0400000000        2.55665307878      -0.369819984628       1.443686087115E-002
 -0.439171973648       -5.30001753099        95.0400000000        1.88139124638      -0.506568947056      -3.892660188620E-003
 -0.487968859609       -5.88890836777        95.0400000000        1.24109286235      -0.517963348238      -3.398351820974E-003
 -0.536765745570       -6.47779920454        95.0400000000       0.755662595194      -0.536676298653       6.866137718654E-003
   0.00000000000        0.00000000000        95.0400000000        3.09282587029      -2.664961672003E-002  2.122323074000E-002
  0.145059606038      -0.572827429873        95.0400000000        3.08854751623       2.798886214214E-002  2.946824774012E-002
  0.290119212075       -1.14565485975        95.0400000000        3.08608731109       2.434265719448E-002  2.855562506098E-002
  0.435178818113       -1.71848228962        95.0400000000        3.07850370254       1.523333088518E-002  2.717343533584E-002
  0.580238424151       -2.29130971949        95.0400000000        3.06452573466      -6.777278762922E-003  2.402802718511E-002
  0.725298030189       -2.86413714937        95.0400000000        3.46387342224       0.327839354010       4.571072356558E-002
  0.870357636226       -3.43696457924        95.0400000000        3.56536167450       0.241813565193       2.857760859132E-002
   1.01541724226       -4.00979200911        95.0400000000        3.37955601843       0.396350321280       2.182437732544E-002
   1.16047684830       -4.58261943899        95.0400000000        2.82787316478        1.14157561992       2.847581040093E-002
   1.30553645434       -5.15544686886        95.0400000000        2.14443711668        1.62342601502       3.000180464179E-002
   1.45059606038       -5.72827429873        95.0400000000       0.994385442071        1.71552899514       1.766716024990E-002
   1.59565566642       -6.30110172861        95.0400000000       3.084459292247E-002   1.28881043216       2.184595806623E-002
   0.00000000000        0.00000000000        95.0400000000        3.09282587029      -2.664961672003E-002  2.122323074000E-002
  0.323196638891      -0.494689282610        95.0400000000        3.09085209547       3.167417149092E-002  3.044674701277E-002
  0.646393277781      -0.989378565219        95.0400000000        3.09075530026       3.553387258138E-002  3.039375605953E-002
  0.969589916672       -1.48406784783        95.0400000000        3.08839358272       2.553456251008E-002  2.943697341322E-002
   1.29278655556       -1.97875713044        95.0400000000        3.07156807928      -1.369392977650E-002  2.402141350036E-002
   1.61598319445       -2.47344641305        95.0400000000        3.34033352770       0.290592925234       5.745440674855E-002
   1.93917983334       -2.96813569566        95.0400000000        3.51263955356       0.401855205775       3.861383646842E-002
   2.26237647223       -3.46282497827        95.0400000000        3.74853688698       0.351819547482       2.615361798194E-002
   2.58557311112       -3.95751426088        95.0400000000        4.43017910890       0.116318919723       2.523817180165E-002
   2.90876975001       -4.45220354349        95.0400000000        5.54865576195      -0.828774002666       1.548290267337E-002
   3.23196638891       -4.94689282610        95.0400000000        4.90162736091       -4.66398944664       5.026869959282E-003
   3.55516302780       -5.44158210871        95.0400000000        1.50489512826       -4.21876118440       1.011216842877E-002
   0.00000000000        0.00000000000        95.0400000000        3.09282587029      -2.664961672003E-002  2.122323074000E-002
  0.466310301007      -0.362943875680        95.0400000000        3.09416192508       2.504121257402E-002  3.008009630049E-002
  0.932620602014      -0.725887751361        95.0400000000        3.09080802127       2.632060763165E-002  3.003131843990E-002
   1.39893090302       -1.08883162704        95.0400000000        3.08740976680       1.308859848027E-002  2.814514787474E-002
   1.86524120403       -1.45177550272        95.0400000000        3.07779335310      -1.310490051496E-002  2.378978322218E-002
   2.33155150503       -1.81471937840        95.0400000000        3.07670804449       0.230359564808       5.637798586798E-002
   2.79786180604       -2.17766325408        95.0400000000        3.09488777600       5.374029485101E-002  3.274696103254E-002
   3.26417210705       -2.54060712976        95.0400000000        3.01272852864      -0.161292862985       2.599751157909E-002
   3.73048240806       -2.90355100544        95.0400000000        2.91734991790      -0.411360469046       1.692369380621E-002
   4.19679270906       -3.26649488112        95.0400000000        2.90114642651      -0.817061877126       1.517357751096E-002
   4.66310301007       -3.62943875680        95.0400000000        2.74771985561       -1.39012647795       3.627839002248E-002
   5.12941331108       -3.99238263248        95.0400000000        2.34743147298       -1.46579548158       3.635643240179E-002
   0.00000000000        0.00000000000        95.0400000000        3.09282587029      -2.664961672003E-002  2.122323074000E-002
  0.558892006459      -0.191867868166        95.0400000000        3.09407528051      -5.867465251273E-003  2.629052973044E-002
   1.11778401292      -0.383735736333        95.0400000000        3.08838045018      -2.124436814851E-003  2.705197867822E-002
   1.67667601938      -0.575603604499        95.0400000000        3.08264735009      -2.995729342861E-003  2.557307685527E-002
   2.23556802584      -0.767471472666        95.0400000000        3.07938050601      -1.046465346267E-002  2.243421141575E-002
   2.79446003230      -0.959339340832        95.0400000000        2.68008869603       9.200445379166E-002  5.438542111032E-002
   3.35335203876       -1.15120720900        95.0400000000        2.53102041527      -5.594976941510E-002  4.671399964965E-002
   3.91224404522       -1.34307507716        95.0400000000        2.44123682343      -0.196023277765       3.118437244090E-002
   4.47113605168       -1.53494294533        95.0400000000        2.32567479894      -0.293921621967       2.515265594496E-002
   5.03002805814       -1.72681081350        95.0400000000        2.21111757761      -0.314956082326       2.225054954663E-002
   5.58892006459       -1.91867868166        95.0400000000        2.03957351631      -0.343066569824       2.421029084908E-002
   6.14781207105       -2.11054654983        95.0400000000        1.80348644090      -0.326539730938       2.066011899523E-002
   0.00000000000        0.00000000000        95.0400000000        3.09282587029      -2.664961672003E-002  2.122323074000E-002
  0.590909090909        0.00000000000        95.0400000000        3.09041660822      -3.225913135986E-002  2.150257796698E-002
   1.18181818182      -1.172487511250E-015   95.0400000000        3.08634536382      -2.582517436076E-002  2.253481728217E-002
   1.77272727273        0.00000000000        95.0400000000        3.08029956950      -1.819632571130E-002  2.242632274783E-002
   2.36363636364        0.00000000000        95.0400000000        3.10419415798       1.365496624532E-002  2.321250947552E-002
   2.95454545455        0.00000000000        95.0400000000        2.57410441538      -1.267802290065E-004  4.480721626232E-002
   3.54545454545        0.00000000000        95.0400000000        2.47200374417      -8.684563865300E-002  3.274453434732E-002
   4.13636363636        0.00000000000        95.0400000000        2.35478447961      -7.724951113431E-002  1.938524536318E-002
   4.72727272727        0.00000000000        95.0400000000        2.24663049182      -1.520549548693E-002  1.043484535719E-002
   5.31818181818        0.00000000000        95.0400000000        2.13355885746      -3.764915591108E-003  8.986106852248E-003
   5.90909090909        0.00000000000        95.0400000000        2.02666698366      -9.336597453493E-003  9.678899654477E-003
   6.50000000000        0.00000000000        95.0400000000        1.90261074468      -1.749789004575E-002  6.330287879349E-003
