 12 20 1 1
 1 X [LENGU]
 2 Y [LENGU]
 3 Z [LENGU]
 4 Hx [FIELU]
 5 Hy [FIELU]
 6 Hz [FIELU]
 0
   0.00000000000        0.00000000000        2.16000000000       0.921199249484      -4.481104682702E-003  5.278330736336E-004
  0.590909090909        0.00000000000        2.16000000000       0.925384276731      -3.189095401554E-003  1.727093160007E-003
   1.18181818182        0.00000000000        2.16000000000       0.927558556256      -1.815473046614E-003  2.522933042828E-003
   1.77272727273        0.00000000000        2.16000000000       0.919480572172       1.531543223876E-006  1.416574318614E-003
   2.36363636364        0.00000000000        2.16000000000       0.921386485361      -1.728072794141E-003  6.973295417386E-004
   2.95454545455        0.00000000000        2.16000000000       0.896048224835       3.176811491110E-003  8.841189518573E-003
   3.54545454545        0.00000000000        2.16000000000       0.855955588790       4.026611483765E-003  1.525098467184E-002
   4.13636363636        0.00000000000        2.16000000000       0.814633897705       1.279853037024E-003  1.986526570001E-002
   4.72727272727        0.00000000000        2.16000000000       0.770558830698       6.952480052696E-003  3.093275761914E-002
   5.31818181818        0.00000000000        2.16000000000       0.723173366548       1.769030457513E-002  5.019322450919E-002
   5.90909090909        0.00000000000        2.16000000000       0.669329965244      -5.607307595760E-003  6.787083659603E-002
   6.50000000000        0.00000000000        2.16000000000       0.566680475465      -3.874143080099E-005  5.273724520207E-002
   0.00000000000        0.00000000000        2.16000000000       0.921199249484      -4.481104682702E-003  5.278330736336E-004
  0.558892006459       0.191867868166        2.16000000000       0.928640982350      -2.521427812260E-003  2.031839742186E-003
   1.11778401292       0.383735736333        2.16000000000       0.931059900891      -3.698595890275E-004  2.540521715355E-003
   1.67667601938       0.575603604499        2.16000000000       0.920909514195       2.037501356442E-003  9.208883444389E-004
   2.23556802584       0.767471472666        2.16000000000       0.915163618854       4.911164381310E-003 -5.397652435801E-004
   2.79446003230       0.959339340832        2.16000000000       0.901231992473       1.879363522707E-002  3.941961592988E-003
   3.35335203876        1.15120720900        2.16000000000       0.877486419530       5.684921021329E-002  6.865106078600E-003
   3.91224404522        1.34307507716        2.16000000000       0.853891216591       6.716508769714E-002  1.234040684804E-002
   4.47113605168        1.53494294533        2.16000000000       0.791119701391       9.182572966650E-002  1.834349979364E-002
   5.03002805814        1.72681081350        2.16000000000       0.737369920325       0.110310507699       2.742397277881E-002
   5.58892006459        1.91867868166        2.16000000000       0.670478670128       0.115578307391       4.004783133644E-002
   6.14781207105        2.11054654983        2.16000000000       0.573330703146       0.110113039603       4.536489005801E-002
   0.00000000000        0.00000000000        2.16000000000       0.921199249484      -4.481104682702E-003  5.278330736336E-004
  0.466310301007       0.362943875680        2.16000000000       0.931091260742      -2.066121619397E-003  2.173603864760E-003
  0.932620602014       0.725887751361        2.16000000000       0.934700672586       6.030965117196E-004  2.559678148612E-003
   1.39893090302        1.08883162704        2.16000000000       0.925373097206       3.216213920362E-003  9.525060894162E-004
   1.86524120403        1.45177550272        2.16000000000       0.915831705308       9.187679022714E-003 -6.453451118811E-004
   2.33155150503        1.81471937840        2.16000000000       0.992032235985       1.205794022078E-002  2.940823051158E-003
   2.79786180604        2.17766325408        2.16000000000       0.989593641921       2.963896412097E-002  6.542825760043E-003
   3.26417210705        2.54060712976        2.16000000000       0.990224035087       0.100362238254       7.845133026108E-003
   3.73048240806        2.90355100544        2.16000000000       0.939862586439       0.207543275524       9.306627452333E-003
   4.19679270906        3.26649488112        2.16000000000       0.895676333445       0.299420531083       3.276145245074E-002
   4.66310301007        3.62943875680        2.16000000000       0.821367172058       0.389392590291       4.029179632438E-002
   5.12941331108        3.99238263248        2.16000000000       0.640446632263       0.401663207681       0.109812322990     
   0.00000000000        0.00000000000        2.16000000000       0.921199249484      -4.481104682702E-003  5.278330736336E-004
  0.323196638891       0.494689282610        2.16000000000       0.932469586224      -1.872516313767E-003  2.137023185351E-003
  0.646393277781       0.989378565219        2.16000000000       0.937377724666       9.943036342445E-004  2.469753149770E-003
  0.969589916672        1.48406784783        2.16000000000       0.932164372976       5.519387737086E-003  1.514176699297E-003
   1.29278655556        1.97875713044        2.16000000000       0.924390872582       7.941285501738E-003  3.372545147732E-004
   1.61598319445        2.47344641305        2.16000000000        1.02932019296      -1.560546801054E-002  1.402629125636E-003
   1.93917983334        2.96813569566        2.16000000000        1.08141570337      -3.286059937054E-002  5.205723289509E-003
   2.26237647223        3.46282497827        2.16000000000        1.14990948675      -2.789990098462E-002  8.572780917057E-003
   2.58557311112        3.95751426088        2.16000000000        1.32410364924      -1.849813926509E-003  1.524031105578E-002
   2.90876975001        4.45220354349        2.16000000000        1.70429175640       0.273116973758       2.454518752280E-002
   3.23196638891        4.94689282610        2.16000000000        1.61851232493        1.59409253949       3.631497637609E-002
   3.55516302780        5.44158210871        2.16000000000       0.396924270128        1.26874338271       4.608087535420E-002
   0.00000000000        0.00000000000        2.16000000000       0.921199249484      -4.481104682702E-003  5.278330736336E-004
  0.145059606038       0.572827429873        2.16000000000       0.932626595844      -1.961592034330E-003  1.926061788180E-003
  0.290119212075        1.14565485975        2.16000000000       0.935640332424       1.921732832046E-003  1.983757601938E-003
  0.435178818113        1.71848228962        2.16000000000       0.935817939620       5.858231857483E-003  1.775287946076E-003
  0.580238424151        2.29130971949        2.16000000000       0.937829566058       5.442707449361E-003  1.939558116215E-003
  0.725298030189        2.86413714937        2.16000000000        1.03944033188      -2.840900488126E-002  1.767757191228E-003
  0.870357636226        3.43696457924        2.16000000000        1.00963174495      -9.250128140267E-002  6.798162229196E-003
   1.01541724226        4.00979200911        2.16000000000       0.975948461979      -8.292510385717E-002  8.622258643109E-003
   1.16047684830        4.58261943899        2.16000000000       0.934774898375      -0.322780546449       1.080214746812E-002
   1.30553645434        5.15544686886        2.16000000000       0.645713150535      -0.482923444645       1.333404433666E-002
   1.45059606038        5.72827429873        2.16000000000       0.295259588603      -0.516555421379       1.736025690854E-002
   1.59565566642        6.30110172861        2.16000000000       6.935525465326E-002 -0.368435406798       2.173341998328E-002
   0.00000000000        0.00000000000        2.16000000000       0.921199249484      -4.481104682702E-003  5.278330736336E-004
 -4.879688596092E-002  0.588890836777        2.16000000000       0.931545275171      -2.323696044611E-003  1.563580614033E-003
 -9.759377192185E-002   1.17778167355        2.16000000000       0.933397405007       1.940193988001E-003  1.637913336307E-003
 -0.146390657883        1.76667251033        2.16000000000       0.937083335627       2.331463858844E-003  1.834591337242E-003
 -0.195187543844        2.35556334711        2.16000000000       0.941048441794       5.169039917058E-003  2.534624627780E-003
 -0.243984429805        2.94445418388        2.16000000000        1.02388067138       4.463885274039E-003  2.861911822340E-003
 -0.292781315766        3.53334502066        2.16000000000       0.903769972069       3.850731531646E-003  4.809844091921E-003
 -0.341578201726        4.12223585744        2.16000000000       0.825027797589       2.368913135553E-002  4.927029393144E-003
 -0.390375087687        4.71112669421        2.16000000000       0.723272487850       0.114711529087       5.428495285791E-003
 -0.439171973648        5.30001753099        2.16000000000       0.560921369550       0.158923924560       4.459891737947E-003
 -0.487968859609        5.88890836777        2.16000000000       0.348680778473       0.174925238121       4.233586898760E-003
 -0.536765745570        6.47779920454        2.16000000000       0.241760840222       8.746749717030E-002  5.711520367872E-003
   0.00000000000        0.00000000000        2.16000000000       0.921199249484      -4.481104682702E-003  5.278330736336E-004
 -0.237365478204       0.541138783933        2.16000000000       0.929031250257      -2.759311481452E-003  1.194656027641E-003
 -0.474730956408        1.08227756787        2.16000000000       0.934172120270      -1.571743336914E-004  1.918722128263E-003
 -0.712096434612        1.62341635180        2.16000000000       0.935540158016       1.080757794246E-003  1.879100050166E-003
 -0.949461912816        2.16455513573        2.16000000000       0.934807961585       1.557643303326E-002  2.284077928440E-003
  -1.18682739102        2.70569391966        2.16000000000        1.02147633252       2.565447787223E-002  5.543249948802E-003
  -1.42419286922        3.24683270360        2.16000000000        1.04966267957       7.536540882015E-002  5.111548736113E-003
  -1.66155834743        3.78797148753        2.16000000000        1.11459973225       0.160512525749       1.661054449750E-003
  -1.89892382563        4.32911027146        2.16000000000        1.24261046903       9.069692774718E-002  1.389426143840E-003
  -2.13628930384        4.87024905539        2.16000000000        1.41061933360       0.947612751630      -2.467580241436E-003
  -2.37365478204        5.41138783933        2.16000000000       0.463739217547        1.63938413634      -6.269212188942E-003
  -2.61102026024        5.95252662326        2.16000000000      -0.991502038618       0.260809395333      -8.926792002361E-003
   0.00000000000        0.00000000000        2.16000000000       0.921199249484      -4.481104682702E-003  5.278330736336E-004
 -0.400211837779       0.434745947216        2.16000000000       0.925708622599      -3.402147565925E-003  7.398483248578E-004
 -0.800423675558       0.869491894432        2.16000000000       0.929228251483      -1.814018310380E-003  1.287958179842E-003
  -1.20063551334        1.30423784165        2.16000000000       0.932747880368      -2.258890548342E-004  1.836068034826E-003
  -1.60084735112        1.73898378886        2.16000000000       0.934080568748       6.746729215352E-003  2.023486566887E-003
  -2.00105918889        2.17372973608        2.16000000000       0.996763790670       2.829222342257E-002  3.024245650094E-003
  -2.40127102667        2.60847568330        2.16000000000        1.03664339536      -5.305329989152E-002  6.024809257284E-003
  -2.80148286445        3.04322163051        2.16000000000        1.11996233860      -0.123017671400      -1.614563018511E-003
  -3.20169470223        3.47796757773        2.16000000000        1.16817512123      -0.284317712430      -3.107509836421E-003
  -3.60190654001        3.91271352494        2.16000000000        1.10523574332      -0.374203228860      -5.029433722778E-003
  -4.00211837779        4.34745947216        2.16000000000       0.964729832245      -0.572299491182      -3.368490348395E-002
  -4.40233021557        4.78220541938        2.16000000000       0.734067228052      -0.608477416404      -4.442687175289E-002
   0.00000000000        0.00000000000        2.16000000000       0.921199249484      -4.481104682702E-003  5.278330736336E-004
 -0.519689034804       0.281241641340        2.16000000000       0.922004588539      -4.217082097601E-003  2.256444144867E-004
  -1.03937806961       0.562483282680        2.16000000000       0.922035436634      -3.266103020319E-003  2.815569877180E-004
  -1.55906710441       0.843724924020        2.16000000000       0.924292063777      -3.101790243979E-003  7.158466809171E-004
  -2.07875613922        1.12496656536        2.16000000000       0.922888287613      -2.996426117506E-003  1.427248233000E-004
  -2.59844517402        1.40620820670        2.16000000000       0.972615364098      -1.415295645937E-002  1.357237382533E-002
  -3.11813420882        1.68744984804        2.16000000000       0.964363552690      -7.856282584590E-002  1.331235424502E-002
  -3.63782324363        1.96869148938        2.16000000000       0.926489174707      -9.301842849089E-002  1.739110577636E-002
  -4.15751227843        2.24993313072        2.16000000000       0.871099636773      -0.113149471466       2.169521569247E-002
  -4.67720131323        2.53117477206        2.16000000000       0.824763504695      -0.133390818002       2.492068946043E-002
  -5.19689034804        2.81241641340        2.16000000000       0.723344420796      -0.159336453302       1.419133258702E-002
  -5.71657938284        3.09365805474        2.16000000000       0.575665712824      -0.197405535009      -7.801001077956E-004
   0.00000000000        0.00000000000        2.16000000000       0.921199249484      -4.481104682702E-003  5.278330736336E-004
 -0.582849861102       9.726043971134E-002   2.16000000000       0.919335929717      -4.277160461954E-003 -1.884241292773E-004
  -1.16569972220       0.194520879423        2.16000000000       0.920603702893      -4.969692141227E-003  1.501974710351E-004
  -1.74854958330       0.291781319134        2.16000000000       0.924053920895      -3.436934491852E-003  5.145875209174E-004
  -2.33139944441       0.389041758845        2.16000000000       0.918503218814      -1.464491803076E-003 -2.461330421318E-004
  -2.91424930551       0.486302198557        2.16000000000       0.928430877645      -1.088683859800E-002  1.228848566777E-002
  -3.49709916661       0.583562638268        2.16000000000       0.948864356685      -8.147995652368E-003  2.369443949919E-002
  -4.07994902771       0.680823077979        2.16000000000       0.933375946751      -2.113916289150E-003  7.003286038418E-002
  -4.66279888881       0.778083517691        2.16000000000       0.915257994611       9.424645719736E-003  0.111589183129     
  -5.24564874991       0.875343957402        2.16000000000       0.865984666096       1.520275147123E-003  0.139572199491     
  -5.82849861102       0.972604397113        2.16000000000       0.755740672710       4.488931548160E-002  0.168617895374     
  -6.41134847212        1.06986483682        2.16000000000       0.675513066752       0.127784704054       0.314557812869     
   0.00000000000        0.00000000000        2.16000000000       0.921199249484      -4.481104682702E-003  5.278330736336E-004
 -0.582849861102      -9.726043971134E-002   2.16000000000       0.917288438341      -4.156830781667E-003 -5.293991765164E-004
  -1.16569972220      -0.194520879423        2.16000000000       0.923553372386      -1.002075958792E-002  8.757152771254E-004
  -1.74854958330      -0.291781319134        2.16000000000       0.925327268637      -5.744319071779E-003  6.075469713680E-004
  -2.33139944441      -0.389041758845        2.16000000000       0.920819377254      -7.250945699852E-004 -5.969316268063E-005
  -2.91424930551      -0.486302198557        2.16000000000       0.930088411814       7.307188768902E-003  1.430636830514E-002
  -3.49709916661      -0.583562638268        2.16000000000       0.943763821685      -2.981568342247E-003  1.674352175121E-002
  -4.07994902771      -0.680823077979        2.16000000000       0.944915609381      -5.218026326519E-003  4.073037228231E-002
  -4.66279888881      -0.778083517691        2.16000000000       0.906456861200       1.403222700936E-003  8.674389491661E-002
  -5.24564874991      -0.875343957402        2.16000000000       0.836199503034       9.646011068072E-003  0.126738181317     
  -5.82849861102      -0.972604397113        2.16000000000       0.853383571039      -4.118323433213E-002  0.183313666164     
  -6.41134847212       -1.06986483682        2.16000000000        1.03730612705      -6.145835511868E-002  0.442757501950     
   0.00000000000        0.00000000000        2.16000000000       0.921199249484      -4.481104682702E-003  5.278330736336E-004
 -0.519689034804      -0.281241641340        2.16000000000       0.915631172658      -4.049125056424E-003 -7.426776449024E-004
  -1.03937806961      -0.562483282680        2.16000000000       0.923465427248      -1.253911065819E-002  9.610881223048E-004
  -1.55906710441      -0.843724924020        2.16000000000       0.928165102055      -9.185186490467E-003  1.277518085149E-003
  -2.07875613922       -1.12496656536        2.16000000000       0.929683894455       1.621450587394E-003  1.138842813403E-003
  -2.59844517402       -1.40620820670        2.16000000000       0.966558507133       1.542256924450E-002  9.612162371773E-003
  -3.11813420882       -1.68744984804        2.16000000000       0.956567974436       5.342550787853E-002  1.276178807802E-002
  -3.63782324363       -1.96869148938        2.16000000000       0.930790519779       8.239593921406E-002  1.716510172698E-002
  -4.15751227843       -2.24993313072        2.16000000000       0.885469835397       0.100184687027       2.312040325134E-002
  -4.67720131323       -2.53117477206        2.16000000000       0.830795953383       0.127310383588       2.572465412207E-002
  -5.19689034804       -2.81241641340        2.16000000000       0.719297425689       0.151940572410       2.561180205349E-002
  -5.71657938284       -3.09365805474        2.16000000000       0.588751322045       0.171569238069       1.260585222190E-002
   0.00000000000        0.00000000000        2.16000000000       0.921199249484      -4.481104682702E-003  5.278330736336E-004
 -0.400211837779      -0.434745947216        2.16000000000       0.915161088434      -3.500338222199E-003 -6.314718144774E-004
 -0.800423675558      -0.869491894432        2.16000000000       0.921729534621      -3.972588183432E-003  2.901622405358E-004
  -1.20063551334       -1.30423784165        2.16000000000       0.934145992670      -1.069330591464E-002  2.717756089746E-003
  -1.60084735112       -1.73898378886        2.16000000000       0.936618487203       6.155258998224E-005  2.188520257107E-003
  -2.00105918889       -2.17372973608        2.16000000000       0.975720324380      -4.261708162598E-002  4.005612269534E-003
  -2.40127102667       -2.60847568330        2.16000000000        1.03972236812       1.761659094966E-002  6.190036879386E-003
  -2.80148286445       -3.04322163051        2.16000000000        1.07731293936       8.652290519080E-002  3.428806443492E-003
  -3.20169470223       -3.47796757773        2.16000000000        1.18009057234       0.230706063880       8.674302006073E-004
  -3.60190654001       -3.91271352494        2.16000000000        1.15229822450       0.358465489741      -9.673010793224E-003
  -4.00211837779       -4.34745947216        2.16000000000       0.977618390430       0.564166401359      -4.149341722377E-002
  -4.40233021557       -4.78220541938        2.16000000000       0.750189995896       0.671575835480      -7.607172032875E-002
   0.00000000000        0.00000000000        2.16000000000       0.921199249484      -4.481104682702E-003  5.278330736336E-004
 -0.237365478204      -0.541138783933        2.16000000000       0.917186001492      -2.492978029307E-003 -1.638839722084E-004
 -0.474730956408       -1.08227756787        2.16000000000       0.922066399048       2.418818367051E-003  2.502911617025E-004
 -0.712096434612       -1.62341635180        2.16000000000       0.930523564089      -1.939867019274E-003  1.742506209064E-003
 -0.949461912816       -2.16455513573        2.16000000000       0.940265094769      -5.819740448463E-003  3.453791361208E-003
  -1.18682739102       -2.70569391966        2.16000000000        1.01216580963      -4.055907153348E-002  6.058063004820E-003
  -1.42419286922       -3.24683270360        2.16000000000        1.03750916777      -0.113711553446       5.210026718325E-003
  -1.66155834743       -3.78797148753        2.16000000000        1.07777854970      -0.177172855284       3.945477486827E-003
  -1.89892382563       -4.32911027146        2.16000000000        1.17785514386      -0.393051514963      -7.992611412870E-005
  -2.13628930384       -4.87024905539        2.16000000000        1.37840536599      -0.931911099232      -6.709111873205E-003
  -2.37365478204       -5.41138783933        2.16000000000       3.555633029021E-002  -1.14312502024      -1.225988205267E-002
  -2.61102026024       -5.95252662326        2.16000000000       -1.03283957006      -0.315804331205      -1.514894449588E-002
   0.00000000000        0.00000000000        2.16000000000       0.921199249484      -4.481104682702E-003  5.278330736336E-004
 -4.879688596092E-002 -0.588890836777        2.16000000000       0.918682047748      -2.017887190335E-003  2.588215677120E-004
 -9.759377192185E-002  -1.17778167355        2.16000000000       0.923792334182       7.334997082521E-004  6.917264016838E-004
 -0.146390657883       -1.76667251033        2.16000000000       0.926522429445       3.127050274272E-003  8.636843800433E-004
 -0.195187543844       -2.35556334711        2.16000000000       0.933034370267      -7.323314578320E-003  2.398617191045E-003
 -0.243984429805       -2.94445418388        2.16000000000        1.00538816355      -2.062283062525E-002  5.878599375550E-003
 -0.292781315766       -3.53334502066        2.16000000000       0.913178096044      -7.443900601538E-004  6.170013034962E-003
 -0.341578201726       -4.12223585744        2.16000000000       0.857099740990      -5.188403813294E-002  5.710900227424E-003
 -0.390375087687       -4.71112669421        2.16000000000       0.788554719639      -0.103958113854       6.335249134566E-003
 -0.439171973648       -5.30001753099        2.16000000000       0.557170822389      -0.173989075116       4.118694412045E-003
 -0.487968859609       -5.88890836777        2.16000000000       0.362894196898      -0.171688759939       8.935302302948E-005
 -0.536765745570       -6.47779920454        2.16000000000       0.169673944805      -0.110364129423      -2.961270519045E-003
   0.00000000000        0.00000000000        2.16000000000       0.921199249484      -4.481104682702E-003  5.278330736336E-004
  0.145059606038      -0.572827429873        2.16000000000       0.919487107376      -2.126549169479E-003  5.908381010812E-004
  0.290119212075       -1.14565485975        2.16000000000       0.924660967605      -1.027223354529E-003  1.119183536033E-003
  0.435178818113       -1.71848228962        2.16000000000       0.927736945501      -7.437080382091E-004  1.363264846981E-003
  0.580238424151       -2.29130971949        2.16000000000       0.923538723272      -1.805466979189E-003  1.493742799518E-004
  0.725298030189       -2.86413714937        2.16000000000        1.03775800135       3.980463744939E-002  4.882235691434E-003
  0.870357636226       -3.43696457924        2.16000000000       0.984444487609       8.366926422121E-002  8.244680335371E-003
   1.01541724226       -4.00979200911        2.16000000000       0.954720663944       0.156105544275       8.716877005896E-003
   1.16047684830       -4.58261943899        2.16000000000       0.852615266353       0.279153387278       1.033328303116E-002
   1.30553645434       -5.15544686886        2.16000000000       0.644267552195       0.496310630932       1.517329335956E-002
   1.45059606038       -5.72827429873        2.16000000000       0.289659634452       0.516843504904       1.732147746406E-002
   1.59565566642       -6.30110172861        2.16000000000       5.833912051723E-002  0.374583858119       1.464004767613E-002
   0.00000000000        0.00000000000        2.16000000000       0.921199249484      -4.481104682702E-003  5.278330736336E-004
  0.323196638891      -0.494689282610        2.16000000000       0.919513939673      -2.807188755233E-003  7.961864847413E-004
  0.646393277781      -0.989378565219        2.16000000000       0.924928031539      -1.944312855544E-003  1.597966765986E-003
  0.969589916672       -1.48406784783        2.16000000000       0.927911646214      -5.260409400624E-003  1.719724597517E-003
   1.29278655556       -1.97875713044        2.16000000000       0.927352372185      -6.712070512697E-003  8.408821594031E-004
   1.61598319445       -2.47344641305        2.16000000000        1.02206931835       6.324164199914E-003  9.002082890553E-003
   1.93917983334       -2.96813569566        2.16000000000        1.10210752697      -8.489405107666E-003  8.673730113078E-003
   2.26237647223       -3.46282497827        2.16000000000        1.15397014663       8.945416033395E-003  1.178555347781E-002
   2.58557311112       -3.95751426088        2.16000000000        1.36982779251      -3.427757575079E-002  1.979673789527E-002
   2.90876975001       -4.45220354349        2.16000000000        1.72137748792      -0.295714482163       2.845661919276E-002
   3.23196638891       -4.94689282610        2.16000000000        1.65805070060       -1.45382462898       3.596851379078E-002
   3.55516302780       -5.44158210871        2.16000000000       0.376455052300       -1.31941878642       3.706352609282E-002
   0.00000000000        0.00000000000        2.16000000000       0.921199249484      -4.481104682702E-003  5.278330736336E-004
  0.466310301007      -0.362943875680        2.16000000000       0.919100508170      -3.878882335526E-003  8.952277694925E-004
  0.932620602014      -0.725887751361        2.16000000000       0.924564585463      -1.918387917247E-003  2.076192499489E-003
   1.39893090302       -1.08883162704        2.16000000000       0.927292044377      -6.256507180137E-003  2.317877662608E-003
   1.86524120403       -1.45177550272        2.16000000000       0.922260281579      -1.091655720788E-002  1.385242786575E-003
   2.33155150503       -1.81471937840        2.16000000000       0.983953274017      -1.377339416099E-002  1.114349969655E-002
   2.79786180604       -2.17766325408        2.16000000000       0.970624063155      -5.435107440045E-002  1.179511322730E-002
   3.26417210705       -2.54060712976        2.16000000000        1.00214628978      -0.166066887584       1.745717966282E-002
   3.73048240806       -2.90355100544        2.16000000000       0.987894548899      -0.243077624612       2.525883019902E-002
   4.19679270906       -3.26649488112        2.16000000000       0.932447763541      -0.292076467723       3.643929797814E-002
   4.66310301007       -3.62943875680        2.16000000000       0.811376299464      -0.377784825100       4.921234397259E-002
   5.12941331108       -3.99238263248        2.16000000000       0.681766007007      -0.418188675830       6.775717985303E-002
   0.00000000000        0.00000000000        2.16000000000       0.921199249484      -4.481104682702E-003  5.278330736336E-004
  0.558892006459      -0.191867868166        2.16000000000       0.921674058472      -3.996772244050E-003  1.292388139031E-003
   1.11778401292      -0.383735736333        2.16000000000       0.924228365787      -4.019993350807E-003  2.158367462769E-003
   1.67667601938      -0.575603604499        2.16000000000       0.925193700444      -4.581138052384E-003  2.400749021343E-003
   2.23556802584      -0.767471472666        2.16000000000       0.904266502991      -7.032150052029E-003  5.952279049440E-004
   2.79446003230      -0.959339340832        2.16000000000       0.914215375309      -1.556613112628E-002  9.485922037189E-003
   3.35335203876       -1.15120720900        2.16000000000       0.875630615502      -4.055006398203E-002  1.222581469722E-002
   3.91224404522       -1.34307507716        2.16000000000       0.833213649066      -6.101400605333E-002  1.577062222041E-002
   4.47113605168       -1.53494294533        2.16000000000       0.783136186050      -9.405614060882E-002  2.299632801157E-002
   5.03002805814       -1.72681081350        2.16000000000       0.730333891435      -0.106750066885       3.343907506656E-002
   5.58892006459       -1.91867868166        2.16000000000       0.667058918961      -0.118089685518       4.241445746732E-002
   6.14781207105       -2.11054654983        2.16000000000       0.586594644141      -0.126389862345       4.783822962133E-002
   0.00000000000        0.00000000000        2.16000000000       0.921199249484      -4.481104682702E-003  5.278330736336E-004
  0.590909090909        0.00000000000        2.16000000000       0.925384276731      -3.189095401554E-003  1.727093160007E-003
   1.18181818182      -1.172487511250E-015   2.16000000000       0.927558556256      -1.815473046614E-003  2.522933042828E-003
   1.77272727273        0.00000000000        2.16000000000       0.919480572172       1.531543223876E-006  1.416574318614E-003
   2.36363636364        0.00000000000        2.16000000000       0.921386485361      -1.728072794141E-003  6.973295417386E-004
   2.95454545455        0.00000000000        2.16000000000       0.896048224835       3.176811491110E-003  8.841189518573E-003
   3.54545454545        0.00000000000        2.16000000000       0.855955588790       4.026611483765E-003  1.525098467184E-002
   4.13636363636        0.00000000000        2.16000000000       0.814633897705       1.279853037024E-003  1.986526570001E-002
   4.72727272727        0.00000000000        2.16000000000       0.770558830698       6.952480052696E-003  3.093275761914E-002
   5.31818181818        0.00000000000        2.16000000000       0.723173366548       1.769030457513E-002  5.019322450919E-002
   5.90909090909        0.00000000000        2.16000000000       0.669329965244      -5.607307595760E-003  6.787083659603E-002
   6.50000000000        0.00000000000        2.16000000000       0.566680475465      -3.874143080099E-005  5.273724520207E-002
