 12 20 1 1
 1 X [LENGU]
 2 Y [LENGU]
 3 Z [LENGU]
 4 Hx [FIELU]
 5 Hy [FIELU]
 6 Hz [FIELU]
 0
   0.00000000000        0.00000000000        2.16000000000       0.186382153416      -1.197407733421E-003  2.194269193559E-003
  0.590909090909        0.00000000000        2.16000000000       0.187042049211      -8.746214357039E-004  2.736704061582E-003
   1.18181818182        0.00000000000        2.16000000000       0.187092088210      -5.838882495594E-004  3.109428615743E-003
   1.77272727273        0.00000000000        2.16000000000       0.185316254318      -2.441908963496E-004  2.787458797778E-003
   2.36363636364        0.00000000000        2.16000000000       0.185601382186      -7.744481437199E-004  2.033239918338E-003
   2.95454545455        0.00000000000        2.16000000000       0.173072413211      -2.642772786809E-004  6.618259538370E-003
   3.54545454545        0.00000000000        2.16000000000       0.166509834916       2.826033942851E-004  7.622459414643E-003
   4.13636363636        0.00000000000        2.16000000000       0.159357120968       4.292597400553E-005  8.478192697069E-003
   4.72727272727        0.00000000000        2.16000000000       0.151397128405       1.345283914621E-003  1.093300413892E-002
   5.31818181818        0.00000000000        2.16000000000       0.142539980835       3.368578955242E-003  1.525444825956E-002
   5.90909090909        0.00000000000        2.16000000000       0.132593691691      -1.532363748627E-003  1.897043509750E-002
   6.50000000000        0.00000000000        2.16000000000       0.112675283565      -2.995024497817E-004  1.619766588482E-002
   0.00000000000        0.00000000000        2.16000000000       0.186382153416      -1.197407733421E-003  2.194269193559E-003
  0.558892006459       0.191867868166        2.16000000000       0.187684775651      -7.508949559153E-004  2.705008651461E-003
   1.11778401292       0.383735736333        2.16000000000       0.187500485772      -3.806889261956E-004  2.802174515697E-003
   1.67667601938       0.575603604499        2.16000000000       0.185249118794       2.585202192876E-005  2.196325487838E-003
   2.23556802584       0.767471472666        2.16000000000       0.184118415557       5.727788429267E-004  1.489055122588E-003
   2.79446003230       0.959339340832        2.16000000000       0.171794094388       2.272732525405E-003  6.587727920115E-003
   3.35335203876        1.15120720900        2.16000000000       0.168420679003       9.412577962359E-003  6.596163432333E-003
   3.91224404522        1.34307507716        2.16000000000       0.167054238359       1.155480470059E-002  6.384199862874E-003
   4.47113605168        1.53494294533        2.16000000000       0.153897278438       1.618560747681E-002  8.566733637749E-003
   5.03002805814        1.72681081350        2.16000000000       0.144459450602       1.966838617304E-002  1.033853343749E-002
   5.58892006459        1.91867868166        2.16000000000       0.132344989774       2.057193693727E-002  1.285228306888E-002
   6.14781207105        2.11054654983        2.16000000000       0.113473223261       1.952851405774E-002  1.382225941784E-002
   0.00000000000        0.00000000000        2.16000000000       0.186382153416      -1.197407733421E-003  2.194269193559E-003
  0.466310301007       0.362943875680        2.16000000000       0.188186342760      -6.755550639290E-004  2.617966696137E-003
  0.932620602014       0.725887751361        2.16000000000       0.188087362621      -2.536121511809E-004  2.512065140476E-003
   1.39893090302        1.08883162704        2.16000000000       0.185835840169       1.446317433538E-004  1.816995674354E-003
   1.86524120403        1.45177550272        2.16000000000       0.183891965894       1.458892453756E-003  1.432487402620E-003
   2.33155150503        1.81471937840        2.16000000000       0.188121934010      -2.702514434771E-003  4.588188516687E-003
   2.79786180604        2.17766325408        2.16000000000       0.192591380490       5.830154250382E-003  5.440542095653E-003
   3.26417210705        2.54060712976        2.16000000000       0.193860352762       1.760316946586E-002  5.039624046344E-003
   3.73048240806        2.90355100544        2.16000000000       0.182281539003       3.876429596320E-002  5.960362114099E-003
   4.19679270906        3.26649488112        2.16000000000       0.174593329225       5.574638327159E-002  1.142129665070E-002
   4.66310301007        3.62943875680        2.16000000000       0.161141297879       7.314510891646E-002  1.260610934965E-002
   5.12941331108        3.99238263248        2.16000000000       0.124638949709       7.401976860369E-002  2.749178529751E-002
   0.00000000000        0.00000000000        2.16000000000       0.186382153416      -1.197407733421E-003  2.194269193559E-003
  0.323196638891       0.494689282610        2.16000000000       0.188492397958      -6.567660060608E-004  2.485010542064E-003
  0.646393277781       0.989378565219        2.16000000000       0.188672997212      -2.175433924671E-004  2.238772209526E-003
  0.969589916672        1.48406784783        2.16000000000       0.187182614034       6.750611137425E-004  1.892810423475E-003
   1.29278655556        1.97875713044        2.16000000000       0.185179217971       1.340199480906E-003  1.578064134634E-003
   1.61598319445        2.47344641305        2.16000000000       0.194280512324      -9.846202058364E-003  2.789734814948E-003
   1.93917983334        2.96813569566        2.16000000000       0.209630148087      -6.823675598217E-003  4.183812575593E-003
   2.26237647223        3.46282497827        2.16000000000       0.223270262691      -2.423794113779E-003  5.226550008107E-003
   2.58557311112        3.95751426088        2.16000000000       0.253681645025       3.308338151343E-003  6.900804252122E-003
   2.90876975001        4.45220354349        2.16000000000       0.322293883407       5.412081201528E-002  9.446955617682E-003
   3.23196638891        4.94689282610        2.16000000000       0.305744560496       0.294378518244       1.189554494377E-002
   3.55516302780        5.44158210871        2.16000000000       8.252159443935E-002  0.234504395664       1.382475024271E-002
   0.00000000000        0.00000000000        2.16000000000       0.186382153416      -1.197407733421E-003  2.194269193559E-003
  0.145059606038       0.572827429873        2.16000000000       0.188569775417      -6.965638682728E-004  2.320548051564E-003
  0.290119212075        1.14565485975        2.16000000000       0.188685277944       4.491766063724E-005  2.120019260419E-003
  0.435178818113        1.71848228962        2.16000000000       0.188187143445       9.218822678719E-004  2.003551117021E-003
  0.580238424151        2.29130971949        2.16000000000       0.187827381994       1.113249343612E-003  1.906863274969E-003
  0.725298030189        2.86413714937        2.16000000000       0.204717041286      -9.132500279582E-003  1.754283013753E-003
  0.870357636226        3.43696457924        2.16000000000       0.198209091537      -1.475243033972E-002  4.554718579656E-003
   1.01541724226        4.00979200911        2.16000000000       0.192047454236      -1.142450864424E-002  5.556836987935E-003
   1.16047684830        4.58261943899        2.16000000000       0.182130509390      -5.082355907156E-002  6.517688237534E-003
   1.30553645434        5.15544686886        2.16000000000       0.128180887690      -8.059845854950E-002  7.194494800507E-003
   1.45059606038        5.72827429873        2.16000000000       6.324554731447E-002 -8.705282468976E-002  8.311957881290E-003
   1.59565566642        6.30110172861        2.16000000000       2.146787358194E-002 -6.053443422327E-002  9.344375542368E-003
   0.00000000000        0.00000000000        2.16000000000       0.186382153416      -1.197407733421E-003  2.194269193559E-003
 -4.879688596092E-002  0.588890836777        2.16000000000       0.188410090087      -7.906359346669E-004  2.142401287381E-003
 -9.759377192185E-002   1.17778167355        2.16000000000       0.188542056186       2.021511886876E-004  2.160515925040E-003
 -0.146390657883        1.76667251033        2.16000000000       0.188875386420       5.178670337965E-004  2.083561600737E-003
 -0.195187543844        2.35556334711        2.16000000000       0.189040270999       1.248093803017E-003  2.108378978763E-003
 -0.243984429805        2.94445418388        2.16000000000       0.200163127529      -1.178028273814E-003  3.180882627432E-003
 -0.292781315766        3.53334502066        2.16000000000       0.180029098043       3.721462875891E-003  4.465668707557E-003
 -0.341578201726        4.12223585744        2.16000000000       0.163098054846       9.904683850643E-003  5.653759297952E-003
 -0.390375087687        4.71112669421        2.16000000000       0.143055149045       3.230871681892E-002  5.801906532461E-003
 -0.439171973648        5.30001753099        2.16000000000       0.112324626187       4.040136604480E-002  5.919719874868E-003
 -0.487968859609        5.88890836777        2.16000000000       7.237213465582E-002  4.325715203660E-002  6.291820784272E-003
 -0.536765745570        6.47779920454        2.16000000000       5.211422808074E-002  2.675014124729E-002  6.148828710207E-003
   0.00000000000        0.00000000000        2.16000000000       0.186382153416      -1.197407733421E-003  2.194269193559E-003
 -0.237365478204       0.541138783933        2.16000000000       0.187885191596      -8.175683184280E-004  2.102639439998E-003
 -0.474730956408        1.08227756787        2.16000000000       0.188592798019      -2.189729382601E-005  2.367166198462E-003
 -0.712096434612        1.62341635180        2.16000000000       0.188520405477       5.123335102866E-004  2.355298500178E-003
 -0.949461912816        2.16455513573        2.16000000000       0.188586344670       3.563523369179E-003  2.182603713138E-003
  -1.18682739102        2.70569391966        2.16000000000       0.203467464095       5.765961224418E-003  3.182271887059E-003
  -1.42419286922        3.24683270360        2.16000000000       0.206259585093       1.963153981840E-002  3.761387717551E-003
  -1.66155834743        3.78797148753        2.16000000000       0.216158204044       3.958036946670E-002  4.613381578279E-003
  -1.89892382563        4.32911027146        2.16000000000       0.242538076977       2.704011916083E-002  5.614018151432E-003
  -2.13628930384        4.87024905539        2.16000000000       0.267896339920       0.189271179087       5.206499400914E-003
  -2.37365478204        5.41138783933        2.16000000000       9.316000063840E-002  0.315800172981       4.419861160449E-003
  -2.61102026024        5.95252662326        2.16000000000      -0.173702255188       6.312693073166E-002  3.482020420897E-003
   0.00000000000        0.00000000000        2.16000000000       0.186382153416      -1.197407733421E-003  2.194269193559E-003
 -0.400211837779       0.434745947216        2.16000000000       0.187216144655      -8.999830807413E-004  2.055712098371E-003
 -0.800423675558       0.869491894432        2.16000000000       0.187588052236      -2.492333415297E-004  2.338923117575E-003
  -1.20063551334        1.30423784165        2.16000000000       0.187959959817       4.015163976819E-004  2.622134136779E-003
  -1.60084735112        1.73898378886        2.16000000000       0.188306966371       2.133591324061E-003  2.355553906486E-003
  -2.00105918889        2.17372973608        2.16000000000       0.200827472152       5.985392482186E-003  3.190142850277E-003
  -2.40127102667        2.60847568330        2.16000000000       0.207127842105       2.313856323173E-003  9.614929041478E-003
  -2.80148286445        3.04322163051        2.16000000000       0.221885784089      -4.001897688130E-003  1.273428461533E-002
  -3.20169470223        3.47796757773        2.16000000000       0.234192480655      -2.590217852961E-002  1.239716156563E-002
  -3.60190654001        3.91271352494        2.16000000000       0.219608658649      -3.804209908864E-002  1.057328336235E-002
  -4.00211837779        4.34745947216        2.16000000000       0.182107476924      -6.694641852099E-002  7.044238064478E-003
  -4.40233021557        4.78220541938        2.16000000000       0.129449500211      -7.032856032311E-002  5.096111438366E-003
   0.00000000000        0.00000000000        2.16000000000       0.186382153416      -1.197407733421E-003  2.194269193559E-003
 -0.519689034804       0.281241641340        2.16000000000       0.186506795757      -1.052916674721E-003  1.978094448340E-003
  -1.03937806961       0.562483282680        2.16000000000       0.186169932256      -4.700981713109E-004  2.177090808030E-003
  -1.55906710441       0.843724924020        2.16000000000       0.186328649191      -1.169129677483E-004  2.443585000064E-003
  -2.07875613922        1.12496656536        2.16000000000       0.186248103629       2.501794352579E-004  1.984381001837E-003
  -2.59844517402        1.40620820670        2.16000000000       0.200149921517       4.442624289817E-003  1.956928962077E-002
  -3.11813420882        1.68744984804        2.16000000000       0.212124159076       5.596538817770E-003  2.127295562238E-002
  -3.63782324363        1.96869148938        2.16000000000       0.213209762203       2.259259904583E-002  2.747360787165E-002
  -4.15751227843        2.24993313072        2.16000000000       0.203488107594       3.161458293596E-002  3.867458904708E-002
  -4.67720131323        2.53117477206        2.16000000000       0.189359050790       3.857450622171E-002  4.988379547130E-002
  -5.19689034804        2.81241641340        2.16000000000       0.147506601129       4.605771753936E-002  5.037548375796E-002
  -5.71657938284        3.09365805474        2.16000000000       8.739265272403E-002  4.195932622992E-002  4.914862926174E-002
   0.00000000000        0.00000000000        2.16000000000       0.186382153416      -1.197407733421E-003  2.194269193559E-003
 -0.582849861102       9.726043971134E-002   2.16000000000       0.185836739533      -8.588235061162E-004  1.847078173508E-003
  -1.16569972220       0.194520879423        2.16000000000       0.185636228848      -4.487409931113E-004  2.034902574094E-003
  -1.74854958330       0.291781319134        2.16000000000       0.186625880967      -4.408118868860E-004  2.220430602114E-003
  -2.33139944441       0.389041758845        2.16000000000       0.186049356842      -1.447952461242E-004  1.920783739244E-003
  -2.91424930551       0.486302198557        2.16000000000       0.201159874265       2.777762166418E-003  1.997257262024E-002
  -3.49709916661       0.583562638268        2.16000000000       0.276742385194       1.360175318175E-002  3.079693955923E-002
  -4.07994902771       0.680823077979        2.16000000000       0.294465009310       2.565259985417E-002  8.413146570387E-002
  -4.66279888881       0.778083517691        2.16000000000       0.309040404953       4.780021713497E-002  0.132260690735     
  -5.24564874991       0.875343957402        2.16000000000       0.293144615298       5.044016557791E-002  0.168554308230     
  -5.82849861102       0.972604397113        2.16000000000       0.227755763717       9.179890471615E-002  0.207631627456     
  -6.41134847212        1.06986483682        2.16000000000       0.192820785450       0.172008956250       0.366673931012     
   0.00000000000        0.00000000000        2.16000000000       0.186382153416      -1.197407733421E-003  2.194269193559E-003
 -0.582849861102      -9.726043971134E-002   2.16000000000       0.185276698802      -6.165048182554E-004  1.698418436137E-003
  -1.16569972220      -0.194520879423        2.16000000000       0.186373798343      -1.592651676931E-003  2.075067711373E-003
  -1.74854958330      -0.291781319134        2.16000000000       0.187028713863      -1.060878240049E-003  2.057350686239E-003
  -2.33139944441      -0.389041758845        2.16000000000       0.186865747794      -4.192879834555E-004  1.857804273854E-003
  -2.91424930551      -0.486302198557        2.16000000000       0.200641903057      -5.290865428173E-003  2.220028816363E-002
  -3.49709916661      -0.583562638268        2.16000000000       0.262126316597      -2.596674762831E-002  2.428046869225E-002
  -4.07994902771      -0.680823077979        2.16000000000       0.303567172519      -3.561835138202E-002  5.146193358459E-002
  -4.66279888881      -0.778083517691        2.16000000000       0.299502656550      -3.790420262549E-002  0.105633600176     
  -5.24564874991      -0.875343957402        2.16000000000       0.263033933408      -4.263788073021E-002  0.156663053386     
  -5.82849861102      -0.972604397113        2.16000000000       0.322063709747      -9.116907746515E-002  0.231384996133     
  -6.41134847212       -1.06986483682        2.16000000000       0.560894170883      -0.111351851191       0.503432004080     
   0.00000000000        0.00000000000        2.16000000000       0.186382153416      -1.197407733421E-003  2.194269193559E-003
 -0.519689034804      -0.281241641340        2.16000000000       0.184818961158      -4.222090558781E-004  1.619345585521E-003
  -1.03937806961      -0.562483282680        2.16000000000       0.186430632371      -2.136671059582E-003  1.953127496997E-003
  -1.55906710441      -0.843724924020        2.16000000000       0.187671634517      -1.849515505908E-003  2.070528200373E-003
  -2.07875613922       -1.12496656536        2.16000000000       0.188522501155      -1.588068330789E-004  2.163093135462E-003
  -2.59844517402       -1.40620820670        2.16000000000       0.199089958253      -6.060493030739E-003  1.673699096295E-002
  -3.11813420882       -1.68744984804        2.16000000000       0.212627513292      -1.215913741232E-002  2.031688004574E-002
  -3.63782324363       -1.96869148938        2.16000000000       0.216773790047      -2.167422595657E-002  2.727392515053E-002
  -4.15751227843       -2.24993313072        2.16000000000       0.209294247063      -3.541866036649E-002  3.841167984088E-002
  -4.67720131323       -2.53117477206        2.16000000000       0.194134881335      -4.321398411031E-002  4.749896953847E-002
  -5.19689034804       -2.81241641340        2.16000000000       0.148901510112      -5.170979148856E-002  5.445426310015E-002
  -5.71657938284       -3.09365805474        2.16000000000       9.931742983922E-002 -5.333674152288E-002  4.830762429134E-002
   0.00000000000        0.00000000000        2.16000000000       0.186382153416      -1.197407733421E-003  2.194269193559E-003
 -0.400211837779      -0.434745947216        2.16000000000       0.184590946943      -1.742586380970E-004  1.725995773591E-003
 -0.800423675558      -0.869491894432        2.16000000000       0.186025143242      -4.303610775157E-004  1.823593992970E-003
  -1.20063551334       -1.30423784165        2.16000000000       0.188844536239      -2.227623129223E-003  2.407467129363E-003
  -1.60084735112       -1.73898378886        2.16000000000       0.189080624490      -5.708703717719E-004  2.262785424355E-003
  -2.00105918889       -2.17372973608        2.16000000000       0.192386034607      -1.571066504794E-002  3.814503859513E-003
  -2.40127102667       -2.60847568330        2.16000000000       0.220296790455      -1.676979788012E-002  1.217362852358E-002
  -2.80148286445       -3.04322163051        2.16000000000       0.224455573375      -1.105648619066E-002  1.312722163988E-002
  -3.20169470223       -3.47796757773        2.16000000000       0.237763033425       8.308491514541E-003  1.761455252630E-002
  -3.60190654001       -3.91271352494        2.16000000000       0.226032775767       2.693976171016E-002  1.800473070169E-002
  -4.00211837779       -4.34745947216        2.16000000000       0.184419833838       6.215003369997E-002  8.709187799151E-003
  -4.40233021557       -4.78220541938        2.16000000000       0.130118229855       8.100638568704E-002 -1.707796335145E-003
   0.00000000000        0.00000000000        2.16000000000       0.186382153416      -1.197407733421E-003  2.194269193559E-003
 -0.237365478204      -0.541138783933        2.16000000000       0.185066236475      -1.205299904225E-004  1.943646694132E-003
 -0.474730956408       -1.08227756787        2.16000000000       0.186107830338       7.188160735336E-004  1.959992727970E-003
 -0.712096434612       -1.62341635180        2.16000000000       0.187343854012      -4.909707587385E-004  2.064469002851E-003
 -0.949461912816       -2.16455513573        2.16000000000       0.188798000398      -1.827072863163E-003  2.298453598315E-003
  -1.18682739102       -2.70569391966        2.16000000000       0.201545010759      -1.584021100902E-002  8.528434821676E-003
  -1.42419286922       -3.24683270360        2.16000000000       0.206583823495      -3.087122799132E-002  8.402672592182E-003
  -1.66155834743       -3.78797148753        2.16000000000       0.213884005489      -4.516395133291E-002  8.504144863628E-003
  -1.89892382563       -4.32911027146        2.16000000000       0.228138521601      -8.762942417163E-002  8.422892564849E-003
  -2.13628930384       -4.87024905539        2.16000000000       0.261825131489      -0.187529170694       6.960730447367E-003
  -2.37365478204       -5.41138783933        2.16000000000       1.423918431346E-002 -0.226314790259       5.128702436699E-003
  -2.61102026024       -5.95252662326        2.16000000000      -0.182294750641      -7.428862269033E-002  3.349526329190E-003
   0.00000000000        0.00000000000        2.16000000000       0.186382153416      -1.197407733421E-003  2.194269193559E-003
 -4.879688596092E-002 -0.588890836777        2.16000000000       0.185428653150      -1.577575125737E-004  2.159526268271E-003
 -9.759377192185E-002  -1.17778167355        2.16000000000       0.186369369337       2.877997122536E-004  2.219964425298E-003
 -0.146390657883       -1.76667251033        2.16000000000       0.185816980214       5.333724967931E-004  1.823708486193E-003
 -0.195187543844       -2.35556334711        2.16000000000       0.187175835575      -1.614548410440E-003  2.001118545045E-003
 -0.243984429805       -2.94445418388        2.16000000000       0.196231284188      -1.113515797860E-002  6.813050909474E-003
 -0.292781315766       -3.53334502066        2.16000000000       0.180084800508      -9.009734854175E-003  6.388070002226E-003
 -0.341578201726       -4.12223585744        2.16000000000       0.168760451395      -1.998267095850E-002  6.524489643732E-003
 -0.390375087687       -4.71112669421        2.16000000000       0.155684489515      -3.062883002954E-002  7.091041800862E-003
 -0.439171973648       -5.30001753099        2.16000000000       0.112125454116      -4.381989642076E-002  6.458753218094E-003
 -0.487968859609       -5.88890836777        2.16000000000       7.563102107219E-002 -4.302867593020E-002  5.640702961708E-003
 -0.536765745570       -6.47779920454        2.16000000000       3.864488521980E-002 -3.075350819657E-002  4.659798727072E-003
   0.00000000000        0.00000000000        2.16000000000       0.186382153416      -1.197407733421E-003  2.194269193559E-003
  0.145059606038      -0.572827429873        2.16000000000       0.185638923499      -2.819070248810E-004  2.350240594434E-003
  0.290119212075       -1.14565485975        2.16000000000       0.186518596052      -1.693083986844E-004  2.500791080249E-003
  0.435178818113       -1.71848228962        2.16000000000       0.186149992740      -2.841752659607E-004  2.263376991107E-003
  0.580238424151       -2.29130971949        2.16000000000       0.185076927869      -9.017190765005E-005  1.466502550295E-003
  0.725298030189       -2.86413714937        2.16000000000       0.205119828573       7.551854914766E-003  4.252563605834E-003
  0.870357636226       -3.43696457924        2.16000000000       0.193177099025       8.483634203508E-003  6.422570450927E-003
   1.01541724226       -4.00979200911        2.16000000000       0.187272112657       2.003687270317E-002  6.335870227514E-003
   1.16047684830       -4.58261943899        2.16000000000       0.167508216392       4.176763725936E-002  6.875385542687E-003
   1.30553645434       -5.15544686886        2.16000000000       0.128195450089       8.196669419307E-002  8.127272824545E-003
   1.45059606038       -5.72827429873        2.16000000000       6.228768297382E-002  8.686880092763E-002  8.706936110336E-003
   1.59565566642       -6.30110172861        2.16000000000       1.953889712895E-002  6.221779261894E-002  7.836674226688E-003
   0.00000000000        0.00000000000        2.16000000000       0.186382153416      -1.197407733421E-003  2.194269193559E-003
  0.323196638891      -0.494689282610        2.16000000000       0.185674261464      -4.795250013077E-004  2.495122816144E-003
  0.646393277781      -0.989378565219        2.16000000000       0.186667356044      -5.044491765567E-004  2.819508739941E-003
  0.969589916672       -1.48406784783        2.16000000000       0.186652001825      -1.123773773628E-003  2.788527127113E-003
   1.29278655556       -1.97875713044        2.16000000000       0.186148227679      -1.251044369535E-003  2.091655676784E-003
   1.61598319445       -2.47344641305        2.16000000000       0.199175384269      -1.339719613308E-003  6.972796576828E-003
   1.93917983334       -2.96813569566        2.16000000000       0.213859882332      -4.567345082059E-003  6.421312515892E-003
   2.26237647223       -3.46282497827        2.16000000000       0.223344067232      -2.260243094309E-003  6.730182513683E-003
   2.58557311112       -3.95751426088        2.16000000000       0.262201909933      -1.109645842646E-002  8.394239017466E-003
   2.90876975001       -4.45220354349        2.16000000000       0.325126265278      -5.903682205393E-002  1.038065473029E-002
   3.23196638891       -4.94689282610        2.16000000000       0.312850336854      -0.269648332253       1.201739183946E-002
   3.55516302780       -5.44158210871        2.16000000000       7.890147219838E-002 -0.244544214338       1.202664561191E-002
   0.00000000000        0.00000000000        2.16000000000       0.186382153416      -1.197407733421E-003  2.194269193559E-003
  0.466310301007      -0.362943875680        2.16000000000       0.185623781380      -7.424558085294E-004  2.589313038979E-003
  0.932620602014      -0.725887751361        2.16000000000       0.186799528858      -6.813049178359E-004  3.141579400530E-003
   1.39893090302       -1.08883162704        2.16000000000       0.186942148731      -1.500062147672E-003  3.287143938069E-003
   1.86524120403       -1.45177550272        2.16000000000       0.185606845297      -2.398728651136E-003  2.557747861787E-003
   2.33155150503       -1.81471937840        2.16000000000       0.191093700221      -2.893422960345E-003  7.231354126115E-003
   2.79786180604       -2.17766325408        2.16000000000       0.188969655947      -1.079880716408E-002  6.378553650165E-003
   3.26417210705       -2.54060712976        2.16000000000       0.194341770959      -3.206631332982E-002  7.746437620202E-003
   3.73048240806       -2.90355100544        2.16000000000       0.191567005906      -4.682034734517E-002  9.816935405603E-003
   4.19679270906       -3.26649488112        2.16000000000       0.181304059241      -5.611811983528E-002  1.219302269331E-002
   4.66310301007       -3.62943875680        2.16000000000       0.158572133812      -7.176893006135E-002  1.459578043388E-002
   5.12941331108       -3.99238263248        2.16000000000       0.133526118297      -7.847841410810E-002  1.805964215984E-002
   0.00000000000        0.00000000000        2.16000000000       0.186382153416      -1.197407733421E-003  2.194269193559E-003
  0.558892006459      -0.191867868166        2.16000000000       0.186327812822      -1.033326819396E-003  2.709618237009E-003
   1.11778401292      -0.383735736333        2.16000000000       0.186663828693      -1.028201202950E-003  3.186505310327E-003
   1.67667601938      -0.575603604499        2.16000000000       0.186539210679      -1.249548976673E-003  3.339725369525E-003
   2.23556802584      -0.767471472666        2.16000000000       0.182489252778      -2.150472131801E-003  2.162527336599E-003
   2.79446003230      -0.959339340832        2.16000000000       0.176979398734      -2.679349897079E-003  6.840204067649E-003
   3.35335203876       -1.15120720900        2.16000000000       0.170376246117      -7.476556494237E-003  7.100835177976E-003
   3.91224404522       -1.34307507716        2.16000000000       0.163125971894      -1.151569429191E-002  7.731542208457E-003
   4.47113605168       -1.53494294533        2.16000000000       0.154004291229      -1.787534194416E-002  9.485877341575E-003
   5.03002805814       -1.72681081350        2.16000000000       0.144137654734      -2.018227993023E-002  1.173900970472E-002
   5.58892006459       -1.91867868166        2.16000000000       0.132093488513      -2.224752429620E-002  1.356805481748E-002
   6.14781207105       -2.11054654983        2.16000000000       0.116523200196      -2.401061550592E-002  1.433210164607E-002
   0.00000000000        0.00000000000        2.16000000000       0.186382153416      -1.197407733421E-003  2.194269193559E-003
  0.590909090909        0.00000000000        2.16000000000       0.187042049211      -8.746214357039E-004  2.736704061582E-003
   1.18181818182      -1.172487511250E-015   2.16000000000       0.187092088210      -5.838882495594E-004  3.109428615743E-003
   1.77272727273        0.00000000000        2.16000000000       0.185316254318      -2.441908963496E-004  2.787458797778E-003
   2.36363636364        0.00000000000        2.16000000000       0.185601382186      -7.744481437199E-004  2.033239918338E-003
   2.95454545455        0.00000000000        2.16000000000       0.173072413211      -2.642772786809E-004  6.618259538370E-003
   3.54545454545        0.00000000000        2.16000000000       0.166509834916       2.826033942851E-004  7.622459414643E-003
   4.13636363636        0.00000000000        2.16000000000       0.159357120968       4.292597400553E-005  8.478192697069E-003
   4.72727272727        0.00000000000        2.16000000000       0.151397128405       1.345283914621E-003  1.093300413892E-002
   5.31818181818        0.00000000000        2.16000000000       0.142539980835       3.368578955242E-003  1.525444825956E-002
   5.90909090909        0.00000000000        2.16000000000       0.132593691691      -1.532363748627E-003  1.897043509750E-002
   6.50000000000        0.00000000000        2.16000000000       0.112675283565      -2.995024497817E-004  1.619766588482E-002
