 12 20 1 1
 1 X [LENGU]
 2 Y [LENGU]
 3 Z [LENGU]
 4 Hx [FIELU]
 5 Hy [FIELU]
 6 Hz [FIELU]
 0
   0.00000000000        0.00000000000        70.0000000000       0.106668819812      -2.682207832780E-002 -1.913493614093E-003
  0.590909090909        0.00000000000        70.0000000000       0.124565210414      -1.806001618251E-002  1.134629584787E-003
   1.18181818182        0.00000000000        70.0000000000       0.139064945709      -9.260596841248E-003  3.775951695201E-003
   1.77272727273        0.00000000000        70.0000000000       0.146660465542      -2.360010196909E-003  5.791030660621E-003
   2.36363636364        0.00000000000        70.0000000000       0.151913353412       3.412677258948E-003  7.126429346864E-003
   2.95454545455        0.00000000000        70.0000000000       7.965364117169E-002  6.130156056384E-003  1.855886115928E-003
   3.54545454545        0.00000000000        70.0000000000       7.834919980917E-002  4.857939618647E-003  1.673033329983E-003
   4.13636363636        0.00000000000        70.0000000000       7.680684501657E-002  3.172791246020E-003  1.480095560180E-003
   4.72727272727        0.00000000000        70.0000000000       7.528621889000E-002  1.186522133699E-003  1.269985830041E-003
   5.31818181818        0.00000000000        70.0000000000       7.319310952931E-002  1.697603702833E-005  9.262884158100E-004
   5.90909090909        0.00000000000        70.0000000000       7.164859867523E-002 -6.333604353247E-004  5.335430070271E-004
   6.50000000000        0.00000000000        70.0000000000       7.010408782114E-002 -1.283696907678E-003  1.407975982441E-004
   0.00000000000        0.00000000000        70.0000000000       0.106668819812      -2.682207832780E-002 -1.913493614093E-003
  0.558892006459       0.191867868166        70.0000000000       0.127531803294      -1.675173274560E-002  1.379321508828E-003
   1.11778401292       0.383735736333        70.0000000000       0.140841288900      -7.624203279353E-003  3.989193321015E-003
   1.67667601938       0.575603604499        70.0000000000       0.149559258976       6.901226211558E-004  6.323155922571E-003
   2.23556802584       0.767471472666        70.0000000000       0.159311753794       1.887706824619E-002  9.151410274082E-003
   2.79446003230       0.959339340832        70.0000000000       7.562543341291E-002 -2.569176590746E-003  2.001680456396E-003
   3.35335203876        1.15120720900        70.0000000000       7.348179639571E-002  3.265758099523E-004  2.112352961947E-003
   3.91224404522        1.34307507716        70.0000000000       7.408886803833E-002  7.411621033215E-004  2.006297461260E-003
   4.47113605168        1.53494294533        70.0000000000       7.457845355203E-002  1.280832825303E-003  1.818220155732E-003
   5.03002805814        1.72681081350        70.0000000000       7.102262204731E-002  2.661101607562E-003  7.850940774192E-004
   5.58892006459        1.91867868166        70.0000000000       6.806341040224E-002 -1.390838416284E-005  5.393602541282E-004
   6.14781207105        2.11054654983        70.0000000000       6.427764393159E-002 -7.885664004072E-004  6.381779578611E-004
   0.00000000000        0.00000000000        70.0000000000       0.106668819812      -2.682207832780E-002 -1.913493614093E-003
  0.466310301007       0.362943875680        70.0000000000       0.128498347884      -1.656407696419E-002  1.304140969502E-003
  0.932620602014       0.725887751361        70.0000000000       0.140738253236      -7.729004975621E-003  3.703570915934E-003
   1.39893090302        1.08883162704        70.0000000000       0.150717034060       8.448876237411E-003  6.803587967720E-003
   1.86524120403        1.45177550272        70.0000000000       0.160871949318       2.797403219961E-002  1.060869946549E-002
   2.33155150503        1.81471937840        70.0000000000       9.198932722077E-002 -1.816129963273E-002  1.550577900070E-003
   2.79786180604        2.17766325408        70.0000000000       8.950499266913E-002 -1.484173852235E-002  1.776593169517E-003
   3.26417210705        2.54060712976        70.0000000000       8.692096474554E-002 -1.023695642350E-002  2.086494538311E-003
   3.73048240806        2.90355100544        70.0000000000       8.165636982848E-002  1.720882412960E-003  1.765540593476E-003
   4.19679270906        3.26649488112        70.0000000000       7.962430575471E-002  1.066170802483E-002  7.665017780531E-004
   4.66310301007        3.62943875680        70.0000000000       7.832900717818E-002  1.965581695622E-002 -2.028889244250E-004
   5.12941331108        3.99238263248        70.0000000000       6.862921967656E-002  1.953400359026E-002 -6.491404327587E-004
   0.00000000000        0.00000000000        70.0000000000       0.106668819812      -2.682207832780E-002 -1.913493614093E-003
  0.323196638891       0.494689282610        70.0000000000       0.127360104081      -1.751738425398E-002  9.172349447936E-004
  0.646393277781       0.989378565219        70.0000000000       0.138767004228      -9.563645040094E-003  2.950036099434E-003
  0.969589916672        1.48406784783        70.0000000000       0.148307451691       8.998172210630E-003  6.052317434414E-003
   1.29278655556        1.97875713044        70.0000000000       0.155456282685       2.109470101489E-002  9.949104669318E-003
   1.61598319445        2.47344641305        70.0000000000       0.111215436742      -1.850918190201E-002  1.320646080153E-003
   1.93917983334        2.96813569566        70.0000000000       0.109936461146      -2.022085939669E-002  2.014563215666E-003
   2.26237647223        3.46282497827        70.0000000000       0.111006501819      -2.100806282313E-002  1.078475793351E-003
   2.58557311112        3.95751426088        70.0000000000       0.120038225373      -1.163709212474E-002  1.322662969334E-004
   2.90876975001        4.45220354349        70.0000000000       0.135642877677       7.100730994946E-003  1.565276989769E-004
   3.23196638891        4.94689282610        70.0000000000       0.127042307506       8.414975619855E-002 -1.279265780931E-005
   3.55516302780        5.44158210871        70.0000000000       5.963490464028E-002  6.795868764059E-002 -2.700339780893E-004
   0.00000000000        0.00000000000        70.0000000000       0.106668819812      -2.682207832780E-002 -1.913493614093E-003
  0.145059606038       0.572827429873        70.0000000000       0.124240418262      -1.950834897802E-002  2.605307059443E-004
  0.290119212075        1.14565485975        70.0000000000       0.135141157295      -1.292931175441E-002  1.810246061182E-003
  0.435178818113        1.71848228962        70.0000000000       0.142591627508       2.278485798909E-003  4.150756142099E-003
  0.580238424151        2.29130971949        70.0000000000       0.150664591642      -1.067008823877E-002  4.384921133841E-003
  0.725298030189        2.86413714937        70.0000000000       0.150573287164      -1.220998433344E-002 -6.592402913180E-004
  0.870357636226        3.43696457924        70.0000000000       0.124462203486       9.330106145640E-004 -1.240273081315E-003
   1.01541724226        4.00979200911        70.0000000000       0.108976854701      -5.705556286522E-003 -2.008675352654E-003
   1.16047684830        4.58261943899        70.0000000000       9.323658661557E-002 -1.402284729469E-002 -7.367944188925E-005
   1.30553645434        5.15544686886        70.0000000000       7.631337399193E-002 -2.672575340178E-002 -8.837167561430E-004
   1.45059606038        5.72827429873        70.0000000000       5.159517365952E-002 -2.637928306221E-002 -2.080478629191E-003
   1.59565566642        6.30110172861        70.0000000000       3.005499770284E-002 -1.814072551881E-002 -1.186120575194E-003
   0.00000000000        0.00000000000        70.0000000000       0.106668819812      -2.682207832780E-002 -1.913493614093E-003
 -4.879688596092E-002  0.588890836777        70.0000000000       0.119477356793      -2.232121921548E-002 -5.948076529503E-004
 -9.759377192185E-002   1.17778167355        70.0000000000       0.129879411514      -1.754952252420E-002  3.828551704476E-004
 -0.146390657883        1.76667251033        70.0000000000       0.134188959751      -1.098200070836E-002  1.304967762562E-003
 -0.195187543844        2.35556334711        70.0000000000       0.141624957597      -3.244970520250E-002 -6.174245468485E-004
 -0.243984429805        2.94445418388        70.0000000000       0.115096955621       2.114388715320E-002 -3.641629267547E-003
 -0.292781315766        3.53334502066        70.0000000000       0.112880806709       2.119193842275E-002 -2.662510855377E-003
 -0.341578201726        4.12223585744        70.0000000000       9.845001033437E-002  2.327068135404E-002 -2.589363769169E-003
 -0.390375087687        4.71112669421        70.0000000000       8.543865292269E-002  2.691577951067E-002 -1.954752257209E-003
 -0.439171973648        5.30001753099        70.0000000000       6.987666748212E-002  2.577690676168E-002 -9.512508642193E-004
 -0.487968859609        5.88890836777        70.0000000000       5.425552303350E-002  2.524611099511E-002 -2.564422348704E-004
 -0.536765745570        6.47779920454        70.0000000000       4.362652412195E-002  2.370903298127E-002 -7.835104994016E-004
   0.00000000000        0.00000000000        70.0000000000       0.106668819812      -2.682207832780E-002 -1.913493614093E-003
 -0.237365478204       0.541138783933        70.0000000000       0.112007149799      -2.547336454396E-002 -1.779981975729E-003
 -0.474730956408        1.08227756787        70.0000000000       0.117345479785      -2.412465076012E-002 -1.646470337365E-003
 -0.712096434612        1.62341635180        70.0000000000       0.122610609728      -2.276769867630E-002 -1.523331893589E-003
 -0.949461912816        2.16455513573        70.0000000000       0.127183941534      -2.655037669801E-002 -2.026790234839E-003
  -1.18682739102        2.70569391966        70.0000000000       9.494258774872E-002  3.123319348425E-002 -3.482451101789E-003
  -1.42419286922        3.24683270360        70.0000000000       9.350759933343E-002  3.747650062616E-002 -3.497074549049E-003
  -1.66155834743        3.78797148753        70.0000000000       8.941925107679E-002  4.374597119703E-002 -2.680093001077E-003
  -1.89892382563        4.32911027146        70.0000000000       9.245595381889E-002  5.346997218376E-002 -1.674219119445E-003
  -2.13628930384        4.87024905539        70.0000000000       0.109590740215       8.226689111781E-002 -1.825656262237E-003
  -2.37365478204        5.41138783933        70.0000000000       4.348931356223E-002  0.111901509792      -1.440995283905E-003
  -2.61102026024        5.95252662326        70.0000000000      -3.175866121868E-002  3.477229708652E-002 -1.031382341548E-003
   0.00000000000        0.00000000000        70.0000000000       0.106668819812      -2.682207832780E-002 -1.913493614093E-003
 -0.400211837779       0.434745947216        70.0000000000       0.103111253868      -2.867631602234E-002 -3.099680980613E-003
 -0.800423675558       0.869491894432        70.0000000000       9.955368792404E-002 -3.053055371689E-002 -4.285868347133E-003
  -1.20063551334        1.30423784165        70.0000000000       9.599612198008E-002 -3.238479141143E-002 -5.472055713652E-003
  -1.60084735112        1.73898378886        70.0000000000       0.105119303580      -2.942260648375E-002 -4.300704700007E-003
  -2.00105918889        2.17372973608        70.0000000000       3.435344839217E-002  5.905250382708E-002 -5.958297702940E-003
  -2.40127102667        2.60847568330        70.0000000000       7.030139493334E-002  2.377844116499E-002 -3.476691858808E-003
  -2.80148286445        3.04322163051        70.0000000000       7.179251108541E-002  1.926849745453E-002 -4.029492121966E-003
  -3.20169470223        3.47796757773        70.0000000000       7.506721378311E-002  1.379298055139E-002 -5.679971814151E-003
  -3.60190654001        3.91271352494        70.0000000000       7.683502448953E-002 -5.934993983755E-003 -3.690651206866E-003
  -4.00211837779        4.34745947216        70.0000000000       7.688060849385E-002 -2.245616177422E-002 -2.256800697014E-003
  -4.40233021557        4.78220541938        70.0000000000       6.485775716123E-002 -2.269526616638E-002 -1.757990188872E-003
   0.00000000000        0.00000000000        70.0000000000       0.106668819812      -2.682207832780E-002 -1.913493614093E-003
 -0.519689034804       0.281241641340        70.0000000000       9.688682327339E-002 -2.975423846871E-002 -3.892911661835E-003
  -1.03937806961       0.562483282680        70.0000000000       8.993519847450E-002 -3.030406073920E-002 -5.379632572732E-003
  -1.55906710441       0.843724924020        70.0000000000       8.414717872650E-002 -3.143884226428E-002 -6.623698439865E-003
  -2.07875613922        1.12496656536        70.0000000000       8.374922815194E-002 -3.608269521271E-002 -7.021594622940E-003
  -2.59844517402        1.40620820670        70.0000000000       5.992379133948E-002  1.034437077059E-002 -2.144399293013E-003
  -3.11813420882        1.68744984804        70.0000000000       5.832604316520E-002  6.673194128654E-003 -2.709746304786E-003
  -3.63782324363        1.96869148938        70.0000000000       5.672829499092E-002  3.002017486717E-003 -3.275093316559E-003
  -4.15751227843        2.24993313072        70.0000000000       5.513054681664E-002 -6.691591552201E-004 -3.840440328332E-003
  -4.67720131323        2.53117477206        70.0000000000       5.529093399795E-002 -1.522687134291E-003 -3.928971338057E-003
  -5.19689034804        2.81241641340        70.0000000000       5.549603119566E-002 -5.228254969292E-003 -2.157293983383E-003
  -5.71657938284        3.09365805474        70.0000000000       5.237896963594E-002 -7.575803487267E-003 -1.657575495032E-003
   0.00000000000        0.00000000000        70.0000000000       0.106668819812      -2.682207832780E-002 -1.913493614093E-003
 -0.582849861102       9.726043971134E-002   70.0000000000       9.495407063889E-002 -2.779432275272E-002 -3.909092556763E-003
  -1.16569972220       0.194520879423        70.0000000000       8.703420074133E-002 -2.494250120702E-002 -5.343891545240E-003
  -1.74854958330       0.291781319134        70.0000000000       8.273237761900E-002 -2.479141660686E-002 -5.963297177470E-003
  -2.33139944441       0.389041758845        70.0000000000       7.997034651427E-002 -3.154543282559E-002 -6.713003043172E-003
  -2.91424930551       0.486302198557        70.0000000000       5.390867137505E-002 -8.445700207439E-003 -2.170015942565E-003
  -3.49709916661       0.583562638268        70.0000000000       5.487984494722E-002 -7.982066028757E-003 -2.609274810063E-003
  -4.07994902771       0.680823077979        70.0000000000       5.585101851938E-002 -7.518431850074E-003 -3.048533677560E-003
  -4.66279888881       0.778083517691        70.0000000000       5.608627696138E-002 -6.094963292005E-003 -3.266938988950E-003
  -5.24564874991       0.875343957402        70.0000000000       5.562380095639E-002 -3.935758958629E-003 -2.763868355613E-003
  -5.82849861102       0.972604397113        70.0000000000       5.504213324794E-002 -2.949711363926E-003 -2.117956162624E-003
  -6.41134847212        1.06986483682        70.0000000000       5.402849023553E-002 -1.993249982390E-003 -1.450331040247E-003
   0.00000000000        0.00000000000        70.0000000000       0.106668819812      -2.682207832780E-002 -1.913493614093E-003
 -0.582849861102      -9.726043971134E-002   70.0000000000       9.414521421377E-002 -2.574634932799E-002 -3.751033081018E-003
  -1.16569972220      -0.194520879423        70.0000000000       9.211600731391E-002 -1.214119675938E-002 -4.464342241579E-003
  -1.74854958330      -0.291781319134        70.0000000000       8.949673602934E-002 -1.354425932930E-002 -4.610703331264E-003
  -2.33139944441      -0.389041758845        70.0000000000       8.252899872302E-002 -2.309199737245E-002 -5.796398326681E-003
  -2.91424930551      -0.486302198557        70.0000000000       6.023996852679E-002 -1.418819090223E-002 -2.384109746459E-003
  -3.49709916661      -0.583562638268        70.0000000000       5.978276712198E-002 -1.102129613613E-002 -2.503587358382E-003
  -4.07994902771      -0.680823077979        70.0000000000       6.056107176973E-002 -9.389220374437E-003 -2.798257675435E-003
  -4.66279888881      -0.778083517691        70.0000000000       6.047898370193E-002 -7.492642086694E-003 -2.412293084510E-003
  -5.24564874991      -0.875343957402        70.0000000000       6.026412134185E-002 -6.310414708073E-003 -1.958458254526E-003
  -5.82849861102      -0.972604397113        70.0000000000       5.937059145417E-002 -5.556869664950E-003 -1.558500203497E-003
  -6.41134847212       -1.06986483682        70.0000000000       5.610790789896E-002 -4.989700639541E-003 -1.661796653487E-003
   0.00000000000        0.00000000000        70.0000000000       0.106668819812      -2.682207832780E-002 -1.913493614093E-003
 -0.519689034804      -0.281241641340        70.0000000000       9.688756374590E-002 -2.033497079899E-002 -3.270660778672E-003
  -1.03937806961      -0.562483282680        70.0000000000       9.504547440923E-002 -7.948395799111E-003 -3.811663497152E-003
  -1.55906710441      -0.843724924020        70.0000000000       9.289288016987E-002 -9.459835912619E-003 -3.883305720886E-003
  -2.07875613922       -1.12496656536        70.0000000000       9.056197618799E-002 -1.022988142197E-002 -4.215596562058E-003
  -2.59844517402       -1.40620820670        70.0000000000       7.095778436185E-002 -1.790901320586E-002 -2.724772351679E-003
  -3.11813420882       -1.68744984804        70.0000000000       7.093909782636E-002 -1.477751567552E-002 -2.740954170204E-003
  -3.63782324363       -1.96869148938        70.0000000000       6.909627877632E-002 -1.064645362711E-002 -2.381675982746E-003
  -4.15751227843       -2.24993313072        70.0000000000       6.718847711629E-002 -6.418526380671E-003 -2.007899460376E-003
  -4.67720131323       -2.53117477206        70.0000000000       6.474764622283E-002 -1.249237126446E-003 -1.469749180836E-003
  -5.19689034804       -2.81241641340        70.0000000000       6.098785778244E-002  2.177877300511E-003 -1.557647524608E-003
  -5.71657938284       -3.09365805474        70.0000000000       5.364251586341E-002  5.576524462816E-003 -1.614817449752E-003
   0.00000000000        0.00000000000        70.0000000000       0.106668819812      -2.682207832780E-002 -1.913493614093E-003
 -0.400211837779      -0.434745947216        70.0000000000       9.955773828220E-002 -1.711854371206E-002 -2.754891110739E-003
 -0.800423675558      -0.869491894432        70.0000000000       9.639716811261E-002 -7.481941288350E-003 -3.588205004230E-003
  -1.20063551334       -1.30423784165        70.0000000000       9.429485655469E-002 -9.353460092156E-003 -3.487886293373E-003
  -1.60084735112       -1.73898378886        70.0000000000       9.240522588655E-002 -8.059058548382E-003 -3.571579699442E-003
  -2.00105918889       -2.17372973608        70.0000000000       7.423177833952E-002 -3.499301848477E-002 -4.703291734157E-003
  -2.40127102667       -2.60847568330        70.0000000000       8.444018288504E-002 -1.668255216572E-002 -2.427177157461E-003
  -2.80148286445       -3.04322163051        70.0000000000       8.590426496489E-002 -1.143065117251E-002 -1.970016080584E-003
  -3.20169470223       -3.47796757773        70.0000000000       8.743757761767E-002 -6.741934728514E-003 -1.445360978828E-003
  -3.60190654001       -3.91271352494        70.0000000000       8.859630289175E-002  9.217377469764E-003 -8.315075685285E-004
  -4.00211837779       -4.34745947216        70.0000000000       8.259927735018E-002  2.340728905325E-002  2.883100214644E-004
  -4.40233021557       -4.78220541938        70.0000000000       7.427263629817E-002  2.670572893716E-002 -8.538364096926E-004
   0.00000000000        0.00000000000        70.0000000000       0.106668819812      -2.682207832780E-002 -1.913493614093E-003
 -0.237365478204      -0.541138783933        70.0000000000       0.101866382980      -1.644561785009E-002 -2.259615723732E-003
 -0.474730956408       -1.08227756787        70.0000000000       8.957941510317E-002 -3.425997619138E-002 -3.910245138436E-003
 -0.712096434612       -1.62341635180        70.0000000000       9.237430079535E-002 -2.155736258670E-002 -3.345482648840E-003
 -0.949461912816       -2.16455513573        70.0000000000       7.982556373612E-002 -5.245756532806E-002 -4.205492993855E-003
  -1.18682739102       -2.70569391966        70.0000000000       8.619542520252E-002 -2.178818695547E-002 -3.448322693963E-003
  -1.42419286922       -3.24683270360        70.0000000000       8.978962983621E-002 -2.224669853004E-002 -2.906404024667E-003
  -1.66155834743       -3.78797148753        70.0000000000       9.155206809746E-002 -2.769318732884E-002 -1.570362101412E-003
  -1.89892382563       -4.32911027146        70.0000000000       9.755040669218E-002 -3.420133416857E-002 -4.603822138596E-004
  -2.13628930384       -4.87024905539        70.0000000000       0.108922494469      -7.020831032180E-002 -1.530488379234E-003
  -2.37365478204       -5.41138783933        70.0000000000       3.128162572625E-002 -0.149721609070      -1.044894766934E-003
  -2.61102026024       -5.95252662326        70.0000000000      -2.680404161798E-002 -2.896759203039E-002 -8.864970655989E-004
   0.00000000000        0.00000000000        70.0000000000       0.106668819812      -2.682207832780E-002 -1.913493614093E-003
 -4.879688596092E-002 -0.588890836777        70.0000000000       0.103563320363      -1.838911517174E-002 -1.838505390822E-003
 -9.759377192185E-002  -1.17778167355        70.0000000000       7.670092707705E-002 -8.090932731789E-002 -4.661251133638E-003
 -0.146390657883       -1.76667251033        70.0000000000       7.400543725519E-002 -8.543015385175E-002 -4.354170731448E-003
 -0.195187543844       -2.35556334711        70.0000000000       6.537094369795E-002 -9.949385030158E-002 -4.343457272011E-003
 -0.243984429805       -2.94445418388        70.0000000000       9.185340938984E-002 -1.826245581449E-002 -3.072182830180E-003
 -0.292781315766       -3.53334502066        70.0000000000       9.044745181264E-002 -1.649029460545E-002 -2.612095155701E-003
 -0.341578201726       -4.12223585744        70.0000000000       8.431969532744E-002 -1.875278615372E-002 -1.926531986665E-003
 -0.390375087687       -4.71112669421        70.0000000000       7.340357291097E-002 -1.789938127708E-002 -1.336930877492E-003
 -0.439171973648       -5.30001753099        70.0000000000       6.125820187831E-002 -2.073996791417E-002 -9.584883784766E-004
 -0.487968859609       -5.88890836777        70.0000000000       4.907648565537E-002 -2.236010658562E-002 -8.935381560323E-004
 -0.536765745570       -6.47779920454        70.0000000000       3.879603453434E-002 -1.874478043386E-002 -5.142569655917E-004
   0.00000000000        0.00000000000        70.0000000000       0.106668819812      -2.682207832780E-002 -1.913493614093E-003
  0.145059606038      -0.572827429873        70.0000000000       0.104464660936      -2.273842758574E-002 -1.537193950779E-003
  0.290119212075       -1.14565485975        70.0000000000       7.055535621057E-002 -0.104589095025      -4.837029765432E-003
  0.435178818113       -1.71848228962        70.0000000000       6.410010935398E-002 -0.107638279654      -4.701073406242E-003
  0.580238424151       -2.29130971949        70.0000000000       8.152966587790E-002 -7.443972716568E-002 -2.858584108679E-003
  0.725298030189       -2.86413714937        70.0000000000       0.109871356271      -3.036229944111E-002 -7.830439863696E-004
  0.870357636226       -3.43696457924        70.0000000000       9.826144836891E-002 -7.018848600355E-003 -1.491517346715E-003
   1.01541724226       -4.00979200911        70.0000000000       9.559436238430E-002 -2.710181279781E-003 -2.577952864223E-003
   1.16047684830       -4.58261943899        70.0000000000       8.737972265380E-002  2.106620788358E-003 -2.072575755483E-003
   1.30553645434       -5.15544686886        70.0000000000       6.921291014143E-002  1.782703809320E-002 -1.508553948186E-003
   1.45059606038       -5.72827429873        70.0000000000       4.802246991349E-002  2.074889270997E-002 -9.292961420040E-004
   1.59565566642       -6.30110172861        70.0000000000       3.003567371740E-002  1.465391713516E-002 -8.688280878752E-004
   0.00000000000        0.00000000000        70.0000000000       0.106668819812      -2.682207832780E-002 -1.913493614093E-003
  0.323196638891      -0.494689282610        70.0000000000       0.106567064496      -2.589166766501E-002 -1.240454548479E-003
  0.646393277781      -0.989378565219        70.0000000000       0.101463091209      -3.930417695005E-002 -1.618960445428E-003
  0.969589916672       -1.48406784783        70.0000000000       9.111112205142E-002 -5.617600654329E-002 -1.626764350239E-003
   1.29278655556       -1.97875713044        70.0000000000       0.107178168847      -2.223566405062E-002  5.609384067700E-004
   1.61598319445       -2.47344641305        70.0000000000       0.104915344819      -1.488987978069E-003  9.083620320649E-004
   1.93917983334       -2.96813569566        70.0000000000       0.105869240832      -7.340723514845E-003  2.422368239973E-005
   2.26237647223       -3.46282497827        70.0000000000       0.106682450700      -9.132058705377E-003 -7.326928905731E-004
   2.58557311112       -3.95751426088        70.0000000000       0.118832457544      -5.581953111544E-003 -1.665100870082E-003
   2.90876975001       -4.45220354349        70.0000000000       0.138818935534      -2.144195419254E-002 -9.085241897165E-004
   3.23196638891       -4.94689282610        70.0000000000       0.135639473509      -8.272701891065E-002 -6.206939142690E-004
   3.55516302780       -5.44158210871        70.0000000000       6.693100755643E-002 -7.855475583983E-002 -3.962377200353E-004
   0.00000000000        0.00000000000        70.0000000000       0.106668819812      -2.682207832780E-002 -1.913493614093E-003
  0.466310301007      -0.362943875680        70.0000000000       0.114099684580      -2.336530066989E-002 -1.765172797359E-004
  0.932620602014      -0.725887751361        70.0000000000       0.118781417646      -1.987798539574E-002  1.097973639701E-003
   1.39893090302       -1.08883162704        70.0000000000       0.119651601658      -1.796812350552E-002  1.486887175406E-003
   1.86524120403       -1.45177550272        70.0000000000       0.127942894441      -1.089817049033E-002  3.669143082344E-003
   2.33155150503       -1.81471937840        70.0000000000       0.103523376061       7.099364817808E-003  2.491210814392E-003
   2.79786180604       -2.17766325408        70.0000000000       0.101034021199       2.575737177043E-003  1.589229703901E-003
   3.26417210705       -2.54060712976        70.0000000000       9.775728955466E-002 -2.118309761687E-003  9.051092125556E-004
   3.73048240806       -2.90355100544        70.0000000000       9.455020250657E-002 -8.674593292457E-003  5.659877404047E-004
   4.19679270906       -3.26649488112        70.0000000000       8.997176069150E-002 -1.916896747792E-002  2.213127030277E-004
   4.66310301007       -3.62943875680        70.0000000000       8.481612666498E-002 -2.682272566666E-002  3.750729743289E-004
   5.12941331108       -3.99238263248        70.0000000000       7.449482367657E-002 -2.807269090042E-002  3.020599791050E-004
   0.00000000000        0.00000000000        70.0000000000       0.106668819812      -2.682207832780E-002 -1.913493614093E-003
  0.558892006459      -0.191867868166        70.0000000000       0.119920045615      -2.034715446442E-002  5.965813641375E-004
   1.11778401292      -0.383735736333        70.0000000000       0.130764789158      -1.360139302209E-002  2.765633204623E-003
   1.67667601938      -0.575603604499        70.0000000000       0.139274387276      -8.493268450047E-003  4.106923354282E-003
   2.23556802584      -0.767471472666        70.0000000000       0.141463504742      -2.909362034854E-003  5.718119728349E-003
   2.79446003230      -0.959339340832        70.0000000000       8.878504608918E-002  9.545354300496E-003  1.792335654276E-003
   3.35335203876       -1.15120720900        70.0000000000       8.583904087062E-002  6.945495906698E-003  1.506229809026E-003
   3.91224404522       -1.34307507716        70.0000000000       8.706324514543E-002  5.757955214451E-004  1.016914851091E-003
   4.47113605168       -1.53494294533        70.0000000000       8.310475067840E-002 -5.770725420255E-003  6.825178040367E-004
   5.03002805814       -1.72681081350        70.0000000000       7.684321292000E-002 -4.028498371403E-003  9.799209959580E-004
   5.58892006459       -1.91867868166        70.0000000000       7.293668833696E-002 -3.388587959866E-003  5.477940745406E-004
   6.14781207105       -2.11054654983        70.0000000000       6.775277675400E-002 -3.009290179709E-003 -8.859659242729E-005
   0.00000000000        0.00000000000        70.0000000000       0.106668819812      -2.682207832780E-002 -1.913493614093E-003
  0.590909090909        0.00000000000        70.0000000000       0.124565210414      -1.806001618251E-002  1.134629584787E-003
   1.18181818182      -1.172487511250E-015   70.0000000000       0.139064945709      -9.260596841248E-003  3.775951695201E-003
   1.77272727273        0.00000000000        70.0000000000       0.146660465542      -2.360010196909E-003  5.791030660621E-003
   2.36363636364        0.00000000000        70.0000000000       0.151913353412       3.412677258948E-003  7.126429346864E-003
   2.95454545455        0.00000000000        70.0000000000       7.965364117169E-002  6.130156056384E-003  1.855886115928E-003
   3.54545454545        0.00000000000        70.0000000000       7.834919980917E-002  4.857939618647E-003  1.673033329983E-003
   4.13636363636        0.00000000000        70.0000000000       7.680684501657E-002  3.172791246020E-003  1.480095560180E-003
   4.72727272727        0.00000000000        70.0000000000       7.528621889000E-002  1.186522133699E-003  1.269985830041E-003
   5.31818181818        0.00000000000        70.0000000000       7.319310952931E-002  1.697603702833E-005  9.262884158100E-004
   5.90909090909        0.00000000000        70.0000000000       7.164859867523E-002 -6.333604353247E-004  5.335430070271E-004
   6.50000000000        0.00000000000        70.0000000000       7.010408782114E-002 -1.283696907678E-003  1.407975982441E-004
